
  0  0.052587927628728058743553695 -0.354529790755649586040049517 -0.000000000000015984934491541  0.337832253340068481618253815  0.212413938142829205631264763 -0.146401979927337291251037907 -0.201980298808130317027059904  0.234828193288175262172729277  0.516892782769305925616356440  0.220265586915425291139668078  0.060374165100456916617911816  0.049631237086320010856385371  0.033667802053931865277061272 -0.183463705098718194338980846 -0.218674333364925105861156958  0.154860631841934654875166284 -0.344808695512807963749757345 -0.127981380554976241367909698 -0.176778349462769863718642101  0.407117718384393650009854537 
  1  0.000000000000011806712163618  0.354529790755405951120952587 -0.052587927629000925599752660  0.193982746841846607227673703 -0.172332110002928113148042838 -0.365302243550870066909723455  0.094562844519886656069528139  0.344993447068600841406765464  0.279968410168728644405681388 -0.368898630200789998340258485  0.162337450047381468121025262 -0.210089466350680518025111597 -0.107202350712168405408016101 -0.048159104046447697989170823  0.013985194690518548598063642 -0.478832458666279217433803250  0.079705425412438866466710834 -0.018049906846329715759538271 -0.088775491325692771690119860  0.407117718384418705352854537 
  2  0.000000000000000217498116163 -0.000000000000003933586484071 -0.407117718384460732362981755  0.140575473807972452897790440 -0.044127394173067935926560879  0.066974778191293225856753953 -0.058539399042244633147104348 -0.093462515059942025203907311 -0.135763311712518566787017554 -0.067782924055113897006765757  0.062020569492737127703072030  0.209857507837509918880315035 -0.284451175684988622280194651  0.059718775881591243451229894  0.376136611156891722179467993  0.088273199895015548653402770  0.029738742593032651780250329 -0.354566266018242436097989562 -0.603849717305453417143246142  0.407117718384464909414481582 
  3 -0.000000000000009733197181053 -0.000000000000001487168384185  0.407117718384449278065185043  0.323978317041450016629949848 -0.376346127654308455312386072  0.176654560107190959666228006 -0.248708528312531348717045847  0.139119573672885187438095014  0.046541495149991135289561928 -0.267978144097293410517360984 -0.081021049155092939257746722 -0.070531678330800887876891620  0.216010754689087188632509555  0.168901100080124842351303634  0.200574263748403061125361035  0.325682943373171942944748272  0.135847490285708370316274801 -0.359707233741307176941174109  0.142796296973283337112181277  0.407117718384460487875391860 
  4 -0.407117718384460322534560556  0.000000000000000984239128695 -0.000000000000001405547671887 -0.435540852916757620480643631  0.008569211045034782479538741 -0.002451966549422636469397147 -0.503396535289711353003405669  0.042894709228867182084627124  0.183794540198980972846168683 -0.217276514133426661151563333 -0.043018225831945361118958384 -0.137997542874449264182590107 -0.297094893920647790347498024 -0.270490631745995553696310446  0.259881339118070247071320619  0.134211918758313582050126916 -0.129260306857163249043404449  0.129644871988897488040959859  0.082769101167285602796625573  0.407117718384462704038842529 
  5 -0.000000000000004276666626607  0.000000000000012694068658738 -0.407117718384445568846922645 -0.020365238067940075548849861 -0.193285803532638259921152754 -0.097892014319493270450497913  0.001269308543278048909511721  0.457820551919594658841529411 -0.190204879569793607681400804 -0.191742521309680331569199295  0.026248919065694792056552811  0.390878527591116724633707805  0.374523198044251242488532003 -0.045725698685172157656258444  0.059405254935856693255396849  0.248531947304737237336652936 -0.169150452390255937127477859  0.323814043229913540083769394  0.098771426978311062088041437  0.407117718384462519019741794 
  6 -0.000000000000010072232749376  0.407117718384417180259868610 -0.000000000000025708647867046  0.076373191761892497085020479  0.356395570982377039219533149  0.285918813913839036896288176 -0.259907272426520528566104215  0.432960338024408057037550196 -0.153118322217423600618054630  0.208125288381969492524769388 -0.316904621757657762757751096 -0.251342253813778230116466120  0.036966188549344328198939394  0.217283410962793412896467728 -0.073381104238139301488370782  0.012519578999158859973860991  0.028690891577606508513852276  0.137068880370115647409734287 -0.246078255448649573696178090  0.407117718384452962970213724 
  7  0.407117718384463782603163717  0.000000000000000201811972063  0.000000000000000604842293768 -0.342560827406186355770104437 -0.242167849633288312044088024  0.387053475884657849814991792  0.111590071351320812321767772  0.318287209461029465526254664  0.146592742644543017836158624  0.307687006750542696740862922  0.391879494975761077582695688 -0.145265641431737125714761596 -0.083054225762068543343686657 -0.023867217692077106475160827  0.241245108797333010597721027 -0.055984994266893450816466749 -0.146160088895005984573451444 -0.093898356354263032531534423  0.069851811645171577742614941  0.407117718384464562605311658 
  8 -0.000000000000000312820984863 -0.000000000000001186769879671  0.407117718384462148981540325 -0.136381486364790457753827860 -0.082115352065784210858082406 -0.224233478894167963742819864 -0.070106553334127549739849400 -0.088981823590218601271366675 -0.317106358427629288925832240 -0.115549279358818117287234679  0.294161477012532622814407202 -0.125377938131241945627779473  0.123128089591264980232727336  0.227300643348004984282875046 -0.063361083408688070685624814  0.011967941619083446056267118 -0.525917519932389077811502043  0.127020054081779237999507218 -0.407348739924335567124183410  0.407117718384463645695534387 
  9 -0.407117718384463164201349586 -0.000000000000000043499496468 -0.000000000000000434874394283  0.079384232860749845573234817 -0.066091808272103113652341019  0.313250250999076487631563384  0.163753328715709671703449832 -0.137448467419127712483011179  0.280454482593571763549738021  0.044437884907480046974345830  0.325907422601467589251501497 -0.140354841825665831305815744  0.374542029856953606278564123 -0.092287130890064478556012069  0.039835293255733209049143650  0.079297163727960935677399786  0.290206598667366456038201397  0.331814757477452935827870809 -0.349590064867065548545599363  0.407117718384463623686230285 
 10  0.407117718384464268379947099  0.000000000000000000666459288 -0.000000000000000861113014367  0.221930476496809658224504749  0.103657796236389891098830709  0.188495852963642143517277242 -0.265014469241924611000484069 -0.232179589333891409213563549 -0.187691633862940160544768159 -0.177491618225073099338376902 -0.046306008288581423199773562 -0.109515692303523655225629477  0.263540819050051572370024083 -0.580692130551549559808795914  0.187378747808393266674909655 -0.259427241183781222088168897 -0.087511616584988741221983171  0.125580869940986223292451671 -0.034896611809576487500911095  0.407117718384465117310248156 
 11  0.000000000000003855784341257 -0.000000000000009400025855605 -0.407117718384447485418208001 -0.021529625863004585203976647 -0.042286357885844039929796288  0.309830039600103875074583321 -0.029943576020495627753109581 -0.286216965716482087171918317  0.283201685305001635045880903 -0.281891785821187298386467437 -0.154232424683103673727457665 -0.187634895852859865427787224  0.177159897341122695577021913  0.415205581486066545033718905 -0.103192782812780627348797635 -0.159706098498323185779987354 -0.417471543657189638756258715 -0.063352252765224013235714762  0.127668795323299478223079244  0.407117718384460746972606029 
 12 -0.000000000000017935568228663  0.407117718384316071603915704 -0.000000000000026112151986772 -0.339237601826381080020967815 -0.010367613205710488555471335 -0.190726402287991969179995963 -0.295343153274216805703050737 -0.159801627078435789876590355  0.180789450111451046815185494  0.238779554475186582551682335  0.035308702136263753400361462  0.321970106027338561209983486  0.458269344060179896163014293 -0.032157879200389583649168177 -0.069218283002069010981726575 -0.131091590039900898366151405  0.077496649090458246902533498 -0.363970870284866894830717171 -0.061735327022324871448441270  0.407117718384360143988546371 
 13 -0.407117718384464281580108549  0.000000000000000072653062941  0.000000000000000842919258429  0.284274159822093175792887335  0.192849591600881556727317342 -0.088788202800841827506766156  0.060727782314342864886520497  0.027402321400298267435922213 -0.146420282190487379344614148  0.325896384527658692297717030  0.123593569763026190808877930 -0.016803843339698774523856099  0.141026577218090655148428209  0.086645507101702754683566175  0.538236143236965963504350036 -0.264411877081798124365782585 -0.256058650566098108472415720 -0.092309933305597333313486427  0.315642725694895093013552997  0.407117718384465171086675911 
 14 -0.000000000000007657806857807  0.000000000000002389767126697 -0.407117718384435966149596103  0.108351209656357643775978494 -0.206565695892564958429087757 -0.262361699808846786884358043 -0.274718120362408440633021980 -0.101032469798892807930849446 -0.253353223652601763004818536  0.239199907352156531037878570  0.267637580999382814248661530 -0.540128742524086779956161986  0.040868708349717134832427591 -0.021692715601972233188630425 -0.212178348466180597369076452  0.219147316563914092154923517  0.136803225832915464064195449 -0.090257343936458800433427462  0.136064713029325420103879049  0.407117718384445992417606380 
 15 -0.052587927628818517759292858 -0.354529790755609887570928146  0.000000000000003222207993207  0.008960061601612114378406413  0.152174606530958357990539372  0.197535331851954709669882959 -0.428580413388702226269244902  0.138556887538911360533235885 -0.156339159267074869196509704 -0.142970764420386194191048973  0.395295599647820650852057811  0.241247044427724813498098780 -0.043860716103472020137749336  0.259758786621025681244775626 -0.207522443282234976354616758 -0.394797831885357300278106829  0.268861664692839879154794697  0.001600112092046315070020190  0.080290706724907927802883847  0.407117718384431603645314673 
 16  0.000000000000063509000575395 -0.407117718384328961548019113  0.000000000000035378540900682 -0.095985588430825082832556581 -0.459053203862724651726631361 -0.153224689740154157042702036 -0.132122042266578602743676112  0.056527154312891249603769935  0.029017583165215837867143413  0.285264103055994079231666091 -0.472968386989183074882187735 -0.084202237344681727552271524  0.108153028915224989834058689  0.111017967393464110887702032  0.138008083763185108585138695 -0.348559248880098770516800660  0.108826812695391142553358061  0.177510712734682080820875633 -0.221947765797407021702591402  0.407117718384427862415983132 
 17 -0.407117718384457545675956386  0.000000000000000018021973499 -0.000000000000004200530483259 -0.006267039960167628466705404 -0.266055854597074016711999792  0.309112415244181006274745011  0.154761259248017903717917210  0.165694547269974879497109882 -0.271965382214454549507408679  0.024057347334933917075848095 -0.104171519158463695058980999  0.015623630102630295626575392 -0.027972659876324907113849852 -0.385678721084708728787790108 -0.410769423218157098891094303 -0.193509338904996158362914818 -0.217827948981146369498420809 -0.354205393291963931682491198 -0.047072508036916704028272598  0.407117718384461757232190351 
 18 -0.000000000000009670591647642 -0.354529790755332867112489467 -0.052587927629104217354378105 -0.344441771885873257522938870  0.387579385058835520632162727 -0.131170418463726408845140305  0.239231915057540281193890208  0.220373201711522549801273822 -0.082131390304597933904996818 -0.260576303159365725998488847 -0.073573286523830014434416954 -0.323171482383683722906363850  0.347489586662792398856752091 -0.039354136693820489563834086  0.117951579603926038173494512  0.025206325978033627094158659  0.152621697086251250404919516 -0.356068474677661498198084217 -0.090890268702830744224107403  0.407117718384446753419111248 

 0.407117718384465171086675911 

