
  0  0.000000000003069130799495470 -0.097274945043362903156929956  0.604539689673407011128759836  0.406697415957793111042535561  0.084052052495749444888963314 -0.662198636785496242145206136  0.118721432101906237189289494  0.701814634719839016969815393 
  1 -0.000000000000003474983531589 -0.701814634723950104904736241 -0.000000000000000421260300372  0.168880871216064431256510640 -0.280888450190492433453061036  0.273413645177366212664967632  0.570335100625062342387383563  0.701814634723954011068323272 
  2  0.086349397747250894764327843  0.052201638103669484944487859  0.563263598867695394474368331 -0.304970748041826938474390188 -0.687095395130749455486242339  0.183319621174887397542030767 -0.271734366615295792559857044  0.701814634718615770747618399 
  3 -0.701814634718813636559894831 -0.000000000000073384946263710  0.000000000004375458647104032  0.550187865788505130345241445 -0.125177207295469413285502608  0.259455814939482937972513657 -0.348945379252088443974367041  0.701814634723262511584781359 
  4  0.000000000000000212308218292  0.701814634723956464075738521 -0.000000000000001055862336157  0.257718430838603095413882199 -0.262528414124871744108127847  0.128765293432167388993541193  0.596268194588454713634187443  0.701814634723957711233497531 
  5 -0.086349397746062096450523835  0.052201638103341194313588344  0.563263598859532749923203360 -0.131529551518988079402078598  0.596883988199939118362170182  0.527405089586561242329717375  0.144312999670741755084781878  0.701814634708935985996092199 
  6 -0.701814634723498404487215113 -0.000000000000219508584461849  0.000000000000226690852004516 -0.571527607252490620418083900 -0.032800185857340119561018207 -0.301791171743242614557796097  0.297756022779942704030962941  0.701814634723944564523214623 

 0.701814634723957711233497531 

