
  0 -0.707106781186547864984006523 -0.000000000000000278934472280  0.000000000000000297665889959 -0.601614311491658487003521966 -0.371518618296715659785446964  0.005842642152013260744459767  0.707106781186548482382933645 
  1  0.707106781186547134936473680 -0.000000000000000796061218050 -0.000000000000000197860560945 -0.601614311491658860456960278 -0.371518618296716368148936357  0.005842642152013709294568634  0.707106781186548122590442705 
  2  0.000000000000000460068643829  0.707106781186547221835277804 -0.000000000000000147095447074  0.029686615141430119999615077 -0.059144093851925922597907682 -0.704003324597177997253537318  0.707106781186547846823620134 
  3  0.000000000000000057057010816  0.707106781186547791041418359 -0.000000000000000764249598832 -0.029686615141430823435066784  0.059144093851925007443182678  0.704003324597177473800728442  0.707106781186548616119271621 
  4 -0.000000000000000024746685206 -0.000000000000000276852782803 -0.707106781186547566503148438 -0.370376734001829598856396497  0.598728563224883637838846795 -0.065917998215998118676092147  0.707106781186547874362355315 
  5 -0.000000000000000470774227141 -0.000000000000000634492484763 -0.707106781186547431303137529  0.370376734001829622383583640 -0.598728563224883875333332678  0.065917998215997519749259539  0.707106781186548567004913207 

 0.707106781186548616119271621 

