
  0 -0.035015723391194941889887878  0.023683320466577772380481698  0.074418580978610303167466739  0.009040874079821687153177376  0.554358320489518764889822627 -0.008517727558742866582325694 -0.000170955731613650227945882 -0.164239251756430434893343356  0.154258317132489657612500963  0.732339641031198954187683703 -0.044408157983034076252999841  0.175939943212982682373460817  0.132396068419007064735312164  0.218127335437368678774353210  0.008983144475554855975469389  0.705205502696079941594899804 
  1  0.000001310990524011565682906  0.000000609840369494925057407 -0.000001660210876778725344783  0.000001430077124834319221676 -0.000015136991783369926159757  0.707052471444394539808707412  0.000018980314683380711335846  0.040192622197425680471386412 -0.401573726961793113645433559 -0.025235791289886881214510252  0.275233299900850838772209742  0.485198680082142080844742962  0.010215358245834623203502560  0.090490487140249046647680949 -0.130763303209460478518789787  0.707091599869756407101446805 
  2  0.000001301875756688112132604 -0.000013318076791212619545471  0.000006807515042976015826026  0.000005119485638551317798067 -0.000012795514011702767972768 -0.707061669051739255628837022 -0.000001726613633133846236334  0.035668356153264064389255428 -0.403129097231384588397376523 -0.039319490121544673595036651  0.276645790808027530635572130  0.483558094194521610297964748  0.005624215984489114593520128  0.084650005624972994405753272 -0.131049202516362041907481070  0.707102738132613547940991117 
  3 -0.000003242049388740952633746 -0.000009275014393179961673175  0.000006583822142408585065714 -0.706977361045909806123131724  0.000046790829843751759131978 -0.000012326391194318486812904  0.000006128829587386574148674 -0.056345091095011505827886344  0.306295371869905746288519424 -0.129712739817871841984243779  0.277539085741418670421482018 -0.051540049542118173204932174  0.327270687288251870732461168  0.122765810638446760818078603 -0.429539429643518760361386999  0.707061707982459588628203206 
  4  0.000098944429204124924208021  0.002921884491839203679935713 -0.702068937126741737667426357 -0.000051782721656115718035187 -0.000201645323908463505119979 -0.001612123895094102826398652  0.000045991802461215385767200  0.193153434459769763061162857  0.107459134335268211756170623  0.018365575287485974637760925 -0.322288928327227974931449422  0.312724406822285748110872364  0.397952869382170271243511286 -0.312518075570253624071619461  0.013937898626633185234090944  0.707001309790905013610406299 
  5  0.703892564799184374424879246  0.000192645231791923719108401  0.000017370235055270709472313  0.001833482687484448230808587  0.000171701300879946096868150 -0.000028008605716515479014505 -0.000636783473355890841729749 -0.055512008021218218480844625 -0.246068281825834220781631587  0.210568369081456826160943067 -0.178739469250806008390492635 -0.168704400644721614249731470 -0.121738383193554851006295842 -0.268141015235075750667084749 -0.499432068771135820810886871  0.706772556333468378873038235 
  6  0.000012983303507689307529058 -0.000009666482029992818674835 -0.000005017718955936707222567  0.706940396737229670464427306 -0.000004826048369919173659657  0.000008048718537262106992026  0.000081257717969038901383727 -0.032317514983067185413846256  0.299769602369873986716028447 -0.139875228566317141168178460  0.278706083920819874366180818 -0.060736174978382081105887213  0.329675463463583806161252485  0.127274823965075804232927568 -0.428384402664275797090707998  0.707062196726599476127514410 
  7 -0.000000000000000259706389262  0.000000000000000356248573511  0.000000000000000475907013406  0.000000000000000153988495448 -0.000000000000000372251691860  0.000000000000000106129734924  0.707103608649856445742595129 -0.065361808591306799619974083  0.018661760908963835811500342 -0.190644651175557155621119627 -0.455183068721379799538183028  0.141368154375192125909760539 -0.095142163054689592609810666  0.436647706664207684192210643 -0.179300987788838425362699693  0.707103608649858165233030582 
  8  0.000001156363751305337849993 -0.706668314936417870102298988  0.000010977022775900823584377 -0.000002375729997138766610322 -0.000036123335644184546609787 -0.000319234824633628078076445  0.000039034397084266569774488  0.283877031213329980303527317  0.370419307486607481745988918  0.065153514093922169079283607  0.071740315466806054988692636  0.237267585862810512158213756 -0.435483672255006579019818644 -0.097068993901204370360752405 -0.134414198088277859148955209  0.707077216610304331418333790 
  9 -0.035304116744348668680372099 -0.024367613445389051728836812 -0.074326513075078717505928764  0.008964451571843733950408916  0.550954764087513914618769034  0.008066252921155738740620583 -0.002093010818442986099766051 -0.567178361300439945241660261  0.060482011491095000517171374 -0.439101930977384921883080113  0.018346518449523537056645257  0.116229572690522058728214601 -0.197005480735528216136120787 -0.343359408975600080495167721 -0.014893794288626653841120290  0.704076722663772767984990963 
 10  0.000000000000000442811403499  0.000000000000000288601749895 -0.000000000000000061090500902 -0.000000000000000023562791914  0.000000000000000040296251483 -0.000000000000000096068177678 -0.707103608649857360321337729 -0.061800337910560914873799336  0.018280112503499341801297198 -0.190531032008176907967798332 -0.454824395350295297788673077  0.140463034499817388024993543 -0.094284536016267162651758194  0.438363483280205660364134065 -0.178610627693963741843851713  0.707103608649858281622133799 
 11  0.000018491924767474730193878 -0.706719049149753742594670669  0.000013144813203466422505190 -0.000013676877180937386401144  0.000003029415049250575142143 -0.000237267734722377016510044  0.000029006844563783959405148 -0.269060706419921560753668460 -0.367442267197725733662762998 -0.025110525991959205736566482 -0.074347088550540755809512700 -0.235279697078898492301193487  0.447185015131077112486308184  0.115938712184739385507620431  0.134943905264441337473759440  0.707033666759240987556393854 
 12 -0.000002367445066826903059272 -0.002136915616458554580066702  0.704298567662643131644020084 -0.000058625520474889907922298 -0.000267650993196822246191227  0.000153022024509042420473062 -0.000155831399637251873175229  0.150425900848685339416025385  0.097063918457006747068319813 -0.105549802912307837018642334 -0.314647959155515808223795363  0.305232606585436314560692145  0.361931867716050755168959510 -0.370776944241893473334882245  0.011323427951455050147754630  0.707072980661986481279099315 
 13  0.062123745258412664769365067  0.000437636403166719435562208 -0.000412109814786097065968699 -0.015893902686296034823057737  0.623807305545789316392896184  0.000447410727003605580913715  0.002000632897642145544137959  0.647058359987898082388291243 -0.190367089286424569412065760 -0.263077927337673365330676656  0.023073209779169676852483926 -0.258683889337950525123387829  0.056612968386848555935785205  0.109226473109435105201029358  0.005346177679332040911601681  0.705122743333096607004119305 
 14  0.705835253887479472376716844 -0.000255280420310722258012900  0.000093926450750464235043492  0.000451101689810799622161951 -0.000016798441763123364930617 -0.000030324619472482658518148  0.000345768714036181389419665 -0.038127674302033760384011713  0.272815499172805595804727416 -0.172466626419532188709948101  0.174972429240587381952826834  0.205511759045190012121576140  0.113064696429390841608169163  0.251474155378335971868560689  0.497288781556125554777093162  0.707028454223623248114851542 

 0.707103608649858281622133799 

