
  0 -0.250000000000021944387496378 -0.250000000000001688699093755 -0.250000000000004673073993738  0.249999999999971673971411318  2.500000000000219443874963782e-01

  0 -0.500000000000043888774992756  0.834817924667272643279251204 -0.060172748837635075429204927 -0.222392160274383041297782335 
  1 -0.500000000000003377398187510 -0.179139158143095556533158988  0.815162189012429845970473391  0.231127167646391487937297844 
  2 -0.500000000000009346147987477 -0.495217506442287517528589094 -0.224384762027835154822737705 -0.674100215014641075087376693 
  3  0.499999999999943347942822636  0.160461260081970545025159547  0.530604678147015789530741708 -0.665365207642738563172286892 

  0  0.999999999999999978641217202  0.000000000000000000013552527  0.000000000000000000013552527 -0.000000000000000000013552527 
  1  0.000000000000000000013552527  0.999999999999999934568398890 -0.000000000000000000040657581  0.000000000000000000013552527 
  2  0.000000000000000000013552527 -0.000000000000000000040657581  0.999999999999999966931833739 -0.000000000000000000027105054 
  3 -0.000000000000000000013552527  0.000000000000000000013552527 -0.000000000000000000027105054  0.999999999999999960860301573 

