
  0  0.223606797749970217104985987 -0.223606797749979841323725652 -0.223606797749984805980341153 -0.223606797749986580372064116 -0.223606797749973403927536628  2.236067977499865803720641155e-01

  0  0.447213595499940434209971973 -0.076789122508510949149701692  0.408576565909382675366142215 -0.404972413591545394667909133  0.680562976280610451465351296 
  1 -0.447213595499959682647451303  0.387586516681770880838340046  0.709196222235133834908057254  0.361520921107294280761853059  0.126964696099498259378147123 
  2 -0.447213595499969611960682306 -0.450038274861541657184465723 -0.314517776691354615796643313  0.326365999053414875658539474  0.626122475212821786834729854 
  3 -0.447213595499973160744128231  0.559065763053571943453235599 -0.332968501460740597287920814 -0.574841291334616209200009118  0.214790454613452039519584137 
  4 -0.447213595499946807855073255 -0.573403127382332185963884075  0.346866621826353472115341686 -0.518018042417625734080699473 -0.287314649645219589155827750 

  0  1.000000000000000016263032587  0.000000000000000000013552527 -0.000000000000000000027105054 -0.000000000000000000013552527  0.000000000000000000000000000 
  1  0.000000000000000000013552527  0.999999999999999999349478697  0.000000000000000000006776264 -0.000000000000000000003388132 -0.000000000000000000003388132 
  2 -0.000000000000000000027105054  0.000000000000000000006776264  0.999999999999999999132638262 -0.000000000000000000013552527  0.000000000000000000013552527 
  3 -0.000000000000000000013552527 -0.000000000000000000003388132 -0.000000000000000000013552527  0.999999999999999984658539259  0.000000000000000000000000000 
  4  0.000000000000000000000000000 -0.000000000000000000003388132  0.000000000000000000013552527  0.000000000000000000000000000  1.000000000000000004987329993 

