-0.000000  0.314270  0.112693  0.006347 -0.417974 -0.089549 -0.013407 -0.104087  0.076868 -0.079463  0.597811  0.321575 -0.059144 -0.057112  0.262665 -0.257058 -0.051263  0.031166 -0.193198 -0.195608  0.026997
 0.314270 -0.000000  0.102715 -0.197872 -0.000584  0.163438 -0.193072 -0.220571  0.195251  0.031345  0.054237  0.042224  0.207736  0.446708 -0.178707 -0.145433 -0.010523 -0.248927  0.379417 -0.190077  0.396370
 0.314270 -0.000000 -0.269966 -0.085909 -0.398954 -0.552697 -0.130575  0.209822  0.000611 -0.082574 -0.186396 -0.121390  0.053708  0.019881  0.117854 -0.055241 -0.207576  0.264253  0.303866  0.115675  0.010390
 0.314270 -0.000000  0.493297  0.039327 -0.009535 -0.060187  0.150176 -0.049336 -0.084951 -0.113815 -0.065241  0.059573  0.285524  0.092569  0.369313  0.048488  0.381446 -0.051631 -0.003497  0.460919 -0.101037
-0.000000  0.314270  0.144544  0.238321  0.046052  0.216479  0.148406  0.278878 -0.239793  0.255970  0.054078 -0.347176  0.395888 -0.006301  0.090487 -0.244420 -0.243376  0.040229  0.226624 -0.221093 -0.206157
-0.000000 -0.314270 -0.006312 -0.347179 -0.003855  0.229293  0.214212  0.429205 -0.145696 -0.373087  0.327022  0.070289  0.031160 -0.175340 -0.081891  0.031382  0.208919  0.152171  0.326931 -0.110835  0.016877
-0.314270  0.000000 -0.019240 -0.017675 -0.126864  0.021568 -0.341315  0.193218  0.225774 -0.382866 -0.024677 -0.327549  0.280071 -0.181855 -0.011486 -0.264769  0.019039 -0.390485 -0.170839  0.218738  0.114396
 0.235702 -0.078567 -0.040765 -0.106228  0.341315 -0.056316 -0.460506 -0.291159 -0.423412 -0.175777  0.234290 -0.176879  0.198084 -0.189028  0.138437  0.156203 -0.142340  0.160025 -0.175083 -0.121047  0.052511
-0.314270 -0.000000  0.103183 -0.067848 -0.078668  0.227062 -0.284324 -0.283544  0.132017 -0.283173 -0.275794  0.151560  0.058464  0.152580  0.133270 -0.102630 -0.003356  0.374560  0.237334 -0.119688 -0.452108
 0.000000  0.314270 -0.338135  0.004758  0.057499  0.179600  0.115896 -0.112876 -0.035703 -0.002274 -0.167907  0.437459  0.431701 -0.323564 -0.158687 -0.078957  0.016656  0.207363  0.020086  0.251441  0.273716
 0.314270  0.000000 -0.335256  0.046936 -0.197693  0.443681 -0.283702  0.190355 -0.305274  0.037334 -0.029774  0.197252 -0.206192  0.157318  0.044168 -0.073039 -0.018781 -0.287367 -0.083644  0.216444 -0.297106
-0.314270  0.000000 -0.376306  0.352751  0.072281 -0.006928  0.175191 -0.071176 -0.220763 -0.259917  0.104283 -0.063536 -0.012694  0.428992  0.390076  0.100594  0.071985 -0.022973  0.149463  0.042984  0.294262
 0.314270 -0.000000 -0.227026  0.460834  0.115348  0.046878  0.031705 -0.251463  0.352037 -0.133785  0.259460 -0.231344 -0.121310 -0.255481 -0.141258 -0.100557  0.251945  0.032942  0.260809  0.058011 -0.221168
-0.235702 -0.078567 -0.161342 -0.137946  0.025928 -0.028033 -0.275664  0.057738  0.223682  0.516214  0.241663  0.088324  0.183722 -0.149500  0.330221  0.340878  0.132580 -0.141734  0.300268  0.099305 -0.103345
 0.000000 -0.314270  0.337804  0.499644 -0.299478  0.244813 -0.208177  0.066243 -0.016941  0.026613 -0.061653  0.108356 -0.074073 -0.231185  0.012847  0.207030 -0.243836  0.135202  0.122689  0.033694  0.357367
-0.000000  0.314270  0.071279  0.201888  0.130893 -0.070825 -0.372246  0.438301  0.106042 -0.011336  0.123982  0.052864  0.032266  0.316850 -0.279539  0.207336  0.325749  0.341682 -0.158887 -0.007844  0.047958
-0.314270 -0.000000  0.146559  0.019877 -0.121627 -0.221802 -0.113651 -0.221365 -0.464674  0.145467  0.222944 -0.013064 -0.095604  0.031632 -0.444328 -0.197483  0.102654 -0.025513  0.284479  0.353673 -0.052208
 0.000000 -0.314270 -0.180480 -0.082734 -0.397756  0.213589  0.065249 -0.165986 -0.011417  0.297934  0.032151 -0.340402  0.205318  0.124024 -0.030458 -0.123816  0.329413  0.344693 -0.331557 -0.030215  0.091713
 0.000000  0.314270  0.041183 -0.068220 -0.087828  0.026333 -0.154618 -0.014297 -0.223313  0.053917 -0.327967 -0.123254 -0.316236 -0.305838  0.196050 -0.086040  0.506378 -0.079954  0.167034 -0.309462  0.246939
-0.000000  0.314270 -0.008484 -0.069078 -0.412789  0.085876  0.143725 -0.186861 -0.062441 -0.206957  0.010014 -0.191642  0.140785 -0.010785 -0.232527  0.667139 -0.024015 -0.184975  0.020000 -0.084667 -0.134346
 0.000000  0.314270  0.077405 -0.305328  0.074868  0.318694  0.019486 -0.027951  0.154353  0.026712  0.126498 -0.333723 -0.367403  0.019615  0.139214  0.030864 -0.238073  0.281129  0.067701  0.454441  0.198142
