6 33
 0.000000  0.441726 -0.000000 -0.000000 -0.000000 -0.000000 -0.006772  0.085878 -0.180956 -0.083383  0.105936  0.099610 -0.112696 -0.127463 -0.002686 -0.403266 -0.101703  0.267758  0.075577  0.234614 -0.004580 -0.145379 -0.283523 -0.078990 -0.007348 -0.020717  0.276155  0.289682  0.236795 -0.098676 -0.255461  0.051091 -0.011084
 0.000000  0.331295  0.000000 -0.000000  0.000000  0.110432  0.195993 -0.260478 -0.196306 -0.056637 -0.083938 -0.139949 -0.242393 -0.105606 -0.092158  0.138023  0.029525  0.323534 -0.140339 -0.016373 -0.040090 -0.133560  0.174788  0.144680 -0.055154 -0.376849 -0.222290  0.140706 -0.282235  0.210595  0.185132 -0.143241 -0.128285
-0.000000  0.441726  0.000000  0.000000 -0.000000 -0.000000  0.234651  0.089148  0.014948  0.200194 -0.168169 -0.321792  0.170852  0.079693 -0.040476  0.126913 -0.024610 -0.319856  0.003212  0.007559 -0.010558  0.152379  0.005501  0.048613  0.455140 -0.003019 -0.131743  0.053744  0.293467  0.083143 -0.119775 -0.175090  0.149337
 0.000000  0.441726  0.000000 -0.000000 -0.000000  0.000000 -0.297456  0.215778 -0.048528  0.033304  0.272424  0.166884 -0.266642 -0.053804 -0.003082  0.134739  0.102723 -0.155859 -0.121546 -0.081494  0.057512 -0.247610  0.073204  0.049127 -0.135120  0.148154 -0.186297 -0.469705  0.100250  0.104377  0.032562  0.106823  0.120620
 0.441726  0.000000 -0.000000 -0.000000 -0.000000 -0.000000 -0.117638  0.375324 -0.031475 -0.317851 -0.054507  0.103071  0.141403 -0.264741  0.113532 -0.224024 -0.042249 -0.197930 -0.057196  0.119588 -0.178303  0.053928 -0.080674  0.054866  0.254367 -0.156129 -0.118268 -0.049619 -0.165402  0.062812  0.276541 -0.098845 -0.235730
 0.331295 -0.000000 -0.110432 -0.000000 -0.000000  0.000000  0.360307 -0.050863 -0.193429  0.126969  0.098010 -0.138663 -0.129116  0.291564  0.267773 -0.186455 -0.277839 -0.191561 -0.131364 -0.252047  0.023201 -0.067431 -0.075152  0.118567 -0.235567  0.034956  0.298723 -0.082539  0.075115  0.091441  0.258404  0.043796  0.014190
-0.441726 -0.000000 -0.000000  0.000000 -0.000000 -0.000000  0.213275  0.216501 -0.005200 -0.103893  0.033988 -0.074633 -0.191877 -0.244230  0.172872  0.057697  0.117430  0.062349  0.204691 -0.018684 -0.224502  0.241380 -0.227650  0.274232 -0.111246  0.337576  0.015547  0.045732  0.049240  0.065363  0.334362 -0.149750  0.009526
 0.331295 -0.000000  0.110432  0.000000  0.000000  0.000000 -0.044682 -0.071314  0.311436  0.073211  0.175143 -0.113503 -0.078525  0.084770  0.081425 -0.053931  0.070587  0.253574 -0.006438  0.056533 -0.403900 -0.128253  0.340702  0.233332  0.168458  0.434546  0.026260  0.164723 -0.024713  0.122564 -0.132036  0.037031 -0.008458
-0.000000  0.000000 -0.000000  0.441726 -0.000000 -0.000000 -0.090630 -0.170300 -0.425745 -0.140428  0.162688 -0.039819 -0.022069  0.107310  0.026223 -0.034466  0.039329 -0.225416 -0.004378 -0.042933  0.017011  0.263909 -0.129097  0.206384  0.018629  0.202084 -0.190853  0.096749 -0.275447  0.068836 -0.373993  0.121461 -0.138312
-0.000000  0.000000 -0.000000 -0.000000  0.441726 -0.000000 -0.041512 -0.102535  0.019410 -0.276953 -0.252493 -0.221140 -0.078808 -0.407021  0.216666 -0.088198 -0.087624 -0.107252 -0.060093 -0.158219  0.177791 -0.114399  0.153286 -0.152331  0.003783  0.175711  0.102031  0.037990 -0.159435  0.071598 -0.123031  0.023349  0.384855
 0.000000 -0.000000 -0.000000 -0.110432 -0.331295  0.000000 -0.103062 -0.035767  0.071349 -0.309844  0.042149 -0.354962  0.176810 -0.030269 -0.047686  0.317583 -0.075140 -0.042148 -0.033609 -0.047599 -0.036070 -0.260432 -0.322596 -0.062031 -0.017570  0.043115  0.007424  0.188279  0.051271  0.218663  0.090115  0.466684 -0.008952
-0.000000  0.331295  0.000000 -0.000000  0.000000 -0.110432  0.013804  0.062022  0.036067 -0.022131  0.072894  0.214826  0.372960 -0.046852 -0.029950  0.322260  0.108773 -0.110553 -0.146636 -0.090585  0.101029  0.009345  0.137507  0.174664 -0.103104  0.102059  0.457946  0.223899 -0.314603 -0.259331  0.079340 -0.074367 -0.047946
 0.441726 -0.000000  0.000000  0.000000  0.000000 -0.000000  0.129456 -0.341330 -0.170943 -0.025891 -0.138554  0.286664  0.086195 -0.279139 -0.216715  0.199890  0.045284  0.056596  0.050458  0.019484  0.043626  0.120149 -0.104991 -0.023172 -0.167990  0.295909 -0.214370  0.050076  0.357308 -0.092039  0.145269 -0.026956  0.098919
-0.000000 -0.000000 -0.441726  0.000000  0.000000  0.000000 -0.268593 -0.076156  0.042026  0.248077 -0.140205 -0.195405  0.047479 -0.096580  0.090008 -0.190172  0.248197  0.093133 -0.092585 -0.363148  0.126497 -0.222773 -0.194510  0.148034  0.097770  0.111746 -0.154769  0.091021  0.048209 -0.284872  0.068432 -0.083933 -0.253671
-0.000000  0.000000  0.000000  0.000000 -0.000000  0.441726  0.037617  0.092432 -0.147211  0.123342  0.274546  0.003758  0.141910 -0.197354  0.020473 -0.034587  0.060909  0.201346  0.171787 -0.235262  0.303973  0.233205  0.263515 -0.177773  0.242056  0.055212  0.136032 -0.006966  0.082119  0.210691  0.126748  0.254406 -0.181363
-0.000000  0.000000 -0.000000 -0.000000  0.441726  0.000000 -0.127197 -0.101908 -0.311575 -0.126974 -0.133588 -0.056457  0.012179  0.343558  0.172869  0.217407  0.379235  0.106652 -0.011408  0.234606 -0.155812 -0.061747 -0.061914 -0.142725  0.192876  0.018376  0.214161 -0.132440  0.146417 -0.022218  0.198162  0.092315 -0.124198
 0.000000 -0.000000  0.441726 -0.000000 -0.000000  0.000000 -0.075119  0.054886 -0.235473  0.042210 -0.183572 -0.187614  0.235217 -0.052940 -0.321777 -0.263510  0.208212 -0.030495  0.244912 -0.321964 -0.259780 -0.122730  0.078927  0.198506 -0.186759 -0.126900  0.107883 -0.152896  0.051695 -0.050611 -0.008769  0.073258  0.078772
 0.000000 -0.000000 -0.441726  0.000000 -0.000000  0.000000  0.161957  0.058660  0.048777 -0.356615 -0.010646 -0.063657  0.211152 -0.073983  0.066051  0.075974  0.002396  0.214169 -0.084482 -0.054286 -0.158005  0.173135  0.187159  0.236902 -0.161957 -0.191783  0.063834 -0.332883  0.263374 -0.035666 -0.350609  0.071602 -0.051524
-0.000000  0.000000  0.000000 -0.000000  0.441726  0.000000 -0.129111  0.260005 -0.025997  0.013602  0.289446  0.008166  0.171753  0.175775  0.017228  0.088396 -0.207549  0.131069 -0.061096 -0.228953 -0.162740  0.105908 -0.010347 -0.026834 -0.166320 -0.163670 -0.359420  0.380062  0.117165 -0.122384  0.099004  0.062999  0.204695
-0.000000  0.000000 -0.000000  0.000000 -0.000000 -0.441726  0.252685  0.085299 -0.026136  0.335169 -0.052882  0.074247 -0.085070 -0.273466  0.178198 -0.031927  0.295968 -0.083780 -0.175077  0.004525 -0.175617  0.114383  0.082664 -0.183932 -0.050379 -0.141855 -0.072482  0.105287 -0.023052  0.025463 -0.065937  0.487179 -0.076684
 0.000000  0.000000 -0.000000  0.110432 -0.331295  0.000000 -0.048525 -0.001063 -0.040888 -0.163168 -0.187646  0.338377 -0.096913  0.201251  0.199113 -0.065408  0.150810  0.200454 -0.059361 -0.260185  0.023185  0.085466 -0.022802  0.149618  0.331950 -0.124306  0.011456  0.066690 -0.009570 -0.040600  0.104651  0.139051  0.526049
-0.000000  0.000000  0.000000  0.000000 -0.000000 -0.441726 -0.099553  0.026753 -0.210888  0.243913  0.006424 -0.037556  0.322626 -0.066710  0.044069  0.054915 -0.297121  0.443716 -0.007743 -0.009655  0.028808  0.023874 -0.183575 -0.030614  0.128320  0.134339  0.013976 -0.291635 -0.192340  0.265867  0.002926 -0.131350  0.096339
 0.000000 -0.441726  0.000000 -0.000000  0.000000  0.000000  0.087772  0.241962 -0.334715  0.091039  0.201908  0.000860 -0.110562 -0.215917 -0.137825  0.203599  0.080133 -0.048221 -0.257988  0.080459  0.088078 -0.333771  0.029403  0.258258  0.193980 -0.081673  0.134858  0.147175  0.182884  0.052293 -0.144320 -0.180382  0.126700
-0.000000 -0.000000 -0.441726 -0.000000 -0.000000 -0.000000 -0.111602  0.180199 -0.144999  0.121196 -0.189935 -0.113060  0.004304  0.098276 -0.345127 -0.159575 -0.044075 -0.036496  0.117502  0.401104  0.089934  0.061720  0.242374  0.176286 -0.104595  0.116165  0.002814  0.095269 -0.136598  0.053000  0.231422  0.269425  0.245580
-0.000000  0.000000 -0.441726  0.000000 -0.000000  0.000000  0.041872 -0.112930 -0.055061  0.016113  0.176497  0.190797 -0.015070 -0.032351 -0.179296  0.043394  0.088800 -0.190016  0.335709 -0.228489 -0.424980 -0.150018 -0.052132 -0.334025  0.083031 -0.063131  0.127888  0.055512 -0.148248  0.224708 -0.055624 -0.185526  0.132726
 0.000000 -0.000000 -0.000000  0.000000  0.441726  0.000000  0.184130 -0.083185  0.341008  0.035565 -0.012488  0.256992 -0.045202  0.015924 -0.293193 -0.028474 -0.027309 -0.011740  0.062870 -0.078272  0.131097 -0.060987 -0.340073  0.387580  0.205446 -0.091310  0.057388 -0.094385 -0.072872  0.206551 -0.028061  0.275638 -0.077529
-0.000000 -0.000000 -0.000000 -0.441726 -0.000000  0.000000 -0.407240 -0.151571 -0.072386  0.061157 -0.037966 -0.035393 -0.273460 -0.072047 -0.188091  0.020897 -0.129267 -0.075700 -0.310775 -0.133688 -0.182570  0.478205 -0.055997  0.065863  0.056462 -0.046483  0.247945  0.047019  0.054388  0.083941 -0.040946 -0.007896 -0.037964
-0.000000 -0.000000 -0.000000 -0.441726  0.000000 -0.000000  0.239035 -0.148293 -0.167394 -0.077415  0.321331 -0.121633 -0.028581 -0.046653 -0.027923 -0.036251 -0.061747 -0.004363  0.116590  0.064328 -0.050448 -0.026252 -0.032682  0.037729  0.268951  0.045087 -0.150942 -0.208230 -0.258452 -0.539652  0.006080  0.162562  0.127733
 0.441726 -0.000000 -0.000000  0.000000  0.000000 -0.000000 -0.035262  0.274140  0.108713  0.089714  0.022185 -0.275244 -0.263745  0.017398  0.014157  0.262121  0.269835  0.157174  0.314780 -0.011120  0.195699  0.214066 -0.241147 -0.021387 -0.147292 -0.154330  0.104448 -0.016363 -0.180468 -0.065914 -0.182224 -0.084569  0.142038
 0.000000  0.000000 -0.000000 -0.000000  0.000000 -0.441726  0.165111  0.214806 -0.016372 -0.369861 -0.016771 -0.054539 -0.238982  0.211105 -0.395194 -0.062302  0.021858  0.096034 -0.035124 -0.283627  0.197614  0.028006  0.172642 -0.212717  0.127653  0.207409 -0.019303  0.057707  0.067750 -0.034946  0.047605 -0.062945 -0.219299
 0.000000 -0.000000  0.000000  0.441726 -0.000000 -0.000000  0.018543 -0.171999  0.218096 -0.024985  0.345167 -0.261739  0.055755 -0.119583 -0.262553 -0.178179  0.176411  0.054485 -0.363521  0.102713 -0.059823  0.152422 -0.128509 -0.154144  0.038613 -0.082249  0.131045 -0.147887  0.021162 -0.103561  0.250720 -0.061676  0.228064
-0.000000  0.000000 -0.000000  0.441726  0.000000 -0.000000 -0.109753  0.033760 -0.004072  0.112485 -0.167042 -0.028803 -0.267297 -0.164308 -0.041384  0.293038 -0.463242  0.030217  0.180151 -0.075993 -0.205020 -0.050853  0.093978 -0.001559  0.180791 -0.079375  0.155802 -0.079676  0.065432 -0.356171  0.084773  0.176789 -0.133733
-0.000000 -0.000000 -0.000000 -0.000000 -0.000000  0.441726  0.235079  0.315051 -0.048091  0.094506 -0.298568  0.067088  0.010503  0.082972 -0.177849  0.041333 -0.020392  0.146103 -0.391304 -0.072048 -0.217887 -0.031216 -0.201106 -0.241994 -0.048450  0.264408 -0.043781 -0.100876 -0.237854 -0.071787 -0.168602  0.055696  0.001802
 0.441726
