10 39
-0.000000  0.000000 -0.000000  0.539972  0.000000  0.000000 -0.000000  0.000000  0.000000 -0.000000 -0.004341  0.223427  0.075146 -0.068855  0.087709 -0.197487 -0.409459  0.158029  0.006922  0.070295  0.323719 -0.274525  0.046869  0.076173  0.012609  0.035386  0.185692 -0.032873  0.181266 -0.064096 -0.133179  0.127660  0.099815  0.231562  0.093954 -0.062214 -0.014284 -0.065755 -0.163865
 0.000000 -0.000000  0.000000 -0.000000 -0.000000 -0.000000 -0.539972  0.000000 -0.000000  0.000000 -0.158738  0.142730  0.279792  0.018032 -0.124511 -0.091845 -0.099032  0.057016  0.142626 -0.154219 -0.314204 -0.019055 -0.260722 -0.062463 -0.149678 -0.029154  0.171993  0.039449 -0.201709 -0.322915  0.088482 -0.033963  0.091171 -0.051980 -0.122453 -0.015400  0.180134 -0.225171 -0.120147
-0.000000 -0.000000  0.000000  0.539972  0.000000 -0.000000 -0.000000  0.000000  0.000000  0.000000 -0.206271 -0.095821  0.189920  0.100763 -0.162100  0.030688  0.224919 -0.044605  0.012945  0.181528 -0.100300 -0.025231 -0.204976 -0.349838 -0.237163 -0.125978 -0.238406 -0.186962  0.047750  0.231712 -0.088867 -0.120979 -0.072725 -0.133590 -0.077482 -0.028482 -0.202906  0.078176  0.053087
 0.000000  0.000000  0.000000  0.000000 -0.000000  0.000000  0.083430  0.000000  0.000000  0.456542  0.112344 -0.223929 -0.013824 -0.045050  0.273482 -0.144816  0.081620  0.197026  0.077922 -0.175264  0.131256  0.079387 -0.071214  0.110238 -0.167662 -0.210246  0.155574 -0.141648 -0.131625  0.167050 -0.202401 -0.085182  0.001952 -0.000235 -0.485549 -0.080368  0.163000  0.033496 -0.144528
 0.000000  0.000000  0.000000  0.000000 -0.000000 -0.000000 -0.000000 -0.000000 -0.000000 -0.539972 -0.011518 -0.219476 -0.208258 -0.083734 -0.015544 -0.344652 -0.152420 -0.011037 -0.095272  0.023482 -0.061891  0.036528 -0.152088  0.036994  0.140405 -0.034233  0.034436 -0.144061 -0.122752  0.355119  0.161091  0.037078  0.172691 -0.182822 -0.103002 -0.315224  0.106257 -0.079128 -0.161157
 0.000000  0.000000 -0.000000  0.000000  0.000000  0.000000  0.083430 -0.456542  0.000000  0.000000  0.260080  0.295104 -0.021477 -0.066324  0.066248 -0.153772  0.157476  0.030847 -0.134828 -0.110903 -0.078828  0.179187  0.166617 -0.244951 -0.229756  0.006084  0.213484 -0.052525  0.225420 -0.018721 -0.144153 -0.061611  0.118577 -0.322508  0.184449 -0.176741  0.073300 -0.188844  0.115798
-0.000000 -0.000000  0.000000 -0.000000 -0.000000 -0.000000 -0.083430  0.000000  0.000000  0.456542  0.101746  0.150286 -0.238832  0.265606 -0.067003 -0.264463 -0.100791  0.097729 -0.114326  0.004304 -0.024018  0.124129 -0.059290 -0.053121  0.103888  0.089023 -0.215988 -0.227895 -0.313705 -0.038396  0.220647  0.077901  0.167120 -0.057215  0.245739 -0.092709 -0.317836  0.082443 -0.120780
 0.539972 -0.000000 -0.000000  0.000000  0.000000  0.000000  0.000000  0.000000  0.000000  0.000000  0.022441  0.153641  0.026697  0.033384  0.199753 -0.007965  0.066466 -0.075344  0.010557 -0.018776  0.181017 -0.017366 -0.188692 -0.221166  0.255781  0.240028 -0.108087 -0.105588  0.265480 -0.134659  0.232632  0.042479  0.160246 -0.173763 -0.342067  0.156902  0.114114  0.115748  0.007738
-0.000000  0.000000 -0.000000  0.000000 -0.000000  0.000000 -0.000000  0.000000  0.539972  0.000000 -0.090691 -0.018272 -0.170051 -0.376755 -0.095259 -0.029072  0.233762 -0.031203 -0.063962  0.025954  0.077925 -0.014268  0.128578 -0.144541 -0.030971 -0.020468 -0.023869 -0.407801 -0.085791 -0.146145  0.116999  0.163209 -0.136100  0.225978 -0.010908  0.133667  0.065698 -0.279290 -0.088423
 0.456542 -0.000000 -0.000000  0.000000  0.000000  0.000000  0.083430  0.000000  0.000000  0.000000 -0.085842 -0.225469 -0.367722  0.129511 -0.180056 -0.026964 -0.123627  0.127190  0.307946 -0.045160 -0.148056  0.029548 -0.023602 -0.165853 -0.127693  0.009067  0.397657  0.032073  0.029716  0.089045 -0.098617 -0.073670 -0.090006  0.032172  0.234860  0.285051 -0.055848  0.009571 -0.117485
 0.000000 -0.000000  0.539972  0.000000  0.000000  0.000000  0.000000  0.000000  0.000000 -0.000000 -0.071478  0.093902 -0.184700 -0.007749  0.084981 -0.040875 -0.111868 -0.284117  0.167032  0.032296 -0.111822  0.084952 -0.016796 -0.024945 -0.093242 -0.126925  0.085485  0.033843 -0.029741 -0.003158 -0.087893  0.351807  0.199804  0.141817 -0.242545 -0.043213 -0.245729 -0.047886  0.399478
 0.000000 -0.000000 -0.000000 -0.000000  0.456542  0.000000  0.083430  0.000000 -0.000000 -0.000000 -0.162121  0.187079  0.127739  0.001902 -0.035950 -0.248446 -0.008369  0.096537  0.108171  0.237480 -0.099909  0.404258  0.017783  0.339120 -0.001448  0.104079 -0.131125 -0.090970  0.104954  0.169385 -0.041872 -0.162679  0.119244  0.083386 -0.014392  0.333152  0.097483 -0.164374  0.068237
 0.456542 -0.000000 -0.000000  0.000000 -0.000000  0.000000 -0.083430 -0.000000 -0.000000  0.000000 -0.180533  0.102233  0.104947 -0.054632  0.196591 -0.096956  0.015411 -0.074673 -0.088477  0.000264 -0.129091  0.083021  0.235950 -0.049604  0.071746 -0.329935 -0.128528  0.000524 -0.141772  0.018834 -0.040984 -0.202714 -0.024727  0.361478  0.211153 -0.332849  0.211251  0.216318  0.111192
-0.000000 -0.000000 -0.000000  0.000000 -0.000000 -0.000000 -0.083430 -0.000000  0.456542  0.000000 -0.142042  0.199895  0.199698 -0.017949 -0.002866  0.095836 -0.081590  0.185171  0.101023 -0.453849 -0.005901  0.059417 -0.049795  0.060996  0.117537  0.205837  0.058142  0.028334 -0.033668  0.426121 -0.062237  0.167997 -0.119939 -0.118617  0.081737 -0.049561 -0.061312  0.246262  0.176106
 0.000000  0.000000 -0.000000  0.000000  0.000000  0.000000  0.539972  0.000000 -0.000000  0.000000 -0.122243  0.132378  0.125409  0.118518 -0.103600 -0.353843  0.013402 -0.047343 -0.112267 -0.243593 -0.378138 -0.243826  0.092535 -0.034557  0.102663  0.110461  0.008894  0.114701 -0.031778 -0.134757  0.041817 -0.052472 -0.237565  0.099294 -0.254614 -0.028566 -0.134598 -0.077642 -0.089214
-0.000000  0.000000  0.539972 -0.000000  0.000000  0.000000  0.000000 -0.000000  0.000000  0.000000 -0.116504 -0.185720  0.039574 -0.007460  0.131185  0.289249  0.039883  0.314103 -0.230395 -0.009279 -0.180190  0.008005 -0.022474  0.085172  0.049676  0.319948  0.078528 -0.202954  0.167444 -0.081765  0.011708 -0.293842  0.090343  0.097160  0.061975 -0.189716 -0.100106 -0.044554 -0.146021
-0.000000  0.000000  0.000000  0.000000 -0.000000 -0.000000 -0.539972 -0.000000  0.000000  0.000000  0.126444  0.064310 -0.159694  0.109217  0.055651 -0.176496  0.080190  0.013215 -0.151828  0.145259 -0.119022 -0.031024  0.231956  0.044393  0.262436 -0.056541  0.105687  0.018675  0.259687  0.145048 -0.095946 -0.069003 -0.431537 -0.001703 -0.231347  0.054754 -0.253721 -0.035292 -0.023874
 0.000000 -0.000000  0.000000 -0.000000  0.000000 -0.456542 -0.083430 -0.000000 -0.000000  0.000000  0.178094  0.158843 -0.106342  0.206168 -0.076926  0.105805 -0.003819 -0.218421  0.121237  0.086040 -0.079248 -0.166357  0.208786  0.011830 -0.333564  0.406457 -0.058020 -0.096131 -0.074971  0.237132  0.053427 -0.030562  0.001860  0.193434 -0.138345 -0.113822  0.263750  0.068766 -0.103422
-0.000000 -0.456542 -0.000000  0.000000 -0.000000  0.000000  0.083430 -0.000000  0.000000 -0.000000 -0.014125  0.218457 -0.151477  0.150209  0.302717  0.152565  0.116998  0.036720 -0.069192  0.040012 -0.239807 -0.039910 -0.355360  0.139180 -0.089950 -0.207551 -0.085199  0.020550  0.176751  0.097154  0.047246  0.325171 -0.168947  0.052784  0.155681  0.009839  0.142392 -0.084848 -0.243827
-0.000000  0.000000 -0.000000  0.000000  0.000000  0.000000 -0.000000 -0.000000 -0.539972  0.000000 -0.006584  0.240179 -0.051811 -0.376709  0.002712  0.036927  0.200932  0.240028  0.087827  0.008825 -0.079153 -0.281581 -0.053948 -0.004291  0.135270  0.081151  0.124372 -0.275906 -0.267214  0.167659  0.046319  0.059745 -0.105765  0.007406  0.052727  0.114981  0.024504  0.027719  0.245278
-0.000000 -0.456542 -0.000000  0.000000 -0.000000  0.000000 -0.083430  0.000000  0.000000 -0.000000 -0.040718 -0.194156  0.164980  0.121289 -0.019560 -0.117081  0.032865  0.030237 -0.528786  0.020022  0.051785 -0.053632  0.130247 -0.172584 -0.055122  0.097142  0.214753  0.105637 -0.190331  0.129650 -0.011224  0.095446  0.240037  0.112416 -0.025602  0.337437  0.083229  0.066647  0.163555
 0.000000  0.000000 -0.000000 -0.000000 -0.000000 -0.000000 -0.000000  0.539972  0.000000 -0.000000  0.395630  0.021361  0.115359 -0.099409  0.134736  0.039015 -0.190644 -0.179535 -0.022777 -0.289742 -0.209482 -0.075054  0.052011 -0.126085 -0.007563 -0.154179 -0.095673 -0.201353  0.132298  0.151418 -0.042627 -0.191677  0.166436 -0.023808  0.133388  0.200865 -0.070683 -0.208188  0.012753
-0.000000 -0.000000  0.000000  0.000000  0.456542  0.000000 -0.083430  0.000000  0.000000  0.000000  0.125619  0.090496 -0.277030 -0.077171 -0.370575  0.085610  0.215253  0.072208 -0.112878 -0.239275  0.038886 -0.144170 -0.193706 -0.115324  0.152341 -0.068844 -0.131930  0.224026  0.078451  0.003146 -0.293434 -0.032779  0.254280  0.226743 -0.085489 -0.118007  0.024084  0.054412 -0.094313
 0.000000  0.000000 -0.000000  0.000000  0.000000 -0.539972 -0.000000 -0.000000  0.000000  0.000000 -0.117210 -0.168326  0.066351  0.230654  0.139002 -0.140007  0.193496 -0.157629  0.049231 -0.103814  0.183669 -0.059487 -0.220451  0.058275  0.314610  0.028767  0.057768 -0.111671 -0.067714 -0.104940 -0.311273 -0.031751 -0.051822 -0.043775  0.228462 -0.030231  0.007823 -0.294187  0.177894
-0.000000 -0.539972  0.000000 -0.000000  0.000000 -0.000000  0.000000 -0.000000  0.000000  0.000000 -0.132115  0.060967 -0.064126  0.130346 -0.197150  0.077350  0.049079  0.088653  0.302047 -0.154914  0.227563 -0.125745  0.267185  0.117793  0.035700 -0.192500 -0.009709 -0.069922  0.093824  0.004184  0.295784 -0.277134  0.109608 -0.095965 -0.099820 -0.165750 -0.111077 -0.191279  0.137605
 0.000000  0.000000 -0.456542  0.000000 -0.000000 -0.000000 -0.083430  0.000000 -0.000000 -0.000000 -0.315039 -0.003373 -0.248589 -0.209318  0.404739  0.046660  0.029596 -0.088107 -0.054527 -0.079992 -0.067211 -0.035270 -0.051040  0.034169 -0.219362  0.250864 -0.015591  0.171980 -0.001636  0.020553 -0.014959 -0.161682  0.198425  0.092130 -0.054019 -0.059703 -0.376350 -0.136763  0.062077
 0.000000  0.000000  0.000000  0.000000  0.000000 -0.000000 -0.000000  0.000000 -0.000000 -0.539972  0.192529  0.157211 -0.005360  0.270212  0.190120 -0.001390  0.136211  0.260249  0.064493 -0.168027  0.152560  0.135544  0.041748  0.011297 -0.194326 -0.068260 -0.085516 -0.168384 -0.253771 -0.246343 -0.145663 -0.043234 -0.029742  0.134248 -0.099755  0.168889 -0.237170  0.177154 -0.063158
-0.000000  0.000000  0.000000  0.000000 -0.539972  0.000000  0.000000  0.000000  0.000000  0.000000 -0.232926  0.171303 -0.116026 -0.002708 -0.116185  0.064141  0.052795  0.070668  0.029435  0.045493 -0.145484  0.011901  0.231569  0.086981  0.193138 -0.036054 -0.212660 -0.008533 -0.024778  0.047067 -0.425186  0.034814  0.332659 -0.148431 -0.091531  0.172938  0.105103 -0.038646 -0.219753
-0.000000  0.000000  0.000000  0.000000 -0.539972  0.000000  0.000000 -0.000000 -0.000000 -0.000000  0.202064  0.063385 -0.010198 -0.060931 -0.227528 -0.201817  0.122123  0.072004 -0.033416 -0.047010  0.093889  0.208001 -0.380310  0.102236 -0.065559  0.065845 -0.009751  0.121031  0.179845  0.098807  0.141688 -0.200072 -0.016848  0.410642  0.007082  0.008966 -0.002319 -0.054326  0.197706
-0.000000  0.000000  0.000000 -0.000000  0.000000  0.456542 -0.083430 -0.000000 -0.000000 -0.000000  0.011229 -0.181945 -0.178108  0.242951  0.082487 -0.119382 -0.111889  0.147391  0.061574 -0.070969  0.000896 -0.196939  0.016659 -0.053378 -0.096910  0.252717 -0.367491 -0.052512  0.009419 -0.046157 -0.190642  0.037200 -0.148860  0.012371  0.037719 -0.057327  0.316521 -0.231371  0.350486
-0.000000  0.000000 -0.456542  0.000000 -0.000000  0.000000  0.083430  0.000000  0.000000 -0.000000  0.092703 -0.105224  0.076941  0.191330 -0.149071  0.247103 -0.114735  0.123573 -0.020416  0.107215 -0.278164  0.145214  0.004595  0.037064  0.167835 -0.022567  0.209576 -0.371995  0.164503 -0.120996 -0.075148  0.230240  0.144745  0.190518 -0.159549 -0.215792 -0.032685  0.027431  0.237699
-0.000000  0.000000  0.000000 -0.000000  0.000000  0.000000  0.083430  0.456542  0.000000  0.000000 -0.226137  0.316946 -0.270387  0.047137 -0.155740  0.071072 -0.121129 -0.065120 -0.348606  0.043716  0.176669  0.160061 -0.112863  0.047865 -0.156662  0.002734  0.207647 -0.089755 -0.049412 -0.140773 -0.127341 -0.163722 -0.209125 -0.242365 -0.082643 -0.119256  0.154523  0.065914  0.146348
 0.000000  0.539972 -0.000000  0.000000  0.000000  0.000000  0.000000  0.000000 -0.000000  0.000000 -0.178484  0.081513 -0.052709  0.359895  0.042257  0.107352  0.175788  0.145265 -0.203538 -0.104155  0.068592 -0.204834  0.076854  0.089550 -0.086958 -0.285849  0.099827  0.036768  0.082342  0.195946  0.326241  0.078495  0.169715  0.043710  0.010160  0.127869  0.079683 -0.206668  0.069735
-0.000000 -0.000000 -0.000000  0.000000  0.000000  0.539972 -0.000000  0.000000  0.000000  0.000000  0.023873  0.119808  0.127028  0.199554  0.004220  0.050387  0.284868 -0.466920  0.099676  0.028935  0.115907 -0.033630 -0.058009  0.113409  0.114520  0.158752  0.319423 -0.148550 -0.139066  0.134578 -0.104915 -0.089043  0.075611  0.109312  0.079602 -0.077997 -0.036795 -0.040423 -0.205881
-0.000000 -0.000000  0.000000  0.456542  0.000000 -0.000000  0.083430 -0.000000 -0.000000 -0.000000  0.175597  0.042913 -0.123549  0.034499  0.109673  0.303861 -0.013191  0.047969  0.014447 -0.021705 -0.058980  0.348262  0.089933 -0.137092  0.298865  0.072454  0.036256  0.307201 -0.348779  0.043227  0.133955 -0.051036 -0.100725  0.031463 -0.107459 -0.001513  0.120169 -0.323206  0.020193
 0.000000  0.000000  0.000000 -0.456542  0.000000  0.000000  0.083430  0.000000  0.000000 -0.000000 -0.073504  0.193837  0.189956  0.072238  0.021688  0.106581 -0.231454  0.182122  0.037944  0.276137  0.205267 -0.006272 -0.097067 -0.460766  0.033276 -0.034693 -0.026092  0.047192 -0.077912  0.241474 -0.128669 -0.043134 -0.068684  0.147338 -0.087976 -0.108784 -0.136710 -0.308516 -0.110829
-0.539972 -0.000000  0.000000 -0.000000 -0.000000 -0.000000  0.000000 -0.000000  0.000000 -0.000000 -0.202777  0.049446 -0.195477  0.096693  0.213733 -0.112738 -0.025030 -0.030941  0.196116 -0.056735 -0.053309  0.077811 -0.009154 -0.403333  0.208478 -0.031263  0.119459 -0.078028  0.170737 -0.043448  0.114600 -0.191201  0.063240  0.159065  0.035034  0.116490  0.245506  0.306735  0.002417
 0.000000  0.000000 -0.000000  0.000000 -0.000000 -0.000000  0.000000  0.539972 -0.000000  0.000000  0.015462 -0.039828  0.095093  0.003479  0.052952 -0.229119  0.426202  0.260674  0.203525  0.159012 -0.006538  0.091225  0.184286 -0.121489 -0.054238  0.157011  0.100608  0.232831  0.100071 -0.048224  0.028413  0.278011  0.110634 -0.043953  0.092436 -0.249469  0.002010 -0.007207 -0.038583
-0.000000  0.000000  0.000000 -0.000000 -0.000000 -0.000000 -0.083430 -0.000000 -0.456542  0.000000 -0.241520 -0.105787  0.059851 -0.018003 -0.118741  0.017776 -0.042760 -0.135626 -0.078505 -0.433590  0.179882  0.375579  0.166087 -0.104884 -0.079084  0.085648 -0.117189 -0.127664  0.180909  0.054971  0.021359  0.290368 -0.155818  0.139898  0.006473 -0.027460 -0.012589 -0.116851 -0.218576
 0.539972
