4 33
 0.000000 -0.353229 -0.000000  0.000000  0.028742 -0.006713  0.125170 -0.298152  0.211203  0.092238  0.210264 -0.030927 -0.269158 -0.123137  0.105757  0.151886 -0.003823  0.302409 -0.017456  0.043351  0.081583 -0.161139  0.157298 -0.185121 -0.112323 -0.251343 -0.118772  0.298031 -0.300958 -0.142854 -0.059437 -0.208586 -0.166207
-0.000000 -0.353229  0.000000  0.000000  0.134569  0.035041  0.143933  0.191713 -0.327475  0.387833  0.026079 -0.172398 -0.006782 -0.096697 -0.234408 -0.078791 -0.023842 -0.038058 -0.112852  0.125972  0.213002  0.013927  0.018769 -0.218989 -0.087786 -0.222480  0.120683  0.052101  0.371140  0.059498 -0.223420  0.144898  0.169239
-0.000000 -0.000000  0.000000 -0.353229  0.266313  0.166298  0.289630  0.185516 -0.114231  0.069608 -0.034305  0.030554  0.048091 -0.069971 -0.033555 -0.059498  0.107048 -0.156867 -0.247952  0.087609 -0.257301 -0.319544  0.320749 -0.023165  0.132309  0.394373 -0.165409  0.068553 -0.151628 -0.057274 -0.046549 -0.032592 -0.122166
 0.353229  0.000000  0.000000  0.000000  0.290096 -0.207697  0.015855  0.253343 -0.014320 -0.003986  0.039533  0.306099  0.116094  0.214178  0.345948 -0.102389  0.209382  0.079881 -0.087796 -0.240554 -0.151083  0.091502  0.077645  0.096650 -0.105602 -0.373752 -0.089399  0.015330  0.087588  0.013031 -0.202983  0.041083 -0.162304
 0.030302  0.000000 -0.000000  0.322926  0.093942 -0.102524  0.038772  0.303556  0.184639 -0.239486 -0.158068 -0.030232  0.101055  0.259515 -0.196753  0.176607 -0.197666  0.068229 -0.072723  0.211316 -0.145884 -0.154565  0.032717 -0.041722 -0.449279  0.135980  0.057716  0.317590  0.096623 -0.116532  0.028661 -0.111545  0.120987
 0.000000  0.000000  0.353229 -0.000000  0.156624  0.227573  0.018608  0.233524  0.269725 -0.150964  0.205205  0.209320 -0.020632 -0.274600  0.164556 -0.039089 -0.221601 -0.096885  0.136938  0.095809 -0.078508 -0.116958  0.048648 -0.187083  0.164216 -0.176248  0.200518 -0.131728  0.118294  0.233365  0.087639 -0.264823  0.229429
 0.000000 -0.353229 -0.000000 -0.000000  0.022100  0.205799 -0.153791  0.031640  0.252161  0.066060  0.195336 -0.058121 -0.037506  0.282253 -0.282937 -0.111317  0.158263 -0.058457 -0.237102  0.097543 -0.318840  0.219807 -0.236309  0.226495  0.295865 -0.065614  0.041231  0.140985  0.069247  0.041638  0.171479 -0.106771 -0.112555
-0.353229 -0.000000 -0.000000  0.000000  0.106320 -0.018462  0.203090 -0.048724 -0.129025 -0.188052  0.072771 -0.004025 -0.095807 -0.002004 -0.168326 -0.044895  0.069270 -0.284167  0.336254 -0.099056  0.044169  0.149253  0.355112  0.357245 -0.111608 -0.227258 -0.234641  0.148260  0.204518  0.003920  0.150963 -0.173437 -0.029554
-0.000000  0.000000  0.030302  0.322926 -0.054981  0.124553  0.109709  0.076529 -0.269419  0.289639 -0.302565  0.210808  0.267337 -0.183095 -0.040870  0.013423  0.292618  0.170272  0.127108  0.047730 -0.040121  0.034951  0.011128  0.090292  0.051782 -0.055490  0.268869  0.100593 -0.249045  0.027768  0.256923 -0.304969 -0.070170
-0.000000  0.000000 -0.353229  0.000000 -0.040903  0.157606  0.007574  0.161240 -0.030683 -0.034946 -0.285155 -0.270122 -0.175049  0.115468  0.319623 -0.298842 -0.281515 -0.033974  0.000360 -0.074271 -0.105418  0.156642  0.212409 -0.223743  0.150418 -0.176436  0.107676  0.180296 -0.091101 -0.062627  0.306155  0.094104  0.036953
-0.000000  0.353229 -0.000000  0.000000  0.398095  0.061316  0.028091 -0.181280 -0.179322  0.010983  0.134654  0.124851 -0.085730  0.013473  0.033813  0.169962 -0.260359  0.029411 -0.414719  0.318428  0.233953  0.233986 -0.001696  0.215965  0.026930 -0.116257  0.151050  0.071416 -0.091415 -0.029533  0.151908  0.050631 -0.024236
-0.000000 -0.353229  0.000000  0.000000 -0.041749 -0.369783 -0.314592 -0.170313 -0.223638 -0.068880  0.081290  0.075192  0.316694 -0.008822 -0.060787 -0.050479 -0.314422 -0.173670 -0.171801 -0.113503 -0.095492 -0.144169  0.257240  0.101344  0.028685 -0.042750  0.084525 -0.009069 -0.265953  0.205228  0.076932 -0.013693  0.168928
 0.000000  0.353229 -0.000000  0.000000 -0.238560 -0.025828  0.151500 -0.006054  0.080063  0.036109  0.260198 -0.480578  0.371268 -0.047658  0.051672 -0.132906  0.007481 -0.093896 -0.188238 -0.014508 -0.023255  0.066063  0.033001 -0.028009 -0.077745 -0.123957  0.089890  0.147378 -0.034023  0.218706 -0.238360 -0.298059 -0.175201
 0.353229  0.000000 -0.000000 -0.000000  0.167905  0.074103 -0.086686  0.061022 -0.050023  0.088196 -0.079456 -0.416562 -0.216546 -0.064172  0.021884  0.488824 -0.058492 -0.051777  0.184061 -0.259927 -0.083384 -0.153952  0.027892  0.360031  0.126447  0.013763  0.196405  0.051931  0.000326  0.118543 -0.080292 -0.035777  0.043892
 0.000000 -0.030302  0.000000 -0.322926 -0.074047 -0.200741  0.235782  0.061898 -0.176289 -0.148496  0.167013 -0.071098  0.116117 -0.228712  0.125042  0.147859  0.085866  0.312853 -0.042183 -0.083431 -0.211462  0.161068 -0.276823  0.016856 -0.009351  0.038532 -0.111338  0.261071  0.093828  0.010180  0.300859  0.052816  0.392843
 0.030302  0.000000 -0.000000 -0.322926 -0.210425  0.227125  0.024814 -0.181085 -0.000218 -0.110394 -0.256022  0.213956 -0.247663  0.042758 -0.080770  0.036890  0.153050 -0.167721 -0.207920 -0.120283 -0.127669  0.204272  0.052809 -0.016390 -0.356732 -0.075205  0.299026  0.033459 -0.109230  0.119853 -0.245312 -0.136390  0.268522
 0.353229 -0.000000 -0.000000  0.000000  0.317785  0.115362  0.098546 -0.312835  0.072297  0.151880  0.209462 -0.095762  0.177396  0.219214 -0.066220 -0.150491  0.068245 -0.062368  0.384242  0.060773 -0.038655  0.232449  0.086975 -0.193178 -0.223501  0.213774  0.002450 -0.045666 -0.156846  0.115065  0.144299  0.080367  0.205678
 0.000000 -0.000000  0.353229 -0.000000  0.040487 -0.194832  0.203743 -0.083029 -0.116788 -0.308127 -0.212075 -0.082566 -0.061984  0.193288 -0.251215  0.165763  0.021856  0.214707  0.003015 -0.039777 -0.063787  0.207360  0.165293 -0.341935  0.286691 -0.027716  0.088210 -0.035783  0.002778  0.282633 -0.014514  0.101153 -0.270616
-0.000000 -0.353229 -0.000000 -0.000000  0.010323  0.209585  0.023795  0.200193  0.119268 -0.195108 -0.122328  0.013701  0.208911 -0.237046  0.209900  0.129862 -0.063803 -0.137656  0.030187  0.078027  0.291755  0.354672 -0.083952  0.117776 -0.104221  0.193621 -0.131089  0.166559 -0.173544  0.264436 -0.123215  0.206152 -0.222485
 0.000000 -0.000000 -0.353229 -0.000000 -0.007070  0.262961 -0.056763  0.141097 -0.331168 -0.454600  0.338906  0.029315 -0.016018  0.154142 -0.103560 -0.014457  0.208568  0.111227  0.146059  0.100605  0.114720 -0.296186 -0.104302 -0.055680  0.017620 -0.125651  0.158834 -0.000718 -0.187957  0.152687 -0.068484  0.091171 -0.027144
 0.000000 -0.353229  0.000000  0.000000  0.002705 -0.025662  0.328635 -0.123316 -0.100972 -0.215192 -0.013272 -0.189664  0.076560  0.165148  0.320840  0.003710 -0.008069  0.016009 -0.082088  0.106237  0.048878  0.011094 -0.043823  0.147901 -0.082744  0.112436  0.250613 -0.484473  0.143293 -0.254207  0.057729 -0.259190 -0.072714
 0.353229 -0.000000  0.000000 -0.000000 -0.314453  0.126529 -0.012104  0.085131 -0.236619  0.056084  0.213216  0.140269 -0.214683 -0.159516 -0.142719 -0.066443 -0.312062  0.122837 -0.021694 -0.040054 -0.159493  0.077979  0.079229  0.028636 -0.296682  0.123177 -0.100070 -0.130737  0.171696  0.113025  0.230891 -0.058434 -0.387192
 0.000000 -0.000000  0.000000  0.353229 -0.207811 -0.201649  0.102878  0.037297  0.034028  0.083320  0.166055 -0.034529 -0.300677  0.002874  0.262217  0.160242  0.383094 -0.286572 -0.192782  0.234455 -0.077478 -0.042269  0.171297 -0.043552 -0.048668  0.059867 -0.020646 -0.063480 -0.010341  0.290977  0.199624  0.224676  0.110144
-0.000000  0.000000  0.000000  0.353229 -0.086561  0.224504  0.272510  0.047474 -0.171859  0.019563  0.027666  0.017530 -0.015121  0.105113 -0.054541  0.122141 -0.243245 -0.019708 -0.074006 -0.080749 -0.206458  0.142645 -0.110967  0.004361  0.139052 -0.120680 -0.455354 -0.221863 -0.283629 -0.042912 -0.270648 -0.060561  0.290041
 0.353229  0.000000  0.000000 -0.000000 -0.026442 -0.072791  0.127419 -0.291894  0.010269 -0.192329 -0.341547 -0.054542 -0.016851 -0.216396 -0.044649 -0.293844 -0.016487 -0.064372  0.073061  0.452450 -0.131245 -0.226808 -0.172942  0.203185  0.066424 -0.232684 -0.162878  0.074253  0.073515  0.114691 -0.076890  0.078719  0.005615
-0.000000 -0.000000 -0.353229 -0.000000  0.110975 -0.425846  0.226825  0.241986  0.216347  0.045466  0.041502  0.064528 -0.281642 -0.135915 -0.220534 -0.239970 -0.072300  0.157550  0.065365  0.013774  0.093952  0.164415 -0.021970  0.159219  0.085749  0.173649  0.152320 -0.146068 -0.206181  0.186145 -0.153655 -0.168584  0.073126
-0.000000 -0.000000  0.030302 -0.322926 -0.182665 -0.109480  0.054108  0.104535 -0.105236  0.262462 -0.085432  0.132449 -0.051287  0.500590  0.173075  0.140285 -0.161098 -0.092217  0.187991  0.225579  0.216692 -0.118405 -0.182169 -0.003182  0.068569 -0.000582 -0.162373  0.112648 -0.021258  0.284952  0.059557 -0.289932 -0.008211
 0.353229  0.000000 -0.000000  0.000000 -0.225275 -0.103193  0.349989  0.047858  0.100797 -0.076911  0.116980  0.189223  0.076527  0.000077 -0.196424  0.085461 -0.048932 -0.431106 -0.007058 -0.178760  0.256392 -0.031767 -0.080632 -0.092653  0.206923 -0.076415  0.167190  0.171857 -0.074104 -0.363380  0.127514  0.094375 -0.028485
 0.000000  0.000000  0.353229 -0.000000  0.228037 -0.134345 -0.149660  0.178774 -0.201959 -0.086580 -0.050031 -0.251851 -0.257606 -0.064851 -0.042920 -0.234951  0.108036 -0.242284 -0.079070 -0.131394  0.096677 -0.024874 -0.379248 -0.121358 -0.232575 -0.038795 -0.115648 -0.038818 -0.329746 -0.074614  0.172564 -0.161800 -0.076479
 0.000000  0.030302 -0.000000 -0.322926 -0.107199 -0.051778 -0.072419  0.284538  0.171148  0.082980 -0.036770 -0.146747  0.153191 -0.043559 -0.191103  0.238958  0.053014  0.022153  0.095894  0.309480 -0.092703  0.092775  0.165172  0.033754 -0.145842 -0.380154 -0.038466 -0.376099 -0.271461 -0.169758  0.143708  0.172157 -0.030969
-0.000000  0.000000 -0.353229 -0.000000  0.193001  0.086581  0.118979 -0.125356  0.221191 -0.003988 -0.195727  0.009536  0.146352 -0.051634 -0.156149  0.166552  0.042797 -0.038157 -0.258833 -0.292537  0.152428 -0.197476 -0.133851 -0.158909 -0.105958 -0.147492 -0.212832 -0.230895  0.132363  0.323076  0.329814 -0.108943 -0.040884
 0.353229 -0.000000  0.000000  0.000000 -0.093303  0.038534 -0.295384  0.098146 -0.027247 -0.180971 -0.049895 -0.088511 -0.005167 -0.021320 -0.062338 -0.024327  0.231444  0.131273 -0.164487  0.099207  0.375104  0.155586  0.329609 -0.040441  0.183528  0.099665 -0.278943 -0.018824  0.103426 -0.107340  0.027010 -0.352500  0.259828
-0.000000 -0.000000  0.353229 -0.000000 -0.148757  0.181613  0.209872  0.074164  0.156848  0.050241 -0.010289 -0.071092 -0.004669  0.200987 -0.042383 -0.291626 -0.022024  0.314412 -0.134963 -0.200514  0.286152 -0.230974  0.132267  0.363790 -0.080826 -0.028361  0.023781 -0.009350 -0.121014  0.131070  0.140992  0.284254  0.166442
 0.353229
