7 30
 0.000000 -0.000000  0.000000  0.000000 -0.045914  0.453031 -0.000000  0.071153 -0.101349 -0.034301 -0.227963  0.092961  0.033287  0.084313  0.147809  0.061997 -0.139557  0.183165  0.424591 -0.046164 -0.155738  0.054301 -0.188198 -0.075113 -0.360232 -0.082054 -0.477897  0.056151  0.074089  0.066352
-0.498945  0.000000 -0.000000  0.000000  0.000000  0.000000  0.000000 -0.128525  0.025147  0.004767  0.092654  0.064427  0.056253 -0.127017  0.307039  0.208663 -0.081138 -0.374209  0.243402 -0.349721 -0.232287 -0.041651  0.267169  0.017162  0.019821  0.031656  0.129257 -0.076076  0.250082 -0.148568
-0.000000 -0.000000 -0.000000 -0.000000 -0.498945 -0.000000  0.000000  0.038823 -0.135642 -0.119998  0.088815  0.094204 -0.186538  0.278382 -0.065011  0.026961 -0.090728  0.310671  0.198560 -0.162956 -0.000253 -0.286937 -0.031411 -0.196995  0.183914  0.117687  0.290762  0.334811  0.029193 -0.211466
 0.045914  0.000000 -0.000000 -0.433484 -0.000000 -0.000000  0.019547 -0.222495  0.457829 -0.195220  0.066346 -0.082425 -0.306538  0.142652  0.190459 -0.098658 -0.120635  0.079973 -0.063477 -0.021990  0.032293 -0.208153  0.299709 -0.123815 -0.111604 -0.121347 -0.200780 -0.156703 -0.256409 -0.089876
-0.000000  0.000000 -0.045914 -0.000000  0.000000 -0.433484  0.019547 -0.145230  0.215012  0.030350 -0.091983 -0.195223  0.025125  0.017319  0.118160 -0.238929  0.091848  0.214280  0.227138 -0.018390 -0.024724  0.131571  0.143250  0.012636 -0.137774  0.036355  0.017070  0.351435  0.364415  0.448354
 0.498945  0.000000 -0.000000 -0.000000  0.000000  0.000000 -0.000000  0.303686  0.046939 -0.194548  0.254550  0.222680  0.246757 -0.172827 -0.090518  0.082507 -0.366267 -0.031316  0.047844 -0.149163 -0.077100  0.089694  0.408909 -0.098267  0.081776  0.080124 -0.058781 -0.007144  0.091977  0.151787
 0.000000 -0.000000 -0.045914 -0.000000  0.000000  0.433484 -0.019547  0.173436  0.156407  0.086772 -0.159335 -0.108589  0.067548 -0.222342  0.167851 -0.244059  0.056209 -0.095713 -0.401255 -0.024579 -0.037762 -0.285028  0.133121  0.098802  0.057722  0.093949 -0.047582  0.494370  0.140997 -0.076339
 0.498945  0.000000 -0.000000  0.000000  0.000000  0.000000  0.000000 -0.441430 -0.006173  0.062467 -0.289453 -0.107563  0.276543 -0.056098  0.026775 -0.046338  0.044599 -0.225474  0.109700 -0.035493 -0.187687 -0.299609 -0.154348 -0.265405 -0.051145 -0.040651  0.219605 -0.127523  0.088012 -0.111955
-0.498945  0.000000 -0.000000 -0.000000  0.000000 -0.000000 -0.000000 -0.025480  0.068230 -0.173004 -0.109195  0.031766  0.431063 -0.082321 -0.362911 -0.191951 -0.258927  0.121628 -0.087506  0.178140 -0.053360 -0.192595  0.026572 -0.364427 -0.052975  0.004888  0.036877 -0.072282 -0.106911  0.161922
 0.000000 -0.000000 -0.498945 -0.000000  0.000000  0.000000  0.000000 -0.046387 -0.228517 -0.199944  0.061347  0.100597  0.100463 -0.181127 -0.057071 -0.127718  0.266371  0.238778  0.063944 -0.229352  0.132181 -0.375111  0.099588  0.341263 -0.021844 -0.220650 -0.052839 -0.225120  0.044157  0.080936
 0.000000  0.498945  0.000000 -0.000000 -0.000000  0.000000  0.000000  0.065365  0.102767  0.079821 -0.117974 -0.018044 -0.122126  0.100685  0.019284 -0.025909 -0.271544  0.138881 -0.195295 -0.235561 -0.474412 -0.046022 -0.236652  0.236283  0.192204 -0.075639  0.114958 -0.171154 -0.036638  0.278070
-0.000000 -0.000000  0.498945 -0.000000  0.000000 -0.000000  0.000000 -0.119006 -0.349907 -0.207283  0.024378 -0.346126 -0.067170 -0.102713 -0.207687 -0.139084  0.048369 -0.063005  0.150766  0.027263 -0.208021 -0.062406  0.220799  0.164117  0.262428 -0.288370 -0.218774  0.119864 -0.081602 -0.001645
 0.000000  0.000000  0.000000 -0.000000 -0.000000 -0.000000 -0.498945  0.237601  0.154030  0.155510 -0.253178  0.119809 -0.218687  0.080799 -0.334973 -0.145476  0.065351 -0.042209  0.038393 -0.020611 -0.007787  0.068778  0.169770 -0.105069 -0.021392 -0.359541  0.060469 -0.154682  0.360170 -0.202183
 0.000000  0.000000 -0.000000  0.000000 -0.498945  0.000000 -0.000000 -0.073672  0.109662  0.144337 -0.263411 -0.111927  0.244304  0.274152 -0.104954  0.290414 -0.129972 -0.159039 -0.031509  0.186000  0.201082 -0.087601  0.224415  0.409981  0.039406  0.065569 -0.150530 -0.115415  0.055339  0.106919
 0.000000 -0.000000  0.000000  0.000000 -0.000000 -0.462286 -0.036659 -0.103554 -0.064942 -0.095403 -0.273141  0.297342 -0.067848 -0.288030  0.059943 -0.120442 -0.376965  0.024117 -0.055538  0.059904  0.025888 -0.030868 -0.166070  0.211696  0.021595  0.109446 -0.283027  0.123127  0.039877 -0.399435
-0.000000 -0.045914  0.000000 -0.453031 -0.000000  0.000000  0.000000  0.120176 -0.180882 -0.208098  0.018091  0.040751  0.199068  0.109203  0.231175  0.052556  0.135120  0.209660 -0.119002  0.462510 -0.348657  0.109418  0.038752  0.110830 -0.001152  0.015821  0.173896 -0.104124  0.292593 -0.167000
-0.045914 -0.000000 -0.000000 -0.433484  0.000000  0.000000  0.019547 -0.045786 -0.113905  0.197689 -0.133194  0.123226  0.084504 -0.070198  0.104920  0.112784  0.079278  0.034226 -0.045563 -0.164079  0.258978  0.056259 -0.126052 -0.302107  0.581545 -0.089519 -0.258482 -0.007932  0.143688  0.197863
-0.000000  0.000000  0.000000 -0.000000 -0.000000  0.000000 -0.498945 -0.240265 -0.166504  0.229411 -0.108789  0.155013  0.163526 -0.089845  0.179010  0.171389  0.029398  0.271955 -0.085299 -0.054375 -0.094403  0.169577  0.281895  0.013806 -0.073689 -0.078077  0.128064  0.199387 -0.456904  0.045339
-0.000000  0.045914 -0.000000 -0.453031  0.000000  0.000000  0.000000 -0.113698 -0.082717 -0.067379  0.004586  0.043061 -0.197232 -0.211527 -0.472779  0.379486  0.053236 -0.147467 -0.126312 -0.133997 -0.056915 -0.032135 -0.106327  0.063567 -0.365904  0.091724  0.060956  0.251065  0.073998  0.150545
 0.000000 -0.000000 -0.000000 -0.000000  0.498945 -0.000000 -0.000000  0.093603 -0.175702 -0.271536 -0.306423 -0.218190  0.036489  0.316621  0.102896  0.223770 -0.303829  0.039920 -0.049185 -0.138148  0.344517 -0.065823  0.056037  0.048006 -0.024867 -0.125729  0.231967  0.123192  0.064875 -0.021154
 0.000000 -0.000000 -0.000000  0.462286 -0.000000  0.000000  0.036659 -0.245218  0.064174 -0.267648 -0.040459  0.120395 -0.206400 -0.032336  0.040209  0.436638  0.145805  0.168032 -0.342649  0.147460 -0.124328 -0.066695  0.096615 -0.228480  0.080954 -0.092336 -0.200498 -0.010378  0.253554  0.085133
 0.000000  0.498945 -0.000000 -0.000000 -0.000000 -0.000000  0.000000 -0.200614 -0.204467  0.259282  0.367770 -0.218978  0.166450  0.089839 -0.046082 -0.057722 -0.114606  0.155230 -0.190867 -0.066402  0.181490  0.062296  0.089643 -0.122643 -0.218148 -0.008468 -0.190566 -0.012095  0.265347 -0.291270
 0.000000 -0.498945 -0.000000 -0.000000 -0.000000  0.000000 -0.000000 -0.030312  0.132334  0.026298 -0.039783 -0.340424  0.145877  0.031583 -0.175513  0.049459 -0.000429  0.323302 -0.187552 -0.445277 -0.192837  0.202733 -0.075542  0.062229  0.043979  0.206601 -0.115686 -0.152882  0.058097 -0.219874
-0.000000  0.498945 -0.000000 -0.000000  0.000000  0.000000 -0.000000  0.126459  0.225001 -0.325753 -0.288336 -0.103614  0.138022 -0.129427 -0.083936  0.103004  0.393256  0.062054  0.199283 -0.088422  0.073239  0.199485  0.084818 -0.047061  0.103487  0.283724 -0.029685 -0.002318 -0.150496 -0.235895
-0.000000  0.000000 -0.000000  0.000000  0.000000 -0.000000 -0.498945 -0.151880 -0.054249 -0.384592  0.181302  0.125915  0.118992  0.394529  0.032621 -0.212130  0.104918 -0.311914 -0.141340 -0.137144 -0.006573  0.032016 -0.202041  0.043170  0.030049  0.238211 -0.200035  0.060832  0.041320  0.136479
 0.000000 -0.000000 -0.000000  0.000000  0.000000 -0.000000 -0.498945  0.121141  0.091980 -0.015098  0.197780 -0.415533 -0.084371 -0.354469  0.131518  0.227902 -0.161482  0.109360  0.187499  0.211516  0.109648 -0.262633 -0.223124 -0.004310  0.080145  0.174064  0.002105 -0.127396  0.075450  0.080755
-0.000000 -0.000000  0.000000  0.000000  0.045914  0.453031 -0.000000 -0.481740  0.091156 -0.117038  0.013687  0.127560 -0.143114 -0.148907 -0.134189 -0.179992 -0.211008  0.138062  0.120016  0.113214  0.194630  0.312824  0.028427  0.208686  0.195207  0.138628  0.250950 -0.067276  0.180381  0.028106
-0.000000 -0.000000  0.000000 -0.000000  0.498945  0.000000 -0.000000 -0.077574  0.132008  0.303488  0.109589  0.197284  0.037509  0.257375 -0.246912  0.115873  0.089705  0.115862  0.244264  0.146526 -0.175929 -0.332504  0.117033  0.138863  0.197074  0.288677 -0.158805  0.107561  0.009876 -0.079873
-0.000000 -0.000000 -0.498945  0.000000  0.000000 -0.000000  0.000000  0.003639 -0.381003  0.060451 -0.202791 -0.248901 -0.326722  0.046626 -0.057884 -0.113994 -0.117316 -0.164392 -0.007013  0.126061 -0.182488  0.109504  0.271168 -0.212535  0.080019  0.346926 -0.102672 -0.083218 -0.071425  0.061867
 0.000000 -0.000000 -0.498945 -0.000000  0.000000  0.000000 -0.000000 -0.078854  0.225435 -0.078567  0.188949 -0.169865  0.150561  0.050654 -0.119051  0.147073 -0.114310 -0.148301  0.109857  0.134509 -0.151963  0.217323 -0.175389  0.025134  0.211620 -0.426637 -0.060455  0.350370 -0.100843 -0.178681
 0.498945
