12 29
 0.000000 -0.000000  0.000000 -0.000000  0.699638 -0.000000 -0.000000  0.000000  0.000000  0.000000  0.000000  0.000000 -0.042960 -0.335172  0.137149 -0.059215  0.169259  0.352658 -0.056365 -0.118583  0.157068 -0.030961  0.011027 -0.198917  0.266167 -0.064435 -0.166401 -0.134970  0.132392
 0.000000  0.000000 -0.000000  0.000000  0.000000 -0.000000 -0.553594 -0.102500  0.043544  0.000000  0.000000  0.000000 -0.071713  0.074191 -0.159018 -0.428049  0.285308  0.111558  0.249130 -0.161725 -0.158195 -0.026428 -0.082907 -0.030840 -0.289276 -0.127145  0.249297 -0.183527  0.225121
 0.000000  0.000000  0.000000 -0.000000  0.102500 -0.553594 -0.000000  0.000000 -0.000000 -0.000000 -0.000000  0.043544  0.019361  0.038389  0.190221  0.097095  0.078583 -0.260302  0.242442  0.507980  0.242480  0.099262  0.054527 -0.212229 -0.117945 -0.269902  0.100468 -0.034902  0.167877
 0.000000  0.000000  0.000000 -0.000000  0.000000  0.000000  0.000000 -0.000000  0.026013  0.131917  0.523818  0.017890  0.020612 -0.153648  0.090870 -0.200485  0.053841  0.083082 -0.348218  0.043713  0.099063  0.351833  0.013335 -0.090281 -0.515091  0.020663 -0.192062  0.203504 -0.125657
-0.000000  0.000000 -0.000000  0.000000 -0.000000  0.000000 -0.000000  0.000000 -0.007795  0.691843  0.000000 -0.000000  0.204085 -0.187161  0.064576  0.338632 -0.139698  0.134225  0.291233 -0.137363 -0.301819 -0.089645 -0.031421 -0.048729 -0.166933 -0.218545 -0.034001  0.069088  0.022430
-0.000000  0.000000 -0.000000 -0.000000  0.000000  0.000000  0.000000 -0.699638 -0.000000  0.000000 -0.000000 -0.000000  0.298788  0.185845  0.036307 -0.129877 -0.096810  0.001393  0.088647 -0.165865  0.295761 -0.234192  0.154510 -0.139871  0.018998  0.029226 -0.102420  0.350757  0.057189
 0.000000  0.000000  0.000000 -0.000000  0.000000 -0.000000  0.553594 -0.102500 -0.043544 -0.000000  0.000000  0.000000  0.046446  0.356782  0.293206 -0.115980  0.121976  0.320012  0.045840 -0.060234  0.042426  0.010137 -0.307585  0.290334 -0.194221 -0.156519  0.094656 -0.257588  0.104442
 0.699638  0.000000 -0.000000  0.000000 -0.000000  0.000000 -0.000000 -0.000000 -0.000000  0.000000 -0.000000 -0.000000  0.122877 -0.176267  0.066882 -0.122913  0.130646 -0.273096  0.088323 -0.064710  0.102109 -0.225126 -0.269511 -0.008523 -0.042255 -0.048337 -0.115888 -0.162185 -0.404285
-0.000000 -0.000000 -0.000000  0.000000  0.000000  0.000000  0.000000  0.000000 -0.699638 -0.000000 -0.000000  0.000000  0.135910 -0.268924  0.018214 -0.163576 -0.092875 -0.110511  0.227075  0.019326  0.039542  0.237702 -0.253613  0.193037  0.071499  0.271776  0.001413  0.138124  0.249295
-0.000000  0.000000 -0.000000 -0.000000  0.000000 -0.000000  0.000000 -0.000000 -0.002108  0.697531  0.000000 -0.000000 -0.164523  0.242999 -0.151380 -0.274289  0.100892 -0.106450 -0.168284  0.173111  0.275172 -0.004757  0.024870  0.046274  0.272888  0.253151  0.027396 -0.177688  0.001668
-0.000000  0.000000 -0.000000 -0.000000  0.000000 -0.000000 -0.000000  0.000000 -0.000000  0.000000 -0.000000  0.699638  0.062342  0.229909  0.229224 -0.135732 -0.005443 -0.187669 -0.038669 -0.097347 -0.367640  0.141467 -0.062188 -0.271624  0.162537  0.040049 -0.255173 -0.062412  0.082001
-0.000000  0.102500 -0.000000 -0.553594 -0.000000 -0.000000 -0.000000 -0.000000 -0.000000  0.000000 -0.000000 -0.043544  0.492321 -0.037296 -0.064684 -0.050780  0.332759 -0.073193 -0.114921  0.076231 -0.144588  0.138057  0.319557  0.307902  0.151276 -0.164528 -0.059334 -0.071317  0.006863
-0.000000 -0.699638  0.000000 -0.000000 -0.000000  0.000000 -0.000000 -0.000000 -0.000000 -0.000000 -0.000000  0.000000 -0.106180  0.147648 -0.160327  0.027438  0.190809  0.096614  0.289373 -0.065994  0.063886  0.342877 -0.013847  0.062128  0.173560 -0.179735 -0.157975  0.194282 -0.257513
 0.102500  0.000000  0.553594  0.000000  0.000000 -0.000000  0.000000 -0.000000 -0.043544 -0.000000  0.000000  0.000000  0.027381  0.014632 -0.316557 -0.154182 -0.369810 -0.002729 -0.251793  0.042318  0.015304  0.036717 -0.194812  0.004689  0.123580 -0.516834 -0.062264  0.016323  0.167753
-0.000000 -0.000000  0.000000 -0.000000  0.000000  0.000000  0.000000 -0.000000  0.699638  0.000000 -0.000000 -0.000000  0.188343 -0.198594  0.014620 -0.056678 -0.127645 -0.100357  0.172863 -0.004047  0.099008  0.248430 -0.338625  0.214543  0.106387  0.228675 -0.019020  0.084672  0.269346
 0.000000  0.000000 -0.000000  0.000000 -0.000000  0.000000  0.000000 -0.000000  0.000000 -0.000000 -0.671737  0.027901  0.188411 -0.003098 -0.218368 -0.058756 -0.071341  0.239585 -0.045916  0.220193  0.054772  0.162480 -0.005158 -0.149283 -0.360836  0.182261 -0.325626 -0.132727 -0.097366
 0.699638  0.000000 -0.000000 -0.000000  0.000000  0.000000 -0.000000  0.000000  0.000000 -0.000000 -0.000000 -0.000000 -0.108846  0.185617 -0.028252  0.206053 -0.022150  0.246758 -0.058251  0.010460 -0.075162  0.236488  0.283429 -0.019573  0.005629  0.159812  0.139573  0.138891  0.386565
 0.102500 -0.000000 -0.553594 -0.000000  0.000000  0.000000 -0.000000  0.000000  0.043544  0.000000  0.000000  0.000000 -0.123155 -0.078451  0.052881 -0.413309 -0.370747  0.182506  0.046527  0.327975 -0.199234 -0.114272  0.099809  0.187087  0.126418 -0.244065 -0.099407  0.142675 -0.046804
 0.000000  0.000000  0.000000 -0.622147  0.000000  0.000000  0.000000  0.000000  0.000000 -0.000000  0.000000  0.077491 -0.244136  0.046106 -0.088826  0.105240  0.135547  0.151746 -0.043351  0.201118 -0.050317 -0.262924 -0.443828 -0.175419 -0.030504  0.109620  0.016294  0.358839  0.033369
-0.000000 -0.102500  0.000000 -0.553594  0.000000  0.000000 -0.000000  0.000000 -0.000000 -0.000000 -0.000000 -0.043544 -0.217953 -0.014519  0.164509 -0.067492 -0.485092 -0.097345  0.163639 -0.302254  0.201136  0.157426  0.179230 -0.110761 -0.116995  0.041334  0.041022 -0.331957 -0.044364
-0.000000  0.000000 -0.000000  0.000000 -0.000000  0.000000  0.000000 -0.000000 -0.026013 -0.131917  0.523818  0.017890  0.221004  0.149675 -0.370903  0.125136 -0.145328  0.224159  0.289335  0.238659 -0.028824 -0.143470 -0.019949 -0.101158  0.052360  0.213066 -0.225516 -0.373711  0.000796
-0.000000 -0.000000 -0.000000 -0.000000  0.000000 -0.622147 -0.000000 -0.000000  0.000000  0.000000  0.000000 -0.077491 -0.234593  0.021832 -0.126839  0.017027  0.038031 -0.062434 -0.080045 -0.309720 -0.122794 -0.190642  0.039245  0.326472 -0.084926  0.104518 -0.476691  0.013746  0.149179
-0.000000  0.000000 -0.000000 -0.000000 -0.000000  0.000000 -0.000000 -0.699638 -0.000000  0.000000 -0.000000  0.000000 -0.295086 -0.248984 -0.055966  0.209579  0.037141 -0.064620 -0.131861  0.198383 -0.278800  0.236578 -0.097301  0.101854  0.051837  0.012333  0.052029 -0.286132 -0.105472
-0.000000  0.000000  0.000000  0.000000  0.000000 -0.000000  0.622147 -0.000000  0.077491 -0.000000  0.000000  0.000000 -0.105139 -0.251453 -0.402394 -0.277683  0.145336 -0.185485  0.180890 -0.090307 -0.178515 -0.032536  0.199921 -0.285785 -0.084581  0.026137  0.137601  0.065900  0.107382
-0.000000 -0.000000 -0.000000  0.000000 -0.102500 -0.553594 -0.000000  0.000000 -0.000000 -0.000000  0.000000  0.043544  0.244282 -0.062924 -0.047675 -0.116230 -0.121323  0.330467 -0.152485 -0.159907 -0.104480  0.114988 -0.098632 -0.154671  0.213388  0.152441  0.435253  0.019454 -0.335529
 0.000000 -0.000000  0.000000 -0.000000 -0.699638 -0.000000  0.000000  0.000000  0.000000  0.000000  0.000000 -0.000000 -0.075912 -0.320329  0.172002 -0.027962  0.198546  0.266107  0.001494 -0.020735  0.207900 -0.033265  0.033466 -0.207350  0.217625 -0.126310 -0.215448 -0.142934  0.206143
 0.000000 -0.000000  0.622147 -0.000000 -0.000000 -0.000000 -0.000000  0.000000  0.077491 -0.000000  0.000000 -0.000000 -0.133949 -0.082826  0.328730 -0.230575 -0.000834  0.164825  0.265449  0.254182 -0.190899 -0.134353  0.262157  0.162300  0.002525  0.242713 -0.033050  0.112429 -0.190916
-0.000000  0.699638  0.000000  0.000000  0.000000 -0.000000 -0.000000  0.000000  0.000000 -0.000000 -0.000000 -0.000000 -0.210239  0.150985 -0.126749  0.024990  0.070990  0.093076  0.330184 -0.121444  0.114537  0.345714 -0.034405  0.000792  0.134257 -0.149575 -0.143272  0.156097 -0.265018
 0.000000 -0.000000  0.000000  0.000000  0.000000  0.000000  0.000000  0.000000  0.000000 -0.000000  0.000000 -0.699638  0.074310  0.234070  0.220224 -0.124062  0.006995 -0.131555 -0.035375  0.010965 -0.350563  0.140213 -0.149856 -0.373166  0.146149  0.054216 -0.189752 -0.009698  0.053998
 0.699638
