3 29
 0.000000 -0.329654 -0.000000  0.216320 -0.394497 -0.179793 -0.025405  0.362670 -0.115719 -0.099262  0.021750  0.023340 -0.116263  0.224594  0.147109 -0.166067  0.021366 -0.220694  0.131683 -0.046342  0.070869 -0.190841 -0.350038 -0.059634  0.002335 -0.143050  0.060853  0.239036 -0.263590
-0.000000  0.000000 -0.329654 -0.321713 -0.165032  0.021165 -0.080283 -0.202506 -0.249199 -0.262416 -0.184882 -0.123325  0.048816  0.102659  0.292313 -0.080049 -0.116824 -0.039130  0.234629  0.331995  0.169896  0.128946  0.012983 -0.156274 -0.036789 -0.124671  0.019258  0.110803  0.384038
-0.000000 -0.000000 -0.329654  0.282208  0.156714 -0.066295 -0.019207 -0.141284 -0.182796  0.149387  0.180037  0.040409  0.075591 -0.382498  0.001092 -0.192165  0.006166 -0.226294 -0.085162  0.106280  0.396736  0.088440 -0.167409  0.148373 -0.167807 -0.059959  0.313522 -0.241614 -0.100967
-0.000000  0.074088 -0.255566  0.228428  0.489583 -0.024911 -0.041295  0.013218  0.091432  0.140508 -0.157402 -0.061398 -0.235013  0.145497  0.312305 -0.145801 -0.074531  0.277071  0.304188 -0.110854 -0.137142  0.090743 -0.196492 -0.012682 -0.180443  0.225012 -0.055141  0.191396 -0.084663
-0.255566  0.074088 -0.000000  0.182716 -0.191346  0.218869 -0.227175  0.127454 -0.002901 -0.015336 -0.074381 -0.146271  0.010572 -0.343938  0.183349 -0.297665 -0.126731  0.346825 -0.209825 -0.087348 -0.006312  0.169485 -0.063959  0.000773  0.291933 -0.277752 -0.300587 -0.043361 -0.013422
 0.329654 -0.000000  0.000000 -0.040551  0.000733  0.034873 -0.123980  0.015563  0.413501  0.025824 -0.172808  0.140541  0.104132  0.158299 -0.209416  0.090403 -0.265737  0.060169  0.122717  0.100286  0.323507  0.305997 -0.162412 -0.274808  0.015190 -0.203453 -0.096122 -0.193818 -0.275118
 0.000000 -0.000000 -0.329654 -0.019268 -0.078601 -0.153468  0.070514  0.083759 -0.012071  0.187884 -0.221803  0.056511 -0.032167  0.092545 -0.261730 -0.106630 -0.335043 -0.115849  0.029039  0.015105  0.062604 -0.298002 -0.058502  0.330029  0.292160  0.261295 -0.344915 -0.193958  0.172917
-0.000000 -0.000000 -0.329654 -0.107970 -0.003306  0.306085 -0.319824  0.092482 -0.155155 -0.057334 -0.285374  0.146411  0.043687 -0.139519  0.046756  0.331904  0.118274 -0.129609 -0.208819 -0.329949  0.002780 -0.250243 -0.065370 -0.304651 -0.148673  0.156989 -0.056053 -0.060334 -0.121126
 0.000000 -0.000000  0.329654 -0.155528  0.224131 -0.016769  0.008624  0.047581 -0.323223 -0.058746  0.107765 -0.005365 -0.348605 -0.212975  0.121835  0.232681 -0.048744  0.080749  0.185692  0.289958  0.105358 -0.184640 -0.267355 -0.157882  0.259466  0.089281 -0.111015 -0.290592 -0.133185
-0.329654 -0.000000  0.000000 -0.087141  0.071867 -0.082085  0.081444  0.006623 -0.082325  0.270714  0.045426 -0.516849  0.197593  0.174495  0.039678  0.330254 -0.430294 -0.017514 -0.057564 -0.140677 -0.022882 -0.094607 -0.077609 -0.043594 -0.117540 -0.254425  0.135056 -0.065003 -0.093740
-0.255566 -0.074088 -0.000000 -0.372571 -0.078943 -0.321967 -0.011938 -0.160109 -0.097166  0.112700  0.070893  0.107900  0.046419 -0.088386 -0.322570 -0.274078  0.206537  0.254556  0.221079 -0.338469  0.005593  0.029400 -0.241569 -0.206082 -0.182210 -0.032557 -0.083108 -0.107093  0.038953
 0.000000 -0.074088 -0.255566 -0.160505 -0.061700  0.041582 -0.021434 -0.014720  0.251830  0.273809  0.222742 -0.228971 -0.158409  0.271285  0.060953 -0.128588  0.313402  0.116500 -0.418452  0.287771 -0.022153 -0.072815 -0.152277 -0.247953  0.173066  0.151811  0.098846 -0.121505  0.012295
 0.329654  0.000000 -0.000000 -0.165713  0.366366 -0.344149 -0.261788  0.024027 -0.081558 -0.006783  0.150212 -0.000844  0.310018 -0.014658  0.081529  0.032408  0.065982  0.069659 -0.209120 -0.117975  0.173022 -0.146004 -0.073582  0.087863  0.290066 -0.170817 -0.103161  0.388421  0.052305
-0.000000  0.329654 -0.000000  0.038436 -0.070214 -0.155644 -0.196883  0.044034  0.141335 -0.427493  0.160169 -0.196934 -0.058342  0.018507 -0.061817 -0.218402 -0.240110  0.122525  0.054814 -0.178319  0.165546 -0.261791  0.220029 -0.177781  0.086908  0.280075  0.335616 -0.089405 -0.086667
-0.000000  0.329654 -0.000000  0.112984 -0.021252 -0.227307  0.043878  0.380229  0.229300  0.181849 -0.187842 -0.204863 -0.069072 -0.314272 -0.111883  0.093027  0.246686 -0.074344  0.143056  0.217656  0.106122 -0.206240  0.076757 -0.199860 -0.207141 -0.176072 -0.097945  0.123241  0.244521
 0.000000  0.329654  0.000000 -0.087743 -0.165142 -0.046025  0.029729 -0.408507  0.190354  0.137081  0.070783  0.375145 -0.324662 -0.009170  0.234944  0.003274 -0.189625 -0.020356 -0.125465 -0.027086 -0.040685 -0.347438 -0.061398  0.055992 -0.112825 -0.335547 -0.008907  0.114425 -0.066299
-0.000000  0.329654 -0.000000 -0.050133  0.004486 -0.143837 -0.262105 -0.131456 -0.130274  0.034138 -0.360310 -0.173260 -0.029851  0.185545 -0.019812 -0.071865  0.354314 -0.211109  0.134398  0.007642 -0.220608  0.092241  0.040766  0.220070  0.241271 -0.200426  0.128935 -0.215309 -0.326209
 0.000000  0.329654  0.000000  0.048623 -0.121354 -0.278890 -0.223713  0.259700 -0.157593  0.004920  0.228560  0.166258 -0.211903  0.161724  0.037183  0.214161 -0.114320 -0.113092 -0.209041 -0.109476 -0.097110  0.474022 -0.166313  0.016354 -0.090206  0.099639 -0.030948 -0.105700  0.286580
-0.000000 -0.329654 -0.000000  0.186868 -0.209768 -0.248683 -0.306447 -0.174073  0.237396  0.210222  0.097556  0.020938  0.051345 -0.084996  0.357954  0.285673  0.110131  0.059676  0.295274 -0.134678  0.045272 -0.030610  0.242878  0.022528  0.133207  0.077782  0.002451 -0.253688  0.156809
-0.329654  0.000000 -0.000000 -0.300354 -0.056513 -0.215142 -0.041934  0.093343  0.348583 -0.198026 -0.119738  0.097286  0.233135 -0.244766  0.192543  0.119769 -0.029783 -0.003831 -0.091806  0.268672 -0.073378  0.087509 -0.218616  0.288904 -0.098095  0.285186  0.055429  0.094526 -0.249364
 0.000000 -0.329654 -0.000000 -0.061104  0.112835 -0.173317 -0.141701 -0.225509  0.149803 -0.066621 -0.120334 -0.234006 -0.450937 -0.296151 -0.208490 -0.040641 -0.184320 -0.366453 -0.140101 -0.068919 -0.160755  0.192404  0.062773 -0.147918  0.090850  0.005924 -0.002760  0.227956  0.004595
-0.329654 -0.000000  0.000000  0.205607 -0.025525 -0.098643 -0.247202 -0.201101 -0.180091 -0.016798  0.061860 -0.001335 -0.106808  0.226881 -0.212845  0.138345  0.089532  0.123336 -0.090245  0.255573  0.339009  0.012881  0.276308  0.024953 -0.181766  0.101398 -0.348132  0.229914 -0.259086
-0.329654  0.000000  0.000000  0.053636  0.106878 -0.044310 -0.058323  0.133538 -0.109482  0.300538 -0.136723  0.446249  0.109503  0.014170 -0.076117 -0.049660 -0.155307  0.005260  0.047453  0.172069 -0.090276  0.043112  0.191914 -0.319719  0.351690  0.009683  0.382887  0.193421  0.019452
 0.000000  0.000000 -0.329654 -0.040757 -0.141385  0.122349  0.102265  0.047773  0.028905 -0.083656  0.062122 -0.030068 -0.278052 -0.092940 -0.275495  0.404861  0.116619  0.355947  0.158883 -0.094421  0.111452  0.089587 -0.094979  0.283344  0.242812 -0.131957  0.300227  0.229867 -0.007458
 0.000000  0.329654 -0.000000  0.067710 -0.216589  0.143304  0.188379 -0.251819  0.013224  0.172579  0.205696 -0.136613  0.203248 -0.113183  0.047766  0.067939  0.052318 -0.287921  0.223526 -0.127206  0.070639  0.151917 -0.184208 -0.199165  0.281274  0.311641 -0.182721  0.301403 -0.120551
-0.000000 -0.000000  0.329654 -0.339344 -0.050420  0.238292 -0.139670  0.155902  0.009518  0.356018 -0.166580 -0.065035 -0.208988  0.044654  0.136285 -0.161356  0.003346 -0.069381 -0.003050 -0.189143  0.481361  0.081135  0.088795  0.242934 -0.069267  0.167313  0.160260  0.126401  0.060695
 0.329654 -0.000000  0.000000 -0.092749 -0.217735  0.143274 -0.423730  0.031154 -0.159077  0.278849  0.203884 -0.088055  0.085155 -0.168560 -0.189242 -0.071162 -0.205521  0.137848  0.165845  0.272342 -0.365724 -0.078453 -0.000893  0.095529 -0.223139  0.098577  0.064291  0.125986 -0.117819
-0.000000 -0.000000  0.329654  0.340028 -0.073604  0.021236 -0.164122 -0.324425  0.009505 -0.042205 -0.340430 -0.064773  0.110466  0.071680 -0.165813  0.073875  0.019777  0.138814 -0.142655  0.065352  0.033255 -0.123869 -0.465101  0.013711 -0.014214  0.137238  0.216677  0.063139  0.343790
-0.329654  0.000000  0.000000 -0.023574  0.262199  0.354106 -0.358109  0.063657  0.273758 -0.134019  0.333167  0.056039  0.021699  0.139461 -0.152456 -0.043812  0.058706 -0.305798  0.262877  0.029133 -0.021110 -0.121541 -0.172021  0.117208  0.042765 -0.176967 -0.062770 -0.015628  0.222311
 0.329654
