21 34
-0.000000  0.000000  0.000000  0.174113  0.000000  0.000000  0.000000 -0.000000 -0.000000  0.000000  0.043562 -0.000000  0.012629  0.000000 -0.000000  0.707107  0.000000  0.000000  0.000000  0.000000  0.000000  0.027698 -0.123817  0.129036 -0.254004  0.323377  0.078055 -0.279896 -0.186735 -0.281041  0.024432  0.251882  0.057034  0.014340
 0.230304 -0.000000 -0.000000 -0.000000  0.000000  0.000000 -0.000000  0.000000  0.000000  0.000000  0.000000  0.000000 -0.000000 -0.000000  0.000000  0.000000  0.000000 -0.000000 -0.000000  0.707107  0.000000 -0.024172 -0.148441  0.018481 -0.053362  0.060060 -0.430713 -0.260332  0.247530  0.123626  0.011844  0.014241 -0.285868  0.075102
-0.043562  0.000000 -0.174113 -0.000000 -0.000000  0.000000 -0.000000 -0.000000 -0.000000  0.000000 -0.000000 -0.000000 -0.012629 -0.000000  0.000000  0.000000 -0.000000  0.707107  0.000000 -0.000000  0.000000 -0.315336  0.234300 -0.259822  0.135428  0.091778  0.202229 -0.244152  0.105058 -0.143444 -0.003661 -0.048594 -0.248520 -0.150884
 0.043562  0.000000  0.174113  0.000000 -0.000000  0.000000  0.000000 -0.000000 -0.000000 -0.000000  0.000000  0.000000  0.012629 -0.000000 -0.000000 -0.000000  0.000000  0.707107 -0.000000  0.000000  0.000000  0.315336 -0.234300  0.259822 -0.135428 -0.091778 -0.202229  0.244152 -0.105058  0.143444  0.003661  0.048594  0.248520  0.150884
 0.000000 -0.000000  0.000000 -0.000000 -0.000000  0.000000  0.000000 -0.000000  0.000000 -0.000000  0.000000 -0.707107 -0.230304  0.000000 -0.000000 -0.000000  0.000000  0.000000  0.000000 -0.000000 -0.000000  0.404831  0.091425 -0.041450 -0.157331  0.171511  0.027579  0.077265  0.234553 -0.093217  0.068679 -0.172382 -0.061079 -0.332007
-0.000000  0.000000  0.000000  0.000000  0.174113 -0.000000 -0.000000 -0.000000 -0.000000  0.000000  0.043562  0.000000 -0.012629  0.000000  0.000000  0.000000 -0.000000  0.000000 -0.707107  0.000000  0.000000  0.005218  0.016508 -0.249744 -0.006456 -0.001964 -0.297016 -0.063473 -0.178637 -0.151121 -0.422724 -0.153859  0.205350 -0.115660
-0.043562  0.707107  0.000000  0.000000 -0.000000  0.000000  0.000000 -0.000000  0.000000 -0.000000  0.000000  0.000000  0.012629  0.000000 -0.000000 -0.000000  0.174113 -0.000000 -0.000000 -0.000000 -0.000000 -0.108185 -0.051098  0.193804  0.178081 -0.097646 -0.226705 -0.039180 -0.242791 -0.072064  0.300804 -0.047659 -0.001307 -0.405805
 0.000000 -0.000000 -0.000000 -0.000000  0.000000 -0.000000  0.000000  0.000000 -0.000000  0.000000  0.000000 -0.000000  0.000000 -0.000000 -0.000000 -0.000000  0.937411  0.000000 -0.000000  0.000000 -0.000000  0.010759 -0.135582 -0.094842  0.027964  0.177491  0.106484  0.086938  0.075485  0.053856 -0.128082 -0.027468 -0.028981  0.126445
 0.000000  0.000000  0.000000  0.000000  0.174113  0.000000  0.000000 -0.707107 -0.000000 -0.000000 -0.043562 -0.000000  0.012629  0.000000  0.000000 -0.000000  0.000000 -0.000000 -0.000000 -0.000000 -0.000000  0.228752  0.088029 -0.007956  0.324406  0.025052  0.010743 -0.038034  0.027827  0.138784 -0.145636  0.485300 -0.038928 -0.147589
 0.000000 -0.000000  0.000000  0.174113 -0.000000 -0.000000  0.000000  0.000000  0.000000  0.000000 -0.043562  0.000000 -0.012629 -0.707107 -0.000000 -0.000000  0.000000  0.000000  0.000000 -0.000000  0.000000  0.192835 -0.052144  0.046722  0.286193 -0.027961  0.120796 -0.405028  0.060101  0.096112  0.069955 -0.264646  0.253589  0.110111
-0.000000 -0.000000  0.000000 -0.000000  0.000000  0.000000 -0.000000  0.000000  0.000000 -0.000000 -0.937411  0.000000 -0.000000  0.000000 -0.000000  0.000000  0.000000 -0.000000 -0.000000  0.000000 -0.000000  0.071695  0.046507 -0.149748 -0.088694  0.066696 -0.049279 -0.006639 -0.235735  0.034222  0.065621 -0.037272 -0.100406  0.065019
-0.000000 -0.000000  0.000000 -0.000000  0.000000  0.000000  0.000000  0.000000  0.707107 -0.000000 -0.230304  0.000000  0.000000  0.000000 -0.000000 -0.000000 -0.000000  0.000000 -0.000000 -0.000000 -0.000000 -0.219428 -0.121735  0.274596  0.015745 -0.074390  0.033994  0.032368  0.394015 -0.195822 -0.194572  0.052658  0.213370 -0.144400
 0.000000  0.000000  0.000000  0.000000 -0.000000  0.000000 -0.000000 -0.000000 -0.000000  0.174113 -0.000000 -0.000000  0.056191  0.000000  0.707107  0.000000  0.000000  0.000000  0.000000  0.000000 -0.000000  0.145884 -0.285362  0.054810 -0.068659 -0.339313  0.221027 -0.105812 -0.111583 -0.066357 -0.212654 -0.064182 -0.321256 -0.107296
 0.000000 -0.000000 -0.000000  0.000000 -0.174113  0.000000  0.000000  0.000000  0.000000 -0.000000 -0.043562 -0.000000  0.012629 -0.000000 -0.000000  0.000000  0.000000 -0.000000 -0.707107 -0.000000 -0.000000 -0.005218 -0.016508  0.249744  0.006456  0.001964  0.297016  0.063473  0.178637  0.151121  0.422724  0.153859 -0.205350  0.115660
-0.000000  0.000000 -0.000000 -0.000000 -0.000000 -0.000000  0.000000  0.000000  0.000000  0.937411 -0.000000 -0.000000  0.000000  0.000000 -0.000000  0.000000 -0.000000  0.000000  0.000000 -0.000000 -0.000000 -0.014033  0.018601 -0.151143  0.059035  0.053419 -0.099623  0.059391  0.088658 -0.102737  0.169910  0.074507  0.140541  0.074134
-0.043562  0.000000  0.000000 -0.000000  0.000000 -0.000000 -0.000000  0.000000 -0.000000 -0.000000  0.000000 -0.000000  0.012629  0.000000  0.000000  0.000000 -0.174113 -0.000000 -0.000000  0.000000  0.707107 -0.079223 -0.416080 -0.061506  0.253358  0.380153  0.059945  0.194853 -0.039590  0.072915 -0.043988 -0.121603 -0.079322 -0.065421
 0.000000 -0.000000  0.937411  0.000000  0.000000 -0.000000 -0.000000 -0.000000  0.000000  0.000000 -0.000000 -0.000000 -0.000000 -0.000000 -0.000000 -0.000000 -0.000000  0.000000  0.000000  0.000000 -0.000000 -0.063409  0.149948  0.002128  0.144499  0.057272  0.037089 -0.040016  0.019096 -0.185409 -0.029481 -0.059045 -0.164326  0.038925
-0.000000 -0.000000 -0.000000 -0.000000  0.000000 -0.000000 -0.000000 -0.000000  0.707107  0.000000  0.230304 -0.000000 -0.000000 -0.000000  0.000000  0.000000 -0.000000  0.000000 -0.000000 -0.000000  0.000000  0.219428  0.121735 -0.274596 -0.015745  0.074390 -0.033994 -0.032368 -0.394015  0.195822  0.194572 -0.052658 -0.213370  0.144400
 0.000000  0.000000  0.000000  0.000000 -0.000000 -0.000000 -0.000000  0.000000 -0.000000  0.000000 -0.000000 -0.000000  0.937411  0.000000 -0.000000  0.000000  0.000000 -0.000000  0.000000  0.000000  0.000000  0.159551  0.121683 -0.011183 -0.089063  0.131378 -0.001734  0.025663  0.126365  0.011309  0.018682 -0.118272  0.014236 -0.156151
 0.043562  0.000000 -0.174113 -0.000000  0.000000 -0.000000  0.707107 -0.000000  0.000000  0.000000 -0.000000  0.000000  0.012629 -0.000000  0.000000  0.000000 -0.000000 -0.000000 -0.000000 -0.000000  0.000000  0.144641  0.169354  0.265552  0.253556  0.062395 -0.102388  0.136429 -0.053651 -0.355671 -0.075701 -0.110351 -0.193840  0.255667
 0.000000  0.000000  0.000000 -0.174113 -0.000000 -0.000000 -0.000000  0.000000  0.000000 -0.000000 -0.043562  0.000000 -0.012629  0.000000  0.000000  0.707107  0.000000 -0.000000 -0.000000 -0.000000 -0.000000 -0.027698  0.123817 -0.129036  0.254004 -0.323377 -0.078055  0.279896  0.186735  0.281041 -0.024432 -0.251882 -0.057034 -0.014340
 0.000000  0.000000 -0.000000  0.937411 -0.000000 -0.000000 -0.000000  0.000000  0.000000 -0.000000 -0.000000 -0.000000 -0.000000 -0.000000 -0.000000 -0.000000 -0.000000  0.000000  0.000000 -0.000000 -0.000000 -0.081923  0.065365 -0.065290 -0.011958 -0.109740 -0.073868  0.254433  0.047041  0.068697 -0.035063  0.004741 -0.115389 -0.046231
-0.000000 -0.000000  0.000000 -0.000000 -0.000000 -0.707107 -0.000000  0.000000 -0.000000  0.174113 -0.000000  0.000000 -0.056191 -0.000000  0.000000  0.000000 -0.000000  0.000000  0.000000 -0.000000 -0.000000 -0.108108  0.235288  0.352060 -0.090262  0.195512  0.047155 -0.054066 -0.127081  0.342922 -0.244736 -0.136388 -0.057075 -0.092270
-0.000000 -0.000000 -0.000000 -0.000000 -0.174113 -0.000000 -0.000000 -0.707107  0.000000  0.000000  0.043562  0.000000 -0.012629 -0.000000 -0.000000  0.000000 -0.000000 -0.000000 -0.000000  0.000000 -0.000000 -0.228752 -0.088029  0.007956 -0.324406 -0.025052 -0.010743  0.038034 -0.027827 -0.138784  0.145636 -0.485300  0.038928  0.147589
-0.043562 -0.000000  0.174113  0.000000 -0.000000  0.000000  0.707107  0.000000 -0.000000 -0.000000  0.000000  0.000000 -0.012629  0.000000 -0.000000 -0.000000  0.000000 -0.000000  0.000000  0.000000 -0.000000 -0.144641 -0.169354 -0.265552 -0.253556 -0.062395  0.102388 -0.136429  0.053651  0.355671  0.075701  0.110351  0.193840 -0.255667
-0.000000  0.000000  0.000000  0.000000  0.000000  0.707107  0.000000  0.000000 -0.000000  0.174113 -0.000000  0.000000 -0.056191  0.000000  0.000000  0.000000 -0.000000 -0.000000  0.000000 -0.000000  0.000000 -0.108108  0.235288  0.352060 -0.090262  0.195512  0.047155 -0.054066 -0.127081  0.342922 -0.244736 -0.136388 -0.057075 -0.092270
-0.000000  0.000000  0.000000 -0.000000  0.000000 -0.000000 -0.000000 -0.000000  0.000000 -0.000000  0.000000  0.707107 -0.230304 -0.000000  0.000000  0.000000 -0.000000 -0.000000  0.000000  0.000000 -0.000000  0.404831  0.091425 -0.041450 -0.157331  0.171511  0.027579  0.077265  0.234553 -0.093217  0.068679 -0.172382 -0.061079 -0.332007
-0.230304 -0.000000  0.000000  0.000000 -0.000000 -0.000000  0.000000 -0.000000  0.000000 -0.000000 -0.000000 -0.000000  0.000000  0.000000 -0.000000 -0.000000  0.000000  0.000000  0.000000  0.707107 -0.000000  0.024172  0.148441 -0.018481  0.053362 -0.060060  0.430713  0.260332 -0.247530 -0.123626 -0.011844 -0.014241  0.285868 -0.075102
 0.000000  0.000000 -0.000000  0.174113 -0.000000 -0.000000  0.000000 -0.000000  0.000000  0.000000 -0.043562  0.000000 -0.012629  0.707107 -0.000000 -0.000000  0.000000  0.000000 -0.000000  0.000000 -0.000000  0.192835 -0.052144  0.046722  0.286193 -0.027961  0.120796 -0.405028  0.060101  0.096112  0.069955 -0.264646  0.253589  0.110111
 0.000000 -0.000000 -0.000000 -0.000000  0.937411 -0.000000 -0.000000 -0.000000 -0.000000 -0.000000 -0.000000  0.000000  0.000000 -0.000000  0.000000 -0.000000  0.000000  0.000000  0.000000 -0.000000  0.000000 -0.086914 -0.038833  0.095729 -0.118111 -0.008577  0.106344  0.037707  0.056023  0.004583  0.211132 -0.123123 -0.061822  0.097791
 0.000000  0.000000 -0.000000 -0.000000  0.000000  0.000000 -0.000000 -0.000000  0.000000  0.174113 -0.000000 -0.000000  0.056191 -0.000000 -0.707107  0.000000 -0.000000  0.000000  0.000000  0.000000 -0.000000  0.145884 -0.285362  0.054810 -0.068659 -0.339313  0.221027 -0.105812 -0.111583 -0.066357 -0.212654 -0.064182 -0.321256 -0.107296
 0.043562  0.707107  0.000000 -0.000000 -0.000000 -0.000000  0.000000 -0.000000 -0.000000  0.000000 -0.000000 -0.000000 -0.012629 -0.000000  0.000000 -0.000000 -0.174113 -0.000000  0.000000  0.000000 -0.000000  0.108185  0.051098 -0.193804 -0.178081  0.097646  0.226705  0.039180  0.242791  0.072064 -0.300804  0.047659  0.001307  0.405805
 0.937411  0.000000 -0.000000 -0.000000  0.000000  0.000000 -0.000000  0.000000 -0.000000  0.000000  0.000000 -0.000000 -0.000000  0.000000 -0.000000  0.000000 -0.000000 -0.000000 -0.000000 -0.000000 -0.000000 -0.048292  0.035554 -0.045614  0.055340 -0.000524  0.224449  0.107014 -0.133121 -0.040941  0.024745 -0.016989  0.127889 -0.118485
 0.043562  0.000000  0.000000  0.000000 -0.000000 -0.000000  0.000000 -0.000000  0.000000  0.000000 -0.000000  0.000000 -0.012629 -0.000000 -0.000000 -0.000000  0.174113  0.000000  0.000000  0.000000  0.707107  0.079223  0.416080  0.061506 -0.253358 -0.380153 -0.059945 -0.194853  0.039590 -0.072915  0.043988  0.121603  0.079322  0.065421
 0.937411
