12 46
-0.000000 -0.000000 -0.000000  0.000000  0.000000  0.000000  0.000000 -0.000000  0.000000 -0.000000  0.447375  0.100216  0.030773 -0.038451 -0.257358  0.276358  0.122777  0.262646  0.100952  0.090572 -0.153033  0.439870  0.147455 -0.070610  0.121226  0.104453 -0.058927  0.086287  0.007613 -0.138853 -0.187561  0.147831 -0.034769  0.016442  0.156077 -0.139823 -0.191066  0.167116  0.099432 -0.081231 -0.013178 -0.067664 -0.011679 -0.122333 -0.009089 -0.198884
-0.000000 -0.000000 -0.000000 -0.000000  0.000000 -0.000000  0.000000 -0.000000 -0.000000 -0.000000  0.000000  0.547591  0.414580 -0.115875 -0.146751  0.223467  0.106173  0.003652 -0.047975 -0.083981  0.036635 -0.241734 -0.019286  0.129743 -0.250134  0.097157  0.206647 -0.188286  0.035267 -0.069011 -0.025162 -0.013535 -0.019892  0.129999  0.131968 -0.158569  0.134793 -0.010703  0.215642  0.101546 -0.078532 -0.009363 -0.060880  0.142371 -0.035297  0.149439
-0.000000 -0.000000 -0.447375 -0.100216 -0.000000 -0.000000 -0.000000 -0.000000 -0.000000 -0.000000 -0.000000  0.000000  0.030288 -0.085317 -0.144343 -0.062302  0.344050  0.018983  0.160055  0.140777  0.150412  0.138039  0.026373  0.147442  0.116034  0.125432 -0.094208  0.009159  0.091367  0.077234  0.260115  0.053759 -0.258904 -0.235462 -0.316937  0.031566  0.307527  0.094983  0.051819 -0.077534 -0.039324 -0.089884  0.117471  0.180572 -0.073614  0.089108
 0.000000  0.000000  0.000000  0.000000 -0.000000  0.000000  0.000000 -0.000000  0.000000 -0.447375  0.000000 -0.100216 -0.158623 -0.101222  0.061768  0.086469  0.210046  0.096455  0.023548 -0.325577 -0.201771 -0.122626 -0.142721  0.123127  0.122286 -0.142984  0.071096  0.021663  0.026287  0.165067  0.173080  0.043767  0.183433 -0.027936 -0.133432 -0.129502 -0.075732 -0.038857  0.302247  0.125135 -0.164567 -0.339013 -0.195934 -0.121616 -0.010804 -0.112049
 0.000000  0.000000 -0.000000 -0.000000  0.000000  0.000000 -0.000000 -0.000000  0.000000 -0.000000 -0.000000 -0.547591  0.229361 -0.127884  0.084795  0.129145 -0.138786  0.093287  0.052096  0.051010 -0.021935 -0.043343  0.201660 -0.021166 -0.099403  0.099636  0.207981 -0.130444  0.010384  0.048935  0.005494  0.089981 -0.242073  0.043096  0.261154 -0.022340  0.140804 -0.089467  0.095068  0.212093 -0.027989 -0.300847  0.308564  0.044057  0.200602 -0.012480
 0.000000  0.000000  0.000000 -0.000000  0.000000  0.000000  0.000000  0.000000 -0.000000 -0.547591 -0.000000  0.000000 -0.249000 -0.167463 -0.043695  0.020193  0.053378 -0.148453 -0.107792 -0.042797  0.140785 -0.056325  0.345988 -0.122987 -0.187076  0.012550 -0.124458 -0.152736  0.101707 -0.069250 -0.095323  0.046161 -0.283642  0.050461  0.092148 -0.087515 -0.156464 -0.078322 -0.155711 -0.185412 -0.045809  0.073653  0.083532 -0.016771 -0.250603  0.212875
 0.000000 -0.000000 -0.000000  0.000000  0.000000 -0.000000  0.547591 -0.000000  0.000000  0.000000 -0.000000 -0.000000  0.091868  0.055884  0.238448  0.267638  0.088651  0.255569  0.026251  0.064483  0.011181 -0.206202  0.056262  0.067352  0.246758  0.028415 -0.181542 -0.181528  0.044989  0.212668 -0.089674 -0.221130 -0.187749  0.084806  0.011815  0.119512 -0.011565  0.077939 -0.196084 -0.091735 -0.181259  0.094425 -0.183922 -0.049891  0.103792 -0.033627
-0.000000  0.000000  0.000000  0.000000  0.000000 -0.000000 -0.000000 -0.000000  0.547591 -0.000000 -0.000000 -0.000000 -0.072872  0.087622 -0.064701  0.102617 -0.062205  0.069554 -0.244790  0.162927 -0.102156 -0.037331  0.285209  0.188758  0.118641 -0.026460  0.059907  0.118776 -0.016028 -0.036977  0.162342 -0.204276  0.119560 -0.239495  0.136759 -0.223865  0.136574 -0.284628 -0.097635  0.058599 -0.010207  0.059321 -0.057337  0.163559 -0.171433 -0.173572
 0.000000 -0.447375 -0.000000 -0.100216 -0.000000 -0.000000 -0.000000 -0.000000 -0.000000 -0.000000  0.000000 -0.000000  0.026743 -0.454988  0.005054  0.262810 -0.136112 -0.009967 -0.131739  0.105155  0.027882 -0.106323 -0.032088  0.013431 -0.003582  0.063457 -0.065152 -0.069863  0.104270 -0.013654 -0.079370  0.198766  0.413897 -0.149446 -0.194576  0.100948  0.143228  0.025324 -0.180605 -0.093098 -0.043398  0.021613  0.188693 -0.188297  0.003444 -0.071192
-0.000000  0.000000  0.000000  0.000000 -0.000000  0.000000  0.000000  0.000000 -0.000000  0.000000  0.547591 -0.000000 -0.049755 -0.200120  0.153829 -0.152137 -0.206323 -0.074628  0.088236 -0.051127 -0.001207 -0.063811 -0.108404  0.312233 -0.129313  0.100812 -0.049385  0.144979 -0.154400  0.041139 -0.007727 -0.161679 -0.177901  0.006862 -0.034952  0.062620  0.104267  0.066594 -0.090873  0.372275 -0.103419  0.095394 -0.017631 -0.188391 -0.283573  0.043386
 0.000000  0.000000 -0.000000 -0.000000 -0.000000 -0.000000 -0.000000  0.000000  0.000000  0.447375 -0.000000 -0.100216 -0.143289  0.133211  0.054949  0.135621  0.188988 -0.063242 -0.020163 -0.060288  0.254991  0.025438 -0.010474  0.032508 -0.276104  0.054314 -0.301639 -0.137184  0.283176  0.014564  0.057577 -0.054263  0.072727 -0.137458  0.023848 -0.246110 -0.227199 -0.192679  0.117702  0.128443 -0.210785 -0.107097  0.023874 -0.263759 -0.065056  0.095882
 0.000000  0.000000 -0.547591 -0.000000  0.000000 -0.000000  0.000000 -0.000000 -0.000000  0.000000  0.000000 -0.000000  0.086069  0.085491  0.197266 -0.027788 -0.132869  0.255466 -0.162351  0.039848 -0.036449 -0.106160 -0.060391  0.032938 -0.227097 -0.113072 -0.043602  0.131168  0.165591  0.000413  0.070292  0.208695  0.014963  0.371948 -0.039016  0.003750 -0.231116 -0.055036  0.003040 -0.025526  0.035879  0.080804  0.103214  0.095310 -0.200819 -0.305086
 0.000000 -0.000000 -0.000000  0.000000 -0.000000 -0.000000  0.000000  0.000000  0.000000 -0.000000 -0.547591 -0.000000  0.055342 -0.048691 -0.044628 -0.025199 -0.044903  0.081652  0.084597  0.132765 -0.301496  0.200429  0.089191  0.173747 -0.247295 -0.090687 -0.053835 -0.106673 -0.208415  0.022626 -0.270960 -0.002012 -0.161029 -0.135564 -0.180296 -0.134454 -0.020513  0.205086  0.001343  0.208768 -0.111160  0.075748 -0.049190 -0.191497 -0.176195 -0.138513
-0.000000 -0.000000  0.000000 -0.100216  0.000000 -0.447375  0.000000  0.000000  0.000000 -0.000000  0.000000  0.000000 -0.095772 -0.005938 -0.091918  0.058094  0.093721  0.189241  0.439030 -0.150150  0.220828 -0.231207  0.066847 -0.167180 -0.235064 -0.005840  0.033225  0.107681 -0.139878 -0.051571 -0.126043  0.061801 -0.025075 -0.142898 -0.012188  0.071605  0.134317 -0.262580 -0.072249  0.005793  0.133295  0.080408 -0.154966 -0.016624  0.017921 -0.311322
-0.000000 -0.000000 -0.000000 -0.100216 -0.000000  0.000000 -0.000000 -0.447375  0.000000 -0.000000 -0.000000 -0.000000  0.074618  0.068310  0.145997  0.130981 -0.188048 -0.187679  0.185673 -0.391461 -0.096163  0.178325  0.167388  0.166644  0.012948  0.114260 -0.141034 -0.154959  0.042487  0.279575  0.079458  0.067856  0.083109 -0.104248  0.085035  0.023976  0.000842  0.028984  0.199141 -0.132070  0.173201  0.291082  0.099437  0.132528 -0.064567 -0.089945
-0.000000 -0.000000 -0.000000 -0.000000 -0.000000  0.000000  0.447375 -0.000000  0.000000 -0.000000  0.000000  0.100216 -0.246252  0.121605  0.123616  0.150679 -0.069262 -0.228912 -0.060728 -0.029831 -0.001778  0.267047 -0.262174 -0.004986 -0.148367 -0.000347  0.274582 -0.000293  0.206315 -0.005787 -0.165964  0.107505 -0.085221 -0.028915 -0.013323 -0.108282  0.242490 -0.027969 -0.127965  0.023953  0.289817 -0.288331 -0.019348  0.063145 -0.145103 -0.079742
-0.000000 -0.447375 -0.000000  0.100216  0.000000 -0.000000  0.000000  0.000000  0.000000 -0.000000 -0.000000  0.000000 -0.126566  0.062704 -0.190671 -0.000097  0.025087 -0.149003  0.035103  0.132305 -0.241610 -0.167086 -0.101648 -0.260236  0.148833  0.074051 -0.230815 -0.099003  0.192760 -0.007285 -0.097608 -0.111207 -0.191472  0.039651  0.030611  0.163445 -0.034959 -0.082379  0.296825  0.349840  0.119838  0.069199 -0.017306  0.215634 -0.114002 -0.120185
 0.000000 -0.000000  0.447375 -0.100216 -0.000000 -0.000000 -0.000000 -0.000000 -0.000000 -0.000000 -0.000000 -0.000000  0.183322 -0.098091 -0.030853 -0.139094 -0.223885  0.182914 -0.052846  0.091709  0.204761 -0.073914  0.008241  0.102767 -0.032232  0.062961  0.049261  0.108513  0.294725  0.053235  0.036671 -0.150138 -0.221887 -0.103241 -0.323324 -0.016021 -0.226140  0.054452  0.216379 -0.236786  0.157454 -0.167824 -0.002444  0.068433 -0.148716 -0.198116
 0.000000  0.000000  0.000000 -0.000000 -0.000000  0.000000 -0.000000  0.547591  0.000000 -0.000000  0.000000  0.000000 -0.037198  0.017753  0.212589  0.209355 -0.226047  0.103441 -0.096325 -0.197809  0.108170  0.110467  0.047936 -0.318951 -0.101326  0.025420 -0.214854 -0.035085 -0.232413 -0.003026  0.184256 -0.086098  0.037345 -0.099979 -0.025310 -0.071647  0.175863  0.270193  0.223406 -0.013559  0.027105  0.032338 -0.019513  0.172110 -0.120568  0.009075
 0.000000  0.000000  0.000000 -0.000000 -0.000000  0.000000  0.547591  0.000000  0.000000  0.000000  0.000000 -0.000000  0.180588  0.080135 -0.140140 -0.256976  0.076236 -0.167734 -0.010657 -0.130123 -0.075774  0.008108  0.305285 -0.157520 -0.102234  0.181873  0.037917  0.207708 -0.142167 -0.145011  0.047003 -0.037284  0.259378  0.010485 -0.139583  0.187463 -0.097878 -0.046220  0.134382  0.037603 -0.206926 -0.090817  0.217909 -0.032057 -0.118327 -0.029907
-0.000000  0.000000 -0.000000  0.547591  0.000000  0.000000  0.000000  0.000000  0.000000 -0.000000  0.000000  0.000000 -0.100625  0.085121 -0.053996  0.107945 -0.276076 -0.146960  0.414291  0.057039  0.102431 -0.076345  0.082804  0.134030  0.132933 -0.101903  0.040777 -0.161120  0.067011 -0.288188  0.114855 -0.023051  0.058321  0.191995 -0.184399 -0.160488  0.083812  0.072714  0.010514 -0.122795 -0.207928 -0.034097  0.086001  0.018364 -0.027847 -0.130327
 0.000000 -0.000000 -0.000000  0.000000 -0.000000  0.000000  0.000000  0.000000  0.000000  0.000000  0.000000 -0.547591  0.217740  0.029019 -0.250038  0.038596  0.108994 -0.011853 -0.035395 -0.096343  0.027215 -0.002669 -0.244202  0.026587 -0.006962  0.206911  0.025488 -0.032838  0.007545 -0.069408 -0.183929 -0.065545  0.172978  0.184022 -0.022442 -0.146938  0.120263  0.040714 -0.043608 -0.181585 -0.013762  0.163832 -0.299279  0.124110 -0.370373  0.102938
-0.000000  0.000000 -0.000000  0.000000 -0.547591 -0.000000 -0.000000  0.000000  0.000000 -0.000000 -0.000000  0.000000  0.141230 -0.180976  0.208251  0.000475  0.039310  0.060952  0.074004 -0.070176 -0.007388  0.257261  0.086766 -0.266413  0.133278 -0.134434  0.208532  0.064759  0.228581 -0.044748 -0.009471 -0.113158 -0.022988  0.086197 -0.248003 -0.147495  0.046318 -0.237671  0.023398  0.178909 -0.026499  0.297535 -0.034624 -0.060356  0.018929  0.127185
-0.000000  0.000000  0.000000 -0.000000 -0.000000 -0.000000 -0.000000  0.000000 -0.447375 -0.000000  0.000000 -0.100216 -0.036070  0.051339  0.118894  0.286061  0.124986 -0.027046 -0.199712 -0.105366 -0.167943 -0.083109 -0.089440  0.232052  0.010108 -0.030421  0.074208  0.151076 -0.084166 -0.483105  0.015845 -0.152456 -0.161363 -0.285422 -0.040514  0.035398 -0.087026 -0.139131  0.042479 -0.092905 -0.011266  0.188813  0.166167  0.118276  0.049519 -0.068468
 0.000000  0.000000 -0.000000  0.100216  0.000000 -0.447375  0.000000 -0.000000  0.000000 -0.000000  0.000000 -0.000000  0.003856  0.108421 -0.103402  0.225051 -0.061941 -0.062732  0.021078  0.107673 -0.084660 -0.095111 -0.131740 -0.060761  0.036214 -0.163952  0.090110  0.376278  0.014400  0.400828 -0.118099 -0.061073 -0.003253 -0.056659  0.002719 -0.142404 -0.101564  0.124159  0.039763 -0.073978 -0.157838  0.051996  0.346036  0.059841 -0.100386  0.293052
-0.547591 -0.000000 -0.000000  0.000000  0.000000 -0.000000 -0.000000  0.000000 -0.000000 -0.000000 -0.000000  0.000000 -0.085598 -0.051164  0.158059 -0.148605  0.039041  0.055532  0.096982 -0.081955 -0.022721 -0.125351  0.073614  0.008426  0.004269  0.236855  0.016272  0.079703  0.170509 -0.072692 -0.154568  0.092103  0.127390 -0.148541 -0.018831 -0.256404 -0.169704  0.280392 -0.202106  0.197500 -0.059339  0.005105 -0.032448  0.386665  0.157991  0.021967
-0.000000 -0.000000  0.000000 -0.000000 -0.000000 -0.000000 -0.000000  0.000000  0.000000 -0.000000  0.447375 -0.100216  0.097867  0.223802  0.014444 -0.120985  0.074802 -0.071358 -0.105407  0.134514 -0.214523 -0.116437  0.094402 -0.098898 -0.265638 -0.338849  0.053479 -0.394311 -0.073727  0.116193 -0.134639  0.047603  0.055421 -0.190773 -0.333979 -0.101397  0.038334  0.002400  0.013442 -0.118903  0.003702  0.043617 -0.026950  0.118532  0.140521 -0.023761
 0.000000  0.000000 -0.000000  0.547591  0.000000  0.000000 -0.000000  0.000000 -0.000000 -0.000000 -0.000000 -0.000000  0.169200 -0.259840  0.088174 -0.236300  0.238390  0.033020 -0.102404 -0.146571 -0.038051  0.080875 -0.021027 -0.004265 -0.167721 -0.182778 -0.202854  0.153779  0.203534  0.085447 -0.134119 -0.171846  0.023866 -0.159635  0.277349  0.069041  0.217975  0.061510 -0.003092 -0.161824  0.059396 -0.024364  0.029856  0.000495  0.042680 -0.165517
-0.000000  0.000000  0.547591  0.000000  0.000000 -0.000000  0.000000 -0.000000 -0.000000  0.000000  0.000000  0.000000 -0.038957  0.095927  0.104546  0.034950  0.331127  0.121537  0.011586  0.079935 -0.080852  0.067003 -0.045578  0.069437 -0.105965 -0.062034 -0.160815  0.049997 -0.000550  0.020020  0.252842  0.375276 -0.015279  0.263925 -0.033797  0.042628  0.204884 -0.021923 -0.131403  0.104580 -0.124886  0.144479  0.201182  0.186925 -0.139462 -0.070427
 0.000000 -0.000000 -0.000000 -0.000000 -0.547591 -0.000000 -0.000000  0.000000  0.000000 -0.000000 -0.000000  0.000000 -0.006613  0.129326 -0.042685 -0.055087  0.079774 -0.004691 -0.113733 -0.026155  0.373258 -0.093269 -0.033046  0.168525  0.215091 -0.178537  0.028009 -0.187829 -0.182838 -0.000853 -0.217022  0.156916  0.065682 -0.152236  0.193168  0.149392 -0.089480  0.177775  0.064896  0.095031 -0.024498 -0.105545  0.152637  0.084649 -0.238401 -0.150437
-0.000000  0.000000  0.000000 -0.547591  0.000000 -0.000000  0.000000 -0.000000 -0.000000 -0.000000  0.000000 -0.000000  0.096777  0.008136  0.057594 -0.107646 -0.025157 -0.200730  0.185631 -0.000071 -0.089251 -0.105281  0.016142 -0.027406  0.081240 -0.370715 -0.226099  0.111789  0.197837 -0.245670 -0.080350 -0.168992  0.015504  0.127770  0.201847 -0.192621  0.236546  0.172966  0.022032 -0.106981 -0.121092 -0.113854  0.082504 -0.039303 -0.016450 -0.098723
 0.000000  0.547591 -0.000000  0.000000 -0.000000 -0.000000  0.000000  0.000000 -0.000000  0.000000 -0.000000  0.000000  0.105861 -0.312645  0.099152  0.176083 -0.085611 -0.307378  0.070232  0.300182 -0.065842  0.002158 -0.121616 -0.138143  0.030758 -0.005460 -0.174365  0.006433  0.013237  0.013245 -0.053955  0.165447  0.069865 -0.141476  0.008402  0.191969 -0.123530 -0.183424  0.066381  0.035012 -0.173933 -0.061607 -0.178543  0.225815 -0.095783 -0.103855
 0.000000 -0.000000 -0.000000  0.000000 -0.000000 -0.547591  0.000000 -0.000000 -0.000000 -0.000000  0.000000 -0.000000 -0.069585 -0.062223  0.260864 -0.211631  0.109703 -0.208536 -0.268955  0.201662  0.003003  0.026806  0.008719  0.031249  0.126599  0.300496  0.095711 -0.162571 -0.030874 -0.069322  0.054654  0.064733 -0.041164  0.119930  0.059318 -0.169171  0.081390  0.118271  0.254627 -0.106894 -0.065910  0.131163 -0.067261 -0.178891  0.088382 -0.206060
-0.000000 -0.000000  0.000000 -0.100216 -0.447375  0.000000 -0.000000 -0.000000 -0.000000  0.000000 -0.000000  0.000000 -0.321956 -0.047456 -0.257538 -0.001335 -0.161081  0.033199 -0.064279  0.002009 -0.129732  0.087412 -0.095482  0.142667 -0.339345  0.178112 -0.077946  0.027954  0.009068  0.106001  0.016337 -0.187352 -0.008623  0.161486  0.026732  0.123830  0.091736 -0.018952  0.032503 -0.199734 -0.297311 -0.040703 -0.039445  0.198285  0.318118 -0.089330
-0.000000 -0.000000 -0.000000  0.000000 -0.000000  0.000000  0.000000 -0.000000 -0.447375  0.000000 -0.000000  0.100216  0.060072  0.140689 -0.177219 -0.210993 -0.280901  0.147676 -0.080997 -0.046043 -0.103714 -0.017273 -0.011620 -0.186122  0.132596  0.067714  0.076369 -0.092738  0.175499  0.148302  0.187658  0.172585 -0.051330 -0.271328  0.202052 -0.128239  0.167583 -0.122487 -0.186720 -0.004532 -0.323090  0.018029 -0.104219 -0.077099 -0.190635 -0.107287
 0.447375 -0.000000 -0.000000  0.000000  0.000000 -0.000000 -0.000000 -0.000000 -0.000000 -0.000000  0.000000  0.100216 -0.119257 -0.018688  0.279593 -0.242891 -0.041541  0.319255  0.176386  0.046870 -0.150362 -0.031525 -0.077376  0.054428  0.091306  0.222907 -0.123051 -0.088202 -0.059317 -0.097019 -0.307186  0.023395  0.154106 -0.061487  0.015583 -0.155353  0.023609 -0.213806  0.091078 -0.116379 -0.011096 -0.139268  0.167922  0.208906 -0.078585  0.249449
 0.000000  0.000000 -0.000000  0.000000  0.000000 -0.000000  0.000000  0.000000 -0.547591 -0.000000 -0.000000  0.000000 -0.092481 -0.069263 -0.017050  0.041288  0.065175 -0.028999 -0.015455  0.286626  0.119785  0.044681  0.367774  0.151234  0.002054 -0.056928 -0.063113  0.071115 -0.090646  0.236553 -0.003918 -0.220721  0.293328  0.215363  0.004785 -0.148016  0.070760 -0.070890  0.020208  0.138204  0.262958 -0.109666 -0.107947  0.129917 -0.056143 -0.029982
 0.000000 -0.000000 -0.000000  0.000000  0.000000  0.547591  0.000000 -0.000000  0.000000  0.000000 -0.000000  0.000000 -0.144679  0.021504  0.101291  0.019695  0.135666 -0.105180  0.106948  0.166958  0.114251 -0.239792 -0.044298 -0.154976 -0.035859  0.161778  0.196475  0.232818 -0.133389  0.216017 -0.144807  0.065328 -0.064307 -0.043105  0.051582 -0.227013  0.108149  0.005183  0.228086 -0.162601 -0.085961  0.239336  0.088841 -0.143583  0.021009 -0.220986
 0.000000  0.547591 -0.000000 -0.000000  0.000000 -0.000000  0.000000 -0.000000 -0.000000 -0.000000  0.000000  0.000000 -0.187415 -0.007846 -0.250800  0.038550 -0.005096  0.177502 -0.149183 -0.106180 -0.108771 -0.225530  0.012356 -0.063494  0.087911  0.117802 -0.067436 -0.144394  0.229433 -0.030352 -0.090634 -0.093912  0.111853  0.051774 -0.142359  0.024036  0.211985  0.136811  0.028568  0.174743  0.236384  0.135798  0.318564 -0.203481  0.005459 -0.052497
-0.000000  0.000000  0.000000 -0.000000  0.000000  0.000000 -0.447375  0.000000  0.000000 -0.000000  0.000000  0.100216  0.087236  0.288094  0.243947  0.163730  0.132561 -0.121401 -0.041640 -0.110175 -0.080839  0.024578  0.180363 -0.115352  0.028532  0.257046  0.098784  0.031751  0.087368  0.077026 -0.218193 -0.208795  0.002452  0.087723 -0.169712  0.267459  0.108530  0.010855 -0.203490 -0.042304 -0.185326 -0.283914  0.022253 -0.037159 -0.162894 -0.157508
 0.000000 -0.000000  0.000000 -0.000000  0.000000 -0.000000 -0.000000  0.000000 -0.000000 -0.547591 -0.000000  0.000000  0.261528  0.358992  0.038124  0.019963 -0.070583  0.017983  0.072082  0.259535  0.232383  0.177291 -0.237944  0.048952 -0.138404  0.148640 -0.180061  0.022960  0.108169 -0.053710  0.000959 -0.126250  0.193196 -0.139938  0.036348 -0.007752  0.032717 -0.047348  0.004940  0.188114  0.008049  0.115820  0.096049 -0.099358  0.206280 -0.042998
-0.000000  0.000000  0.000000 -0.100216  0.447375 -0.000000 -0.000000 -0.000000  0.000000  0.000000  0.000000  0.000000 -0.157183 -0.110676 -0.054885 -0.068179 -0.015322  0.102063 -0.112908 -0.115902  0.318096  0.288139 -0.029728  0.022850  0.087062 -0.204967  0.211583 -0.122684  0.065058  0.050185 -0.260892 -0.133792  0.043635  0.080654 -0.040386  0.126152  0.038905 -0.092266  0.140575  0.135572 -0.359733  0.194295  0.105004  0.228020  0.049483 -0.117791
-0.547591  0.000000 -0.000000  0.000000  0.000000 -0.000000  0.000000 -0.000000 -0.000000  0.000000  0.000000  0.000000 -0.113964  0.112018  0.122297 -0.005544 -0.066660  0.221184  0.081692  0.199444 -0.091259  0.026055  0.069014  0.091495 -0.052975 -0.082859  0.066249 -0.021913  0.075668 -0.083585 -0.068304  0.049883  0.083370 -0.021499  0.106311  0.322199  0.199451 -0.136539  0.352961 -0.189727  0.000493  0.003693 -0.071879 -0.180804 -0.194181  0.293512
 0.447375  0.000000  0.000000 -0.000000 -0.000000  0.000000  0.000000 -0.000000 -0.000000  0.000000  0.000000 -0.100216 -0.125008  0.093173  0.063567  0.054212  0.007736  0.019449  0.042313  0.096937  0.010849 -0.090014  0.251954  0.067876 -0.150922 -0.034415  0.224057  0.158937  0.360640 -0.094266  0.034389  0.150397  0.103866 -0.146644  0.091494  0.235887  0.012802  0.389885  0.093571  0.125894 -0.060932  0.150037 -0.295619  0.043070  0.034288  0.136700
-0.000000  0.000000  0.000000  0.100216  0.000000  0.000000 -0.000000 -0.447375 -0.000000 -0.000000 -0.000000 -0.000000  0.016867  0.093855 -0.006465  0.069176 -0.181356  0.066258 -0.323070 -0.069015  0.182900 -0.057348  0.095580 -0.109185  0.054763 -0.046782 -0.293385  0.279463 -0.137344 -0.127108 -0.191798  0.224730 -0.143486  0.045187 -0.213944 -0.111808  0.270451 -0.000147  0.130804  0.096912 -0.087878 -0.134881 -0.197227  0.009637  0.145526  0.115640
 0.000000 -0.000000 -0.000000  0.000000  0.000000  0.000000  0.000000  0.547591 -0.000000 -0.000000 -0.000000  0.000000  0.111940  0.114734 -0.098593 -0.045829 -0.075752 -0.202640 -0.015926 -0.178394 -0.037307 -0.011630  0.166905  0.365895  0.156645  0.029709 -0.140060  0.136803  0.154916  0.127590 -0.276036  0.325138 -0.086673  0.051727 -0.080007 -0.000110  0.045779 -0.246633  0.046156 -0.015164  0.042602  0.095276 -0.060379 -0.055963  0.186710  0.011917
 0.547591
