4 20
 0.000000 -0.000000  0.000000  0.447214  0.398616 -0.089995 -0.245782 -0.040691  0.128065 -0.020107 -0.122894 -0.062992  0.252961  0.320297  0.018465  0.084849  0.286936 -0.165404  0.310850 -0.393227
 0.447214 -0.000000 -0.000000 -0.000000 -0.019314  0.261030  0.078032  0.338452 -0.345886  0.073813 -0.226403 -0.031733  0.125603  0.034592 -0.041514  0.402562  0.024883  0.086686  0.401286  0.289109
-0.000000 -0.000000  0.000000 -0.447214  0.133513  0.011613 -0.287980  0.241148  0.118513  0.017747 -0.061762 -0.229072  0.022405  0.028827 -0.527476 -0.315528 -0.261811 -0.217096  0.265102 -0.072310
-0.000000  0.447214  0.000000 -0.000000 -0.259112 -0.077687 -0.157142 -0.113389 -0.486631 -0.499099  0.026299  0.002333 -0.124330  0.318719 -0.211019  0.066222  0.007049 -0.037375 -0.105736 -0.155201
-0.000000 -0.000000 -0.447214 -0.000000  0.037427 -0.170389  0.001781  0.261358  0.054076  0.089715  0.222018 -0.201620  0.081744  0.521194  0.034026 -0.204448  0.097531  0.436966 -0.115208  0.255605
-0.447214  0.000000 -0.000000 -0.000000  0.292450 -0.024134 -0.030503 -0.200195 -0.225746 -0.016045 -0.355066  0.086935  0.300357 -0.203162 -0.362746  0.040651  0.108325  0.388493 -0.092119  0.228389
-0.000000  0.447214  0.000000 -0.000000  0.051743 -0.033463 -0.420057 -0.053404  0.079464 -0.094787  0.403418 -0.057906  0.150956 -0.407712  0.242162 -0.050956  0.103244  0.104558  0.297554  0.274078
 0.447214 -0.000000  0.000000  0.000000  0.302382 -0.042226 -0.132530 -0.255452  0.199514 -0.169111 -0.039040  0.590955 -0.068381  0.164164 -0.061261 -0.090389 -0.328683  0.169968 -0.023249  0.154256
 0.000000  0.000000 -0.447214 -0.000000 -0.183177  0.499437 -0.338219  0.198021  0.144941 -0.017248 -0.087644  0.213561  0.021948 -0.193806 -0.036672  0.098679  0.055265  0.206751 -0.196564 -0.394014
 0.000000  0.447214  0.000000  0.000000 -0.349613  0.265818  0.182925 -0.335402  0.192646  0.340279 -0.289450  0.020705  0.263700  0.224723  0.032038 -0.274624 -0.034348 -0.027747  0.154594  0.041361
-0.447214  0.000000  0.000000 -0.000000 -0.008336 -0.008018 -0.061122  0.144647  0.041163 -0.183460 -0.263331 -0.017154 -0.149853  0.137355  0.438255  0.103578 -0.543558  0.175593  0.313401 -0.039882
 0.000000  0.447214  0.000000  0.000000  0.372711 -0.023689 -0.146884  0.159635 -0.071214  0.417568 -0.258160 -0.031148 -0.506603  0.001492  0.097536  0.058487  0.063575 -0.108925 -0.276820  0.065555
 0.000000 -0.000000  0.000000 -0.447214  0.286037  0.159328  0.268701 -0.127745 -0.296702  0.038209  0.152475  0.139125 -0.144163  0.020614  0.208412 -0.230383  0.261277  0.244609  0.295505 -0.372882
-0.447214 -0.000000 -0.000000 -0.000000 -0.001045  0.250956  0.037128  0.138548  0.038211  0.104207  0.352954  0.489440 -0.093281  0.264562 -0.178284  0.167944  0.131433 -0.307432  0.156754  0.254858
-0.000000  0.000000  0.447214  0.000000  0.085153  0.318359 -0.131487 -0.188745  0.055914  0.227413  0.357966 -0.283002  0.010773  0.204526 -0.135732  0.320714 -0.242907  0.335144 -0.144755 -0.141080
-0.000000  0.000000 -0.447214  0.000000 -0.127285 -0.406551  0.011388 -0.314093 -0.110725  0.394212  0.146730  0.044675 -0.107118 -0.113498 -0.199154  0.343768 -0.219089  0.014600  0.256863 -0.179319
-0.000000  0.000000 -0.000000 -0.447214 -0.088622 -0.103563 -0.039772 -0.194495  0.480043 -0.222792 -0.211521 -0.115751 -0.181785  0.130704  0.001999  0.426829  0.388951  0.067763  0.061840  0.108529
-0.000000  0.000000 -0.447214 -0.000000  0.358188  0.395861  0.193563 -0.334031 -0.032377 -0.239266  0.076861 -0.339618  0.014199 -0.009364  0.066069  0.082715 -0.176615 -0.323173 -0.089847  0.176649
-0.000000 -0.447214  0.000000  0.000000 -0.184272  0.130980 -0.541158 -0.342560 -0.285735  0.163961 -0.117894 -0.066016 -0.216277  0.137221  0.160717 -0.200872  0.139521 -0.069490  0.069591  0.225793
 0.000000  0.000000 -0.000000  0.447214 -0.067689  0.157373  0.186731 -0.040401  0.173789 -0.146729  0.002086 -0.142706 -0.556503 -0.140152 -0.335530 -0.203931  0.101482  0.260680  0.311596  0.056563
 0.447214
