5 49
 0.000000 -0.327909  0.000000  0.000000  0.000000 -0.094218  0.017844 -0.266904  0.068324 -0.026000  0.088005  0.075367  0.050872  0.069023 -0.219022  0.012872  0.045937 -0.065748  0.250682  0.253447 -0.235845  0.089213 -0.213978 -0.221785  0.458608  0.161390 -0.131351 -0.162545 -0.011730 -0.065978  0.131695 -0.091708  0.070427 -0.012116 -0.106783 -0.068481  0.055240  0.021669 -0.118143 -0.125650  0.160507  0.165043  0.013027  0.036564 -0.084189 -0.004206 -0.038587  0.089659  0.099114
-0.000000 -0.000000 -0.327909 -0.000000  0.000000 -0.074496  0.009878 -0.008399 -0.078389  0.138998 -0.316183 -0.105841  0.007144  0.282000 -0.090259  0.174910 -0.036347 -0.248004  0.118269  0.043392  0.266044 -0.146855  0.219371  0.081384  0.181249  0.187106  0.123830 -0.163270  0.102697 -0.091639  0.025728 -0.000061  0.097536 -0.048966  0.145799 -0.024922  0.056537  0.179170  0.118580 -0.074833 -0.199140 -0.213208 -0.115948 -0.058504 -0.157259 -0.058876 -0.084194 -0.137618  0.177766
 0.000000  0.000000  0.000000 -0.000000 -0.327909 -0.031113 -0.204824  0.107691 -0.118209 -0.189515  0.056033  0.071900  0.266943 -0.158025 -0.166386  0.159973  0.179250 -0.000520  0.032314 -0.086932  0.138071 -0.026109  0.037900  0.074195 -0.023867  0.245340 -0.016886  0.019548 -0.195223  0.142999 -0.028833 -0.205774 -0.095167  0.171979  0.261493 -0.068267  0.072577  0.040643 -0.241695 -0.047207  0.081683  0.068592  0.191451 -0.285836 -0.004855 -0.277618 -0.007061 -0.097132 -0.064196
-0.327909  0.000000  0.000000 -0.000000  0.000000  0.219032  0.233914  0.015710  0.042612  0.236378 -0.095933  0.187113 -0.149469 -0.067821  0.067359  0.058018  0.119394  0.051298 -0.104813 -0.200163 -0.345797  0.005250  0.005776  0.114427  0.141762 -0.027980  0.096987 -0.070587  0.109694  0.067606  0.201062 -0.078594 -0.132395  0.134406  0.138852 -0.051483 -0.108609  0.181864 -0.023366  0.102536  0.217990 -0.262050  0.156669 -0.011067  0.072342 -0.158701 -0.213031 -0.001173  0.153401
 0.000000 -0.000000 -0.000000 -0.000000  0.327909 -0.221108  0.078006 -0.243043 -0.012525 -0.173788  0.127329  0.182042  0.047242  0.293031  0.181126  0.148117 -0.007478  0.045203  0.163280 -0.134495  0.043045 -0.015867 -0.005164  0.116927 -0.189755 -0.015237  0.259138 -0.125815  0.034642  0.290332  0.114392  0.009157 -0.228844  0.079668  0.096409 -0.218784  0.228825 -0.037486 -0.123252  0.057016  0.116780  0.042320 -0.132465  0.038471 -0.035126  0.024392  0.202055  0.072751  0.069663
 0.000000  0.327909 -0.000000  0.000000  0.000000  0.081672  0.228575 -0.059887  0.207390  0.125124  0.185042 -0.295230 -0.006911 -0.046298  0.094212 -0.021823  0.030535 -0.225885  0.215755  0.063670  0.105224 -0.223261  0.060168  0.054966  0.234199 -0.110033 -0.176566  0.051476 -0.055771  0.240684  0.010084  0.002316 -0.113971 -0.017932  0.059791  0.138955  0.169631 -0.067346  0.064961 -0.020405  0.053452  0.198815  0.228828 -0.057235  0.251422  0.009145  0.112567 -0.107190  0.216082
 0.327909 -0.000000  0.000000 -0.000000 -0.000000 -0.277190 -0.231510  0.023617 -0.166192  0.148884  0.050282  0.123798  0.038918 -0.029356  0.133991  0.049204  0.151912 -0.073244  0.149941  0.091857 -0.144651 -0.021789 -0.098777  0.295936  0.140333 -0.198725  0.188403  0.125784  0.145255  0.207427 -0.134585  0.025936  0.189414  0.002294 -0.195752  0.123699 -0.003954 -0.125868 -0.063977  0.123149  0.015806 -0.102246  0.132158  0.091920  0.007463 -0.103341 -0.307522 -0.181103  0.015634
 0.000000 -0.000000 -0.000000 -0.327909 -0.000000  0.073567 -0.092746 -0.201464 -0.046471  0.047928 -0.228775 -0.299331 -0.002166 -0.020337  0.146278  0.093232 -0.004273 -0.066341  0.000162  0.180736 -0.014669 -0.028821 -0.219628  0.063190 -0.183369  0.194864  0.177822 -0.104067 -0.135579 -0.015155  0.206729 -0.054247 -0.245333 -0.085085 -0.255554  0.070738 -0.148754 -0.056698 -0.050336 -0.155215 -0.021677 -0.133088  0.241712  0.170764  0.105334 -0.192845  0.128093 -0.007943 -0.179011
-0.000000  0.000000  0.000000  0.327909  0.000000  0.258815  0.090369  0.021541 -0.133374 -0.049713 -0.288927 -0.045188 -0.073225  0.234345  0.014119  0.047208 -0.087841  0.012367  0.168818 -0.043783  0.187086  0.127601  0.023577 -0.183203 -0.007612 -0.043613  0.015586  0.054478 -0.055612  0.116628 -0.117480  0.163259 -0.034440 -0.114905 -0.060674  0.197514 -0.160400 -0.251421 -0.167542  0.086817  0.358859  0.138509 -0.047233  0.015520 -0.071451 -0.324525 -0.123928  0.067175 -0.001890
 0.000000  0.000000  0.000000 -0.327909 -0.000000 -0.053218  0.132212  0.162855 -0.183712  0.191185 -0.058191  0.194130 -0.183437  0.095476 -0.214797 -0.034888  0.270634 -0.117701  0.025032  0.003962  0.362030  0.172833 -0.147506  0.004997 -0.132946 -0.086232 -0.067230 -0.110321 -0.026228 -0.011697  0.060053  0.111865 -0.068703  0.114463  0.063797  0.029230 -0.065515 -0.008567 -0.173819  0.038100 -0.060883  0.230538  0.215025  0.114937  0.023853  0.270891 -0.149582  0.175879  0.112274
-0.000000  0.000000 -0.063520  0.000000  0.264389 -0.112697 -0.127906  0.185462  0.259027  0.221915 -0.287642  0.239900 -0.036328 -0.119188 -0.111855  0.183783 -0.046494 -0.067061 -0.198033  0.159496 -0.024541  0.140330  0.007345 -0.108768  0.035019  0.082539 -0.136979  0.037110 -0.234254  0.276114 -0.271239 -0.029314  0.013055 -0.067763  0.055036 -0.081185  0.158308  0.082085  0.072745  0.053172  0.078949 -0.003443  0.026047  0.266428  0.110325 -0.111261  0.213925 -0.048894 -0.045086
 0.000000  0.000000  0.327909  0.000000  0.000000  0.046061  0.072726 -0.042020 -0.196282 -0.086982 -0.134565  0.104134 -0.027151  0.115876  0.075738 -0.284809  0.051766 -0.044172 -0.081612 -0.118536 -0.122202 -0.248682 -0.032349  0.106331  0.034571 -0.019224 -0.296985 -0.131576 -0.174376 -0.013624  0.012973  0.186664  0.013776 -0.128969  0.084529 -0.185012  0.157322  0.008957 -0.113034 -0.088249 -0.282484  0.095698 -0.003327  0.266826 -0.126087 -0.281299 -0.055241 -0.239403  0.030619
-0.000000  0.000000  0.000000 -0.000000  0.327909  0.003006 -0.140792 -0.040549  0.090710 -0.182554 -0.120837  0.182216  0.142927 -0.098793  0.225614 -0.169845  0.178421  0.078514 -0.135910 -0.105608  0.318622 -0.251433 -0.084217 -0.209455  0.237447 -0.087720  0.230138  0.018191 -0.179973 -0.231187  0.033483 -0.174781 -0.043534  0.109749 -0.046975  0.143851 -0.081717  0.099900  0.143478 -0.049909  0.114416  0.128076  0.049411  0.027989  0.029399  0.012966 -0.140279 -0.119343  0.096201
-0.000000 -0.327909 -0.000000 -0.000000 -0.000000 -0.206296  0.137838  0.052567  0.098861  0.021864  0.143534 -0.298540 -0.144389  0.112969 -0.109961  0.175316  0.038694 -0.180623 -0.241211 -0.138364 -0.002896 -0.119544  0.011239  0.055721  0.009986 -0.155087  0.098871  0.198902 -0.276929  0.063445  0.250097 -0.117369  0.212537  0.083913  0.131370 -0.069081 -0.275974 -0.120654  0.062956  0.136201  0.009758  0.176847 -0.081795  0.127422 -0.076528 -0.128699  0.030258 -0.055729 -0.063356
 0.000000 -0.000000 -0.000000  0.327909  0.000000 -0.115906  0.024723 -0.147902  0.098346 -0.012306  0.282347  0.077027 -0.107676  0.145257 -0.067866 -0.086776  0.013409 -0.137823 -0.013220  0.023203  0.042187  0.000314 -0.235787 -0.082873 -0.281654  0.085189 -0.034608 -0.090124 -0.235075  0.039271 -0.148757 -0.110775 -0.080152 -0.317904  0.177933  0.102772 -0.135248  0.057496  0.115014 -0.088388  0.028582 -0.324729  0.251385 -0.010228 -0.091341  0.136624 -0.205466 -0.107564  0.047970
-0.000000 -0.000000 -0.327909  0.000000 -0.000000  0.128709 -0.194687  0.077545  0.030369 -0.141136 -0.018925  0.051148 -0.222479  0.058666  0.047995 -0.130420  0.182757 -0.075485  0.109302 -0.089784 -0.113387 -0.063743 -0.248086  0.362798  0.046362 -0.027322 -0.152939 -0.081240 -0.109365  0.149780 -0.182123  0.064476 -0.072503  0.035639 -0.090360 -0.072958 -0.318807  0.154452  0.193531 -0.172733  0.031915  0.157045 -0.225603 -0.169577 -0.005711 -0.036106  0.149479  0.141883  0.013354
 0.327909  0.000000 -0.000000 -0.000000 -0.000000  0.095282  0.184837  0.033115 -0.016755  0.039266  0.006571  0.164288 -0.186456 -0.070564  0.056203 -0.304072 -0.148339 -0.353587  0.205746  0.098265 -0.005432  0.138358  0.112264 -0.085419 -0.074287  0.044758  0.032693 -0.025613 -0.012316 -0.099567  0.006204 -0.259387 -0.147708  0.387747  0.036870 -0.180475 -0.008281 -0.097289  0.179231  0.049692  0.052534 -0.041680 -0.044851 -0.008042 -0.036996 -0.105824 -0.007275 -0.156417 -0.255564
-0.000000  0.000000  0.000000 -0.327909  0.000000  0.162446  0.199773  0.195293 -0.006402 -0.150250  0.065160  0.193204  0.182244  0.169089  0.076563  0.080997 -0.166801 -0.037081 -0.043788  0.222144 -0.043213 -0.303322 -0.019389 -0.049501 -0.078317  0.114353 -0.027108 -0.024996  0.077930  0.100938 -0.157940 -0.281498  0.135870 -0.231938  0.003463 -0.171620 -0.227242 -0.155703 -0.061510  0.067984  0.021939  0.025384 -0.145988 -0.033030  0.263501  0.025291 -0.206980  0.038994  0.086443
 0.000000 -0.000000  0.327909 -0.000000 -0.000000  0.079246 -0.157435 -0.006616 -0.215987  0.301112  0.043814 -0.040386 -0.091004  0.210462  0.025250  0.110487 -0.052171  0.029454 -0.009514 -0.148270 -0.097044 -0.057310  0.158480 -0.018418  0.068066  0.240711  0.075992 -0.087348 -0.117086  0.174007 -0.021519 -0.075993 -0.031459 -0.001429 -0.041466  0.156094  0.019952  0.196854  0.116429 -0.156241  0.132975  0.252134 -0.162564 -0.068022  0.115730  0.317588 -0.147554 -0.150727 -0.299671
-0.000000 -0.000000 -0.000000 -0.000000 -0.327909  0.105608  0.130096  0.035137  0.030243  0.062131  0.016865 -0.066161  0.110502  0.210560  0.250702 -0.010000  0.066985 -0.111225 -0.113114 -0.146086  0.072315  0.068174 -0.348124 -0.022679  0.053304  0.156287  0.163000  0.076347 -0.010484 -0.086761 -0.197329  0.001457  0.149196 -0.041289 -0.161523 -0.208420  0.319025  0.190301  0.204258  0.319037  0.081800  0.099234  0.132444  0.034092 -0.095928 -0.012911  0.059388  0.140042 -0.051679
-0.000000  0.000000  0.063520  0.264389 -0.000000  0.189603  0.033974 -0.020991  0.038035  0.045612  0.119877  0.072728 -0.018604 -0.137014  0.101561 -0.055824  0.095124  0.054064  0.227675  0.109518  0.287167  0.158962 -0.108502  0.152145  0.063015  0.188834  0.083045  0.133114 -0.043519  0.025243  0.239810 -0.011117  0.229659 -0.087987  0.080138 -0.057658 -0.131684  0.251780 -0.235569  0.092491 -0.170994 -0.085661 -0.239692  0.235842  0.331252  0.004209  0.085381 -0.051505 -0.074609
 0.000000  0.000000 -0.327909  0.000000 -0.000000  0.180615  0.109214 -0.080322 -0.194774  0.037710  0.275183 -0.032672  0.209025 -0.005752  0.043953  0.067427  0.235839  0.014488 -0.175417  0.092651 -0.094702  0.178876  0.056008 -0.119152  0.157546 -0.130958  0.130192 -0.120354 -0.066186  0.040386 -0.137924  0.039191 -0.231890 -0.052006  0.223099  0.127879  0.094778 -0.111605  0.119964 -0.071350 -0.254627  0.060067 -0.166375  0.223150  0.069030 -0.136705 -0.150848  0.116009 -0.229234
 0.000000 -0.000000 -0.000000 -0.000000  0.327909 -0.079664  0.125482  0.004009 -0.286874  0.042385  0.125170 -0.185522  0.094957 -0.025633  0.077869  0.108234 -0.051368  0.011490  0.056952 -0.212094 -0.030899  0.204395  0.090267  0.090237  0.159280  0.207526 -0.172780  0.233772  0.013480 -0.223345 -0.344199 -0.160978 -0.206339 -0.020872 -0.088338 -0.146761 -0.273224  0.083206 -0.139066  0.070372 -0.061049  0.017507  0.145770  0.089006 -0.074674  0.036317  0.089146 -0.066273  0.143754
 0.264389 -0.000000  0.063520 -0.000000 -0.000000 -0.044098  0.036460 -0.092149 -0.194531  0.058113  0.042992 -0.022916  0.263872  0.015117 -0.047970  0.001489 -0.105766  0.159703 -0.111873  0.018260  0.082368  0.240344  0.069853  0.056210 -0.079893 -0.161093 -0.206420 -0.422048 -0.121656  0.047235  0.182385 -0.040450  0.085218 -0.021180 -0.107763  0.030002 -0.141824  0.206028  0.303518  0.235308  0.093846  0.009045  0.003308 -0.108893  0.169750 -0.178988  0.071892 -0.030368  0.231165
-0.000000 -0.000000 -0.327909 -0.000000 -0.000000 -0.026484  0.101526  0.124652 -0.080338  0.029045  0.018711 -0.081318  0.237099  0.084280 -0.152111 -0.103572 -0.156683  0.121320  0.063839 -0.122758 -0.133940 -0.172442 -0.230733 -0.051985 -0.079348  0.149182 -0.084711  0.029546 -0.269410 -0.019871  0.016477  0.260611  0.003159  0.388839 -0.092038  0.117388  0.084475 -0.062248 -0.103453  0.079829  0.122908 -0.194058 -0.127634  0.157599  0.165157  0.183303 -0.054841 -0.230180  0.048839
-0.327909  0.000000  0.000000 -0.000000 -0.000000 -0.102469 -0.016595  0.157635 -0.182744 -0.027303  0.105379  0.081933 -0.120339 -0.330584 -0.074574  0.197630 -0.140238 -0.003520  0.345566 -0.173893  0.081416 -0.071428 -0.131596 -0.015856 -0.124881  0.067167 -0.058315 -0.028114 -0.013964 -0.002073  0.107234 -0.191691 -0.044172 -0.097731 -0.187008  0.114072  0.184075 -0.101725  0.349263  0.061083 -0.096184  0.085869 -0.144072  0.184964 -0.079593 -0.165189 -0.143863  0.053179  0.083407
-0.000000 -0.000000  0.327909 -0.000000  0.000000 -0.073094  0.067906 -0.171683 -0.169377 -0.168134 -0.047076  0.074183 -0.104545 -0.001750 -0.013102  0.241582  0.079845 -0.061504 -0.047891 -0.005440  0.059758 -0.045843 -0.214215 -0.161248  0.146226  0.167435 -0.028406  0.055070  0.158957  0.067563 -0.160620  0.271398  0.090976  0.298506  0.176589  0.066827 -0.167660 -0.171300  0.315169 -0.030743 -0.132233 -0.209725  0.009687 -0.079629  0.243548 -0.048926  0.144618  0.065638  0.026782
-0.000000  0.264389 -0.063520 -0.000000 -0.000000  0.056872 -0.197478 -0.180968 -0.058885  0.060535  0.098899  0.030711 -0.153847 -0.132496  0.325947  0.277118 -0.336717 -0.213665 -0.155260  0.081270 -0.040109  0.085064 -0.096799 -0.110928 -0.027714 -0.063143 -0.059254 -0.031606 -0.268511 -0.083041  0.034047  0.094684  0.141653  0.199519  0.038621 -0.104280  0.006105  0.062613 -0.237214 -0.055240 -0.086689  0.086537 -0.093399 -0.112462 -0.085055 -0.010736 -0.238080  0.132965  0.191614
 0.000000 -0.000000  0.000000 -0.000000  0.327909  0.333639 -0.274582 -0.021085  0.025858 -0.146132 -0.030120 -0.281782 -0.120991  0.097594 -0.126968 -0.030575  0.265067 -0.114940 -0.058458 -0.143198 -0.117723  0.176434 -0.079413 -0.050850 -0.146609  0.081235 -0.072814 -0.138411  0.120676  0.030640 -0.004860 -0.269942  0.245973  0.080597  0.004071  0.024765  0.241909 -0.193175 -0.061259  0.164013 -0.100879 -0.039942 -0.012093 -0.059257  0.113518  0.030164 -0.077959 -0.108990  0.135088
 0.000000 -0.327909 -0.000000 -0.000000 -0.000000  0.051509  0.009919  0.126697 -0.051185 -0.026582  0.185869 -0.097613 -0.206197  0.179381  0.042335  0.000784 -0.090420  0.152967 -0.196600  0.154961  0.265190  0.038319 -0.057560 -0.064399 -0.006446 -0.129839 -0.144128  0.223658  0.147767  0.174513 -0.017817 -0.063938 -0.189616  0.160372 -0.245572 -0.059356  0.227387  0.223928 -0.022049 -0.292067 -0.030211 -0.146379 -0.024150 -0.069336  0.115200 -0.194731 -0.140206 -0.085520  0.113421
-0.327909  0.000000  0.000000 -0.000000 -0.000000 -0.006709 -0.048062  0.058860  0.049381  0.289598  0.115186  0.082280  0.132991  0.085626  0.107800 -0.065421  0.087501  0.085251  0.021869  0.123285  0.045102  0.266482 -0.022535  0.055441 -0.096391  0.044087  0.145216  0.004825 -0.035549 -0.144568  0.000319  0.144817  0.132012 -0.002206 -0.018377 -0.257648 -0.061343 -0.367647  0.161887 -0.275598  0.046828  0.143669 -0.003263 -0.165208  0.026527 -0.080163  0.074388 -0.379575  0.156725
-0.000000 -0.264389 -0.063520  0.000000  0.000000  0.084884 -0.056331 -0.285109 -0.184299  0.215367 -0.017120 -0.125274  0.110299 -0.311361 -0.034943 -0.222355  0.092340 -0.110433  0.083773 -0.055342 -0.001380 -0.226458  0.186983 -0.199494 -0.303228  0.008624  0.125244  0.080498  0.060772  0.187728 -0.199488  0.099675  0.169150  0.024562  0.036501 -0.205752 -0.033592  0.135924  0.036479 -0.117843  0.129088  0.048915  0.016169  0.104797  0.054369 -0.013379 -0.011762  0.187161  0.205624
-0.000000 -0.000000 -0.327909  0.000000 -0.000000  0.121908  0.222219 -0.268948 -0.336047 -0.105775 -0.102267  0.255568 -0.133991 -0.056892 -0.057053  0.050439 -0.175262  0.052002 -0.132774 -0.101004 -0.011766  0.023949 -0.075812  0.055270  0.019263 -0.108360 -0.004244  0.156810  0.033262  0.073805  0.074699 -0.174742  0.306282 -0.123066 -0.008553  0.113915  0.110023 -0.012969 -0.003851 -0.169276 -0.000135  0.117007  0.243769 -0.074490  0.039598  0.110499  0.241944 -0.218910 -0.130464
-0.000000  0.000000 -0.063520 -0.000000 -0.264389  0.011898 -0.129742 -0.207756 -0.081444  0.141872  0.032041  0.034795 -0.389333  0.059228  0.027057 -0.085725  0.058900  0.428873 -0.031978  0.166729  0.071092 -0.172030  0.154089  0.001664  0.118647  0.089733  0.045894 -0.062847 -0.208311 -0.009772 -0.157907 -0.220905 -0.090214  0.076399 -0.012008 -0.028208  0.004468 -0.247983 -0.029045  0.296561 -0.074314 -0.059690 -0.037788  0.077780 -0.034892  0.059553  0.156236  0.010439  0.206558
-0.327909  0.000000  0.000000  0.000000 -0.000000 -0.253902 -0.035006  0.093831 -0.164102 -0.086745 -0.149725 -0.221471 -0.097088  0.090285  0.068721 -0.067909 -0.049519  0.074005  0.280844  0.162398 -0.114898  0.019430 -0.100016 -0.190948 -0.023405 -0.392428  0.088223 -0.133699 -0.055031 -0.089375 -0.210220 -0.098260  0.071997  0.040299  0.194102 -0.095517 -0.007984  0.246049 -0.082327  0.120677 -0.049887  0.031681  0.073060 -0.098444  0.251186 -0.028512  0.026071 -0.095030 -0.197906
-0.327909  0.000000 -0.000000  0.000000  0.000000  0.110003 -0.085493 -0.080871  0.000428 -0.122298  0.016885 -0.021213  0.162011 -0.046185 -0.002077 -0.080140 -0.079546 -0.091114 -0.008794 -0.030781  0.229117  0.062517  0.127143 -0.025953  0.240487 -0.113209 -0.096636 -0.133769 -0.067376  0.420233  0.026008  0.040078  0.049992  0.094680 -0.266255 -0.256514 -0.161225 -0.112745  0.025045  0.131118 -0.104154 -0.213934  0.142588  0.029062 -0.202943  0.229744 -0.089478 -0.029327 -0.246019
-0.327909  0.000000  0.000000  0.000000  0.000000 -0.115903 -0.037229 -0.174442  0.031195  0.139365  0.210221  0.219580  0.075871  0.180145  0.010683 -0.065769  0.096986 -0.304459 -0.113820  0.010944  0.067094 -0.121335  0.174256  0.068854 -0.118315 -0.002184 -0.173102 -0.072313  0.081899 -0.191444 -0.134974 -0.073199  0.116752  0.148290 -0.249556  0.353697 -0.013779  0.044148 -0.187373  0.093692  0.048260 -0.053114 -0.082650 -0.002403  0.082005 -0.226020  0.197788  0.082370 -0.146317
-0.000000 -0.000000 -0.000000  0.000000 -0.327909 -0.109230 -0.058994 -0.199289  0.146155 -0.093995 -0.215597  0.138054  0.058238  0.091207 -0.102750 -0.012538  0.017014 -0.212587  0.010355 -0.297033 -0.120719  0.214212  0.086360 -0.177441 -0.012180 -0.126817  0.091200  0.199087 -0.070106  0.042553  0.007018 -0.071211 -0.259657 -0.107459 -0.224308 -0.026518 -0.066703 -0.004955 -0.031200  0.012534 -0.259149  0.048348 -0.155712 -0.008784  0.322622  0.079085 -0.050835 -0.128390  0.226091
 0.000000  0.327909 -0.000000  0.000000 -0.000000  0.025448 -0.279925 -0.254750  0.000589  0.203599 -0.000005 -0.020339  0.119815  0.187516 -0.336141 -0.032794 -0.149312  0.091644 -0.028365 -0.078321  0.129412 -0.097181 -0.214176  0.079796  0.042514 -0.174617 -0.142738  0.216102  0.203955 -0.124462  0.067573 -0.157993 -0.072418  0.029051  0.168738 -0.264783 -0.041626 -0.042836  0.101801 -0.039057  0.153517  0.000816 -0.046832  0.187762  0.071897 -0.103330 -0.101571  0.105731 -0.150287
-0.000000  0.000000 -0.000000  0.327909 -0.000000 -0.001879  0.233055 -0.174653  0.051390 -0.102950 -0.220482 -0.018340  0.037183 -0.065993 -0.015705  0.348242  0.309284  0.058009 -0.013795  0.237677 -0.014344 -0.121202  0.122330  0.226480 -0.200997 -0.056044 -0.184227 -0.000863 -0.078368 -0.199090 -0.050350 -0.028257 -0.036124  0.136081 -0.218083 -0.216778  0.084110 -0.018355  0.087256 -0.023813  0.042986  0.100690  0.014136  0.012538  0.103660  0.167422 -0.240553 -0.005749 -0.125596
-0.000000 -0.000000  0.000000 -0.327909  0.000000 -0.226005  0.145981 -0.171658  0.003072 -0.060805 -0.049509 -0.119687 -0.142535 -0.162149  0.081142 -0.126217  0.100467  0.005470 -0.022853 -0.183253  0.164571  0.184736  0.063497  0.129050  0.136331  0.032857 -0.135594  0.013581 -0.195769 -0.072730 -0.089860  0.036158  0.108580 -0.223649  0.062359 -0.050135  0.195318 -0.125728 -0.032219 -0.078476  0.336760 -0.274006 -0.270945 -0.130301  0.143516 -0.019714 -0.183250  0.059743 -0.131459
 0.000000 -0.327909  0.000000 -0.000000 -0.000000  0.242385 -0.321408  0.114594 -0.113194 -0.125259  0.119679  0.125521 -0.033644  0.085047  0.019875  0.116584 -0.155794 -0.200430  0.100212 -0.010858 -0.005689 -0.050510  0.212452  0.179476  0.095510 -0.134512  0.004277  0.036193 -0.157698 -0.289917  0.069055  0.211105 -0.102057 -0.131045  0.099026 -0.082520  0.138814 -0.093004  0.106619  0.079284  0.148795 -0.113180  0.241441  0.087297  0.272175  0.116281  0.083798  0.095681  0.024587
 0.264389  0.000000 -0.063520 -0.000000  0.000000  0.083736  0.035724  0.109503  0.144570  0.240597  0.137044  0.072694 -0.075956 -0.000996  0.032738  0.285354  0.144219  0.135838  0.192694 -0.388267  0.056684 -0.185343 -0.020812 -0.309908  0.021862 -0.174495 -0.064852 -0.240034 -0.018823 -0.106123 -0.036270  0.011433  0.103896 -0.068493 -0.176700 -0.199442 -0.052437 -0.065754 -0.144920 -0.160065 -0.100649 -0.162779  0.064938 -0.073391  0.052327 -0.093466  0.134823 -0.009364 -0.177558
-0.000000 -0.000000  0.000000 -0.327909  0.000000  0.171652 -0.063238 -0.122595  0.042993 -0.004595 -0.003569  0.097590  0.096262  0.183617  0.176806  0.140734  0.239112  0.108924  0.305938  0.104435 -0.082551  0.067366  0.102196 -0.180033 -0.151713 -0.095441 -0.280355  0.396642 -0.143853  0.036543  0.115452  0.026169  0.069131  0.012771  0.119193  0.125670 -0.035019  0.167055  0.167977  0.108343  0.003440 -0.113931 -0.039821 -0.009346 -0.274283  0.007561  0.014395 -0.111121 -0.012011
-0.000000  0.000000  0.327909  0.000000 -0.000000  0.234254  0.146284  0.056706 -0.088993  0.099712 -0.079040 -0.013218  0.192589 -0.021431 -0.198538  0.060548 -0.013418 -0.087158  0.064100  0.068432 -0.002373  0.014724 -0.149414  0.192658  0.056446 -0.330207  0.220871  0.023335 -0.278769 -0.023616 -0.176062 -0.233691  0.025293  0.074296 -0.040615  0.100907  0.095192 -0.023740 -0.064175 -0.209864 -0.015896 -0.240485 -0.200470 -0.037427 -0.187655  0.101828  0.203609  0.122719  0.169860
 0.000000 -0.327909  0.000000 -0.000000 -0.000000  0.095245 -0.041634 -0.134899  0.001824  0.220032 -0.084179 -0.004116  0.073547 -0.241508  0.097499  0.104692 -0.042424 -0.122142 -0.080060  0.028067  0.129805 -0.123319 -0.310054  0.022040 -0.020447 -0.116125 -0.161302 -0.069278  0.207745 -0.018914 -0.036873  0.047002 -0.298890 -0.130510  0.154684  0.044192  0.001041 -0.067763 -0.113617  0.302734  0.013809  0.054753 -0.229837 -0.225544 -0.094019  0.130001  0.064108 -0.311429 -0.065070
-0.000000 -0.000000  0.000000 -0.000000 -0.327909 -0.029851 -0.076683  0.072840  0.033500 -0.174172 -0.013515 -0.081466  0.013074 -0.021397  0.264072  0.135798  0.036416 -0.055266 -0.037580 -0.071176  0.046270  0.109104  0.027018 -0.016255 -0.024322 -0.094807 -0.141080 -0.226651  0.243721 -0.001844 -0.073419 -0.166539  0.056148  0.109675  0.143562  0.063561 -0.085066 -0.007414 -0.029390 -0.239115  0.288506 -0.022861 -0.066089  0.508841 -0.071635  0.177558  0.117986 -0.184214  0.131593
 0.000000  0.000000 -0.063520  0.264389  0.000000 -0.205215 -0.066426  0.223705 -0.294621  0.188093 -0.179187 -0.007732  0.135297  0.077591  0.314474 -0.136186  0.158243 -0.102783 -0.075510  0.028060 -0.074787 -0.052200 -0.053910 -0.143092  0.036515  0.028048 -0.243305  0.124050 -0.024005  0.075328  0.319571 -0.219297 -0.043298 -0.056765  0.036547 -0.041097  0.045269 -0.211300  0.006574 -0.084900 -0.016094 -0.137057 -0.031062 -0.117778  0.066936  0.134281  0.128715  0.301652  0.019731
-0.000000 -0.327909 -0.000000  0.000000 -0.000000 -0.004091  0.032286 -0.122724  0.304469  0.139831 -0.174324  0.009582  0.159738  0.080523  0.218327 -0.062147 -0.260713  0.198499  0.161638 -0.191756  0.052843  0.096575 -0.024918  0.235117 -0.038354  0.031659 -0.134427 -0.049741 -0.026468  0.034755 -0.130204 -0.144794  0.099041  0.181569  0.197513  0.191234  0.013504 -0.133469  0.030321 -0.109488 -0.269666  0.092882  0.174965 -0.001051  0.078264 -0.010699 -0.170855  0.222181 -0.054198
 0.327909
