7 31
-0.000000  0.000000  0.000000 -0.000000  0.496782  0.000000  0.000000 -0.101078 -0.118265  0.067209  0.049493 -0.150355 -0.041222 -0.063472 -0.274444  0.215165  0.219364  0.213796  0.141480 -0.210683 -0.229960  0.082217  0.023359  0.237884 -0.421967  0.159398 -0.059740 -0.177373  0.063372 -0.123731 -0.198142
 0.046246 -0.450535 -0.000000 -0.000000 -0.000000  0.000000 -0.000000  0.310045  0.202863  0.303561 -0.259710 -0.130004  0.021327  0.318927  0.161502  0.061373 -0.008768  0.107463 -0.124909 -0.153204  0.104420  0.165678 -0.289115  0.150679 -0.084630  0.064109 -0.163885  0.279843  0.155973  0.066265 -0.092608
-0.046246 -0.450535  0.000000  0.000000 -0.000000  0.000000  0.000000 -0.105469 -0.095649  0.279335  0.288585  0.083564  0.006524 -0.197028  0.044943 -0.280334 -0.179634 -0.013137  0.118271  0.076117  0.066394 -0.207489 -0.213089  0.025101 -0.136463 -0.220863  0.264810 -0.199403 -0.158610  0.098761 -0.359063
 0.000000 -0.496781  0.000000 -0.000000 -0.000000 -0.000000  0.000000 -0.227219  0.019315 -0.018189 -0.129539  0.052091 -0.115976  0.072049 -0.222108  0.132225 -0.188393  0.113692 -0.089715  0.275865  0.206987  0.046978  0.336858  0.155967  0.105212  0.283993  0.079724 -0.279283  0.033193 -0.054789  0.316745
-0.496782  0.000000 -0.000000  0.000000 -0.000000 -0.000000  0.000000  0.038801 -0.157047 -0.109085 -0.022228 -0.326892  0.146184  0.058373  0.257258  0.083531  0.117616 -0.028780  0.043529 -0.028990 -0.047684  0.271231  0.024243  0.345005  0.267325  0.019372  0.191852 -0.149774 -0.301053  0.272377 -0.033132
 0.000000 -0.000000 -0.496782  0.000000 -0.000000  0.000000  0.000000 -0.185648 -0.181879  0.128265 -0.108063  0.298997  0.346267  0.160944  0.065212  0.214477  0.118866 -0.311888 -0.109038 -0.158218  0.110131 -0.231619 -0.032416  0.270775 -0.035416 -0.147129 -0.021328 -0.022155 -0.069341 -0.216128  0.090768
-0.496782  0.000000  0.000000 -0.000000 -0.000000  0.000000 -0.000000 -0.022582  0.296520  0.023181 -0.092163  0.327158 -0.036055 -0.265450  0.037854 -0.198868 -0.065276  0.124637  0.238435 -0.270347 -0.109900 -0.235504  0.019042  0.199123  0.028028  0.225131  0.080826  0.218670  0.203279 -0.034510  0.174199
-0.000000  0.000000 -0.000000  0.000000 -0.000000 -0.496782  0.000000  0.144574  0.154548 -0.021665 -0.035952 -0.092865 -0.092172  0.101707 -0.434004 -0.065775  0.133733 -0.300720 -0.194816 -0.231201  0.033933 -0.301313 -0.028978 -0.037269  0.025747  0.173436  0.100067 -0.080327 -0.158456  0.346356 -0.018349
-0.000000 -0.000000  0.080101 -0.416680 -0.000000  0.000000 -0.000000  0.228438 -0.228552 -0.009906  0.087192  0.145883  0.393526 -0.179417 -0.187484  0.077793  0.036447 -0.115323  0.246451  0.201471  0.319363  0.160480 -0.006362 -0.023585 -0.210149  0.228284  0.033927  0.247360  0.035439  0.224009  0.062881
-0.000000  0.000000  0.000000  0.000000 -0.496782  0.000000 -0.000000 -0.084565 -0.177343  0.159903  0.124107 -0.409180 -0.010578  0.024236 -0.050731  0.103885 -0.084035 -0.130873  0.257416  0.152518 -0.282179 -0.298856 -0.155746  0.141378 -0.032530  0.291356 -0.231471  0.035463  0.081541 -0.118758  0.060891
-0.000000 -0.000000 -0.496782  0.000000  0.000000 -0.000000  0.000000 -0.073782 -0.099216 -0.282193 -0.013348  0.024672 -0.350215 -0.098439  0.030572 -0.006316 -0.127701 -0.148888 -0.137123  0.171628 -0.167745  0.230807 -0.312700  0.045214 -0.196760  0.079149  0.211871  0.077126  0.301084  0.260560  0.043074
 0.000000 -0.416680  0.000000 -0.000000  0.080101  0.000000 -0.000000 -0.144906 -0.465555 -0.178811 -0.100138 -0.105187 -0.086164 -0.002084  0.003997 -0.074710  0.135309 -0.052890  0.180214 -0.375455 -0.116611 -0.012690  0.067476 -0.396901  0.114824 -0.063376  0.014212  0.294385 -0.054141 -0.024214  0.195335
 0.000000  0.000000 -0.000000 -0.000000  0.000000 -0.000000 -0.496781  0.146075 -0.018213  0.034684  0.001201 -0.001592  0.185245  0.013713  0.263129 -0.213964  0.144524  0.046177 -0.149554 -0.040632 -0.071627  0.009651 -0.200097 -0.257224 -0.218609  0.327813  0.132559 -0.361518 -0.063875 -0.155919  0.300728
-0.496782  0.000000 -0.000000 -0.000000  0.000000  0.000000 -0.000000  0.112263 -0.018495 -0.085458  0.397887  0.070610 -0.129059  0.512084 -0.144625  0.205178  0.027426  0.150738  0.017378  0.126035  0.112680 -0.120177 -0.099827 -0.223454 -0.173406 -0.200292  0.023953  0.026278  0.073692 -0.091764  0.125537
 0.046246 -0.000000 -0.000000  0.000000 -0.000000  0.000000 -0.450535  0.060383 -0.034584  0.335924  0.061923  0.323892 -0.022270  0.112286 -0.068378  0.331307 -0.155967 -0.054218  0.108339 -0.000991 -0.442112  0.128748  0.187112 -0.109654  0.234322 -0.012636  0.064425  0.033506  0.032991  0.262706 -0.111302
 0.000000  0.000000 -0.000000 -0.000000  0.496782  0.000000  0.000000  0.150836  0.062087 -0.052145 -0.033895  0.052406 -0.207679 -0.016784  0.104308  0.099615 -0.226939 -0.312600  0.339220  0.136517  0.093727 -0.077285 -0.335278 -0.036595  0.247021  0.096334 -0.300102 -0.131783 -0.210998 -0.095326  0.114022
-0.000000 -0.000000 -0.496782  0.000000 -0.000000 -0.000000 -0.000000  0.521167 -0.007903 -0.047820 -0.013955 -0.180190  0.003103  0.042867 -0.046684 -0.202619 -0.304700  0.071019  0.162860 -0.042706 -0.035873 -0.018729  0.440294 -0.044146 -0.082206  0.011347  0.028936 -0.007897 -0.135895 -0.192137 -0.121042
-0.000000 -0.000000 -0.000000  0.000000 -0.000000 -0.080101  0.416680  0.237322 -0.209580  0.400473  0.338545  0.193933 -0.280414 -0.097932  0.188954 -0.111049  0.245653 -0.123556 -0.178509 -0.028945 -0.083105  0.170987  0.168427  0.051413  0.033073  0.120940 -0.130503 -0.088294  0.027147 -0.004821  0.232554
 0.000000 -0.416680 -0.000000  0.000000 -0.080101  0.000000 -0.000000  0.194608  0.326602 -0.429760  0.223359  0.093296  0.194322 -0.215618  0.037590  0.153818  0.293010 -0.184649 -0.066076  0.129910 -0.314859  0.001889  0.073918  0.020889 -0.001206 -0.105720 -0.218387 -0.048388  0.017419 -0.088898 -0.084603
-0.000000  0.000000 -0.496782 -0.000000 -0.000000 -0.000000  0.000000 -0.248631  0.259906  0.185637  0.189083 -0.105898  0.062019 -0.131414 -0.052263  0.034514  0.291795  0.346995  0.100045  0.052967  0.164534  0.059550 -0.080925 -0.283681  0.248954  0.164637 -0.199035  0.052247 -0.145393  0.165645 -0.036904
 0.000000 -0.000000 -0.000000  0.000000  0.000000 -0.496782  0.000000 -0.012133 -0.321298 -0.229868  0.102074  0.211666  0.188594  0.010331  0.077582 -0.080353 -0.300252  0.405896 -0.174179 -0.042085 -0.069207  0.003709 -0.122384  0.101456  0.123953  0.069191 -0.376309 -0.047417  0.034151  0.035095 -0.100621
-0.000000  0.000000 -0.080101 -0.416680 -0.000000  0.000000  0.000000  0.147158 -0.048132  0.090011 -0.245951 -0.087197  0.014131 -0.017905 -0.167859 -0.170632  0.171281  0.149884  0.142605  0.054667 -0.121269 -0.087652 -0.094755  0.049832  0.195626 -0.441544 -0.092868 -0.368623  0.342707  0.112752  0.212374
-0.000000  0.000000 -0.000000 -0.496781  0.000000 -0.000000  0.000000 -0.293567  0.254951 -0.022703  0.273415 -0.165167  0.010620  0.088637  0.210618  0.023971 -0.331337 -0.208619 -0.044603 -0.398590  0.045423  0.132368  0.161478 -0.068928 -0.134300 -0.016139 -0.166522 -0.136011  0.088905  0.086847  0.044938
 0.046246 -0.000000 -0.000000 -0.450535  0.000000 -0.000000 -0.000000  0.059037 -0.061322 -0.072668 -0.188584  0.064107 -0.324974 -0.045385  0.371531  0.283154  0.137298  0.228163 -0.124559  0.125412 -0.020004 -0.438687  0.108475 -0.016196 -0.103219  0.089236  0.069554  0.075047 -0.231953  0.074805 -0.145899
-0.496782  0.000000  0.000000 -0.000000 -0.000000  0.000000 -0.000000 -0.060442 -0.095418  0.203787 -0.354411 -0.066163  0.018800 -0.279909 -0.092017  0.054610 -0.096852 -0.199958 -0.315979  0.146201  0.001343  0.068360  0.073279 -0.347544 -0.130395 -0.025888 -0.311480 -0.064282  0.040041 -0.075916 -0.226231
-0.046246 -0.000000  0.000000 -0.450535  0.000000  0.000000 -0.000000 -0.082709  0.036093  0.023616  0.033933  0.063738 -0.063760  0.130144 -0.275127 -0.223723  0.035931 -0.030094 -0.186079  0.077202 -0.213291  0.225377 -0.193009  0.067924  0.264738  0.125794  0.168572  0.187077 -0.215809 -0.482022 -0.158224
-0.046246  0.000000 -0.000000 -0.000000  0.000000  0.000000 -0.450535 -0.113258 -0.108058 -0.084452  0.052876  0.060065 -0.267286  0.183109  0.066751 -0.371805  0.299809 -0.176348  0.105395  0.109022  0.257135  0.010690  0.232772  0.220444  0.008953  0.038945 -0.303783  0.068872  0.160002  0.033096 -0.266206
 0.000000 -0.000000  0.000000 -0.000000  0.000000  0.496782 -0.000000  0.209302 -0.182996 -0.125492  0.170097 -0.003351  0.008366 -0.072475 -0.123366  0.115652 -0.043493  0.012518 -0.250457 -0.286295  0.185908 -0.197865 -0.094492 -0.023635  0.355355  0.252277  0.031501 -0.171137  0.287741  0.018205 -0.253049
-0.000000 -0.000000  0.000000 -0.000000  0.496782 -0.000000 -0.000000 -0.079580  0.006563  0.104376  0.160669 -0.279227  0.283549  0.070062  0.124822 -0.174047 -0.051032 -0.053314 -0.262995  0.308170 -0.177912 -0.301437  0.157213  0.007454  0.123708  0.028797  0.090867  0.289350  0.240706  0.089869  0.099873
 0.000000 -0.000000  0.000000 -0.000000  0.000000 -0.080101 -0.416680  0.120337 -0.033634  0.087217  0.212987 -0.219321 -0.188188 -0.433677 -0.123000  0.187836 -0.082183  0.070690 -0.231305 -0.097310  0.202298  0.008714 -0.047010  0.238295  0.030667 -0.298337 -0.029739  0.232025 -0.105372 -0.138764  0.282196
 0.000000 -0.000000  0.000000 -0.000000 -0.000000 -0.496782 -0.000000  0.019192  0.022970  0.047405  0.015046 -0.118059 -0.012499 -0.098796  0.222421  0.249399  0.096668 -0.084134  0.184617  0.007349  0.201964  0.070764  0.037293 -0.134535  0.195378  0.038254  0.333580 -0.066568  0.424659 -0.340094 -0.217078
 0.496782
