4 32
 0.000000 -0.000000  0.000000  0.353553 -0.257083 -0.222235 -0.403635  0.091867 -0.151168 -0.021113  0.133993 -0.067389  0.114774 -0.140592 -0.122801  0.284185  0.179211 -0.083831  0.002223 -0.121235 -0.015668 -0.022961  0.159064 -0.308470  0.224808  0.332179 -0.029824 -0.220071 -0.000970  0.147530  0.016607 -0.079164
-0.353553 -0.000000  0.000000  0.000000  0.145914 -0.010873 -0.196847  0.114670 -0.019488 -0.032324 -0.073345 -0.067972  0.104929  0.237182 -0.444855 -0.070332  0.304528 -0.213187  0.320853  0.244992  0.026847  0.018265 -0.149408  0.116445  0.016319  0.012961 -0.005121  0.107286 -0.316362 -0.258651  0.039302 -0.039638
-0.000000  0.353553 -0.000000 -0.000000  0.156451  0.473360 -0.128509  0.254055  0.060825  0.032825 -0.191498  0.085570 -0.026522  0.146915  0.004960  0.081146  0.012090  0.056102  0.185755 -0.284494  0.249377  0.144903  0.293740 -0.107975  0.240180 -0.140941 -0.057501 -0.052976  0.205924 -0.097852  0.178778  0.016133
-0.000000 -0.353553  0.000000  0.000000  0.067206  0.085117  0.097453  0.044113 -0.046299 -0.204403 -0.133107  0.194866 -0.058948 -0.449177  0.056613 -0.076591  0.091336 -0.286405  0.354980 -0.227653 -0.177160  0.197568 -0.035619 -0.062333  0.122897  0.001832  0.282459  0.050658  0.151698 -0.154945 -0.222442 -0.011746
 0.000000 -0.353553  0.000000 -0.000000  0.198988  0.413489 -0.301051 -0.198271  0.032752 -0.240153 -0.052375 -0.062764  0.134861  0.265675  0.006117 -0.044354 -0.120142 -0.131569 -0.261941 -0.199080 -0.198985 -0.273698 -0.152743 -0.144864 -0.090142  0.183222  0.006467 -0.026106  0.060766 -0.042241  0.149947  0.095345
 0.000000 -0.000000  0.353553  0.000000  0.025260 -0.049212 -0.045865 -0.000854  0.268887  0.004836 -0.272358 -0.189814 -0.401825  0.047357 -0.145427 -0.176970  0.011400 -0.032404 -0.110538  0.250250 -0.111054 -0.001181  0.267107 -0.442069 -0.065571 -0.089763  0.151804 -0.143383 -0.029640  0.024713 -0.199521  0.136906
 0.000000 -0.000000  0.000000 -0.353553 -0.064954  0.013315  0.304894 -0.041575  0.094235 -0.135778  0.133731  0.135894 -0.059886  0.073177 -0.316872  0.016084 -0.179826 -0.399069 -0.024446  0.045022  0.321268 -0.115364 -0.058357 -0.033592  0.340111  0.225324 -0.096989 -0.165135  0.073954  0.258134 -0.053247  0.096467
 0.000000  0.000000  0.353553 -0.000000 -0.015271 -0.029623  0.223903 -0.045435 -0.304144 -0.203202  0.117432  0.277625  0.100378  0.272219 -0.228784 -0.122677  0.010788  0.437865 -0.105574 -0.103156 -0.062276  0.131398  0.072865 -0.109872  0.099881  0.222289  0.026088  0.089929  0.063484 -0.236044 -0.206720 -0.150566
-0.000000  0.000000 -0.353553 -0.000000 -0.056859 -0.140371  0.282380  0.009101 -0.173320 -0.257229 -0.177535 -0.349598 -0.375855  0.136417 -0.191633  0.276449 -0.015656  0.030034 -0.007399 -0.108100 -0.145622 -0.116219  0.110106  0.113554 -0.054920  0.030079  0.094873 -0.114712  0.183742 -0.236135  0.186833 -0.161704
-0.000000 -0.000000  0.000000 -0.353553 -0.000650 -0.030997  0.014575  0.286079 -0.415995 -0.003557  0.124799  0.130755 -0.118119  0.062333  0.324027 -0.108478  0.092551 -0.222278 -0.094327  0.075262 -0.084015  0.072981 -0.080232 -0.347828 -0.100037 -0.111513 -0.129540 -0.258901 -0.194106 -0.126618  0.229529 -0.163290
 0.353553 -0.000000  0.000000 -0.000000 -0.013779 -0.132442  0.017419  0.124308  0.537458  0.038084  0.040277 -0.105476 -0.071055  0.133317  0.152174 -0.242722  0.155457  0.041990  0.118267 -0.122495 -0.006864  0.011684 -0.268357 -0.022465  0.132732  0.288778 -0.131268 -0.071474  0.020287 -0.216128  0.051355 -0.364450
 0.000000 -0.353553 -0.000000  0.000000  0.069447 -0.186041  0.131817  0.023892  0.140522 -0.054813 -0.191975  0.014188  0.257129  0.142622  0.016692  0.042236 -0.181646  0.066972  0.081080  0.152723 -0.023238  0.501782  0.220035 -0.046882  0.005983  0.107657  0.044059 -0.002574 -0.054417  0.202485  0.491062  0.017308
-0.000000  0.000000  0.353553 -0.000000  0.183483 -0.075843  0.126439  0.374555 -0.071974  0.148616  0.008805 -0.136799  0.074861 -0.050302 -0.234130 -0.063346  0.015388 -0.078979  0.000451 -0.249280 -0.228225 -0.247914 -0.069848  0.055998 -0.059641 -0.148733  0.061193  0.186511  0.147997  0.426389  0.178772 -0.276086
 0.353553  0.000000  0.000000  0.000000  0.206286  0.041874 -0.062858 -0.054115 -0.100390 -0.072583  0.201759  0.191884 -0.245248  0.069267 -0.043586  0.058973  0.422803  0.204069  0.211906  0.264184 -0.043960 -0.054353 -0.157569  0.042074 -0.012043  0.050941  0.187295 -0.068354  0.214393  0.226491  0.235457  0.314381
-0.000000  0.000000 -0.000000 -0.353553  0.034282 -0.100269 -0.051077 -0.076404  0.106815  0.001461 -0.355394  0.175870  0.031216  0.077835  0.097585  0.533941  0.002659  0.252341  0.177994 -0.068994 -0.145473 -0.179402 -0.200661 -0.199682  0.146267 -0.061835 -0.010652  0.095636 -0.256656  0.143877 -0.153746 -0.082043
-0.353553  0.000000 -0.000000 -0.000000 -0.353678  0.028636  0.122608  0.311824  0.298939  0.059028  0.013324  0.262608  0.146913 -0.049809 -0.047785  0.153017  0.036072  0.083217 -0.083667  0.121866 -0.045367 -0.123447 -0.212480 -0.156120 -0.253541  0.030948  0.106341 -0.059414  0.375902 -0.199867  0.144498  0.161150
-0.000000 -0.000000 -0.000000 -0.353553 -0.083993 -0.064877 -0.325917 -0.205663 -0.048894  0.018989  0.075237 -0.124613 -0.022192 -0.157919 -0.149193 -0.089760 -0.117437  0.148306  0.065106 -0.080415  0.450768  0.045894 -0.080333 -0.147328 -0.228878  0.005533  0.427731  0.099477  0.104872 -0.018579  0.144013 -0.279701
 0.353553 -0.000000  0.000000 -0.000000 -0.429775  0.015510 -0.173457  0.189683 -0.046025 -0.134362 -0.326605  0.351089 -0.105355  0.089506 -0.161494 -0.137891 -0.051979 -0.097241  0.037952 -0.138368  0.026739 -0.063853  0.122549  0.261996 -0.347445  0.070904 -0.040837  0.023981 -0.218928  0.097748  0.004255  0.054677
 0.000000  0.353553  0.000000 -0.000000 -0.138714  0.300264  0.314105 -0.168312 -0.068440  0.021540 -0.172648 -0.152278  0.215904 -0.292597  0.001580 -0.203881  0.060509  0.097828  0.108289  0.041312 -0.167274 -0.153562 -0.023613 -0.106199  0.024219  0.316379  0.202429 -0.109586 -0.313999  0.042530  0.245445  0.047833
 0.000000  0.000000  0.353553 -0.000000 -0.254497  0.004812  0.105321 -0.417521  0.001621  0.159007 -0.008681 -0.099519 -0.107308  0.017641 -0.121499  0.153551  0.238630 -0.145454 -0.006844 -0.371097 -0.002381  0.292497 -0.238722 -0.008861 -0.082254 -0.194325 -0.233920 -0.047358 -0.008982 -0.078506  0.210106  0.170281
 0.353553  0.000000 -0.000000  0.000000  0.127989 -0.287239 -0.009426  0.022665 -0.055618  0.225637 -0.193944  0.112529  0.251220 -0.081000 -0.150574 -0.004176 -0.003116 -0.110377 -0.328378 -0.015686  0.058511 -0.176481 -0.005649  0.009347  0.310937 -0.199943  0.248316 -0.009001 -0.029604 -0.395527  0.163885  0.203296
-0.353553  0.000000 -0.000000  0.000000 -0.233514 -0.040725 -0.158710 -0.220316  0.037126  0.024223 -0.112084  0.239105 -0.170125  0.148003  0.162564 -0.249863  0.120482  0.022824 -0.136026  0.009799 -0.165649 -0.055738  0.031369  0.286181  0.409887 -0.150198  0.241782 -0.165536  0.070496  0.165282  0.150888 -0.234801
 0.000000 -0.000000  0.353553  0.000000 -0.017692  0.139684  0.075121  0.087333  0.095465 -0.218325  0.053200 -0.039214 -0.097875 -0.060264  0.290339  0.356583  0.248107 -0.198619 -0.287158  0.140899  0.214009 -0.018533  0.161975  0.205723  0.011901  0.182710  0.199407  0.328399 -0.155522 -0.091372  0.096452 -0.122903
-0.000000 -0.000000  0.353553 -0.000000  0.060151 -0.145093 -0.036721 -0.140621  0.130091 -0.281800  0.218854  0.062611  0.134768 -0.092359  0.081838  0.070596 -0.203450  0.024956  0.372486  0.019219 -0.005512 -0.348335  0.251882  0.148617 -0.087321 -0.205702 -0.090988 -0.358225 -0.044363 -0.200478  0.157882 -0.031995
 0.000000 -0.353553  0.000000 -0.000000 -0.220890  0.224580  0.009278  0.228614  0.042108  0.262793  0.368792 -0.082197 -0.304400 -0.008228 -0.098862  0.044702 -0.236856  0.231837  0.099236 -0.098676 -0.051858 -0.064117  0.027885  0.018276  0.244704 -0.045267  0.125066  0.088677 -0.362592 -0.106548  0.114870  0.162862
-0.000000 -0.353553 -0.000000 -0.000000  0.128425  0.191923  0.146986 -0.139556 -0.071518  0.553710 -0.139382  0.146784 -0.004934 -0.025371 -0.059353  0.111142  0.205804  0.013178  0.020685  0.084190  0.160293 -0.165036  0.248702  0.086233 -0.183257  0.179553 -0.088537 -0.275922  0.058321 -0.045634 -0.084560 -0.276898
 0.000000 -0.000000  0.353553  0.000000 -0.038293  0.014904 -0.165818  0.151644 -0.293266  0.133638 -0.294788 -0.224487 -0.078855  0.002124  0.166030  0.058711 -0.336520  0.022668  0.129779  0.205064  0.049817  0.075850 -0.335153  0.264016  0.128085  0.263604 -0.018711 -0.170585  0.210767 -0.080838 -0.050137  0.112659
-0.000000 -0.000000  0.000000  0.353553 -0.119398 -0.125948  0.201518 -0.137242 -0.142572  0.145656 -0.028440  0.052292 -0.018556  0.423179  0.281965 -0.058009 -0.111753 -0.234617  0.332743 -0.034680  0.205496 -0.242596 -0.025990 -0.277534 -0.031718 -0.010991  0.204594  0.271497  0.037697  0.015896  0.020010  0.032406
-0.000000 -0.353553 -0.000000  0.000000 -0.225440  0.044556  0.101113  0.126952 -0.105180 -0.262769 -0.216099 -0.277584  0.165674 -0.071202  0.085334 -0.199870  0.314103  0.259918  0.000004  0.045316  0.373051 -0.205159 -0.038133 -0.064603  0.164214 -0.251559 -0.224585  0.002706  0.038148  0.091560 -0.024655  0.077094
-0.353553 -0.000000  0.000000 -0.000000  0.332000 -0.339335  0.004626  0.076365  0.018849  0.005848 -0.106408  0.116285 -0.252155 -0.124284  0.126595 -0.158638  0.062084  0.145586 -0.061412 -0.389022  0.218595 -0.122082  0.021493  0.044444 -0.088484  0.316970 -0.079496 -0.007184 -0.143888  0.005819  0.120263  0.321192
 0.000000 -0.000000  0.000000 -0.353553 -0.103788 -0.080133  0.006611  0.121876  0.027759  0.104754  0.128679 -0.287613  0.288604  0.321256  0.167312 -0.002002  0.223529 -0.049107  0.073121 -0.241249 -0.107401  0.061957  0.215727  0.174910 -0.079799  0.075145  0.321176 -0.196062  0.030931  0.044351 -0.276884  0.275251
-0.000000 -0.000000  0.000000  0.353553  0.157379  0.085222  0.151203  0.129688  0.057660 -0.138673  0.001498  0.045390  0.023404  0.094095 -0.036304  0.123609 -0.045981  0.048642 -0.137517 -0.114460  0.245320  0.151623 -0.336928  0.032484 -0.115425 -0.188534  0.336958 -0.476411 -0.277733  0.137738 -0.146951 -0.106557
 0.353553
