5 13
 0.000000 -0.000000 -0.166850  0.000000 -0.516351  0.238685 -0.092075 -0.020740  0.071188 -0.500298 -0.137339 -0.331998 -0.505186
 0.683201  0.000000  0.000000  0.000000 -0.000000  0.142081  0.034162 -0.022021  0.206871 -0.360238 -0.148554 -0.100057  0.553851
 0.166850  0.516351 -0.000000  0.000000  0.000000 -0.238995 -0.280058  0.041820 -0.357749  0.195950  0.135001 -0.616437  0.060351
 0.000000  0.683201 -0.000000 -0.000000  0.000000  0.105877  0.503948 -0.346139  0.172532 -0.098857  0.248948  0.192038 -0.099284
 0.000000  0.000000  0.166850 -0.000000 -0.516351 -0.094162  0.035711  0.027866 -0.643743 -0.211983  0.164868  0.387982  0.239941
-0.044089  0.000000  0.073471  0.565641 -0.000000  0.115262  0.315820  0.667368  0.064538 -0.055759  0.293017 -0.143469  0.024172
 0.000000  0.000000 -0.000000 -0.000000 -0.683201 -0.109228  0.042599 -0.005385  0.432727  0.538330 -0.020805 -0.042311  0.200468
 0.166850 -0.516351  0.000000  0.000000  0.000000 -0.098905  0.386732 -0.416168 -0.129466  0.065149  0.464392 -0.362346 -0.071014
 0.683201 -0.000000  0.000000  0.000000  0.000000 -0.099096  0.045143  0.184626 -0.105613  0.288120 -0.056129  0.302453 -0.546349
-0.083116  0.000000  0.000000 -0.600084 -0.000000 -0.207952  0.554163  0.374412 -0.093249 -0.043937 -0.306650 -0.192722  0.025766
 0.000000 -0.000000 -0.683201 -0.000000  0.000000  0.551168  0.122251  0.008718 -0.313753  0.298767 -0.080597  0.004685  0.142158
-0.000000  0.000000  0.683201  0.000000  0.000000  0.583940  0.086340 -0.103974 -0.163674  0.235335 -0.252409 -0.162276 -0.042075
 0.044089  0.000000  0.073471 -0.565641 -0.000000  0.335877 -0.272087  0.270157  0.163466 -0.009147  0.618340  0.060988 -0.003162
 0.683201
