12 18
 0.000000 -0.000000  0.000000 -0.000000 -0.000000 -0.000000  0.000000  0.000000  0.000000 -0.000000  0.000000 -0.942809 -0.057096 -0.100563  0.204414  0.100496  0.175168  0.123165
-0.000000  0.235702 -0.000000  0.000000 -0.000000 -0.000000  0.000000  0.000000  0.707107  0.000000 -0.000000  0.000000  0.173154 -0.252981 -0.251720 -0.321330  0.425646 -0.051689
 0.707107  0.000000 -0.000000 -0.000000  0.235702 -0.000000  0.000000  0.000000  0.000000 -0.000000 -0.000000  0.000000 -0.269868  0.221641 -0.281810  0.337283  0.306675 -0.187787
 0.707107  0.000000  0.000000  0.000000 -0.235702 -0.000000 -0.000000 -0.000000  0.000000 -0.000000 -0.000000 -0.000000  0.269868 -0.221641  0.281810 -0.337283 -0.306675  0.187787
 0.000000  0.000000  0.942809  0.000000 -0.000000  0.000000 -0.000000 -0.000000 -0.000000 -0.000000 -0.000000 -0.000000  0.103618 -0.211372 -0.097415  0.200152 -0.076417 -0.017503
-0.000000 -0.000000  0.000000 -0.000000 -0.000000  0.707107  0.235702 -0.000000  0.000000 -0.000000 -0.000000  0.000000  0.299351  0.081723  0.300340  0.072245  0.099099 -0.492860
-0.000000 -0.000000 -0.000000 -0.000000  0.000000  0.000000 -0.942809 -0.000000  0.000000  0.000000  0.000000 -0.000000  0.149675  0.040862  0.150170  0.036122  0.049550 -0.246430
-0.000000 -0.000000  0.000000  0.000000 -0.000000 -0.707107  0.235702 -0.000000  0.000000  0.000000 -0.000000  0.000000  0.299351  0.081723  0.300340  0.072245  0.099099 -0.492860
-0.000000  0.000000 -0.235702  0.000000 -0.000000  0.000000  0.000000 -0.707107  0.000000 -0.000000 -0.000000 -0.000000  0.207237 -0.422744 -0.194830  0.400303 -0.152833 -0.035005
-0.000000  0.000000 -0.000000  0.000000 -0.000000  0.000000  0.000000 -0.000000 -0.000000  0.235702 -0.707107 -0.000000 -0.442759 -0.324772  0.079753 -0.146872 -0.115350 -0.318895
-0.000000  0.000000 -0.000000 -0.000000 -0.000000  0.000000 -0.000000  0.000000 -0.000000 -0.942809  0.000000 -0.000000 -0.221380 -0.162386  0.039877 -0.073436 -0.057675 -0.159447
-0.000000 -0.000000  0.000000  0.707107  0.000000 -0.000000 -0.000000 -0.000000  0.000000 -0.000000  0.000000  0.235702 -0.114191 -0.201126  0.408828  0.200992  0.350337  0.246331
 0.000000 -0.942809  0.000000 -0.000000 -0.000000  0.000000 -0.000000  0.000000 -0.000000  0.000000  0.000000  0.000000  0.086577 -0.126491 -0.125860 -0.160665  0.212823 -0.025845
-0.000000 -0.000000  0.000000 -0.000000 -0.942809  0.000000  0.000000 -0.000000 -0.000000  0.000000 -0.000000  0.000000 -0.134934  0.110821 -0.140905  0.168642  0.153338 -0.093893
 0.000000 -0.000000 -0.235702  0.000000 -0.000000  0.000000  0.000000  0.707107 -0.000000  0.000000 -0.000000 -0.000000  0.207237 -0.422744 -0.194830  0.400303 -0.152833 -0.035005
-0.000000 -0.000000 -0.000000  0.707107  0.000000  0.000000  0.000000 -0.000000 -0.000000 -0.000000 -0.000000 -0.235702  0.114191  0.201126 -0.408828 -0.200992 -0.350337 -0.246331
-0.000000 -0.000000 -0.000000 -0.000000  0.000000 -0.000000 -0.000000  0.000000 -0.000000 -0.235702 -0.707107  0.000000  0.442759  0.324772 -0.079753  0.146872  0.115350  0.318895
-0.000000  0.235702 -0.000000  0.000000  0.000000 -0.000000  0.000000  0.000000 -0.707107  0.000000 -0.000000  0.000000  0.173154 -0.252981 -0.251720 -0.321330  0.425646 -0.051689
 0.942809
