19 37
 0.000000 -0.000000 -0.707105 -0.000001 -0.000000 -0.000000 -0.000000 -0.000000  0.000001 -0.000001  0.000002 -0.000000  0.000001  0.000000  0.000002  0.000000 -0.098698  0.000002 -0.000001 -0.279827 -0.059187 -0.206405 -0.010264 -0.050629 -0.028610 -0.219518 -0.128450  0.370823  0.287139  0.042277  0.013119  0.058725 -0.067432 -0.168047  0.177222  0.082118  0.037051
-0.000000 -0.000000 -0.000003  0.000000  0.000001 -0.000002 -0.000002 -0.000001 -0.000000  0.707106 -0.000002 -0.000001 -0.000000 -0.000001 -0.000000 -0.000000  0.098696 -0.000000  0.000000 -0.014759  0.090540  0.052937  0.008474  0.161887  0.178836 -0.232230  0.069283  0.219709 -0.307889  0.048561 -0.333387  0.068995 -0.228081 -0.021199 -0.055543 -0.035535 -0.209522
 0.000001  0.000001  0.707109 -0.000001 -0.000000 -0.000001 -0.000000 -0.000000  0.000001  0.000000 -0.000001 -0.000000  0.000000 -0.000000 -0.000000  0.000001 -0.098697  0.000002 -0.000001 -0.279826 -0.059188 -0.206402 -0.010262 -0.050627 -0.028610 -0.219519 -0.128449  0.370823  0.287137  0.042274  0.013115  0.058722 -0.067434 -0.168047  0.177219  0.082117  0.037051
 0.000003 -0.000001 -0.000002  0.000000 -0.000001 -0.707104 -0.000001 -0.000000  0.000002 -0.000001  0.000001 -0.000001  0.000000 -0.000001  0.000001 -0.000000  0.098692 -0.000001 -0.000000 -0.303955 -0.102182  0.102516  0.056384  0.260184 -0.134220 -0.235775 -0.218192 -0.219499 -0.113324 -0.109651 -0.036467 -0.201887  0.049369 -0.094983 -0.086264 -0.056067  0.218311
-0.000001 -0.000001  0.000000  0.000001  0.000001  0.000000 -0.000000  0.000000 -0.000000  0.000000  0.000002 -0.000001 -0.000001  0.000000  0.707108 -0.000000 -0.098693 -0.000002  0.000002 -0.196587 -0.128489  0.004636 -0.101972  0.049375  0.189416  0.162722 -0.049017  0.073021 -0.047657 -0.532478  0.041981  0.044475  0.063388  0.118805 -0.008974  0.051747 -0.204245
-0.000001  0.000001  0.000001 -0.000000 -0.000001 -0.000000  0.000001  0.707107  0.000000  0.000000 -0.000000  0.000001  0.000000 -0.000001  0.000001 -0.000000  0.098695 -0.000000  0.000000 -0.047449 -0.330757 -0.053295  0.236196  0.236716 -0.015983  0.121877  0.089433 -0.100507 -0.065823  0.115869  0.210505  0.279549 -0.097694 -0.168299  0.148789 -0.060869 -0.163719
-0.000003 -0.000001 -0.000001 -0.000001 -0.000000  0.000000 -0.000002  0.000000  0.000000  0.000005  0.000001 -0.000001  0.000001  0.000001  0.000000 -0.000000 -0.098690  0.000001 -0.707107  0.248891 -0.244516 -0.054050  0.050889  0.228368  0.317393 -0.201530  0.159431  0.009008  0.198183 -0.042982  0.027380 -0.089503 -0.059534  0.158060 -0.076356  0.067197  0.235062
-0.000001 -0.000000 -0.000002  0.000000  0.000001 -0.000000 -0.000001  0.000001 -0.000001 -0.707108 -0.000000 -0.000000  0.000000 -0.000002 -0.000000  0.000000  0.098695 -0.000000 -0.000002 -0.014757  0.090537  0.052932  0.008477  0.161888  0.178836 -0.232231  0.069286  0.219709 -0.307887  0.048560 -0.333387  0.068994 -0.228080 -0.021194 -0.055546 -0.035533 -0.209518
-0.000001  0.000001 -0.000000 -0.000000 -0.000001 -0.000000  0.000001 -0.000000  0.000000 -0.000000 -0.000001  0.000002 -0.000001  0.000001  0.000000 -0.707107  0.098697  0.000001 -0.000001  0.086109 -0.369487  0.104526 -0.075006 -0.089972 -0.131761 -0.003564 -0.063822  0.219233  0.039096  0.072413 -0.090252 -0.183875  0.139539  0.154827  0.017760 -0.377532 -0.130957
 0.000002 -0.000001 -0.000001 -0.707103  0.000000 -0.000002 -0.000001 -0.000000  0.000002 -0.000000 -0.000002 -0.000000  0.000001  0.000001 -0.000001 -0.000000  0.098696  0.000000  0.000001  0.130878  0.113683  0.229657  0.151068  0.111118 -0.223831  0.072540  0.177379  0.294401 -0.049620 -0.219478  0.168116 -0.202620 -0.143016 -0.069184  0.184991  0.066106  0.122559
-0.000001 -0.000000  0.000000 -0.000002 -0.000001 -0.000002 -0.000001 -0.000002 -0.707105  0.000001 -0.000000  0.000000  0.000001 -0.000001 -0.000000  0.000000  0.098696  0.000002 -0.000000 -0.137240 -0.111995  0.131803  0.067314 -0.019500  0.097763  0.181180 -0.228224  0.166691 -0.114221  0.263262  0.128239 -0.082077 -0.075903  0.264677 -0.125193  0.340201  0.039801
 0.000001 -0.000000  0.000001 -0.000000  0.000002 -0.000001  0.000001  0.000002  0.000001  0.000001  0.000001  0.000001  0.000000  0.707106  0.000001  0.000001  0.098695  0.000001 -0.000000 -0.093806 -0.011646 -0.274089 -0.290124  0.141776 -0.169154 -0.018436  0.243459  0.092889 -0.236278  0.046675  0.054405  0.119808  0.180158  0.225309  0.088382  0.045639  0.191416
-0.000001  0.000000  0.000000  0.000000  0.000001 -0.000000 -0.000001 -0.000001  0.707109  0.000000 -0.000001 -0.000001  0.000001 -0.000002  0.000000  0.000001  0.098696  0.000001  0.000000 -0.137239 -0.111992  0.131804  0.067314 -0.019502  0.097765  0.181179 -0.228222  0.166690 -0.114221  0.263261  0.128237 -0.082075 -0.075901  0.264677 -0.125193  0.340199  0.039799
 0.707109  0.000000 -0.000001 -0.000001  0.000001 -0.000000  0.000000  0.000001 -0.000001 -0.000001 -0.000000  0.000001 -0.000001 -0.000001  0.000000 -0.000001 -0.098694 -0.000001 -0.000002 -0.238022 -0.156125  0.294137 -0.125812 -0.143079 -0.032120  0.133618  0.248926 -0.085035  0.088396  0.025272 -0.233338  0.143516 -0.243932  0.029852  0.049182 -0.022717  0.226948
-0.000001  0.000000  0.000002  0.000000 -0.000000 -0.707109 -0.000001  0.000001 -0.000001 -0.000001  0.000001  0.000001  0.000001  0.000001  0.000000 -0.000000 -0.098693  0.000001 -0.000002  0.303954  0.102182 -0.102519 -0.056382 -0.260184  0.134217  0.235774  0.218189  0.219494  0.113324  0.109650  0.036466  0.201885 -0.049366  0.094982  0.086261  0.056066 -0.218310
-0.000000 -0.707109  0.000001  0.000001  0.000001  0.000001  0.000001 -0.000000  0.000001 -0.000001 -0.000003 -0.000001  0.000000  0.000000  0.000001 -0.000001 -0.098694  0.000000  0.000000  0.193243 -0.140742  0.058458 -0.202152  0.054170 -0.251436 -0.163452 -0.125505 -0.182804  0.022331 -0.021845 -0.097730 -0.023801 -0.125465  0.093365  0.247732  0.317358 -0.221685
 0.000000  0.000000 -0.000001  0.000000  0.000000 -0.000001 -0.000001 -0.000000 -0.000000 -0.000001 -0.000000  0.000002  0.000000 -0.000000 -0.000002 -0.000001  0.098696 -0.707109  0.000000 -0.079108  0.039371  0.085619 -0.286793  0.273662 -0.018852  0.127287  0.183767  0.029004  0.257153  0.123905  0.013666 -0.155978  0.073830 -0.209177 -0.237504  0.102589 -0.211359
-0.000003  0.000001 -0.000000 -0.000000 -0.000001  0.000001 -0.000001 -0.000000  0.000000 -0.000000  0.000001 -0.707107  0.000003  0.000001 -0.000001  0.000001 -0.098694 -0.000001  0.000001  0.108063 -0.151327  0.031164 -0.133189 -0.177308 -0.172004 -0.180548  0.004780  0.087656 -0.144385 -0.086175  0.246518  0.159721 -0.144926 -0.150915 -0.419627  0.023848  0.025569
-0.000001  0.000000 -0.000000 -0.000000 -0.000000 -0.000001 -0.000001  0.000002 -0.000000 -0.000001 -0.000000  0.000003 -0.707106  0.000000  0.000000 -0.000000  0.098693 -0.000002  0.000002 -0.084732  0.209276  0.212969  0.074154  0.103913 -0.103752 -0.214283  0.000879 -0.013652  0.249194 -0.017561  0.156023  0.277634  0.004210  0.354743 -0.067647 -0.114972 -0.115225
-0.000000 -0.000001  0.000003 -0.000000  0.000001 -0.000000 -0.000001 -0.000000 -0.000001 -0.000002  0.707109  0.000001  0.000000 -0.000000 -0.000001  0.000003  0.098691 -0.000001  0.000001  0.056684 -0.005307  0.333581 -0.226516 -0.071768  0.278325 -0.155424 -0.058244  0.023808 -0.091683  0.053508  0.169164  0.125855  0.252841 -0.186247  0.230907  0.028232  0.072403
 0.000001  0.000001  0.000001  0.000000  0.000001  0.000000 -0.000001 -0.000001  0.000000 -0.000000 -0.000001 -0.000000  0.000001 -0.000001 -0.000001 -0.707106 -0.098696 -0.000001  0.000000 -0.086109  0.369486 -0.104525  0.075003  0.089970  0.131764  0.003561  0.063821 -0.219232 -0.039099 -0.072412  0.090256  0.183876 -0.139537 -0.154830 -0.017758  0.377534  0.130958
-0.000001  0.000002 -0.000000  0.000001 -0.000000  0.000001 -0.707105 -0.000000  0.000000 -0.000001 -0.000002  0.000002  0.000000  0.000000  0.000001 -0.000001  0.098695  0.000001 -0.000000  0.226874  0.012765  0.012296 -0.080623  0.212815 -0.078788  0.220347 -0.319254  0.126707  0.095742 -0.083065 -0.221180  0.301033  0.017826 -0.076022 -0.070249 -0.016164  0.216902
 0.000001  0.000000  0.000000 -0.000000  0.000001 -0.000000  0.000001 -0.000000 -0.000001 -0.000000  0.000000 -0.707107 -0.000005 -0.000001  0.000001 -0.000002  0.098695  0.000000 -0.000001 -0.108064  0.151326 -0.031162  0.133187  0.177309  0.172002  0.180550 -0.004778 -0.087657  0.144389  0.086178 -0.246519 -0.159717  0.144927  0.150916  0.419627 -0.023849 -0.025569
-0.000000  0.000002  0.000001  0.000001  0.000000 -0.000001  0.000001 -0.707106  0.000001 -0.000001  0.000000  0.000002 -0.000001 -0.000000 -0.000001  0.000001  0.098695  0.000001 -0.000001 -0.047450 -0.330757 -0.053296  0.236194  0.236717 -0.015983  0.121877  0.089435 -0.100507 -0.065823  0.115867  0.210506  0.279552 -0.097693 -0.168297  0.148790 -0.060871 -0.163721
-0.000000 -0.000000  0.000001 -0.000001  0.000001  0.000002  0.000002  0.000001  0.000000 -0.000003  0.000000  0.000000 -0.000004 -0.000001  0.000000  0.000000  0.098690 -0.000000 -0.707107 -0.248892  0.244516  0.054051 -0.050891 -0.228367 -0.317393  0.201530 -0.159431 -0.009009 -0.198182  0.042979 -0.027377  0.089502  0.059535 -0.158059  0.076354 -0.067196 -0.235063
 0.000002  0.000001 -0.000001  0.000000 -0.000001  0.000001  0.000000 -0.000001 -0.000000 -0.000003 -0.000000 -0.000001  0.000001  0.707108 -0.000001 -0.000001 -0.098693 -0.000001 -0.000000  0.093804  0.011647  0.274089  0.290123 -0.141773  0.169155  0.018436 -0.243460 -0.092890  0.236276 -0.046673 -0.054407 -0.119806 -0.180158 -0.225308 -0.088382 -0.045638 -0.191416
 0.000000 -0.000000  0.000001 -0.707111  0.000000  0.000001  0.000000 -0.000000  0.000000  0.000000 -0.000000  0.000001 -0.000001 -0.000001  0.000001  0.000000 -0.098694 -0.000000  0.000001 -0.130874 -0.113682 -0.229655 -0.151066 -0.111115  0.223829 -0.072540 -0.177378 -0.294399  0.049619  0.219474 -0.168113  0.202619  0.143017  0.069182 -0.184989 -0.066105 -0.122559
-0.000000 -0.000000  0.000000  0.000002  0.000000 -0.000003  0.000001 -0.000000 -0.000001 -0.000003 -0.707105 -0.000000  0.000000 -0.000000  0.000002  0.000004  0.098691 -0.000001  0.000000  0.056683 -0.005307  0.333580 -0.226517 -0.071770  0.278328 -0.155424 -0.058244  0.023808 -0.091684  0.053507  0.169167  0.125856  0.252844 -0.186249  0.230908  0.028229  0.072405
-0.000001 -0.000000  0.000000  0.000000 -0.000001  0.000000 -0.000001 -0.000001 -0.000001  0.000001  0.000000 -0.000001  0.000001  0.000000 -0.000002  0.000000 -0.098697 -0.707105 -0.000001  0.079108 -0.039374 -0.085623  0.286793 -0.273663  0.018853 -0.127286 -0.183770 -0.029000 -0.257154 -0.123905 -0.013666  0.155978 -0.073831  0.209178  0.237507 -0.102589  0.211361
-0.000000  0.000002 -0.000002  0.000001 -0.000000 -0.000001 -0.000001  0.000002  0.000000  0.000000 -0.000001 -0.000001 -0.000000 -0.000000 -0.707105  0.000000 -0.098694  0.000003  0.000001 -0.196588 -0.128491  0.004636 -0.101977  0.049377  0.189415  0.162721 -0.049021  0.073020 -0.047656 -0.532480  0.041980  0.044476  0.063389  0.118807 -0.008970  0.051749 -0.204247
 0.000000 -0.000000  0.000000 -0.000000  0.000000 -0.000000 -0.000000 -0.000000 -0.000000  0.000000 -0.000000  0.000000  0.000000 -0.000000  0.000000  0.000000  0.805816 -0.000000 -0.000000  0.022668 -0.071720 -0.214334 -0.109757 -0.303024  0.110987 -0.059269  0.013792 -0.150013  0.173053 -0.205655  0.004814 -0.039460 -0.276149 -0.009922  0.013200  0.075566  0.024629
-0.000000  0.000001 -0.000001 -0.000000 -0.000003  0.000000  0.000000 -0.000001  0.000001 -0.000000  0.000001 -0.000001 -0.707107  0.000001 -0.000001  0.000001 -0.098695  0.000001  0.000001  0.084736 -0.209278 -0.212969 -0.074153 -0.103914  0.103752  0.214279 -0.000879  0.013655 -0.249194  0.017560 -0.156020 -0.277633 -0.004212 -0.354743  0.067643  0.114976  0.115228
-0.000001  0.000002 -0.000000  0.000000 -0.000003 -0.000000  0.707109  0.000000  0.000000  0.000001  0.000000  0.000001 -0.000000 -0.000001  0.000000 -0.000001  0.098693  0.000000 -0.000000  0.226873  0.012766  0.012297 -0.080623  0.212815 -0.078785  0.220344 -0.319252  0.126709  0.095741 -0.083065 -0.221178  0.301031  0.017822 -0.076021 -0.070251 -0.016163  0.216902
-0.000001 -0.707105 -0.000000  0.000001 -0.000002  0.000000 -0.000000 -0.000000 -0.000001  0.000001  0.000002 -0.000001 -0.000001  0.000000 -0.000004 -0.000001  0.098695 -0.000000  0.000000 -0.193243  0.140740 -0.058458  0.202155 -0.054169  0.251436  0.163456  0.125505  0.182805 -0.022329  0.021844  0.097729  0.023805  0.125466 -0.093368 -0.247734 -0.317359  0.221686
-0.707105  0.000001 -0.000000 -0.000003  0.000001 -0.000002 -0.000000 -0.000000 -0.000000  0.000000 -0.000000  0.000003  0.000000  0.000001 -0.000000 -0.000001 -0.098695 -0.000000  0.000001 -0.238026 -0.156123  0.294139 -0.125812 -0.143079 -0.032122  0.133617  0.248928 -0.085038  0.088397  0.025272 -0.233341  0.143513 -0.243932  0.029850  0.049186 -0.022717  0.226950
 0.000000  0.000000 -0.000000  0.000000  0.707106  0.000001  0.000003  0.000000 -0.000002  0.000002 -0.000001  0.000000 -0.000001 -0.000000 -0.000001 -0.000000  0.098695 -0.000002  0.000000  0.003706 -0.121844  0.064414  0.291037 -0.122887 -0.109047 -0.090286  0.177365  0.046291  0.035183 -0.070808 -0.240552  0.107796  0.376368 -0.052847 -0.113112  0.289437 -0.032448
-0.000000 -0.000002  0.000000  0.000000  0.707107 -0.000001 -0.000000  0.000001  0.000000 -0.000002  0.000000 -0.000000 -0.000002 -0.000001  0.000000 -0.000000 -0.098695  0.000000  0.000001 -0.003704  0.121842 -0.064416 -0.291034  0.122887  0.109047  0.090287 -0.177368 -0.046290 -0.035182  0.070807  0.240552 -0.107796 -0.376367  0.052845  0.113110 -0.289438  0.032449
 0.805816
