5 42
 0.000000  0.037328 -0.000000 -0.000000 -0.315239 -0.006779  0.113900  0.055861  0.159196 -0.241185  0.142937 -0.073517  0.135370  0.350248 -0.009490  0.029255  0.138154  0.106327  0.077346  0.046778 -0.104840 -0.012820  0.092511  0.098072  0.062370 -0.088933  0.125691  0.179043 -0.294941  0.186186  0.111416  0.176424  0.235273  0.143177  0.008465  0.308833 -0.288846  0.165850  0.117637 -0.138085 -0.051771  0.145700
-0.000000 -0.000000  0.352567 -0.000000  0.000000  0.025922  0.184545 -0.081016 -0.105612  0.381862 -0.078614  0.050316  0.259255  0.181384  0.016271 -0.278628  0.022871  0.062994 -0.148619  0.040478  0.104236 -0.102990  0.086418 -0.017346  0.194853 -0.200839 -0.023324 -0.194024  0.073943  0.071545  0.080747  0.234700  0.139978 -0.087516 -0.048027 -0.205702 -0.021262 -0.192278  0.007639 -0.353152 -0.102428  0.002213
 0.000000  0.352567 -0.000000  0.000000  0.000000  0.021147 -0.033452  0.020983  0.258469  0.101730 -0.223682  0.058069 -0.034337  0.014089 -0.201733  0.266404  0.227147  0.061011 -0.048954 -0.011030 -0.208870 -0.037565  0.105606  0.048936 -0.033903  0.051323  0.036674 -0.106409 -0.014045 -0.020437 -0.332338  0.044046  0.100797 -0.166409  0.329961 -0.090998 -0.245300 -0.099917  0.019726 -0.039955  0.003415 -0.396293
-0.000000 -0.000000  0.000000 -0.352567  0.000000 -0.088966  0.097397 -0.020121  0.342762 -0.307506 -0.132913  0.121691  0.078072  0.015330  0.105334 -0.191856  0.272673 -0.160058 -0.177953  0.055998 -0.017973  0.002649 -0.100015  0.009394  0.075027  0.073208  0.189813 -0.159001 -0.003405  0.231749  0.019078 -0.180285 -0.031588 -0.014991 -0.321849 -0.017370  0.280318 -0.002734 -0.018113 -0.067459  0.076876 -0.246112
-0.299777 -0.000000 -0.000000  0.052790  0.000000  0.097970  0.204102 -0.044023  0.171728  0.246301 -0.050516  0.007093 -0.066633 -0.066367  0.244063  0.021704  0.100197 -0.161082  0.019458  0.078864  0.207367  0.069039 -0.022477 -0.102712 -0.160403 -0.196352  0.055579 -0.013150  0.044828  0.170467  0.132866  0.099995 -0.168572  0.371059  0.269488  0.034220  0.038175  0.083418  0.378029  0.208420 -0.052963 -0.165466
 0.000000 -0.352567  0.000000 -0.000000  0.000000  0.102385 -0.087002 -0.013598 -0.228381 -0.071850 -0.155502 -0.050246  0.218751  0.230048  0.007476  0.338969  0.288186 -0.177275 -0.051126 -0.275702 -0.145917  0.037804  0.011777 -0.058788 -0.311943  0.041804  0.070488 -0.145341  0.118847 -0.044826  0.105269  0.144222 -0.307952 -0.066720 -0.098258  0.063856 -0.102748 -0.122267  0.088637 -0.128802  0.043969  0.014720
 0.352567 -0.000000  0.000000 -0.000000  0.000000 -0.151458  0.162278 -0.078370 -0.206465 -0.197475 -0.307010 -0.022198 -0.028479 -0.116546  0.224841 -0.256089 -0.054950 -0.019649  0.128124  0.165909 -0.053801  0.071926  0.326104 -0.015147 -0.207909  0.009198 -0.126339  0.068376 -0.234191 -0.024161 -0.178309  0.235519 -0.217499  0.148973  0.058498  0.069829  0.007900 -0.047681 -0.119468 -0.066071 -0.113263 -0.182080
 0.000000 -0.000000  0.052790  0.000000 -0.299777 -0.206434 -0.111103  0.225582  0.127140 -0.122656  0.094991 -0.123263 -0.091463  0.040111 -0.007655  0.303202  0.068215 -0.084590 -0.025480  0.102542  0.256322 -0.040757  0.000668 -0.150129  0.192770  0.055560 -0.400157 -0.113541 -0.180236  0.044455  0.091511  0.267532 -0.190785 -0.034970 -0.061058 -0.376737  0.064839  0.011546 -0.062424  0.049313 -0.094831 -0.024953
 0.299777 -0.000000 -0.000000  0.052790  0.000000  0.166231 -0.218009  0.167182 -0.000646  0.026136 -0.103097  0.049911 -0.039093 -0.145627  0.129669  0.112480 -0.063331  0.005924  0.111150  0.068783 -0.281578  0.168824 -0.174996  0.103557  0.222743 -0.242977  0.180692 -0.027115 -0.015113 -0.049457  0.219194  0.017651 -0.066033 -0.154445  0.016241 -0.049604  0.157554  0.238612  0.218303 -0.150455 -0.425453 -0.104378
-0.000000 -0.000000 -0.000000 -0.352567  0.000000  0.049287 -0.392770 -0.023464 -0.214856  0.076142 -0.037189 -0.109470  0.071177 -0.106571  0.185402  0.132767  0.050333  0.197236  0.263423  0.154224  0.101846 -0.112879  0.115537 -0.087893 -0.076987  0.177805  0.067978 -0.097524 -0.001003  0.005875  0.176865 -0.039321  0.325525  0.265721  0.026447 -0.125092 -0.004726  0.104532  0.038307 -0.185727  0.231925 -0.166549
 0.000000 -0.000000  0.352567  0.000000 -0.000000  0.035327 -0.136611  0.231950 -0.010463 -0.143234 -0.287738 -0.258332  0.126470  0.119299  0.061076 -0.012551 -0.128334  0.129779 -0.083540 -0.084759  0.249554  0.390862 -0.112513 -0.289113  0.055544 -0.166784  0.087787 -0.095490 -0.058840 -0.077173 -0.209131 -0.058766  0.131925 -0.082453  0.069332  0.208683  0.044906  0.017419 -0.007573  0.208969  0.126329 -0.006978
-0.000000 -0.000000  0.000000  0.352567 -0.000000 -0.481363 -0.089488  0.134267 -0.142017  0.106723 -0.024614  0.209248  0.240888  0.051102  0.204743  0.022899  0.335087  0.028084 -0.044672  0.130485 -0.050249 -0.043239 -0.085949  0.016418 -0.001755  0.175419  0.006935 -0.172580  0.004009  0.016314 -0.057943 -0.230945  0.118334  0.102815  0.204944  0.105147  0.151815  0.072140 -0.091459  0.074673 -0.170818  0.167894
-0.000000  0.352567  0.000000 -0.000000 -0.000000 -0.076502 -0.079420 -0.053453 -0.026428 -0.177522 -0.000515  0.134350 -0.073902 -0.175616  0.138789  0.090205 -0.155591 -0.014398 -0.070020 -0.105758  0.202047  0.140474  0.112877  0.120222 -0.109511 -0.075483 -0.124425 -0.302676  0.192557  0.278070  0.390555 -0.057560 -0.014695 -0.150473  0.043800  0.278303 -0.254353 -0.146519 -0.143478 -0.081839 -0.074321  0.047215
-0.000000  0.000000 -0.000000  0.000000  0.352567  0.016348  0.186619 -0.129812 -0.074447 -0.121473  0.152077 -0.207719 -0.002978  0.140682  0.428775  0.261976 -0.011841  0.171906  0.096704  0.128466 -0.140459 -0.225294 -0.215199 -0.048590  0.299831 -0.196015 -0.044297 -0.025519 -0.052697  0.134326 -0.097831 -0.110063 -0.184774 -0.051390  0.077633  0.024770 -0.104833 -0.153932 -0.127365 -0.005494  0.132578 -0.069410
 0.000000 -0.000000  0.352567 -0.000000  0.000000 -0.105428 -0.277608  0.019785  0.105034  0.059229  0.012595  0.072083  0.025810 -0.212686  0.047346 -0.168589  0.160207 -0.227812  0.049345 -0.223670 -0.051915  0.053577 -0.073349  0.238408  0.246270 -0.045888  0.058135  0.235943 -0.129936 -0.067626  0.101944  0.025234 -0.282229  0.145465  0.204337 -0.016417 -0.179004  0.001972 -0.168456 -0.092258  0.353400  0.043570
 0.000000 -0.000000  0.352567  0.000000 -0.000000 -0.079294  0.085153 -0.024197  0.001539 -0.131548  0.364338  0.147163 -0.013827 -0.012294  0.039251  0.258702  0.094052 -0.179479  0.128120  0.099905  0.009246  0.180458  0.288950 -0.017666 -0.106625 -0.246649  0.040258  0.206590  0.098462 -0.286659 -0.013601 -0.220113  0.185252  0.064803 -0.130211 -0.047329  0.089060 -0.271918 -0.000004 -0.012113 -0.128276 -0.154773
 0.000000 -0.000000  0.000000  0.000000  0.352567 -0.152830 -0.109299 -0.152900 -0.218483 -0.095520  0.081485 -0.244890 -0.142853  0.215702 -0.351546 -0.028651  0.126504  0.056657 -0.137220  0.060845 -0.008364  0.276210 -0.014078  0.392268  0.090656 -0.018640 -0.010058 -0.077391 -0.028090  0.122240  0.146704  0.181730  0.071243  0.201942  0.065705 -0.040382  0.169558 -0.065636  0.033897  0.174237 -0.047685 -0.162629
 0.000000  0.000000  0.352567 -0.000000 -0.000000  0.029488  0.139172  0.065733 -0.255048 -0.321544 -0.031104  0.086147 -0.384107 -0.120168 -0.004659 -0.098218  0.169228  0.031756  0.097177 -0.128537  0.106555 -0.240395 -0.299480  0.081853 -0.128433  0.058181  0.127266 -0.137529  0.033456  0.037935 -0.156619  0.026837  0.122845  0.034912 -0.013837 -0.217646 -0.234623  0.065342  0.194606  0.034199 -0.150619  0.117488
 0.000000  0.000000  0.352567  0.000000  0.000000 -0.087653 -0.139898 -0.033701  0.137249  0.031630  0.042733 -0.150576  0.178122  0.151227 -0.054388  0.002215 -0.336816 -0.104816 -0.024746  0.130402 -0.047650 -0.412856  0.038511  0.253590 -0.158130  0.033422 -0.062210 -0.181438  0.105234 -0.126127 -0.030072 -0.073714 -0.167522  0.052325 -0.133618  0.179964 -0.072132  0.307763  0.019769  0.173219 -0.105254 -0.214897
 0.000000  0.352567  0.000000  0.000000  0.000000  0.035313 -0.076275 -0.069982  0.051189 -0.019268  0.016029 -0.100150  0.173605  0.029652 -0.009806 -0.138005  0.215135 -0.013176  0.465163  0.225771  0.009899  0.092683 -0.002102 -0.031652  0.140365  0.160517  0.111765 -0.018085  0.359516 -0.085226 -0.066904  0.255361 -0.190565 -0.089268 -0.199283  0.042653 -0.034078 -0.128618  0.121071  0.222848 -0.007921  0.210726
 0.000000 -0.352567 -0.000000 -0.000000 -0.000000 -0.044127 -0.064595  0.055886  0.014873 -0.119639 -0.185201  0.119697  0.212910 -0.194412 -0.097583  0.072586 -0.004561  0.184191  0.029220  0.071394  0.152689 -0.004675  0.016233  0.199505  0.191084 -0.010198 -0.327936  0.324887  0.338413  0.291579 -0.189882 -0.074031  0.028407  0.007330 -0.028443  0.081859 -0.121989 -0.079921  0.259621 -0.033589 -0.051214 -0.102437
 0.000000 -0.000000  0.352567 -0.000000  0.000000  0.047080 -0.032949  0.061528 -0.018769  0.174625 -0.108545 -0.052634 -0.253873 -0.023394  0.058472  0.092134 -0.000657 -0.065451 -0.034451  0.200578 -0.257056 -0.103581  0.094233  0.003884 -0.122518  0.240102 -0.086447  0.182074 -0.164037  0.313109  0.139994  0.034468  0.080000 -0.317853 -0.001148  0.180822  0.271084 -0.202156  0.192517  0.113487  0.158849  0.161949
-0.352567  0.000000  0.000000 -0.000000 -0.000000  0.063062 -0.314262 -0.158150 -0.018285 -0.269657 -0.005047 -0.176243 -0.082990  0.008253 -0.099645 -0.079700 -0.040727 -0.230573 -0.056256  0.139413 -0.028377 -0.144263  0.150227 -0.181595  0.038043 -0.108212  0.093116  0.040865  0.140143  0.131855 -0.224605 -0.005146 -0.067468  0.000030  0.301567  0.034351  0.199144  0.014645 -0.092460 -0.342132 -0.233430  0.195838
-0.352567 -0.000000  0.000000  0.000000 -0.000000  0.012114  0.114513  0.461654 -0.003301 -0.060496 -0.073197 -0.059947  0.039482  0.046322  0.115486 -0.041222 -0.218423  0.178118  0.152715 -0.243085 -0.241833  0.054206  0.370066  0.226834  0.083157  0.106878  0.145404 -0.113572  0.020733  0.112942 -0.007628 -0.103450 -0.111982  0.136831 -0.027726 -0.254203  0.062587 -0.132711 -0.027319  0.061486 -0.064070  0.056048
 0.000000 -0.000000 -0.352567  0.000000 -0.000000 -0.138171 -0.213822  0.307944 -0.087561  0.053801 -0.067031 -0.104814 -0.088828  0.087522  0.147305 -0.157266  0.011076 -0.352313  0.019362  0.034957  0.147521 -0.244210  0.002766  0.232080 -0.022409 -0.347661  0.035468 -0.022717 -0.084819 -0.112769 -0.100275  0.028891  0.188142 -0.157042 -0.093940  0.058756 -0.069791 -0.278535  0.195528  0.055110  0.124684 -0.037036
 0.000000  0.000000  0.000000  0.352567  0.000000 -0.005600 -0.071955 -0.046996  0.043950  0.088880 -0.045855 -0.106428 -0.080692  0.049420  0.080791  0.072529  0.071313  0.130199  0.130709 -0.216625  0.377288 -0.165775  0.035391  0.053237 -0.071964  0.072597  0.371156  0.321715  0.024266  0.198264  0.039975  0.112224  0.001494 -0.157925 -0.160975  0.002804  0.143595  0.037417 -0.299627 -0.017999 -0.122070 -0.283961
-0.000000 -0.000000  0.000000  0.352567  0.000000  0.341941 -0.235203 -0.253782  0.197708 -0.264992 -0.282942  0.290190 -0.028089  0.299244  0.177614 -0.050180 -0.057093  0.079122 -0.049489  0.078566  0.013372 -0.061177  0.036024  0.100394  0.011489  0.014730 -0.139851 -0.006461 -0.048459 -0.172470  0.148566 -0.043319  0.100970  0.125465  0.000246 -0.225676  0.042549 -0.145981  0.025179  0.127659  0.094196  0.076477
 0.000000 -0.000000  0.000000 -0.000000 -0.352567  0.307428 -0.149636  0.132079 -0.240571  0.163237  0.061175 -0.078706 -0.183419  0.095385  0.006961 -0.204239  0.236730  0.051458 -0.177836  0.209312 -0.163588  0.050955 -0.027641 -0.065448  0.011573 -0.094208 -0.084990  0.050900  0.136219  0.157944 -0.010321 -0.243697 -0.123296  0.133545 -0.132389  0.033365 -0.211789 -0.065874 -0.301018  0.192257 -0.105924 -0.179926
 0.000000  0.037328  0.000000 -0.000000  0.315239  0.200893  0.164511  0.285566 -0.094735 -0.190072 -0.113361  0.031480  0.327143 -0.083198 -0.278874 -0.065547  0.113466 -0.204837  0.104783  0.129428  0.029274 -0.221735  0.044329 -0.183212 -0.031692 -0.075701 -0.046519  0.141811 -0.074842  0.051267  0.355219 -0.049285  0.092340 -0.103616  0.179965 -0.101442 -0.066535  0.097333 -0.198868  0.206360 -0.035900 -0.045567
 0.000000 -0.352567 -0.000000 -0.000000 -0.000000  0.013564  0.050126  0.047332 -0.019220  0.001487  0.071360  0.351408 -0.224574  0.113477  0.056594  0.046277 -0.068774 -0.169622  0.143547  0.137547 -0.052299  0.094629  0.183840  0.000352  0.180483 -0.048713  0.113698 -0.227492  0.236030  0.101994 -0.102995  0.308900  0.153938 -0.143560  0.101933  0.067653 -0.025702  0.285378 -0.242971  0.152347  0.234570 -0.065043
 0.000000  0.352567  0.000000  0.000000 -0.000000  0.073931  0.100233  0.175155 -0.230600 -0.090121  0.020480  0.058378 -0.066958  0.206828  0.156620 -0.023726  0.022439 -0.127485 -0.118518 -0.324013 -0.080538 -0.096775 -0.031138 -0.076301  0.169030  0.136638 -0.301146  0.211528  0.295332 -0.133194  0.011272  0.135513  0.092720  0.115923  0.023015  0.179143  0.254896  0.185690  0.090859 -0.126421  0.089208 -0.202889
-0.352567  0.000000 -0.000000 -0.000000  0.000000 -0.146768  0.103905 -0.280340 -0.032918  0.105657 -0.423625 -0.193190 -0.063350 -0.130049  0.083891  0.132247  0.055056 -0.232653  0.111001 -0.081002 -0.192909  0.101258 -0.030916  0.029446  0.135629 -0.068771 -0.177155  0.066218 -0.051802 -0.077935  0.052065 -0.018582  0.278925  0.001191 -0.313960 -0.019065 -0.152735  0.183618 -0.176010  0.070210 -0.147198  0.053818
 0.315239  0.037328 -0.000000  0.000000  0.000000  0.207686 -0.084189 -0.201472 -0.025504  0.079694  0.195381 -0.095841  0.202603  0.055547  0.104977 -0.021813 -0.029688 -0.366319  0.134181 -0.337000  0.034528  0.077126  0.126950  0.013802  0.063354  0.102535 -0.108662 -0.098671 -0.122843  0.386435 -0.246531 -0.172172  0.153982  0.005791  0.055542 -0.174757 -0.001173  0.054991  0.075577  0.187838 -0.113508  0.056112
-0.315239  0.037328 -0.000000  0.000000 -0.000000  0.122849 -0.086739 -0.108340 -0.122901 -0.086777  0.232428  0.044440  0.154738 -0.150099  0.159686 -0.170748  0.275324  0.265965 -0.036146 -0.055607  0.010024  0.065015  0.157536  0.168127 -0.158238 -0.185436 -0.215050 -0.041723 -0.195427 -0.070057 -0.088091  0.053007 -0.067051 -0.420736 -0.022491 -0.039437  0.111677  0.306688  0.092240  0.077834  0.075876 -0.072489
-0.000000 -0.000000  0.000000  0.352567  0.000000  0.024359 -0.073649  0.051663  0.070310 -0.155529  0.207319 -0.163419  0.207045 -0.423907  0.097251 -0.016666 -0.092626 -0.032375 -0.295259  0.032530 -0.297607 -0.013783 -0.091550 -0.122011 -0.091011  0.003224  0.090110 -0.060519  0.099050  0.099103 -0.044555  0.360231  0.231436  0.160345 -0.164886 -0.076398 -0.047785 -0.104508 -0.001966  0.045511  0.132806 -0.096556
-0.000000 -0.000000 -0.052790  0.000000 -0.299777 -0.182305  0.126824 -0.227640 -0.263615 -0.141230 -0.033934 -0.130067  0.086708  0.012379  0.099626 -0.015165 -0.135651 -0.089370 -0.266424  0.098808  0.025573  0.021261  0.134260 -0.006337  0.215277  0.183829  0.307767  0.145892  0.107618 -0.103990  0.181930 -0.134825 -0.043142 -0.257196  0.211229 -0.218996 -0.150087  0.042800  0.224554  0.164463  0.087618 -0.121071
 0.000000 -0.000000  0.000000 -0.352567  0.000000 -0.246525 -0.247122 -0.143251 -0.000069  0.010751 -0.001562  0.262168  0.028069  0.042828  0.024752 -0.035830 -0.052627  0.209641 -0.075809 -0.292814 -0.179047 -0.220794  0.020738 -0.259657  0.017334 -0.213350  0.064938  0.147125 -0.000874  0.046802  0.048684  0.215966  0.012220  0.034201  0.035751  0.006651  0.015195 -0.148535 -0.018499  0.412877 -0.231236  0.031598
 0.000000  0.352567  0.000000  0.000000  0.000000 -0.037616 -0.023936  0.013570 -0.276472  0.041588 -0.130081  0.280104  0.121876  0.055896 -0.114875  0.287184 -0.146926 -0.047604 -0.135692  0.171180  0.035219  0.038726 -0.018000  0.069616 -0.099557 -0.263895  0.159273  0.148591 -0.067224  0.250897 -0.204170  0.000886 -0.157753  0.127020 -0.245710 -0.195013  0.054323  0.206398  0.007942 -0.020035  0.230211  0.179613
 0.000000 -0.000000 -0.000000 -0.352567  0.000000  0.205101  0.070118  0.090428  0.067730  0.036487  0.002571 -0.036263  0.146003 -0.007470  0.300870  0.143592 -0.008178 -0.065021 -0.248815  0.129655  0.126867  0.082665 -0.171911  0.386320 -0.159280  0.162526  0.040998  0.185527  0.088597 -0.125097 -0.105870  0.219447  0.110949 -0.021798  0.181763 -0.060616  0.028693 -0.045978 -0.280280  0.078832 -0.215084  0.204514
 0.352567  0.000000 -0.000000 -0.000000 -0.000000 -0.054031  0.098506  0.005225  0.211440  0.011333 -0.117027 -0.318160 -0.144592 -0.075409  0.021073  0.057062  0.262617  0.157882 -0.150921 -0.090412 -0.015494 -0.156398  0.320304  0.052433 -0.059171 -0.297142 -0.013799 -0.012073  0.329332 -0.030143  0.066404 -0.091343  0.032157  0.054531  0.046939 -0.116481  0.100494  0.206325 -0.025612  0.062418  0.154615  0.320856
-0.000000 -0.000000  0.000000 -0.000000  0.352567  0.160501 -0.099460  0.078402 -0.019466  0.065887  0.022664  0.087982 -0.105668 -0.116542  0.065111  0.094607  0.141615 -0.019375 -0.347012  0.044083  0.188583 -0.068643  0.377206 -0.105182  0.322278  0.221114  0.124541 -0.031017 -0.184663 -0.133366 -0.081108  0.029384 -0.081278  0.088875 -0.236889  0.191104 -0.217079  0.072296  0.136703  0.036417 -0.169029  0.099695
-0.000000  0.000000 -0.000000 -0.000000  0.352567 -0.232810 -0.159381  0.129254  0.182829  0.044267  0.086026 -0.023359 -0.107432  0.287729  0.183683 -0.202497 -0.054814 -0.027423 -0.063038  0.073222 -0.083574  0.238902 -0.017763 -0.185478 -0.270138  0.091048 -0.079755  0.245624  0.143128  0.104756  0.036423 -0.030098  0.000412 -0.133638 -0.064494 -0.281824 -0.330692  0.188869  0.076595 -0.139112 -0.042112 -0.000726
 0.352567
