13 25
-0.000000 -0.000000  0.000000 -0.000000 -0.115938  0.707107  0.000000  0.000000  0.000000 -0.000000  0.000000 -0.000000  0.000000  0.006421 -0.011450 -0.282140 -0.047102 -0.075148  0.026746  0.152637 -0.265763 -0.364314  0.111876  0.392099 -0.072743
-0.000000 -0.000000 -0.000000  0.000000 -0.115938 -0.000000  0.000000  0.000000 -0.707107  0.000000 -0.000000 -0.000000  0.000000  0.208021 -0.140924  0.196574 -0.162009 -0.153825  0.061457  0.211121 -0.213640 -0.199774  0.006218 -0.403931 -0.194362
 0.000000  0.000000  0.000000 -0.000000 -0.115938  0.000000  0.000000  0.000000  0.000000  0.707107 -0.000000  0.000000  0.000000 -0.029446  0.113143 -0.108583 -0.433523  0.069169 -0.024281 -0.013273  0.341636 -0.163219 -0.332954  0.012945 -0.115004
 0.000000 -0.000000 -0.000000 -0.000000  0.115938  0.707107  0.000000  0.000000 -0.000000 -0.000000 -0.000000 -0.000000 -0.000000 -0.006421  0.011450  0.282140  0.047102  0.075148 -0.026746 -0.152637  0.265763  0.364314 -0.111876 -0.392099  0.072743
-0.000000 -0.000000 -0.000000  0.000000  0.115938 -0.000000 -0.000000  0.000000  0.000000 -0.000000 -0.707107 -0.000000 -0.000000 -0.054762  0.167514 -0.412760 -0.081072  0.053239  0.284346 -0.195799 -0.251111  0.133460 -0.038727 -0.253334 -0.099919
 0.000000 -0.707107 -0.000000  0.000000  0.115938 -0.000000 -0.000000  0.000000 -0.000000  0.000000  0.000000  0.000000  0.000000  0.053335 -0.437821  0.063032 -0.349036 -0.104917  0.182405 -0.194300 -0.075426  0.139804  0.014908  0.173123  0.169612
-0.000000 -0.000000  0.000000 -0.000000  0.115938  0.000000 -0.000000 -0.000000 -0.000000  0.707107 -0.000000  0.000000 -0.000000  0.029446 -0.113143  0.108583  0.433523 -0.069169  0.024281  0.013273 -0.341636  0.163219  0.332954 -0.012945  0.115004
 0.000000 -0.000000  0.000000 -0.000000  0.115938  0.000000  0.000000 -0.000000 -0.000000 -0.000000 -0.000000  0.707107  0.000000 -0.405043 -0.194482 -0.137132  0.109010 -0.401917  0.034755  0.193078  0.157019  0.039373 -0.076292 -0.064835 -0.133165
 0.000000 -0.000000 -0.707107 -0.000000 -0.115938  0.000000  0.000000  0.000000  0.000000  0.000000  0.000000 -0.000000 -0.000000  0.282451  0.046851 -0.198653  0.082229 -0.329531 -0.199451  0.003061 -0.074671  0.095659 -0.300968 -0.037589  0.321338
-0.000000 -0.000000  0.000000 -0.000000 -0.115938 -0.000000 -0.000000  0.000000 -0.000000  0.000000  0.000000 -0.000000 -0.707107 -0.142773 -0.291284 -0.118333  0.117247  0.107539 -0.297838 -0.385127 -0.027455 -0.264990 -0.005376 -0.184327 -0.002031
 0.000000 -0.000000 -0.000000 -0.000000  0.823045 -0.000000  0.000000  0.000000  0.000000 -0.000000 -0.000000 -0.000000 -0.000000  0.095925  0.095522 -0.039056 -0.101995  0.018096 -0.181708  0.103088  0.043189 -0.401320  0.042246 -0.127542  0.259607
 0.000000 -0.000000  0.000000 -0.000000  0.115938  0.000000  0.000000 -0.000000 -0.000000 -0.000000 -0.000000  0.000000 -0.707107  0.142773  0.291284  0.118333 -0.117247 -0.107539  0.297838  0.385127  0.027455  0.264990  0.005376  0.184327  0.002031
 0.000000 -0.000000  0.000000 -0.000000 -0.115938  0.000000  0.707107 -0.000000 -0.000000 -0.000000 -0.000000 -0.000000  0.000000 -0.380731  0.270230  0.255728 -0.150352 -0.139468  0.033093 -0.102833 -0.213449 -0.118827 -0.013828 -0.039246  0.296720
-0.707107 -0.000000 -0.000000  0.000000  0.115938  0.000000 -0.000000 -0.000000 -0.000000 -0.000000  0.000000  0.000000 -0.000000  0.088295  0.195011  0.099680 -0.116309 -0.311985 -0.261582 -0.286380 -0.048909  0.097087  0.132156  0.119317 -0.354931
 0.707107 -0.000000 -0.000000 -0.000000  0.115938  0.000000 -0.000000 -0.000000  0.000000 -0.000000 -0.000000 -0.000000 -0.000000  0.088295  0.195011  0.099680 -0.116309 -0.311985 -0.261582 -0.286380 -0.048909  0.097087  0.132156  0.119317 -0.354931
 0.000000 -0.000000 -0.000000  0.000000 -0.115938  0.000000 -0.707107 -0.000000 -0.000000 -0.000000  0.000000  0.000000  0.000000 -0.380731  0.270230  0.255728 -0.150352 -0.139468  0.033093 -0.102833 -0.213449 -0.118827 -0.013828 -0.039246  0.296720
 0.000000  0.707107 -0.000000 -0.000000  0.115938 -0.000000 -0.000000  0.000000 -0.000000 -0.000000  0.000000  0.000000  0.000000  0.053335 -0.437821  0.063032 -0.349036 -0.104917  0.182405 -0.194300 -0.075426  0.139804  0.014908  0.173123  0.169612
-0.000000 -0.000000  0.000000  0.000000 -0.115938  0.000000 -0.000000 -0.707107 -0.000000 -0.000000 -0.000000 -0.000000 -0.000000  0.151722  0.083540 -0.062073  0.070620 -0.226437  0.284890 -0.181547  0.340808 -0.197606  0.320977 -0.082451  0.131537
-0.000000 -0.000000  0.000000 -0.707107 -0.115938  0.000000 -0.000000 -0.000000  0.000000 -0.000000 -0.000000 -0.000000  0.000000 -0.073353 -0.000826 -0.208330 -0.276550  0.046351 -0.289664  0.198475  0.047408  0.198305  0.396053 -0.135939  0.137622
 0.000000  0.000000 -0.000000 -0.000000  0.115938  0.000000 -0.000000  0.000000 -0.707107  0.000000  0.000000 -0.000000  0.000000 -0.208021  0.140924 -0.196574  0.162009  0.153825 -0.061457 -0.211121  0.213640  0.199774 -0.006218  0.403931  0.194362
 0.000000 -0.000000  0.000000  0.000000  0.115938  0.000000  0.000000  0.000000 -0.000000 -0.000000  0.707107 -0.000000 -0.000000 -0.054762  0.167514 -0.412760 -0.081072  0.053239  0.284346 -0.195799 -0.251111  0.133460 -0.038727 -0.253334 -0.099919
-0.000000 -0.000000 -0.000000 -0.707107  0.115938 -0.000000 -0.000000 -0.000000  0.000000 -0.000000  0.000000 -0.000000  0.000000  0.073353  0.000826  0.208330  0.276550 -0.046351  0.289664 -0.198475 -0.047408 -0.198305 -0.396053  0.135939 -0.137622
 0.000000 -0.000000  0.707107 -0.000000 -0.115938 -0.000000 -0.000000  0.000000 -0.000000 -0.000000 -0.000000 -0.000000  0.000000  0.282451  0.046851 -0.198653  0.082229 -0.329531 -0.199451  0.003061 -0.074671  0.095659 -0.300968 -0.037589  0.321338
 0.000000 -0.000000  0.000000 -0.000000 -0.115938 -0.000000 -0.000000  0.000000 -0.000000 -0.000000  0.000000  0.707107 -0.000000  0.405043  0.194482  0.137132 -0.109010  0.401917 -0.034755 -0.193078 -0.157019 -0.039373  0.076292  0.064835  0.133165
-0.000000  0.000000 -0.000000 -0.000000 -0.115938  0.000000 -0.000000  0.707107  0.000000  0.000000 -0.000000 -0.000000 -0.000000  0.151722  0.083540 -0.062073  0.070620 -0.226437  0.284890 -0.181547  0.340808 -0.197606  0.320977 -0.082451  0.131537
 0.823045
