16 23
-0.000000 -0.000000  0.000000  0.707107 -0.000000 -0.067190 -0.000000  0.000000 -0.000000 -0.000000  0.000000  0.000000 -0.000000 -0.000000 -0.000000 -0.210108 -0.069959  0.014713  0.293882 -0.123491 -0.256681  0.460289  0.258577
-0.000000 -0.000000  0.000000 -0.000000  0.000000 -0.000000 -0.000000  0.000000 -0.000000 -0.210108 -0.000000  0.067190 -0.707107 -0.000000 -0.000000  0.000000  0.322942  0.049939 -0.202932  0.136797  0.381681  0.336728  0.159981
-0.000000 -0.000000 -0.000000 -0.000000 -0.000000  0.000000  0.000000  0.000000  0.000000  0.210108 -0.000000 -0.067190 -0.707107  0.000000 -0.000000 -0.000000 -0.322942 -0.049938  0.202932 -0.136797 -0.381681 -0.336728 -0.159981
-0.000000  0.000000 -0.000000  0.000000 -0.000000  0.000000 -0.000000 -0.000000  0.000000 -0.954835 -0.000000 -0.029570 -0.000000 -0.000000 -0.000000 -0.000000 -0.142124 -0.021978  0.089309 -0.060203 -0.167975 -0.148191 -0.070406
-0.000000  0.000000 -0.000000  0.000000  0.000000  0.000000  0.000000 -0.000000 -0.000000  0.000000  0.000000  0.984404  0.000000  0.000000  0.000000 -0.000000 -0.159841 -0.013908  0.011955 -0.047022  0.018419 -0.045560  0.020888
-0.000000 -0.000000 -0.000000 -0.707107 -0.000000 -0.067190 -0.000000  0.000000 -0.000000 -0.000000 -0.000000 -0.000000  0.000000  0.000000 -0.000000 -0.210108 -0.069959  0.014713  0.293882 -0.123491 -0.256681  0.460289  0.258577
 0.000000  0.000000 -0.000000  0.000000 -0.000000 -0.007392 -0.954835  0.000000 -0.000000  0.000000 -0.000000 -0.022177  0.000000 -0.000000 -0.000000  0.000000 -0.179289 -0.110928 -0.177116  0.069134 -0.027035  0.071488  0.036108
 0.707107  0.000000 -0.000000  0.000000 -0.000000 -0.000000 -0.000000  0.000000  0.000000  0.000000  0.000000  0.067190 -0.000000  0.000000  0.210108 -0.000000  0.205009 -0.183393  0.041026  0.290756 -0.238309  0.202007 -0.438018
 0.000000 -0.000000  0.707107 -0.000000 -0.000000  0.016797 -0.210108 -0.000000  0.000000  0.000000  0.000000  0.050393  0.000000  0.000000  0.000000 -0.000000  0.407389  0.252055  0.402452 -0.157089  0.061431 -0.162438 -0.082046
 0.000000 -0.000000  0.000000  0.000000  0.954835  0.029570  0.000000 -0.000000  0.000000  0.000000 -0.000000 -0.000000 -0.000000  0.000000  0.000000 -0.000000 -0.070239  0.259761 -0.059520  0.050876 -0.041687  0.051407 -0.067047
 0.000000 -0.000000  0.000000 -0.000000  0.000000  0.984405 -0.000000  0.000000 -0.000000  0.000000 -0.000000 -0.000000 -0.000000  0.000000  0.000000 -0.000000  0.000183 -0.087931  0.074253  0.051900 -0.039478  0.027782  0.112598
 0.000000 -0.000000  0.000000 -0.000000 -0.000000  0.016797 -0.000000 -0.210108  0.000000  0.000000  0.707107 -0.050393 -0.000000  0.000000 -0.000000 -0.000000 -0.312065 -0.049732  0.293035 -0.005749  0.416617  0.150155 -0.266752
 0.000000 -0.000000  0.000000 -0.000000 -0.000000 -0.000000  0.000000 -0.000000 -0.000000  0.000000  0.000000  0.029570  0.000000  0.000000 -0.954835 -0.000000  0.090223 -0.080710  0.018055  0.127959 -0.104878  0.088902 -0.192768
 0.000000 -0.000000  0.000000  0.000000 -0.000000  0.016797  0.000000 -0.210108 -0.000000  0.000000 -0.707107 -0.050393 -0.000000  0.000000 -0.000000 -0.000000 -0.312065 -0.049732  0.293035 -0.005749  0.416617  0.150155 -0.266752
-0.000000  0.000000 -0.000000 -0.000000 -0.000000 -0.029570  0.000000 -0.000000 -0.954835  0.000000 -0.000000  0.000000  0.000000 -0.000000  0.000000  0.000000 -0.028425  0.017090  0.105913  0.239857  0.007835 -0.070855  0.111737
-0.000000  0.000000  0.000000 -0.000000 -0.000000  0.067190 -0.000000  0.000000 -0.210108 -0.000000  0.000000 -0.000000  0.000000  0.707107 -0.000000 -0.000000  0.064589 -0.038834 -0.240660 -0.545016 -0.017804  0.161001 -0.253895
 0.000000 -0.707107 -0.000000 -0.000000 -0.210108  0.067190  0.000000  0.000000  0.000000 -0.000000 -0.000000  0.000000  0.000000  0.000000  0.000000  0.000000 -0.159600  0.590242 -0.135244  0.115604 -0.094724  0.116810 -0.152349
-0.000000  0.707107  0.000000 -0.000000 -0.210108  0.067190  0.000000  0.000000  0.000000 -0.000000 -0.000000  0.000000 -0.000000 -0.000000 -0.000000  0.000000 -0.159600  0.590242 -0.135244  0.115604 -0.094724  0.116810 -0.152349
 0.707107 -0.000000 -0.000000 -0.000000  0.000000  0.000000  0.000000  0.000000  0.000000 -0.000000  0.000000 -0.067190  0.000000 -0.000000 -0.210108  0.000000 -0.205009  0.183392 -0.041026 -0.290756  0.238308 -0.202007  0.438017
 0.000000  0.000000 -0.000000 -0.000000 -0.000000  0.029570  0.000000  0.000000  0.000000 -0.000000 -0.000000  0.000000 -0.000000 -0.000000 -0.000000 -0.954835  0.030788 -0.006475 -0.129335  0.054347  0.112963 -0.202570 -0.113798
-0.000000 -0.000000  0.000000 -0.000000 -0.000000  0.007392  0.000000  0.954835 -0.000000 -0.000000  0.000000 -0.022177  0.000000  0.000000 -0.000000  0.000000 -0.137337 -0.021887  0.128963 -0.002530  0.183350  0.066082 -0.117395
-0.000000  0.000000  0.000000  0.000000  0.000000 -0.067190  0.000000  0.000000  0.210108  0.000000 -0.000000 -0.000000 -0.000000  0.707107 -0.000000 -0.000000 -0.064589  0.038834  0.240660  0.545016  0.017804 -0.161001  0.253895
-0.000000  0.000000 -0.707107 -0.000000  0.000000  0.016797 -0.210108 -0.000000  0.000000  0.000000 -0.000000  0.050393 -0.000000  0.000000 -0.000000 -0.000000  0.407389  0.252055  0.402452 -0.157089  0.061431 -0.162438 -0.082046
 0.984405
