19 36
 0.000000 -0.000000 -0.000000  0.000000  0.134125  0.000000  0.000000  0.000000 -0.000000 -0.000000  0.000000 -0.000000  0.707107 -0.000000  0.000000  0.000000  0.000000  0.000000  0.000000 -0.202779 -0.063923  0.173749  0.023264  0.096765 -0.036392  0.142731  0.242630  0.000165  0.006539  0.204451  0.235444 -0.144904  0.190651 -0.005526 -0.073925 -0.395004
-0.000000 -0.000000  0.000000 -0.000000 -0.000000 -0.000000 -0.000000 -0.000000 -0.000000 -0.134125  0.000000  0.000000  0.000000 -0.000000 -0.000000  0.000000 -0.000000  0.707107 -0.000000 -0.123287  0.020366  0.237100  0.064337 -0.107939  0.068449 -0.249193 -0.337959  0.103038 -0.270746  0.111973  0.001602 -0.026351  0.013578 -0.182569  0.253186 -0.136444
 0.000000  0.000000 -0.000000  0.000000 -0.134125  0.000000 -0.000000  0.000000  0.000000 -0.000000 -0.000000  0.707107  0.000000  0.000000  0.000000 -0.000000  0.000000 -0.000000 -0.000000  0.009264 -0.152951 -0.160104 -0.081758  0.077855  0.203050  0.227588 -0.090792 -0.282771 -0.348341  0.167955  0.047104  0.018846  0.092397 -0.205566 -0.157865  0.105274
-0.000000  0.000000  0.000000  0.000000  0.000000  0.000000  0.707107  0.000000 -0.000000  0.134125 -0.000000  0.000000 -0.000000 -0.000000  0.000000 -0.000000 -0.000000  0.000000 -0.000000 -0.279578  0.114093 -0.124932  0.257839  0.035199 -0.011647  0.148990  0.088579 -0.034444 -0.040030  0.020275 -0.005435  0.086623 -0.474118 -0.163284  0.102718 -0.067741
-0.000000 -0.000000  0.707107 -0.000000 -0.134125  0.000000  0.000000  0.000000  0.000000 -0.000000 -0.000000  0.000000 -0.000000 -0.000000  0.000000  0.000000  0.000000  0.000000  0.000000  0.016546 -0.136270  0.119925  0.070915 -0.086995  0.136177  0.309626 -0.394231 -0.033989  0.230871 -0.103099  0.149140 -0.117276 -0.122527  0.191281 -0.029951 -0.113036
-0.000000 -0.000000  0.000000  0.000000 -0.134125  0.000000  0.000000  0.000000  0.000000 -0.000000 -0.000000 -0.000000 -0.000000  0.000000  0.000000 -0.707107  0.000000 -0.000000  0.000000  0.168082 -0.145911  0.048296 -0.026363  0.033608 -0.147917 -0.136450  0.020744 -0.229807  0.277492  0.304310  0.245583  0.169116 -0.077730 -0.124403  0.224189  0.065387
-0.000000 -0.000000  0.000000 -0.000000 -0.134125  0.000000  0.000000  0.000000 -0.000000 -0.000000  0.000000  0.000000 -0.000000  0.000000  0.000000  0.707107  0.000000 -0.000000 -0.000000  0.168082 -0.145911  0.048296 -0.026363  0.033608 -0.147917 -0.136450  0.020744 -0.229807  0.277492  0.304310  0.245583  0.169116 -0.077730 -0.124403  0.224189  0.065387
 0.000000  0.000000 -0.000000 -0.000000 -0.000000 -0.000000  0.000000  0.000000 -0.000000  0.134125  0.000000  0.000000  0.000000  0.707107  0.000000 -0.000000 -0.000000  0.000000  0.000000  0.099202 -0.263822  0.085324  0.113461  0.116875  0.221905 -0.103036  0.005896  0.371734  0.048873  0.228777 -0.088589  0.166758 -0.112489 -0.022716 -0.258868  0.010432
 0.000000  0.000000  0.000000 -0.000000 -0.100594  0.000000  0.000000 -0.000000  0.000000  0.033531  0.707107  0.000000 -0.000000 -0.000000 -0.000000  0.000000  0.000000 -0.000000  0.000000 -0.071776 -0.136746 -0.145321 -0.135724 -0.349785 -0.269265 -0.109018 -0.023871 -0.036353 -0.103626  0.241169 -0.128717 -0.133938 -0.166963  0.202807 -0.174875 -0.117217
 0.707107  0.000000 -0.000000 -0.000000 -0.134125  0.000000  0.000000 -0.000000  0.000000 -0.000000 -0.000000 -0.000000  0.000000 -0.000000  0.000000  0.000000 -0.000000  0.000000 -0.000000  0.216676 -0.050690  0.193242  0.386985  0.105353 -0.355664  0.020454 -0.027045 -0.120611 -0.144413 -0.127946 -0.110755  0.038234  0.052766 -0.048969 -0.171010 -0.081974
 0.000000  0.000000 -0.000000  0.000000  0.100594  0.000000  0.000000  0.000000 -0.000000 -0.033531  0.707107  0.000000  0.000000 -0.000000  0.000000 -0.000000 -0.000000  0.000000  0.000000  0.071776  0.136746  0.145321  0.135724  0.349785  0.269265  0.109018  0.023871  0.036353  0.103626 -0.241169  0.128717  0.133938  0.166963 -0.202807  0.174875  0.117217
-0.000000  0.000000 -0.000000  0.000000  0.000000  0.000000 -0.000000  0.000000  0.707107  0.134125  0.000000 -0.000000  0.000000 -0.000000  0.000000  0.000000  0.000000 -0.000000  0.000000 -0.158906 -0.296921 -0.056465 -0.168003  0.128311 -0.061456  0.013232 -0.079308 -0.087695  0.164654 -0.141784 -0.382753  0.081551  0.106156 -0.161360  0.139933 -0.213393
 0.000000 -0.000000 -0.000000 -0.000000  0.841232  0.000000 -0.000000 -0.000000 -0.000000  0.000000 -0.000000 -0.000000  0.000000  0.000000 -0.000000 -0.000000 -0.000000 -0.000000  0.000000  0.118580 -0.202179  0.012696  0.106082 -0.024560 -0.081971 -0.004988 -0.190837 -0.220573  0.049242  0.067794 -0.032953 -0.220971 -0.137154 -0.104403 -0.083331  0.199921
-0.000000 -0.000000  0.000000 -0.707107  0.000000 -0.000000 -0.000000 -0.000000  0.000000 -0.134125 -0.000000  0.000000 -0.000000 -0.000000 -0.000000  0.000000 -0.000000  0.000000  0.000000  0.331251 -0.095229  0.065241 -0.218200  0.095538 -0.077815  0.249803  0.133688  0.198503 -0.168072  0.005534 -0.068932 -0.158037 -0.230221 -0.042215  0.241153 -0.074445
 0.000000 -0.000000 -0.000000  0.000000  0.134125  0.000000  0.000000  0.000000  0.000000  0.000000 -0.000000  0.000000 -0.000000 -0.000000  0.000000  0.000000 -0.000000  0.000000  0.707107 -0.059911  0.168876  0.284020 -0.275582 -0.059910 -0.138517  0.196244 -0.088111 -0.019060 -0.051009  0.037521 -0.022823  0.443119 -0.058209  0.032066 -0.135768  0.011819
-0.000000  0.000000 -0.000000  0.000000 -0.134125  0.000000 -0.000000  0.000000  0.000000 -0.000000 -0.000000 -0.707107  0.000000  0.000000 -0.000000  0.000000 -0.000000  0.000000 -0.000000  0.009264 -0.152951 -0.160104 -0.081758  0.077855  0.203050  0.227588 -0.090792 -0.282771 -0.348341  0.167955  0.047104  0.018846  0.092397 -0.205566 -0.157865  0.105274
-0.000000 -0.000000  0.000000  0.000000 -0.100594  0.000000 -0.000000  0.707107 -0.000000 -0.033531 -0.000000 -0.000000  0.000000  0.000000 -0.000000 -0.000000 -0.000000  0.000000  0.000000 -0.003400  0.238747  0.019081 -0.070782 -0.063721 -0.116844  0.106313 -0.092040  0.145521  0.245602  0.121113 -0.089604 -0.233348  0.047166 -0.428373 -0.197237  0.074888
 0.000000 -0.000000 -0.000000  0.000000 -0.000000  0.000000 -0.000000 -0.000000  0.000000 -0.134125 -0.000000  0.000000  0.000000 -0.000000 -0.000000 -0.000000 -0.707107  0.000000 -0.000000 -0.219503 -0.040174 -0.147037  0.086182  0.271063 -0.260457  0.156935 -0.168521  0.201861 -0.014550  0.205317 -0.020658  0.010588  0.137502  0.190219  0.124884  0.233427
 0.000000 -0.707107 -0.000000  0.000000  0.000000  0.000000  0.000000  0.000000 -0.000000 -0.134125  0.000000  0.000000  0.000000  0.000000 -0.000000  0.000000  0.000000 -0.000000 -0.000000 -0.104484 -0.272691  0.058430  0.153525 -0.418411 -0.015540  0.187600  0.197249  0.121287  0.014678 -0.094741  0.020691  0.111800  0.137309 -0.132647  0.100394  0.192306
 0.000000  0.000000 -0.000000  0.000000 -0.000000  0.000000 -0.000000 -0.000000  0.000000  0.841232 -0.000000  0.000000 -0.000000 -0.000000  0.000000  0.000000 -0.000000  0.000000 -0.000000  0.046117 -0.010758  0.065279 -0.083088 -0.084775 -0.183765  0.060085 -0.090160  0.179240 -0.183425 -0.067561  0.247702 -0.119505  0.151123 -0.044212  0.173743  0.158976
 0.000000  0.707107 -0.000000  0.000000  0.000000 -0.000000 -0.000000  0.000000 -0.000000 -0.134125  0.000000  0.000000  0.000000  0.000000  0.000000  0.000000 -0.000000  0.000000  0.000000 -0.104484 -0.272691  0.058430  0.153525 -0.418411 -0.015540  0.187600  0.197249  0.121287  0.014678 -0.094741  0.020691  0.111800  0.137309 -0.132647  0.100394  0.192306
-0.000000  0.000000 -0.000000  0.000000  0.134125 -0.000000  0.000000  0.000000  0.000000  0.000000  0.000000  0.000000  0.000000  0.000000 -0.000000 -0.000000 -0.000000 -0.000000 -0.707107 -0.059911  0.168876  0.284020 -0.275582 -0.059910 -0.138517  0.196244 -0.088111 -0.019060 -0.051009  0.037521 -0.022823  0.443119 -0.058209  0.032066 -0.135768  0.011819
 0.000000 -0.000000  0.000000 -0.000000  0.000000 -0.000000  0.000000 -0.000000  0.000000 -0.134125  0.000000  0.000000 -0.000000  0.000000 -0.707107 -0.000000  0.000000  0.000000  0.000000 -0.095732 -0.186532 -0.146191 -0.159346  0.102763 -0.180227 -0.151364 -0.074991  0.141533 -0.050341 -0.302671  0.357535  0.047017 -0.118230 -0.161001 -0.185386 -0.035025
-0.000000 -0.000000 -0.707107 -0.000000 -0.134125 -0.000000  0.000000  0.000000  0.000000  0.000000 -0.000000 -0.000000 -0.000000 -0.000000  0.000000 -0.000000  0.000000  0.000000  0.000000  0.016546 -0.136270  0.119925  0.070915 -0.086995  0.136177  0.309626 -0.394231 -0.033989  0.230871 -0.103099  0.149140 -0.117276 -0.122527  0.191281 -0.029951 -0.113036
-0.000000  0.000000  0.000000  0.000000 -0.000000 -0.000000  0.000000 -0.000000 -0.000000  0.134125 -0.000000 -0.000000  0.000000  0.000000 -0.000000  0.000000 -0.707107 -0.000000  0.000000  0.219503  0.040174  0.147037 -0.086182 -0.271063  0.260457 -0.156935  0.168521 -0.201861  0.014550 -0.205317  0.020658 -0.010588 -0.137502 -0.190219 -0.124884 -0.233427
 0.000000  0.000000 -0.000000 -0.000000  0.100594 -0.000000  0.000000  0.707107  0.000000  0.033531 -0.000000 -0.000000 -0.000000 -0.000000  0.000000  0.000000 -0.000000 -0.000000 -0.000000  0.003400 -0.238747 -0.019081  0.070782  0.063721  0.116844 -0.106313  0.092040 -0.145521 -0.245602 -0.121113  0.089604  0.233348 -0.047166  0.428373  0.197237 -0.074888
-0.000000 -0.000000  0.000000  0.000000  0.000000  0.000000  0.000000  0.000000  0.707107 -0.134125  0.000000  0.000000  0.000000  0.000000  0.000000  0.000000 -0.000000  0.000000  0.000000  0.158906  0.296921  0.056465  0.168003 -0.128311  0.061456 -0.013232  0.079308  0.087695 -0.164654  0.141784  0.382753 -0.081551 -0.106156  0.161360 -0.139933  0.213393
 0.000000  0.000000 -0.000000 -0.000000 -0.134125 -0.000000 -0.000000 -0.000000  0.000000  0.000000  0.000000  0.000000  0.707107 -0.000000 -0.000000  0.000000  0.000000 -0.000000  0.000000  0.202779  0.063923 -0.173749 -0.023264 -0.096765  0.036392 -0.142731 -0.242630 -0.000165 -0.006539 -0.204451 -0.235444  0.144904 -0.190651  0.005526  0.073925  0.395004
-0.707107  0.000000  0.000000 -0.000000 -0.134125  0.000000 -0.000000 -0.000000  0.000000 -0.000000  0.000000  0.000000  0.000000 -0.000000  0.000000  0.000000 -0.000000 -0.000000 -0.000000  0.216676 -0.050690  0.193242  0.386985  0.105353 -0.355664  0.020454 -0.027045 -0.120611 -0.144413 -0.127946 -0.110755  0.038234  0.052766 -0.048969 -0.171010 -0.081974
 0.000000 -0.000000  0.000000  0.707107  0.000000  0.000000  0.000000 -0.000000 -0.000000 -0.134125 -0.000000 -0.000000 -0.000000  0.000000 -0.000000  0.000000  0.000000 -0.000000 -0.000000  0.331251 -0.095229  0.065241 -0.218200  0.095538 -0.077815  0.249803  0.133688  0.198503 -0.168072  0.005534 -0.068932 -0.158037 -0.230221 -0.042215  0.241153 -0.074445
 0.000000 -0.000000 -0.000000  0.000000 -0.134125  0.707107  0.000000 -0.000000 -0.000000  0.000000 -0.000000 -0.000000  0.000000  0.000000 -0.000000  0.000000  0.000000 -0.000000  0.000000 -0.245008 -0.119760  0.390903 -0.114544  0.140144  0.021965 -0.095855  0.134311 -0.125310 -0.012136 -0.058358 -0.058052 -0.228206 -0.152730  0.055962 -0.057296  0.299864
-0.000000  0.000000  0.000000 -0.000000 -0.000000 -0.000000  0.000000 -0.000000 -0.000000 -0.134125 -0.000000  0.000000  0.000000  0.000000 -0.000000  0.000000 -0.000000 -0.707107 -0.000000 -0.123287  0.020366  0.237100  0.064337 -0.107939  0.068449 -0.249193 -0.337959  0.103038 -0.270746  0.111973  0.001602 -0.026351  0.013578 -0.182569  0.253186 -0.136444
-0.000000  0.000000  0.000000  0.000000  0.000000 -0.000000 -0.000000 -0.000000  0.000000  0.134125  0.000000  0.000000  0.000000  0.000000 -0.707107 -0.000000  0.000000 -0.000000  0.000000  0.095732  0.186532  0.146191  0.159346 -0.102763  0.180227  0.151364  0.074991 -0.141533  0.050341  0.302671 -0.357535 -0.047017  0.118230  0.161001  0.185386  0.035025
 0.000000 -0.000000  0.000000  0.000000 -0.000000  0.000000 -0.707107 -0.000000  0.000000  0.134125 -0.000000  0.000000  0.000000  0.000000  0.000000 -0.000000 -0.000000 -0.000000  0.000000 -0.279578  0.114093 -0.124932  0.257839  0.035199 -0.011647  0.148990  0.088579 -0.034444 -0.040030  0.020275 -0.005435  0.086623 -0.474118 -0.163284  0.102718 -0.067741
 0.000000  0.000000 -0.000000 -0.000000  0.134125  0.707107 -0.000000  0.000000 -0.000000 -0.000000 -0.000000  0.000000 -0.000000 -0.000000  0.000000 -0.000000 -0.000000 -0.000000 -0.000000  0.245008  0.119760 -0.390903  0.114544 -0.140144 -0.021965  0.095855 -0.134311  0.125310  0.012136  0.058358  0.058052  0.228206  0.152730 -0.055962  0.057296 -0.299864
 0.000000  0.000000 -0.000000  0.000000  0.000000 -0.000000  0.000000 -0.000000  0.000000  0.134125  0.000000 -0.000000 -0.000000 -0.707107  0.000000  0.000000 -0.000000 -0.000000 -0.000000  0.099202 -0.263822  0.085324  0.113461  0.116875  0.221905 -0.103036  0.005896  0.371734  0.048873  0.228777 -0.088589  0.166758 -0.112489 -0.022716 -0.258868  0.010432
 0.841232
