8 37
 0.000000  0.062200  0.000000 -0.000000 -0.000000 -0.401727  0.000000  0.027001  0.318168 -0.195922 -0.206732  0.105039 -0.090619 -0.079262  0.077434  0.019160 -0.219723  0.141615  0.187953 -0.193816 -0.146264 -0.007602 -0.070228  0.215939 -0.095475  0.076403 -0.124787  0.396847 -0.018668  0.005574 -0.330088  0.127594 -0.040350 -0.244376  0.006390 -0.171854 -0.031361
-0.000000 -0.000000 -0.000000  0.490928  0.000000 -0.000000 -0.000000 -0.000000 -0.314286 -0.237045 -0.096810 -0.107095 -0.307609 -0.039871 -0.159212 -0.107648  0.151882  0.116647 -0.137115 -0.106073  0.126031  0.125006 -0.029238 -0.018072 -0.011218 -0.308935 -0.020310  0.255804  0.284376  0.098189  0.119795  0.040218 -0.059709 -0.064205  0.199152 -0.087031  0.166725
-0.000000  0.118792  0.000000  0.372136  0.000000  0.000000  0.000000 -0.000000  0.113078  0.055629  0.048909 -0.054391  0.106454  0.183292  0.237416 -0.040376  0.167375  0.221352  0.472580 -0.073388  0.289606 -0.230453 -0.041311 -0.161058  0.130925 -0.028460  0.376338 -0.128057 -0.059216  0.014626 -0.194527  0.038945  0.027386  0.042939  0.100288 -0.081808 -0.120374
 0.000000  0.000000  0.000000  0.000000 -0.490928  0.000000  0.000000  0.000000 -0.166291  0.055411 -0.389758  0.042930  0.060847  0.114208 -0.216397 -0.078498 -0.102210  0.042295  0.151040  0.474517 -0.023284 -0.312530  0.100895  0.014629  0.065729 -0.144827 -0.111981  0.014019 -0.183626 -0.011920 -0.050392  0.104096 -0.093417 -0.103789  0.073533  0.094369  0.129895
 0.000000  0.000000 -0.000000  0.000000  0.490928 -0.000000 -0.000000  0.000000 -0.237925  0.241278 -0.057918  0.187354  0.168394 -0.003562 -0.092103 -0.101578 -0.064189  0.108939 -0.128811  0.169460  0.151696  0.147964 -0.084180 -0.298668  0.105335 -0.079469 -0.040313  0.134596 -0.234931 -0.000900 -0.241700 -0.098158 -0.065866 -0.431909 -0.028210 -0.004897 -0.062828
-0.401727  0.000000 -0.062200 -0.000000  0.000000 -0.000000 -0.000000 -0.027001 -0.058829 -0.075266  0.195826 -0.136131 -0.179768 -0.028984 -0.009027  0.092367 -0.051131 -0.171053  0.093847  0.070126 -0.104272 -0.081694 -0.521674 -0.060345  0.288799 -0.103446 -0.140003  0.121974 -0.293332  0.223317  0.006295  0.112411  0.314109  0.085069  0.018770  0.046805 -0.041148
 0.000000 -0.000000 -0.118792 -0.000000 -0.372136  0.000000 -0.000000  0.000000  0.219226  0.097327  0.212077  0.139097  0.040522 -0.113714 -0.306101  0.158819  0.169213  0.141596  0.042873  0.118697  0.100995  0.444845 -0.121230 -0.114305 -0.005825 -0.246225 -0.096351 -0.059193  0.018385 -0.182110 -0.213308 -0.077229  0.016653  0.103717 -0.115210 -0.320680 -0.077681
 0.490928 -0.000000  0.000000  0.000000  0.000000  0.000000 -0.000000  0.000000 -0.053048  0.012499  0.062477  0.303819  0.085375 -0.299586  0.079445 -0.038979  0.175525 -0.233143  0.048167  0.075254 -0.070619 -0.226728 -0.347329  0.098402  0.061141 -0.156760  0.227526  0.249813  0.057277 -0.287662  0.106601  0.009062  0.135209 -0.004170 -0.083259  0.060824  0.078645
-0.000000 -0.000000 -0.000000  0.490928 -0.000000  0.000000 -0.000000  0.000000  0.239260 -0.189114 -0.013767 -0.223329  0.180209 -0.392926  0.034298 -0.110350 -0.278102 -0.202128 -0.135890  0.184374 -0.146058  0.080314  0.055338 -0.077585  0.079272  0.100922  0.051977 -0.102792 -0.268110 -0.148593  0.057618 -0.212195 -0.151003  0.030357  0.091005 -0.055575 -0.032162
 0.000000  0.000000  0.490928 -0.000000  0.000000  0.000000 -0.000000 -0.000000 -0.099469 -0.191641  0.031302  0.114549  0.166916 -0.209924 -0.087605 -0.205064  0.059558  0.153669  0.098166 -0.112924 -0.302305 -0.072783  0.015639 -0.266912 -0.016700 -0.074714 -0.075367 -0.238118  0.013830  0.180647  0.110703  0.325723  0.008109 -0.037645 -0.295150 -0.215790 -0.065677
-0.000000  0.490928  0.000000 -0.000000  0.000000 -0.000000  0.000000 -0.000000 -0.031671  0.175452  0.018467 -0.028587  0.165589  0.217531 -0.094323 -0.224309 -0.118813  0.294974 -0.075484 -0.083203 -0.173357  0.012133 -0.041179 -0.047025  0.017163  0.048211  0.009684  0.395845 -0.146235 -0.077690  0.248862 -0.141258 -0.028477  0.397412 -0.089081 -0.084610  0.041078
 0.000000  0.118792  0.000000 -0.372136 -0.000000 -0.000000 -0.000000  0.000000  0.053294 -0.324592  0.106764 -0.355092  0.000767 -0.076378  0.081005 -0.385607  0.143799 -0.056560  0.208323  0.222509  0.372055  0.075578 -0.133519 -0.059004 -0.218652  0.059717 -0.035366  0.090863 -0.034990 -0.015325  0.114914 -0.084179 -0.136292 -0.144351 -0.086397 -0.087489  0.145706
-0.000000 -0.490928  0.000000 -0.000000  0.000000  0.000000  0.000000  0.000000 -0.039911  0.122745 -0.240341 -0.240629  0.116991  0.149625 -0.183661 -0.021014 -0.270484 -0.028131  0.011654 -0.053172  0.105605  0.041487 -0.269305 -0.191932 -0.184448  0.183616  0.189021  0.137473  0.127234 -0.238757  0.138801  0.245705  0.095146  0.109124 -0.013826 -0.181723 -0.167018
 0.000000 -0.000000 -0.000000  0.000000 -0.000000  0.000000  0.372136  0.118792 -0.170254 -0.117200  0.170686  0.082573  0.044644 -0.019431 -0.157526  0.098818 -0.143947  0.133526 -0.150499  0.063572  0.125629 -0.186926 -0.311995  0.204028  0.198995  0.305438  0.088754 -0.123703  0.161941  0.112963 -0.182715 -0.015863 -0.439538  0.113534 -0.094166 -0.133359  0.124160
 0.000000  0.000000 -0.000000  0.000000  0.000000  0.000000 -0.372136  0.118792  0.120623 -0.060789  0.144585  0.152869  0.291791  0.058595  0.000005  0.247881 -0.169247  0.040421 -0.097762 -0.124389  0.359392 -0.069950  0.009533  0.172565  0.121098 -0.109510 -0.096124 -0.020533 -0.171540  0.042997  0.410674  0.224160 -0.074339 -0.159649  0.131674 -0.210620  0.190847
 0.000000  0.000000  0.000000 -0.000000 -0.000000 -0.441828 -0.000000 -0.049100 -0.162793 -0.216332  0.290795  0.014478 -0.053598  0.186070 -0.180251  0.273300  0.095149 -0.173608  0.069593 -0.105558 -0.068183 -0.102993  0.111700 -0.359911 -0.141714 -0.006000  0.023058  0.057462 -0.200511 -0.273870  0.031095  0.049167 -0.310944  0.043419  0.030951  0.212142 -0.009944
 0.441828  0.000000  0.000000 -0.000000  0.000000 -0.000000  0.000000 -0.049100  0.160252 -0.127064  0.013762 -0.156348 -0.325836  0.085339 -0.279577 -0.112247 -0.112925  0.295711 -0.127951 -0.128148  0.115980  0.095390 -0.043739  0.073194  0.187694  0.049760  0.081038 -0.207892 -0.317151 -0.044443 -0.008941  0.146017  0.175378 -0.073927 -0.163061  0.306938  0.020406
-0.000000  0.000000 -0.000000 -0.000000  0.000000  0.000000  0.490928 -0.000000 -0.006819  0.053569  0.023100  0.191628  0.025850  0.137888  0.122372 -0.295482 -0.027505 -0.233795  0.014935 -0.076340  0.066251  0.270088  0.019185  0.242012 -0.078995 -0.248423  0.002774 -0.058981 -0.264445 -0.008275  0.088073  0.342121 -0.167182  0.088787  0.222216  0.003092 -0.218277
-0.000000 -0.000000  0.000000  0.000000  0.000000 -0.000000  0.000000 -0.490928 -0.294905  0.187226  0.040336 -0.246250 -0.144066 -0.012863  0.134392  0.075351 -0.052221 -0.028863  0.196471 -0.104269 -0.079301  0.027779  0.101444  0.261338  0.271740 -0.027125 -0.076450 -0.058091 -0.055449 -0.306717  0.087666 -0.024734 -0.134858 -0.178144 -0.234406 -0.311840 -0.001784
-0.000000 -0.000000  0.000000  0.000000 -0.000000  0.000000  0.490928  0.000000  0.032500 -0.102953  0.157698 -0.079871  0.070402 -0.007809  0.024875  0.198760  0.201458  0.279768 -0.144288  0.197522 -0.065195 -0.144442  0.177616 -0.026780 -0.026519  0.202792 -0.064574  0.103035 -0.048315 -0.165376  0.195082  0.046866  0.394415 -0.248659  0.233427 -0.185527 -0.044986
-0.000000  0.000000 -0.000000  0.000000 -0.000000 -0.000000 -0.000000  0.490928 -0.033837 -0.070108 -0.208480 -0.124455 -0.038672  0.193856  0.079048 -0.072260  0.176855 -0.033755 -0.159789 -0.235837 -0.032720 -0.240157 -0.181383  0.051392  0.022609 -0.181304 -0.293928 -0.220771 -0.098824 -0.310728 -0.024050 -0.271563 -0.019646 -0.067666 -0.083433 -0.164742 -0.217601
-0.000000 -0.000000  0.490928  0.000000  0.000000  0.000000  0.000000  0.000000  0.251236  0.042209  0.047800 -0.160068 -0.093583  0.294854  0.357326  0.196177 -0.060917  0.084487 -0.238162  0.331345 -0.090244  0.120865 -0.153010 -0.025876  0.058097 -0.259872  0.101784  0.080549  0.145957 -0.110961 -0.023781  0.073136 -0.168364 -0.049405 -0.067532  0.111963  0.070384
-0.000000 -0.062200 -0.000000  0.000000  0.000000 -0.401727 -0.000000  0.027001 -0.185876  0.131768  0.149355 -0.217466  0.138973 -0.317289  0.133300 -0.017396 -0.136892  0.191525 -0.172249  0.100130  0.298430 -0.176573  0.152257  0.152538 -0.094731 -0.265436 -0.112289  0.032036  0.055768  0.052655 -0.104337  0.062310  0.135260  0.249308 -0.168068  0.147536 -0.261655
 0.000000  0.490928  0.000000  0.000000 -0.000000 -0.000000  0.000000 -0.000000 -0.262685 -0.135349 -0.125020  0.006633  0.102962 -0.027499  0.121710  0.120426 -0.287960 -0.073087  0.017063 -0.020016  0.082877  0.185459 -0.143932 -0.090218 -0.111882  0.061999 -0.098340 -0.298383  0.186089 -0.312029 -0.183002  0.214793  0.271146  0.023028  0.139554  0.072129  0.175601
 0.000000 -0.000000  0.000000  0.490928 -0.000000 -0.000000 -0.000000 -0.000000  0.029708  0.137941  0.154432  0.102485  0.047286  0.235960  0.006350 -0.043696  0.108348 -0.125183  0.072691  0.145996  0.082525  0.026659 -0.095996  0.173017 -0.333042  0.274854 -0.343749  0.012935  0.002098  0.027700  0.057152  0.078645  0.086639 -0.108123 -0.431669  0.138299  0.067132
-0.000000 -0.000000 -0.000000  0.000000  0.000000 -0.000000  0.000000  0.490928 -0.138598 -0.035519  0.303538 -0.090408  0.061288  0.102440 -0.166137 -0.056764 -0.282125 -0.053110  0.356981  0.096012 -0.177712  0.190522  0.183334  0.163620  0.196027 -0.076547  0.163109  0.075884  0.237312 -0.033504  0.096347 -0.076870  0.097937 -0.225407 -0.065166  0.117038 -0.134833
-0.000000  0.000000 -0.490928  0.000000 -0.000000  0.000000  0.000000  0.000000  0.104173 -0.088663 -0.041850 -0.250498  0.380300  0.086470  0.088290 -0.084912  0.251628 -0.016586 -0.180446 -0.043421 -0.207008  0.045289  0.044548 -0.081913  0.284679 -0.062558 -0.027935  0.057591  0.165250  0.000514 -0.117166  0.391208 -0.106788 -0.074375 -0.181077  0.121675  0.096792
-0.000000  0.490928  0.000000 -0.000000  0.000000  0.000000  0.000000  0.000000  0.150325  0.189241 -0.126340 -0.160451 -0.148415 -0.096435 -0.281019  0.181314  0.071488 -0.283570 -0.140323  0.051207  0.092322 -0.140038 -0.013701 -0.009473 -0.068407  0.022531  0.196754  0.002790  0.119605  0.157096  0.120808  0.174844 -0.098921 -0.224228 -0.089763 -0.087810 -0.419005
 0.000000 -0.000000  0.000000  0.000000 -0.000000 -0.490928  0.000000  0.000000  0.103317  0.255461 -0.141255  0.074445 -0.043281 -0.096312  0.034926 -0.135376  0.142673  0.124193  0.129654  0.080596 -0.011309  0.163923 -0.216894 -0.080920  0.279572  0.195124 -0.196402 -0.220156  0.232550 -0.000306  0.373731 -0.057097 -0.091165 -0.038775  0.221656  0.162907 -0.037613
-0.000000 -0.000000  0.000000 -0.000000 -0.000000 -0.000000  0.000000 -0.490928  0.119379 -0.283124  0.099195  0.084458  0.303219  0.271898 -0.202746 -0.138479 -0.147679  0.001007 -0.052752 -0.039749 -0.019845 -0.148276 -0.156635  0.095958 -0.023587 -0.199322 -0.080122 -0.096556  0.259141  0.038336  0.007869 -0.288873  0.085255 -0.132726  0.116070  0.119037 -0.280127
 0.000000 -0.000000  0.490928 -0.000000  0.000000  0.000000  0.000000  0.000000  0.064587  0.136390  0.023941 -0.211003  0.233031 -0.011218 -0.297996 -0.074634  0.238214 -0.266064  0.004641 -0.181784  0.164730  0.011144  0.107653  0.143812  0.260666  0.150061 -0.163833  0.179392  0.017946 -0.095068 -0.281748  0.029881  0.093987  0.084692  0.208109  0.083335  0.129626
 0.401727 -0.000000 -0.062200  0.000000 -0.000000  0.000000  0.000000  0.027001 -0.033599  0.324414  0.228595 -0.352587  0.084236  0.011328 -0.022270  0.056241 -0.069473  0.025473  0.092011 -0.069844 -0.279996 -0.069619 -0.188348 -0.020053 -0.308988 -0.125866 -0.149445 -0.123350 -0.044004  0.279203 -0.099389 -0.005741 -0.091852 -0.096045  0.325414 -0.109772  0.167252
-0.000000  0.000000  0.000000 -0.000000 -0.000000  0.490928  0.000000 -0.000000  0.065061  0.008267  0.073505 -0.004524 -0.051950 -0.253350  0.045147  0.112033 -0.063512  0.240557  0.205137 -0.091068  0.051845 -0.079480 -0.049242 -0.103309 -0.003615  0.035037 -0.369649  0.182514  0.082451 -0.199136  0.046225  0.142551 -0.293346  0.004337  0.117209  0.333932 -0.286339
 0.000000  0.000000  0.118792  0.000000 -0.372136  0.000000 -0.000000 -0.000000 -0.292776 -0.084733 -0.164485 -0.091906  0.296058 -0.070237  0.159236  0.230884  0.167116  0.112159 -0.046159 -0.212010 -0.014205  0.308020 -0.186088  0.120748 -0.088238  0.137755  0.204538  0.087905 -0.209842  0.188033  0.058894 -0.176484 -0.034429 -0.199652 -0.044527  0.233885 -0.166797
 0.000000 -0.000000  0.000000  0.000000 -0.490928  0.000000 -0.000000 -0.000000 -0.015881  0.176320  0.295764  0.108653 -0.147590  0.021670  0.235622 -0.318484 -0.216926 -0.125709 -0.277361 -0.234323  0.109191 -0.110197  0.047880 -0.318180  0.110908  0.147581 -0.010341  0.098813  0.093824  0.006530 -0.074259 -0.009932  0.041026 -0.255399  0.019342 -0.033474 -0.007403
-0.000000  0.000000  0.000000  0.000000 -0.000000  0.000000 -0.490928 -0.000000 -0.194812 -0.092145  0.200584  0.058471 -0.091092  0.070934  0.027834 -0.209716  0.193130  0.116550 -0.169329  0.263661 -0.176142  0.036975 -0.046926  0.239082 -0.046466  0.268911  0.078342 -0.034151 -0.059972 -0.120615 -0.166651  0.207043 -0.049598  0.047208  0.284450 -0.123869 -0.313813
 0.490928 -0.000000 -0.000000  0.000000  0.000000  0.000000  0.000000  0.000000 -0.111822 -0.225202 -0.101678  0.014019 -0.008163  0.189796  0.183008  0.169562 -0.058886 -0.193811  0.068490  0.154614  0.110034  0.130997  0.113933 -0.197247  0.259107  0.130323 -0.292732  0.138036  0.024129  0.281928 -0.012073 -0.043791  0.039151  0.218909 -0.020916 -0.208937 -0.267544
 0.490928
