20 39
 0.000001 -0.000000 -0.000001 -0.000001  0.000001 -0.707105  0.000001  0.000001 -0.000001  0.000000  0.000001  0.000000 -0.000001  0.000000 -0.000001 -0.000002 -0.096536 -0.000001 -0.000000  0.000001 -0.007135  0.252792  0.226403  0.337476  0.081799 -0.220624  0.168765  0.312064  0.038129 -0.031007 -0.064722  0.067986 -0.078493 -0.170136  0.030743 -0.006362  0.061959 -0.164329  0.046757
 0.000000 -0.000000 -0.000000 -0.000000  0.000000 -0.000000  0.000001 -0.000001 -0.000001 -0.000000  0.000001  0.000001 -0.000001  0.000001  0.000001  0.000001 -0.096538 -0.000001  0.000001 -0.707106  0.051731  0.299304 -0.074497 -0.158998  0.062008 -0.122712  0.073235 -0.113111 -0.019790  0.155497 -0.166442  0.125359  0.289344  0.212273  0.187398  0.204832  0.230297 -0.033159 -0.050524
-0.000000 -0.000000 -0.000001  0.000001 -0.000000 -0.000001  0.000000 -0.000001  0.000001  0.000001 -0.000001 -0.000000 -0.000000  0.000001  0.000001 -0.707106 -0.096535  0.000001  0.000000  0.000000  0.015400  0.049437 -0.065585  0.059550  0.187639  0.191360  0.111346 -0.063177 -0.199444  0.067615 -0.136541 -0.239071 -0.039078  0.042774  0.301436 -0.363741 -0.000634 -0.004127  0.212705
-0.000001 -0.000001 -0.000000 -0.000000 -0.000000 -0.000001 -0.000000  0.000001  0.000000 -0.000000 -0.000000  0.000000  0.000001  0.000000  0.000001 -0.000000 -0.096540  0.000001  0.707107 -0.000000 -0.008047 -0.018175  0.118137 -0.070384 -0.111178 -0.078356 -0.116680  0.006630  0.063362  0.015040  0.127763 -0.003176 -0.185692 -0.165128  0.381727 -0.074789  0.212990  0.284262 -0.281805
 0.000001  0.000000  0.000000 -0.000001  0.000000  0.000000 -0.000001  0.707106  0.000002  0.000001 -0.000001 -0.000000 -0.000000  0.000001 -0.000001  0.000001  0.096536 -0.000001  0.000000 -0.000002 -0.283158 -0.044380  0.231994 -0.115833 -0.086858 -0.039693 -0.085180 -0.050329 -0.144912 -0.274873 -0.056729  0.022073  0.162789  0.078245  0.032753 -0.230768  0.101304 -0.308701 -0.172101
 0.000002  0.000000  0.000002  0.707105 -0.000000 -0.000001 -0.000000 -0.000002 -0.000000 -0.000000  0.000002  0.000001 -0.000000  0.000002 -0.000000  0.000000 -0.096536 -0.000000 -0.000001  0.000000 -0.056009  0.001276 -0.273501 -0.313193  0.097625 -0.172337 -0.024687  0.248678  0.075605  0.084536  0.058027  0.180421  0.087517 -0.185291 -0.112333 -0.324393  0.023272 -0.011034  0.060709
 0.000001 -0.000000 -0.000000  0.000000 -0.707108  0.000000  0.000001 -0.000000  0.000001 -0.000000 -0.000000 -0.000000 -0.000000 -0.000000 -0.000000 -0.000000 -0.096537 -0.000000 -0.000001 -0.000001  0.000742 -0.077623 -0.001017  0.172506  0.132421  0.160782 -0.104841  0.132690 -0.191727 -0.086754 -0.013837  0.418641  0.168319  0.078865  0.137110 -0.003219 -0.262118  0.167367 -0.114431
-0.000001 -0.000001 -0.000000  0.000001 -0.000001  0.000001  0.000001 -0.000001  0.000000 -0.000000 -0.000001 -0.707105  0.000001 -0.000001  0.000001  0.000000 -0.096538 -0.000001  0.000000  0.000000 -0.296658  0.215377  0.091257 -0.102723 -0.274392  0.237240  0.103709  0.049277 -0.045352 -0.046073 -0.194737  0.071137 -0.038207 -0.068673 -0.159519  0.015248  0.049614  0.289603  0.165239
-0.707105 -0.000000 -0.000001  0.000001 -0.000000 -0.000001 -0.000000  0.000002  0.000001  0.000001  0.000000  0.000001 -0.000001  0.000000  0.000001  0.000001 -0.096535 -0.000000  0.000000  0.000001  0.037522 -0.038890  0.089660 -0.085998 -0.209627 -0.069470 -0.287880  0.212106 -0.222239  0.160115  0.124942  0.049203 -0.176633  0.242309  0.077535  0.075297  0.035107 -0.132453  0.286821
-0.000001 -0.000001  0.000000 -0.000000  0.000001 -0.000000 -0.000001  0.000000  0.000000 -0.000001 -0.000001  0.000000  0.000000  0.000000  0.000001 -0.000000 -0.096540 -0.000000 -0.707107  0.000000 -0.008048 -0.018175  0.118138 -0.070383 -0.111177 -0.078357 -0.116680  0.006628  0.063361  0.015042  0.127762 -0.003175 -0.185693 -0.165126  0.381727 -0.074789  0.212991  0.284262 -0.281806
 0.000001 -0.000000 -0.000000 -0.000001  0.000000 -0.000001  0.000001 -0.000003 -0.000000  0.000000  0.000000 -0.000000 -0.000001 -0.000000  0.000000 -0.000000  0.096536 -0.707107  0.000000  0.000000  0.377863  0.220217  0.103085 -0.073320 -0.173069  0.255830  0.109325 -0.090983  0.080000  0.004242  0.139815  0.247307 -0.090627  0.016360 -0.035847 -0.216734  0.015622 -0.146984 -0.045349
 0.000001  0.000000 -0.707107  0.000001  0.000000  0.000000  0.000000  0.000000  0.000000 -0.000000  0.000000  0.000000 -0.000000  0.000001  0.000000 -0.000000  0.096540  0.000000  0.000001  0.000000 -0.057306 -0.139181  0.054767 -0.111289  0.140173 -0.085129  0.005383 -0.273006  0.002064 -0.000588 -0.232382  0.320566 -0.277507 -0.203645  0.116799  0.098905 -0.003510 -0.107934  0.202105
-0.000000  0.000001 -0.000000  0.000001 -0.000002 -0.000001 -0.000000 -0.000000  0.000001 -0.000000  0.000001 -0.000000 -0.000000 -0.000000  0.707106  0.000000  0.096538  0.000000  0.000001  0.000001 -0.096481  0.076044  0.152634  0.130610  0.029969 -0.013460 -0.181710 -0.154981 -0.155723  0.506519 -0.023499  0.011033  0.066121 -0.143268 -0.182591 -0.124447 -0.030785  0.011901 -0.144290
-0.000000  0.000001 -0.000000 -0.000001  0.000000  0.000000  0.000001 -0.000001  0.000001  0.707106  0.000001  0.000000  0.000001 -0.000000 -0.000002  0.000000  0.096538  0.000000 -0.000000 -0.000001 -0.075494  0.134337 -0.297377  0.053375 -0.272135 -0.121346  0.162688 -0.092854 -0.321797 -0.031215  0.178842 -0.003875  0.007921 -0.218424  0.141905  0.092478 -0.168103 -0.097053 -0.033418
-0.000002 -0.000000  0.000000  0.000000 -0.707106 -0.000001 -0.000001  0.000000 -0.000000  0.000001  0.000002  0.000001  0.000001 -0.000000 -0.000001 -0.000000  0.096537  0.000001 -0.000000  0.000001 -0.000740  0.077623  0.001016 -0.172505 -0.132422 -0.160783  0.104842 -0.132691  0.191728  0.086750  0.013836 -0.418642 -0.168321 -0.078864 -0.137109  0.003220  0.262120 -0.167368  0.114430
-0.000000 -0.000001 -0.000000  0.000001  0.000000 -0.000001  0.000000  0.000000  0.707108 -0.000002 -0.000000 -0.000000 -0.000000 -0.000000  0.000001 -0.000001  0.096536  0.000000  0.000000  0.000001 -0.021951  0.343855  0.023508 -0.181487  0.308823 -0.089212 -0.091429 -0.008939 -0.179840 -0.153087  0.079228 -0.067251 -0.283283  0.128571 -0.126408  0.024427 -0.135331  0.115136 -0.123279
-0.000001  0.000001  0.707106  0.000000  0.000000 -0.000002 -0.000000  0.000001 -0.000001  0.000001  0.000000  0.000000  0.000000  0.000000  0.000001 -0.000000  0.096539 -0.000000  0.000001 -0.000000 -0.057306 -0.139180  0.054768 -0.111289  0.140173 -0.085127  0.005384 -0.273006  0.002063 -0.000588 -0.232384  0.320564 -0.277510 -0.203644  0.116801  0.098906 -0.003512 -0.107934  0.202105
 0.000000 -0.000000 -0.000001  0.000001  0.000000 -0.000001  0.000000  0.000000  0.000000  0.000000  0.000001  0.000000  0.000000 -0.707106 -0.000000 -0.000001 -0.096538  0.000001  0.000000 -0.000001 -0.295528 -0.006756 -0.122518 -0.041441  0.104253  0.313672  0.114407  0.121082  0.129188  0.187658  0.103844  0.028438 -0.200554  0.063876  0.073865  0.139642 -0.003079 -0.272783 -0.205879
 0.000001 -0.000000  0.000000 -0.000002  0.000001  0.000000  0.000000 -0.000002 -0.000001 -0.000001 -0.000000 -0.000001 -0.000001 -0.000000 -0.000000  0.000001  0.096535  0.707107 -0.000001  0.000001  0.377863  0.220218  0.103086 -0.073321 -0.173070  0.255828  0.109326 -0.090981  0.079997  0.004242  0.139813  0.247309 -0.090625  0.016360 -0.035848 -0.216733  0.015623 -0.146983 -0.045349
 0.000001 -0.000000  0.000001 -0.000001  0.000001  0.000001  0.000000  0.000002  0.000001 -0.000001  0.707104  0.000000  0.000000 -0.000001  0.000000  0.000000  0.096538  0.000001  0.000000 -0.000002 -0.189439  0.191511 -0.174716  0.259942  0.072006  0.061853 -0.279528 -0.160204  0.187416 -0.114080  0.244322  0.096337  0.048472  0.013379  0.032497 -0.052772  0.194392  0.014633  0.213843
 0.000000  0.000000  0.000001 -0.000000  0.000000  0.000002  0.000000  0.000001 -0.000001 -0.000001  0.000001  0.000000  0.000000 -0.000001 -0.000001 -0.707107  0.096535 -0.000001 -0.000000 -0.000001 -0.015400 -0.049438  0.065586 -0.059551 -0.187641 -0.191360 -0.111347  0.063176  0.199443 -0.067615  0.136541  0.239071  0.039080 -0.042772 -0.301435  0.363740  0.000635  0.004127 -0.212703
-0.000001 -0.000001  0.000001 -0.000001 -0.000001  0.000000  0.000000 -0.000000 -0.000000 -0.707108 -0.000000 -0.000000  0.000000  0.000000 -0.000003 -0.000000  0.096538 -0.000001 -0.000000  0.000000 -0.075494  0.134336 -0.297376  0.053375 -0.272135 -0.121345  0.162687 -0.092854 -0.321796 -0.031213  0.178840 -0.003876  0.007922 -0.218424  0.141906  0.092478 -0.168102 -0.097055 -0.033415
-0.000001  0.000001  0.000001 -0.000001  0.000001  0.707108  0.000001  0.000000  0.000000  0.000000 -0.000000  0.000000 -0.000001  0.000000  0.000001 -0.000000 -0.096535 -0.000001  0.000000  0.000001 -0.007134  0.252792  0.226401  0.337473  0.081801 -0.220623  0.168763  0.312063  0.038129 -0.031004 -0.064722  0.067985 -0.078495 -0.170135  0.030745 -0.006364  0.061958 -0.164332  0.046756
-0.000001 -0.000000 -0.000001 -0.000000  0.000002 -0.000000 -0.000001 -0.000000  0.000000 -0.000001 -0.000000  0.000000 -0.000001  0.000000  0.707108  0.000001 -0.096536  0.000001 -0.000001 -0.000001  0.096481 -0.076045 -0.152635 -0.130608 -0.029971  0.013459  0.181711  0.154980  0.155722 -0.506519  0.023499 -0.011033 -0.066118  0.143265  0.182590  0.124447  0.030783 -0.011904  0.144286
 0.000000 -0.707106  0.000000 -0.000000  0.000000  0.000000  0.000000 -0.000001  0.000000  0.000001  0.000001  0.000000 -0.000000  0.000001  0.000000  0.000001  0.096540  0.000001  0.000000 -0.000000 -0.152995  0.031220 -0.034341  0.081196 -0.172638 -0.247736  0.111887 -0.062917  0.261327  0.106521 -0.081943  0.065652 -0.110647  0.335295  0.097028 -0.200243 -0.281730  0.078470 -0.022416
 0.000000 -0.000000 -0.000001  0.707109  0.000001  0.000000 -0.000000  0.000002 -0.000001  0.000000 -0.000000  0.000000  0.000000 -0.000001 -0.000001  0.000000  0.096536  0.000000  0.000001 -0.000000  0.056010 -0.001274  0.273501  0.313193 -0.097625  0.172335  0.024690 -0.248677 -0.075605 -0.084537 -0.058024 -0.180418 -0.087515  0.185290  0.112332  0.324390 -0.023270  0.011032 -0.060709
 0.000000 -0.000000 -0.000000 -0.000000 -0.000000 -0.000001  0.000000 -0.000000  0.000000  0.000000  0.000001 -0.000001 -0.000000  0.707107  0.000000 -0.000001 -0.096537  0.000001  0.000001 -0.000000 -0.295528 -0.006756 -0.122516 -0.041440  0.104253  0.313673  0.114407  0.121081  0.129187  0.187657  0.103846  0.028437 -0.200554  0.063877  0.073864  0.139644 -0.003079 -0.272782 -0.205879
 0.000001  0.000000 -0.000000  0.000001 -0.000000 -0.000001  0.000000 -0.000000 -0.000001  0.000001  0.000000 -0.000000 -0.707106  0.000000 -0.000001 -0.000000  0.096538  0.000001 -0.000001  0.000000  0.070506  0.190123 -0.037889 -0.085243 -0.084609  0.106575 -0.342339  0.123290  0.194994 -0.027103 -0.263499 -0.145066  0.072567 -0.184469  0.173122  0.069768 -0.266756 -0.122838 -0.018243
-0.000000  0.000000  0.000000  0.000000  0.000000 -0.000001 -0.000001 -0.000001  0.000000  0.000000  0.000002 -0.707109 -0.000000 -0.000000 -0.000001  0.000000  0.096537  0.000001 -0.000000 -0.000000  0.296656 -0.215376 -0.091257  0.102722  0.274389 -0.237240 -0.103709 -0.049277  0.045352  0.046073  0.194735 -0.071137  0.038207  0.068673  0.159519 -0.015248 -0.049613 -0.289602 -0.165239
 0.000000  0.000000 -0.000000  0.000000  0.000000  0.000000  0.000000 -0.000000 -0.000000  0.000000  0.000000  0.000000 -0.000000  0.000000 -0.000000 -0.000000 -0.803655 -0.000000 -0.000000 -0.000000  0.005842  0.084100  0.084840 -0.008925 -0.045720 -0.095495 -0.116915 -0.403411  0.095347 -0.099444  0.113763 -0.046232 -0.002267 -0.074761 -0.122161 -0.028917 -0.270706 -0.152642 -0.011822
-0.000000 -0.707107  0.000000  0.000000  0.000000  0.000001 -0.000000  0.000001 -0.000000  0.000001 -0.000001  0.000000  0.000000 -0.000001  0.000000 -0.000000 -0.096540 -0.000001  0.000000  0.000000  0.152995 -0.031221  0.034341 -0.081195  0.172639  0.247734 -0.111886  0.062917 -0.261326 -0.106519  0.081942 -0.065651  0.110648 -0.335295 -0.097030  0.200242  0.281729 -0.078472  0.022417
-0.000001 -0.000000 -0.000000 -0.000000 -0.000002 -0.000000 -0.707108 -0.000000  0.000000  0.000001  0.000000 -0.000000 -0.000001 -0.000000  0.000000  0.000001  0.096538 -0.000000 -0.000000 -0.000000 -0.105204  0.023054  0.319817 -0.198307  0.118576  0.014404  0.141624 -0.002012  0.101078  0.076357  0.327681 -0.040277  0.221290 -0.082374  0.160209  0.081539 -0.204473  0.051368  0.213494
-0.000000 -0.000000 -0.000000  0.000000  0.000001 -0.000000 -0.707105 -0.000002 -0.000000  0.000000 -0.000001  0.000001  0.000001  0.000000 -0.000001 -0.000001 -0.096538 -0.000001  0.000001  0.000001  0.105203 -0.023051 -0.319818  0.198310 -0.118577 -0.014403 -0.141623  0.002012 -0.101078 -0.076357 -0.327683  0.040280 -0.221289  0.082373 -0.160209 -0.081539  0.204473 -0.051369 -0.213495
-0.000001 -0.000000 -0.000000  0.000000  0.000000 -0.000000 -0.000001 -0.000000 -0.000000 -0.000001 -0.000002 -0.000001 -0.000000 -0.000000 -0.000000 -0.000000  0.096537  0.000002 -0.000001 -0.707108 -0.051729 -0.299301  0.074498  0.158997 -0.062007  0.122711 -0.073235  0.113112  0.019788 -0.155494  0.166440 -0.125360 -0.289346 -0.212273 -0.187399 -0.204832 -0.230297  0.033159  0.050524
 0.707109  0.000000  0.000000 -0.000000 -0.000001  0.000000 -0.000001  0.000001  0.000001  0.000001  0.000000 -0.000000  0.000000 -0.000000  0.000002  0.000001 -0.096534 -0.000001  0.000000  0.000001  0.037522 -0.038890  0.089661 -0.085997 -0.209627 -0.069471 -0.287877  0.212105 -0.222238  0.160115  0.124941  0.049199 -0.176633  0.242306  0.077535  0.075298  0.035107 -0.132452  0.286820
 0.000000 -0.000000  0.000001 -0.000001 -0.000000 -0.000001  0.000001 -0.707108  0.000002 -0.000000  0.000001  0.000001  0.000000  0.000000 -0.000002  0.000001  0.096536  0.000000  0.000000 -0.000000 -0.283160 -0.044382  0.231996 -0.115831 -0.086857 -0.039693 -0.085183 -0.050329 -0.144913 -0.274873 -0.056728  0.022071  0.162788  0.078244  0.032753 -0.230763  0.101305 -0.308700 -0.172099
 0.000000 -0.000001 -0.000002 -0.000000 -0.000000 -0.000000 -0.000000  0.000000 -0.707106 -0.000001 -0.000000 -0.000001  0.000000 -0.000001  0.000002 -0.000001  0.096537 -0.000000  0.000000  0.000001 -0.021954  0.343855  0.023509 -0.181488  0.308823 -0.089212 -0.091431 -0.008940 -0.179842 -0.153088  0.079229 -0.067252 -0.283283  0.128572 -0.126407  0.024425 -0.135331  0.115135 -0.123279
-0.000001 -0.000000 -0.000001  0.000002 -0.000000 -0.000001  0.000000  0.000000  0.000000 -0.000000  0.000000  0.000001  0.707107  0.000001  0.000000 -0.000001  0.096538  0.000001 -0.000001 -0.000000  0.070508  0.190124 -0.037888 -0.085242 -0.084607  0.106574 -0.342338  0.123291  0.194995 -0.027103 -0.263498 -0.145065  0.072567 -0.184468  0.173122  0.069767 -0.266756 -0.122839 -0.018242
 0.000001  0.000000  0.000001  0.000000 -0.000000 -0.000000  0.000001  0.000000  0.000001  0.000001 -0.707110 -0.000000  0.000000  0.000000  0.000001  0.000000  0.096538  0.000001  0.000001 -0.000001 -0.189438  0.191510 -0.174717  0.259939  0.072006  0.061850 -0.279525 -0.160203  0.187417 -0.114077  0.244321  0.096337  0.048472  0.013380  0.032497 -0.052770  0.194390  0.014630  0.213840
 0.803655
