5 18
 0.000000  0.563941  0.000000  0.000000 -0.000000  0.238815 -0.035468 -0.200480  0.195193 -0.044065  0.190988  0.129748 -0.099330  0.360399  0.535694 -0.111995 -0.208503 -0.086000
-0.000000 -0.000000  0.000000  0.000000  0.563941 -0.123715 -0.189343  0.166516 -0.060122  0.066400 -0.062952 -0.009863  0.524097 -0.306406  0.308478 -0.013840 -0.311590 -0.173212
-0.000000 -0.137360  0.000000  0.426580  0.000000  0.092455 -0.162088 -0.051655 -0.039053  0.305932  0.487731 -0.019607  0.063510  0.241712 -0.308649  0.319655 -0.405029 -0.065851
-0.563941  0.000000  0.000000  0.000000  0.000000 -0.212979  0.524177 -0.055412 -0.071804 -0.096015  0.173449  0.230434 -0.001805 -0.075697  0.059970  0.240726  0.050741 -0.437455
 0.000000  0.563941  0.000000 -0.000000  0.000000 -0.402437 -0.227881  0.254859 -0.122868  0.351735 -0.180081  0.011083 -0.132430  0.101050 -0.306121 -0.052815  0.116669 -0.306441
 0.000000  0.000000 -0.500000 -0.000000 -0.063941 -0.307508 -0.382403  0.025984 -0.031204 -0.384143  0.054046  0.189335  0.123469  0.189981  0.124549  0.433120  0.204442  0.144554
-0.426580  0.000000  0.000000 -0.000000  0.137360  0.268663 -0.123997  0.291959 -0.138760  0.391625  0.149102  0.351415 -0.006919 -0.015016  0.114317 -0.071086  0.322076  0.431149
-0.000000  0.063941 -0.500000  0.000000  0.000000 -0.145454  0.273807 -0.138972 -0.323905  0.227270 -0.218723  0.018674 -0.284283 -0.141178  0.087504 -0.005783 -0.460857  0.323865
-0.000000 -0.137360  0.000000 -0.426580 -0.000000 -0.170191 -0.038137 -0.393135  0.093404  0.529436  0.086056 -0.359320  0.072449  0.088420  0.232800  0.260893  0.230529 -0.013109
 0.563941  0.000000  0.000000 -0.000000 -0.000000  0.063182  0.196593  0.131749 -0.575344  0.029036  0.358862  0.090791 -0.039949 -0.061520  0.210124  0.021703  0.267089 -0.178167
 0.426580  0.000000 -0.000000 -0.000000  0.137360 -0.096423  0.309069  0.044532  0.526921  0.226307 -0.096016  0.536024  0.043507 -0.033757 -0.084187  0.218463  0.036064  0.088370
-0.000000  0.000000 -0.000000  0.563941 -0.000000 -0.306476 -0.161740 -0.311547  0.183767  0.055853  0.179953 -0.019885 -0.225893 -0.445174  0.199593 -0.214789  0.243212  0.028666
-0.000000 -0.000000 -0.000000 -0.563941  0.000000 -0.107804 -0.255500 -0.053242  0.083573 -0.113211  0.483791  0.237083 -0.232654 -0.329220 -0.209974 -0.170340 -0.237542 -0.011229
 0.000000  0.063941  0.500000  0.000000  0.000000 -0.518832  0.130363 -0.155224 -0.214633 -0.117661  0.098910  0.104302  0.227079  0.268151 -0.008660 -0.128559 -0.099471  0.452875
 0.000000 -0.563941 -0.000000  0.000000 -0.000000 -0.220006 -0.168755  0.129360 -0.001974  0.116625 -0.142436  0.247070 -0.271362  0.395435  0.256987 -0.321447 -0.112861 -0.285140
 0.000000  0.000000  0.000000 -0.000000 -0.563941  0.135129 -0.180058 -0.332828 -0.180376  0.165329 -0.206051  0.395433  0.439192 -0.170092 -0.014305 -0.105546 -0.058880 -0.158713
 0.000000  0.000000  0.000000 -0.000000 -0.563941 -0.189494  0.106244  0.573569  0.234265  0.099583  0.179788 -0.222367  0.123798 -0.144864  0.290976  0.015466 -0.170862  0.093889
-0.000000  0.000000 -0.500000  0.000000  0.063941 -0.065870  0.238959 -0.042236  0.140476  0.039211  0.263587 -0.103707  0.387894  0.219348 -0.220712 -0.555896  0.156945 -0.015544
 0.563941
