13 38
 0.000000  0.000000 -0.000000  0.000000  0.000000  0.000000 -0.089517  0.000000 -0.000000  0.545967 -0.000000 -0.000000 -0.000000 -0.072504  0.270499 -0.092081 -0.218693 -0.167769  0.160523  0.056288  0.138951 -0.348422 -0.060155  0.011910 -0.345659 -0.096308  0.056422  0.039798 -0.094393  0.011527 -0.108111 -0.285074 -0.047383  0.120646  0.156800 -0.174865  0.212239  0.071390
 0.000000 -0.635484  0.000000  0.000000 -0.000000 -0.000000 -0.000000  0.000000 -0.000000 -0.000000  0.000000 -0.000000  0.000000  0.183491 -0.230786 -0.285603  0.029713  0.192031  0.008884 -0.129749  0.091634 -0.005609  0.109618 -0.067393 -0.065076  0.164771 -0.161902 -0.005307 -0.079361  0.053834 -0.092998 -0.199681  0.374263 -0.204886  0.066617 -0.175848  0.098610 -0.074318
-0.000000  0.000000  0.000000 -0.000000 -0.545967 -0.000000  0.089517  0.000000  0.000000 -0.000000 -0.000000  0.000000  0.000000 -0.087957 -0.252611  0.018365  0.117534  0.038024 -0.095886 -0.199968  0.165756  0.072061 -0.008857 -0.139959 -0.226443 -0.067334  0.114033  0.035940 -0.260006 -0.128216  0.114385 -0.190897 -0.290673 -0.195044  0.232772  0.326630 -0.015654  0.133874
 0.000000  0.000000 -0.000000  0.000000  0.000000  0.000000 -0.089517 -0.000000  0.000000  0.000000 -0.545967 -0.000000 -0.000000  0.086619 -0.239885 -0.045008 -0.131330 -0.211251 -0.032498 -0.009585 -0.009702  0.276624 -0.071673 -0.021988 -0.207175  0.033265  0.027312 -0.080471 -0.145984 -0.394513 -0.042981  0.274455 -0.059375  0.174091  0.081013 -0.363630 -0.019659 -0.056498
-0.000000 -0.000000 -0.000000  0.000000  0.545967 -0.000000  0.089517  0.000000  0.000000 -0.000000  0.000000 -0.000000  0.000000 -0.174960 -0.062971 -0.303483  0.237229 -0.136691  0.091166 -0.167885 -0.151844  0.079138  0.084623 -0.066223 -0.240812  0.120565 -0.167047 -0.038785 -0.108259  0.069600  0.306469  0.055992 -0.187477  0.102940  0.163480  0.284584  0.212240 -0.029023
 0.635484  0.000000  0.000000  0.000000  0.000000  0.000000  0.000000 -0.000000 -0.000000 -0.000000  0.000000  0.000000  0.000000  0.157736  0.009605 -0.066984  0.165028 -0.074978  0.168851  0.180757 -0.181481  0.027935 -0.255603  0.107323 -0.230732  0.164418  0.299270  0.073416  0.091995 -0.153745 -0.077065 -0.016266  0.089524 -0.242322 -0.204466  0.176200  0.090740 -0.027318
-0.000000 -0.000000 -0.545967 -0.000000 -0.000000 -0.000000 -0.089517  0.000000 -0.000000  0.000000 -0.000000 -0.000000  0.000000 -0.056739 -0.018118 -0.052832  0.214590 -0.271626  0.050359  0.221512  0.043760 -0.176311  0.185725 -0.110916  0.351150  0.144698  0.259359 -0.239212 -0.207141 -0.070240 -0.133307  0.017255  0.083698 -0.020101  0.277169  0.062549 -0.010328 -0.115948
 0.000000 -0.000000 -0.000000 -0.000000  0.000000 -0.000000  0.000000  0.000000  0.000000  0.000000 -0.000000  0.635484  0.000000  0.017833  0.157169 -0.262311  0.067553  0.118869 -0.233716 -0.016146 -0.108359  0.068146 -0.094830 -0.045871  0.042482  0.010687  0.284324 -0.261041 -0.158884  0.129948  0.211871 -0.153560 -0.120672  0.016337 -0.189756 -0.255468 -0.083532  0.129204
-0.000000  0.000000 -0.000000  0.000000  0.000000  0.000000  0.635484  0.000000 -0.000000  0.000000  0.000000 -0.000000  0.000000  0.078431  0.330598 -0.087084  0.133784 -0.138913 -0.161420 -0.135048  0.204973 -0.075570  0.019913  0.057279  0.002556  0.239835 -0.074087  0.225808 -0.130205 -0.157001 -0.166891  0.009189 -0.122245  0.017031 -0.097326 -0.089050 -0.208948 -0.283545
 0.000000  0.000000 -0.000000 -0.000000  0.000000 -0.000000 -0.089517 -0.000000  0.000000  0.000000 -0.000000 -0.000000  0.545967  0.304686 -0.058012  0.093986  0.064770 -0.116299  0.281158  0.004379  0.129039 -0.213989  0.239804  0.053993 -0.073224 -0.047789 -0.198240 -0.212329 -0.183066 -0.084263  0.206013 -0.026494 -0.101226 -0.031361 -0.371594  0.035685 -0.201501  0.047415
-0.000000 -0.000000 -0.000000 -0.000000  0.000000 -0.000000  0.635484  0.000000  0.000000 -0.000000 -0.000000  0.000000  0.000000 -0.013268 -0.198070  0.051156  0.049615 -0.045877  0.309586 -0.012789 -0.038136  0.002458 -0.114214  0.170193  0.123077 -0.319814  0.071998 -0.243912 -0.023963  0.027204 -0.002204  0.047314  0.194237  0.052565  0.070875 -0.119608  0.182166  0.362522
-0.000000  0.000000 -0.000000 -0.000000  0.000000  0.000000  0.089517  0.000000 -0.000000 -0.000000  0.000000 -0.000000  0.545967 -0.205565  0.341699 -0.009548 -0.195759  0.163958 -0.057575  0.122265  0.004536  0.333903  0.147167 -0.227916  0.077484  0.031733  0.090704  0.144550 -0.083548 -0.210200  0.035584  0.071795  0.198852 -0.105894  0.055333  0.059892  0.318907  0.115729
-0.000000  0.000000  0.545967  0.000000  0.000000 -0.000000 -0.089517  0.000000  0.000000 -0.000000 -0.000000 -0.000000 -0.000000  0.161704  0.216765  0.134608  0.281610 -0.244007  0.070307  0.056737 -0.122659  0.163708  0.262438  0.111769  0.023964 -0.017202  0.142044  0.015436 -0.064396  0.068404  0.063717 -0.098872  0.159020 -0.090890  0.437106 -0.101583 -0.228363  0.037535
-0.000000  0.000000  0.000000  0.635484  0.000000  0.000000  0.000000 -0.000000  0.000000  0.000000 -0.000000  0.000000 -0.000000 -0.253502 -0.057838  0.165553 -0.144652 -0.204201  0.017654  0.081654 -0.057329  0.073290 -0.132526  0.181494  0.098469  0.327044 -0.223763 -0.023550 -0.145799  0.111097  0.060896 -0.109152 -0.103134 -0.328338 -0.026378 -0.156816  0.027800  0.106670
 0.000000  0.000000  0.000000 -0.000000  0.000000 -0.000000 -0.089517 -0.545967  0.000000  0.000000 -0.000000  0.000000 -0.000000  0.087391  0.065457 -0.224776  0.104527 -0.349950 -0.057492  0.013536 -0.007587  0.239008 -0.107138 -0.203311  0.122219 -0.339342 -0.239413  0.051988 -0.045829  0.102443 -0.336803 -0.086836 -0.071257 -0.113982 -0.158181  0.067570  0.029304  0.111296
-0.000000 -0.000000  0.000000  0.000000  0.000000 -0.000000  0.000000 -0.635484 -0.000000  0.000000  0.000000  0.000000 -0.000000 -0.316176 -0.098770  0.282354  0.246382  0.187432  0.028213 -0.117584 -0.008649 -0.123121  0.282779  0.072217 -0.190424  0.145234  0.214413  0.024058  0.040078 -0.016868 -0.008073  0.046924  0.023676  0.056850 -0.135421 -0.229963  0.102985 -0.046466
-0.000000  0.000000  0.000000  0.000000 -0.000000 -0.635484 -0.000000 -0.000000 -0.000000 -0.000000 -0.000000 -0.000000  0.000000 -0.005870  0.144809  0.243732  0.250191  0.158662 -0.048490  0.123506 -0.011341 -0.051975 -0.314520 -0.283842 -0.177038  0.096932 -0.254151 -0.209433 -0.131411  0.005666 -0.068839  0.070227  0.150622  0.098619  0.079048  0.008419 -0.082507  0.079706
 0.000000 -0.000000  0.000000  0.000000  0.000000 -0.545967 -0.089517  0.000000  0.000000  0.000000 -0.000000 -0.000000  0.000000  0.154013 -0.103210 -0.022550 -0.156845 -0.264664 -0.146689 -0.323896  0.004542 -0.057501  0.102605  0.229766  0.185807  0.070154  0.243874  0.320864 -0.165080  0.085146  0.079878  0.038154  0.126152  0.136300 -0.141764  0.102804  0.191419  0.159042
 0.000000 -0.000000 -0.000000 -0.000000 -0.000000  0.000000  0.089517  0.000000  0.545967  0.000000 -0.000000 -0.000000 -0.000000  0.074088 -0.134013  0.230544  0.001759 -0.117693  0.024790  0.200607  0.183423  0.269686 -0.080383 -0.108388 -0.001424 -0.042321  0.078954  0.021296 -0.041529  0.202493  0.204346 -0.313754  0.058158  0.217294 -0.101439 -0.003992  0.176675 -0.393047
 0.000000 -0.000000  0.000000  0.000000 -0.000000 -0.000000  0.089517  0.000000 -0.545967  0.000000 -0.000000 -0.000000 -0.000000 -0.034447 -0.085165  0.025424 -0.172536  0.002197 -0.011778  0.268435  0.168854  0.235986  0.100378  0.101942 -0.258233 -0.021324  0.126712 -0.067792 -0.263197  0.450479 -0.119754  0.107081  0.094380  0.099836 -0.081972  0.156286 -0.086654 -0.186686
 0.000000 -0.000000 -0.635484  0.000000  0.000000 -0.000000 -0.000000  0.000000 -0.000000  0.000000 -0.000000  0.000000 -0.000000  0.187672  0.201797  0.161037  0.057579  0.023728  0.017138 -0.141564 -0.142977  0.292122  0.065906  0.191316 -0.281097 -0.139094 -0.100790  0.218777  0.122638  0.119114  0.169270 -0.099768  0.064712 -0.060817  0.137408 -0.141012 -0.187322  0.131863
 0.000000 -0.000000 -0.000000 -0.545967  0.000000 -0.000000 -0.089517  0.000000  0.000000  0.000000  0.000000  0.000000  0.000000 -0.065298  0.007797  0.065173  0.139252  0.026762 -0.162482  0.240007  0.120682 -0.003381 -0.133069  0.447713  0.103487  0.007957 -0.246064  0.044022 -0.232454  0.015495  0.106989  0.071549 -0.148650 -0.279702  0.047865 -0.151683  0.280344 -0.013165
 0.000000  0.000000  0.000000 -0.000000 -0.635484  0.000000  0.000000 -0.000000 -0.000000  0.000000  0.000000 -0.000000  0.000000 -0.074747  0.162927 -0.276511  0.102835 -0.150104  0.160703  0.027564 -0.272862  0.006080  0.080313  0.063349 -0.012345  0.161430 -0.241485 -0.064199  0.130371  0.169951  0.165026  0.212111  0.088659  0.256008 -0.059532 -0.036124  0.195792 -0.139951
 0.545967 -0.000000  0.000000 -0.000000  0.000000 -0.000000 -0.089517  0.000000  0.000000 -0.000000 -0.000000  0.000000  0.000000 -0.322151 -0.010093 -0.057735 -0.052991  0.192596  0.077938 -0.117763 -0.014318  0.073890  0.059837  0.150710  0.241375 -0.162847 -0.234074  0.064146 -0.301033 -0.100864 -0.024970 -0.216464  0.061543  0.359961  0.061994 -0.019819 -0.252023 -0.042615
-0.000000 -0.000000  0.000000 -0.000000 -0.000000 -0.000000  0.000000  0.000000  0.635484 -0.000000  0.000000 -0.000000  0.000000 -0.093246  0.041967 -0.176225 -0.149743  0.103002 -0.031417  0.058273 -0.012517 -0.028953  0.155299  0.180702 -0.220634  0.018039  0.041030 -0.076538 -0.190442  0.213054 -0.278446  0.361554  0.031120 -0.100912  0.016725  0.137700 -0.226235  0.177292
 0.000000  0.545967 -0.000000 -0.000000  0.000000  0.000000  0.089517  0.000000 -0.000000  0.000000  0.000000 -0.000000 -0.000000  0.339844 -0.196635 -0.051036 -0.063403  0.270531  0.021880  0.016431 -0.369306 -0.062589  0.191256 -0.122755  0.002507  0.120753 -0.127804  0.085506 -0.244460  0.079083 -0.227528 -0.185831 -0.028651 -0.070174  0.086919 -0.136495  0.193750 -0.084941
-0.000000 -0.000000 -0.000000 -0.000000 -0.000000  0.000000 -0.000000 -0.000000  0.000000 -0.000000  0.635484 -0.000000 -0.000000  0.004597 -0.278173 -0.145869  0.020546 -0.109112  0.007874  0.313825  0.046784  0.045489 -0.017042 -0.166566 -0.094193  0.049669  0.008077  0.320852 -0.063864 -0.149125  0.118920  0.177424 -0.039292  0.156056  0.028663 -0.294843 -0.149306  0.179109
 0.000000 -0.000000  0.000000 -0.545967  0.000000 -0.000000  0.089517  0.000000  0.000000  0.000000 -0.000000 -0.000000 -0.000000 -0.229769 -0.075119  0.127524 -0.307621 -0.264445  0.183030 -0.144965 -0.187411  0.088688 -0.021186 -0.236462  0.011128  0.372709 -0.014388 -0.071433  0.062750  0.113818 -0.036108 -0.198597  0.028606 -0.102471 -0.078568 -0.030845 -0.247985  0.137324
 0.000000 -0.000000  0.000000  0.000000 -0.000000  0.000000  0.089517 -0.000000  0.000000  0.545967 -0.000000 -0.000000  0.000000  0.080937 -0.175220  0.028696  0.111649  0.027355 -0.355723  0.181651 -0.030407  0.226917  0.220251  0.177974  0.068521  0.216852 -0.131482 -0.180821  0.254071 -0.152332 -0.081637 -0.130125  0.014852  0.178340 -0.090553  0.215914 -0.044534  0.220439
 0.000000 -0.000000  0.000000  0.000000 -0.000000 -0.000000 -0.000000 -0.000000 -0.000000  0.000000 -0.000000  0.000000  0.635484 -0.085158 -0.243725 -0.072544  0.112537 -0.040945 -0.192088 -0.108804 -0.114759 -0.103022 -0.332460  0.149424 -0.003659  0.013795  0.092387  0.058231  0.229058  0.252984 -0.207565 -0.038919 -0.083874  0.117921  0.271711 -0.082114 -0.100868 -0.140163
 0.000000  0.000000  0.000000 -0.000000 -0.000000  0.545967 -0.089517 -0.000000 -0.000000  0.000000 -0.000000 -0.000000  0.000000  0.147181  0.065342  0.261144  0.134368 -0.079988 -0.203130 -0.180139 -0.008658 -0.117998 -0.263485 -0.100614 -0.020258  0.182979 -0.051947  0.077092 -0.318038  0.091741 -0.000247  0.119896  0.301470  0.251088 -0.049755  0.112603  0.095384  0.251817
 0.000000 -0.545967  0.000000  0.000000  0.000000  0.000000  0.089517  0.000000 -0.000000 -0.000000  0.000000  0.000000  0.000000  0.126268  0.071990  0.281395 -0.097988  0.047015  0.011540  0.167455 -0.475964 -0.056061  0.063665 -0.044312  0.078252 -0.071034  0.060644  0.091683 -0.152087  0.016422 -0.119282  0.046590 -0.464279  0.168305  0.009379  0.068185  0.078972  0.001563
-0.000000 -0.000000 -0.000000 -0.000000 -0.000000  0.000000  0.089517  0.000000 -0.000000 -0.000000 -0.545967  0.000000 -0.000000 -0.081268 -0.083898 -0.124778  0.155245  0.084249  0.041663  0.374865  0.064156 -0.223677  0.051836 -0.171889  0.097538  0.024549 -0.017911  0.453930  0.071648  0.220937  0.181399 -0.067940  0.013640  0.007552 -0.047650  0.020445 -0.154127  0.264973
 0.000000 -0.000000  0.000000 -0.000000  0.000000  0.000000  0.089517 -0.000000 -0.000000  0.000000 -0.000000 -0.545967 -0.000000 -0.121638  0.021090 -0.122633 -0.049887 -0.088485 -0.444579  0.071096 -0.325727 -0.163985  0.004767 -0.052412 -0.097934 -0.235567  0.108522 -0.169235 -0.138212 -0.030766  0.269224 -0.117105  0.168550 -0.119792 -0.165969 -0.110945 -0.119554 -0.078701
-0.545967  0.000000  0.000000 -0.000000  0.000000 -0.000000 -0.089517  0.000000  0.000000 -0.000000 -0.000000 -0.000000  0.000000 -0.138552  0.001086 -0.135702  0.139095  0.105325  0.274474  0.092631 -0.225555  0.106406 -0.237675  0.275630 -0.027187  0.028528  0.114264  0.149600 -0.193954 -0.279817 -0.114671 -0.235396  0.165746  0.077908 -0.175996  0.185271 -0.146405 -0.074412
 0.000000  0.000000  0.000000 -0.000000  0.000000  0.000000  0.000000 -0.000000 -0.000000  0.635484  0.000000  0.000000 -0.000000 -0.007245 -0.081858  0.054456  0.091965  0.120635  0.167704 -0.204422 -0.093254  0.104389 -0.137544 -0.163135  0.238099 -0.103563  0.064487  0.121159 -0.137184  0.120970  0.163019  0.356712  0.027948 -0.256870 -0.056915 -0.035267 -0.144081 -0.250721
-0.000000 -0.000000 -0.000000  0.000000 -0.000000  0.000000  0.089517  0.000000 -0.000000 -0.000000  0.000000  0.545967  0.000000 -0.142395 -0.161848  0.182687 -0.128515 -0.226843 -0.172543  0.089889 -0.199601 -0.243303  0.115145  0.000980 -0.147381 -0.248006 -0.222420  0.134607  0.046723 -0.182021  0.022614  0.061633  0.309008 -0.138808  0.054900  0.186410 -0.022326 -0.229090
-0.000000 -0.000000 -0.000000  0.000000  0.000000  0.000000 -0.089517  0.545967  0.000000 -0.000000 -0.000000  0.000000 -0.000000 -0.280625 -0.049507  0.103873  0.391306 -0.131786 -0.024654 -0.123328 -0.017654  0.095700  0.222006 -0.119253 -0.099427 -0.170295  0.010155  0.079990  0.000821  0.082810 -0.346200 -0.032219 -0.043699 -0.047812 -0.315805 -0.200098  0.149175  0.057211
 0.635484
