3 41
 0.000000 -0.275220  0.000000 -0.080521 -0.100512 -0.229839 -0.020563  0.009731  0.202719  0.157968  0.075028 -0.088840 -0.219686 -0.044877  0.000149  0.001134  0.039017  0.133382  0.009790 -0.281776 -0.021903  0.179242  0.108400  0.053134 -0.027125  0.048160  0.100901 -0.457582  0.191736 -0.271781 -0.023068  0.180086  0.126666  0.130157 -0.140207  0.247425 -0.063965  0.122794  0.130668 -0.101919  0.227566
 0.275220 -0.000000  0.000000 -0.030051  0.068158  0.147960  0.206136  0.017739  0.284131  0.185640 -0.179040 -0.013485  0.011068 -0.027202 -0.276093 -0.199004  0.135590 -0.042445  0.078956 -0.061433 -0.110898  0.292219  0.122832 -0.065452  0.083062 -0.047141  0.032064  0.000102 -0.139649  0.038665 -0.144323 -0.068881 -0.115404  0.031542  0.054557  0.248897 -0.104402 -0.459192  0.076634  0.069997 -0.272286
 0.275220  0.000000  0.000000 -0.109234  0.214272  0.046550 -0.103228  0.018166 -0.069285 -0.106175  0.247635  0.241116  0.120744 -0.060739 -0.401761 -0.119618  0.192872  0.158271  0.073891 -0.074702  0.051655 -0.220583 -0.244944  0.157497 -0.016476 -0.038310 -0.193561 -0.087226  0.214663 -0.214569 -0.174265 -0.113846 -0.117705 -0.096832  0.091787  0.094250  0.199562  0.086684 -0.009144  0.181281  0.105976
-0.275220 -0.000000 -0.000000 -0.237071 -0.162627 -0.172843  0.040919 -0.066750  0.150956 -0.079366  0.092242 -0.032760 -0.125322 -0.016240  0.016288 -0.026500 -0.008793 -0.284717 -0.031184 -0.309601 -0.101522 -0.136534  0.099543  0.048735  0.084871 -0.354969 -0.169451  0.095214 -0.048984 -0.004425 -0.075975  0.325876 -0.255594 -0.088844  0.064957 -0.045364  0.193560 -0.150338 -0.194619  0.259696  0.023209
 0.000000 -0.275220  0.000000 -0.119559  0.182841 -0.024908  0.033358 -0.253437  0.129804  0.036148 -0.085763 -0.003985 -0.164399  0.336166 -0.028676  0.375569  0.002525  0.067120  0.190603 -0.047549  0.243248 -0.052433  0.122308  0.006721  0.222599 -0.081243  0.077114  0.219331 -0.110371 -0.139563  0.123524 -0.274507  0.180896  0.065364  0.128427  0.027383  0.120357  0.078927  0.080008  0.260729 -0.035964
-0.000000  0.213365  0.061854  0.052461 -0.273480 -0.158020  0.222266 -0.073149 -0.107693  0.110989 -0.154147  0.014401  0.107748  0.141696 -0.173724  0.114851  0.179837  0.006494 -0.104752 -0.138902 -0.050187  0.035593  0.187266 -0.032432 -0.176230 -0.157930  0.223745  0.030493  0.215238  0.228135 -0.277830 -0.200024  0.091427 -0.064081  0.018727  0.024381  0.404273  0.199420  0.063153 -0.155426 -0.023644
-0.275220  0.000000 -0.000000  0.110229 -0.119630 -0.088526  0.054249 -0.037425  0.098840 -0.237394 -0.088581  0.032433 -0.204755 -0.158492 -0.404583  0.165321  0.123218  0.034434 -0.199757 -0.096268 -0.069608 -0.149610 -0.222027  0.066766 -0.070445  0.020659  0.028074 -0.104744 -0.247882  0.016289  0.070624 -0.109769 -0.019666 -0.103053 -0.092570 -0.175165 -0.230194  0.022274  0.419869  0.037997 -0.169203
 0.000000  0.000000 -0.275220 -0.055848 -0.074419 -0.260295  0.130917  0.036432  0.032727  0.077036 -0.083924 -0.185484 -0.036105 -0.039984 -0.263856 -0.080332 -0.019804  0.101003  0.256609  0.214647 -0.195921 -0.293106  0.287607  0.220003 -0.108029  0.335086  0.025833  0.059562  0.029966  0.073187  0.191171 -0.053121  0.056315 -0.132006 -0.133466 -0.053971  0.007004 -0.135024 -0.214897  0.124212  0.170336
-0.275220  0.000000 -0.000000  0.102112  0.166383  0.223694 -0.074264  0.057263 -0.110386  0.040955  0.273980  0.023939 -0.232413 -0.084139 -0.352168  0.114704  0.053135 -0.210466 -0.079170 -0.029241  0.054715  0.074692  0.122834 -0.295403  0.105596  0.097407  0.195978 -0.029035  0.274198 -0.034344 -0.008135 -0.021073  0.221714 -0.008309  0.109727 -0.168735  0.000844 -0.263901 -0.249535 -0.100900  0.075995
-0.000000 -0.000000 -0.275220  0.003742 -0.115677  0.425275 -0.240668  0.184865  0.037086  0.046785 -0.171853 -0.087591 -0.292142  0.203745 -0.181477 -0.111183 -0.146075 -0.062723 -0.037949 -0.073405  0.150852  0.143769  0.129849  0.001197 -0.072420  0.139111 -0.161718  0.070222  0.096551  0.171875 -0.024609  0.105319 -0.170162 -0.145420 -0.045132  0.067315  0.041014  0.361794  0.105371  0.161178 -0.004633
 0.000000  0.275220  0.000000 -0.142203 -0.086270  0.116403  0.241227 -0.195339  0.090413 -0.075593  0.044653 -0.425715  0.038474 -0.369426 -0.073298  0.034507  0.023326  0.020328  0.080275  0.050315  0.070145  0.311741 -0.187101 -0.052229  0.209663 -0.066041 -0.212545  0.065189  0.118028 -0.110079  0.160297 -0.096212  0.154510 -0.032927 -0.206097 -0.010034  0.085816  0.215436 -0.098312  0.074269 -0.007100
-0.000000 -0.000000 -0.275220  0.208454 -0.037305  0.094411  0.187702  0.075645  0.010682 -0.370832  0.129475  0.293571  0.078812  0.032267  0.114262  0.180126 -0.004246  0.036651 -0.041524 -0.017043  0.097348  0.163644  0.124510  0.332869 -0.007154 -0.088972  0.163095  0.139760  0.260369 -0.099466  0.085293  0.135750  0.042438 -0.069714 -0.337264  0.165322 -0.019942 -0.149221 -0.020335  0.070552 -0.192328
-0.275220 -0.000000 -0.000000 -0.135203 -0.188754  0.183151  0.386107  0.242231 -0.000235  0.041064 -0.035168  0.108616  0.084761  0.116497 -0.038169 -0.058846 -0.183218  0.099623  0.232061  0.062095  0.190603 -0.268781 -0.061682  0.019523  0.372360  0.057234 -0.071131 -0.269707  0.033101 -0.040625  0.007832  0.049400 -0.034366 -0.018441  0.141666  0.072194  0.081818  0.011175  0.041684 -0.283286 -0.184669
 0.000000 -0.000000 -0.275220  0.231603  0.072257  0.009133  0.058756  0.286185  0.043094  0.131678 -0.246442 -0.027599  0.005685 -0.164291  0.107908  0.109890  0.294869 -0.104284 -0.038896 -0.116969  0.021267 -0.184850 -0.207804 -0.087438  0.169991  0.004233 -0.093520  0.183282  0.104191  0.067629  0.131512  0.038059 -0.045703  0.373945 -0.031901  0.064678  0.214677 -0.128762  0.198968  0.004683  0.308587
-0.000000  0.275220 -0.000000 -0.220008  0.148868 -0.062670  0.197542  0.126803 -0.228465 -0.203410 -0.078024  0.149171 -0.204645  0.086822  0.139101  0.197026 -0.026595  0.196493  0.173966 -0.136864 -0.279661  0.140621 -0.024469 -0.271847  0.081938  0.073097 -0.034206  0.053613  0.041316  0.080269 -0.084408  0.002455 -0.046990 -0.261836  0.076396  0.156668 -0.227679 -0.042169  0.123281  0.079471  0.310975
-0.275220  0.000000  0.000000  0.024536  0.108044 -0.199491  0.109296  0.155040  0.119908 -0.089139  0.189218 -0.171680 -0.007398  0.196102 -0.001759 -0.082760  0.306033 -0.111317  0.069355  0.453075  0.197575  0.026839 -0.046903 -0.229398 -0.119159 -0.053418  0.134213  0.011036  0.006056 -0.039137 -0.188864 -0.041669 -0.287560  0.071997 -0.118864  0.240414 -0.125190  0.162806 -0.016582  0.126541  0.009518
 0.000000  0.000000  0.275220 -0.276812  0.018881 -0.025999  0.045405  0.141378 -0.056566  0.029425 -0.304374 -0.028076 -0.168652  0.023288 -0.139314  0.118845 -0.181085  0.144302 -0.369784  0.317767  0.151052  0.125399 -0.248730  0.257505 -0.093452 -0.078139  0.149835 -0.010492  0.136429  0.050074  0.107813  0.137693 -0.045706  0.077359  0.083398  0.077828  0.105984 -0.202400 -0.116857  0.105645  0.138852
-0.000000 -0.213365  0.061854  0.124146  0.125034 -0.146371  0.141009  0.020371  0.200329 -0.282525 -0.005310 -0.024224 -0.262152  0.007537  0.169862 -0.384829 -0.026731 -0.163855  0.161161  0.025381  0.074071  0.211050 -0.145869  0.160336 -0.057048  0.056686 -0.027526  0.059280  0.152258  0.126176  0.001913 -0.167832  0.068288 -0.236704  0.207716 -0.206408  0.234042 -0.085016  0.173270 -0.175275  0.114844
-0.213365  0.000000  0.061854  0.390532 -0.016404  0.083386 -0.091096 -0.014755 -0.051382 -0.042231 -0.187432  0.146193 -0.153149 -0.131232 -0.100091 -0.002021 -0.211342  0.074926  0.405049  0.135807 -0.289445  0.128696 -0.083482  0.138295  0.002186 -0.272040  0.024179 -0.111281 -0.107635 -0.012672 -0.204476 -0.064920  0.038251  0.270235  0.023821  0.070869  0.062986  0.122267 -0.203643  0.144485  0.073861
-0.275220 -0.000000 -0.000000 -0.054780  0.309399  0.371077  0.151446 -0.044903  0.178984  0.025571 -0.106300 -0.153256  0.044181  0.028682  0.185258 -0.109696  0.243404  0.280240 -0.037725 -0.208110 -0.240061 -0.136297 -0.095822  0.065360 -0.326045  0.047180  0.220744  0.031069  0.029850 -0.096190  0.097657  0.098645  0.038945 -0.045254  0.149069  0.001228  0.054954  0.116002 -0.158938  0.025367 -0.135253
-0.000000 -0.275220  0.000000  0.141874 -0.053354 -0.065949  0.003752 -0.200293  0.184436 -0.059946 -0.155958 -0.087766  0.193527  0.247754 -0.146509  0.226640 -0.238577 -0.022854  0.050906 -0.019219 -0.168637 -0.045780 -0.338554 -0.295308 -0.173215  0.096918 -0.260068  0.112597  0.314309 -0.017087 -0.068125  0.107264 -0.061001 -0.071491 -0.102960  0.079478 -0.047856 -0.109402 -0.120673 -0.168856 -0.068660
 0.000000  0.275220 -0.000000  0.075445  0.293184 -0.122384  0.125066 -0.100193  0.290421  0.362367  0.027305  0.264590 -0.068856  0.045692  0.047734  0.267371  0.039556 -0.051619  0.024117  0.098680 -0.013581  0.155577  0.008263  0.187770  0.056024  0.172078 -0.148547 -0.142772  0.125330  0.054285 -0.060650  0.140352 -0.243132  0.012616 -0.023367 -0.383883 -0.025071  0.139371 -0.016906 -0.011218 -0.076172
 0.000000 -0.275220  0.000000 -0.019364  0.035964  0.081275 -0.028126 -0.035605 -0.063022 -0.027014 -0.283708  0.067340  0.082860 -0.306261  0.233818  0.189493  0.165996 -0.269226 -0.086656  0.219664 -0.073658 -0.082448  0.085898 -0.081979  0.076981  0.111479 -0.057400 -0.380311  0.098982  0.066173 -0.120331 -0.051544  0.094285 -0.342247  0.030141  0.115407  0.106648  0.033657 -0.023861  0.289806 -0.126187
 0.000000  0.000000 -0.275220 -0.175306 -0.032556  0.102739  0.097338 -0.034094  0.042648  0.171308  0.033540  0.075212  0.104232  0.154174  0.002799 -0.044043  0.029246 -0.261418  0.029286  0.016573 -0.003619 -0.041113 -0.159495  0.143649 -0.168396 -0.433063 -0.056640 -0.181645  0.160395  0.231560  0.141493 -0.207004  0.231503  0.009021  0.091975 -0.031332 -0.435597  0.020740 -0.025123  0.026053  0.172382
 0.275220 -0.000000 -0.000000 -0.144922  0.272487  0.047324  0.196930  0.021762 -0.160056 -0.149927  0.170804 -0.100553 -0.294647  0.033283 -0.001590  0.087308 -0.169564 -0.193812  0.079987  0.003794 -0.135143 -0.179131  0.001946 -0.125470 -0.229710 -0.064599 -0.016995 -0.245894 -0.053020  0.209990  0.137150  0.039055 -0.017030  0.300146 -0.238850  0.024246  0.246175  0.026692  0.068749 -0.042773 -0.254816
 0.000000  0.000000  0.275220  0.048267  0.243795 -0.092930 -0.014432  0.348324 -0.053947  0.102595 -0.010257 -0.224453  0.110222 -0.127553 -0.114826  0.120435 -0.133867 -0.251975  0.090130  0.011173 -0.154699 -0.084658  0.195804  0.213639 -0.018476 -0.138592 -0.064834  0.279785  0.188905 -0.170817 -0.004698  0.126738  0.129247 -0.092291  0.153893  0.118978 -0.171691  0.181925  0.260757 -0.082823 -0.155164
-0.000000 -0.000000  0.275220  0.215751  0.164050  0.130454  0.242188 -0.130582 -0.038610 -0.042355 -0.115339  0.024147  0.287385  0.167147 -0.133087 -0.195703 -0.194866 -0.256310 -0.112569 -0.142770 -0.019139 -0.024917  0.100449 -0.038511  0.129149  0.040313  0.198360 -0.143420 -0.050034 -0.091346  0.240806 -0.030540 -0.204096 -0.065531 -0.223699 -0.031064 -0.002469  0.098504  0.059838  0.173200  0.369924
-0.000000 -0.000000 -0.275220  0.094994  0.269210 -0.057624 -0.042400  0.126348 -0.041212 -0.114916 -0.182366 -0.246569  0.035072 -0.048289 -0.001765  0.156620 -0.110107  0.157496 -0.148380 -0.054076  0.136087  0.040759  0.232620 -0.002512 -0.061127 -0.313830 -0.149898 -0.213887 -0.108511 -0.204581 -0.023195 -0.271626 -0.297565 -0.152388  0.031817 -0.092139  0.028611 -0.089616 -0.156364 -0.302249  0.064353
-0.000000  0.275220  0.000000  0.231529  0.083647 -0.229583 -0.229030 -0.161797 -0.049078 -0.179330 -0.113313 -0.133957  0.098239  0.097243 -0.075729 -0.075960  0.093449  0.133946  0.144453 -0.050274  0.179380  0.010603  0.062620 -0.086983  0.074787 -0.071478  0.009873 -0.266755  0.207222  0.217855  0.355669  0.263651  0.021059  0.021125  0.314599  0.107698 -0.022136 -0.060879  0.062478  0.139461 -0.187402
-0.000000  0.000000  0.275220 -0.053499 -0.117015  0.263505  0.028239 -0.131747 -0.112739 -0.210293 -0.144069 -0.002765  0.003888  0.109385 -0.057453  0.161112  0.411470 -0.123955  0.235343  0.073637  0.145022  0.048834  0.218977  0.163586 -0.242861  0.060189 -0.327299 -0.046811 -0.111788 -0.077453  0.003768  0.189156  0.022700  0.114310 -0.018041 -0.057278 -0.052522 -0.121586  0.011018 -0.222235  0.217065
 0.000000  0.000000 -0.275220 -0.113125  0.243657 -0.110824  0.033467  0.014019 -0.175387 -0.056295 -0.183314 -0.156257  0.210280  0.067490 -0.115053 -0.029575 -0.056672 -0.120310  0.125392 -0.120726  0.222843  0.099985 -0.204459  0.067909  0.017522  0.077334  0.190183 -0.047809 -0.232750 -0.005971 -0.417454  0.356997  0.282301 -0.015179 -0.091449 -0.195629  0.005289 -0.005084  0.010108  0.044759  0.014740
 0.275220  0.000000 -0.000000 -0.042051 -0.146295 -0.083362 -0.109680  0.359067  0.119343 -0.108997 -0.140356  0.113351 -0.034222  0.225118 -0.091417  0.031278  0.257345 -0.138562  0.060940  0.056402 -0.235800  0.112545 -0.144499 -0.132293  0.140824 -0.116012  0.165024 -0.048638 -0.143285 -0.230160  0.293027  0.091692  0.079272 -0.142247 -0.018660 -0.196090  0.074662  0.199382 -0.268229 -0.110088 -0.094723
 0.000000 -0.275220  0.000000 -0.038235 -0.098229 -0.115100  0.241736  0.112801 -0.247027  0.152491 -0.082507  0.218521  0.064617 -0.307917 -0.057547 -0.026774 -0.030772  0.072752  0.222339 -0.140784  0.273709  0.180063  0.023676 -0.249184 -0.350607 -0.034801  0.027456  0.109063  0.051270 -0.071204  0.213309  0.041886 -0.196629  0.036452  0.100613 -0.211709 -0.072921  0.093210 -0.039401  0.163479 -0.111528
 0.000000  0.275220 -0.000000  0.152864 -0.055452 -0.154446  0.166194  0.143964  0.072746 -0.077565 -0.033416  0.072102 -0.062113  0.072409  0.051693  0.019262 -0.120281 -0.255286 -0.180254 -0.212745  0.157017  0.001266 -0.059287  0.039331 -0.233136  0.326145 -0.219034 -0.064203 -0.161938 -0.216633 -0.015908 -0.199758  0.204383  0.124298  0.242495  0.251292 -0.032595  0.037481 -0.274655  0.146438 -0.063907
 0.275220  0.000000 -0.000000 -0.007308 -0.048589  0.072814  0.165892  0.003294  0.392341 -0.349164 -0.093557  0.055266 -0.003257 -0.174723 -0.026994 -0.024485 -0.114435  0.123944 -0.141070  0.115750  0.068933 -0.232881  0.261528 -0.209501  0.032276 -0.075036  0.072991  0.046110  0.113837  0.039053 -0.226724  0.147650  0.103434  0.226406  0.190942 -0.211113 -0.192963  0.179645 -0.046193  0.050676  0.132086
-0.000000 -0.275220  0.000000 -0.099388 -0.041896 -0.017781  0.024532  0.103249 -0.108070 -0.235482  0.128606 -0.196209  0.202196  0.015696 -0.057659  0.175622  0.093504 -0.036202 -0.040712 -0.187851 -0.175654  0.221694 -0.016323  0.252306  0.212477  0.247974  0.069016 -0.040086  0.043752  0.316052 -0.033933 -0.151832 -0.272297  0.280780  0.225555 -0.048796 -0.129098  0.135182 -0.175591  0.008814 -0.039327
 0.213365  0.000000  0.061854  0.312464 -0.272616  0.151462  0.165625  0.169980 -0.094745  0.121045  0.248120 -0.372498 -0.053113  0.199318  0.142923  0.161894 -0.004843  0.128086  0.033927  0.023795 -0.027242 -0.042675 -0.098539  0.033540 -0.062258 -0.055262  0.016329 -0.155470  0.033007 -0.138869 -0.133511  0.038577 -0.019146 -0.106903  0.125784 -0.281421 -0.002718 -0.206488  0.120762  0.344385  0.032493
 0.000000 -0.000000 -0.275220 -0.014788 -0.058661  0.096015  0.044794 -0.114820  0.139276 -0.003386  0.267875  0.054162  0.201582 -0.110630 -0.109960  0.225343 -0.150607 -0.098075 -0.003765  0.231299 -0.127202  0.174840 -0.006097 -0.035084 -0.171568  0.027662  0.120727 -0.017502 -0.276720 -0.044274  0.155973  0.193434 -0.049478 -0.077739  0.393266  0.185494  0.259397  0.043682  0.214727 -0.097451  0.211641
-0.000000  0.000000 -0.275220 -0.048334 -0.055113 -0.039430  0.129888 -0.324182 -0.362797 -0.022846 -0.159228 -0.003658 -0.155632  0.126627  0.011220 -0.226902  0.050870 -0.126018 -0.186319  0.189863 -0.245223  0.035496  0.038164  0.022990  0.109612  0.039897 -0.028796  0.047305  0.195841 -0.433928 -0.030467  0.036644 -0.107313  0.212435  0.202218 -0.089505 -0.064148  0.044717  0.136809 -0.022404 -0.130002
-0.000000  0.275220 -0.000000 -0.257244 -0.150214  0.089409 -0.309305 -0.004493  0.161598 -0.107379 -0.136120 -0.047075  0.071249 -0.096186  0.120443  0.112099 -0.137907 -0.230953  0.309863 -0.079265  0.060138 -0.083445 -0.072885  0.019092 -0.135771  0.121067  0.366680 -0.059742  0.210894 -0.222150 -0.046752 -0.234178 -0.235848  0.101911 -0.015943 -0.091473  0.002857 -0.155383  0.140632  0.008244 -0.023129
-0.275220 -0.000000 -0.000000 -0.203912  0.048589 -0.033001 -0.112680  0.257788  0.094790 -0.103733  0.017759  0.086286  0.318185  0.169588 -0.014324 -0.099668 -0.071882  0.140812 -0.088591  0.081023 -0.189682  0.229003  0.189245 -0.132014 -0.087164  0.012868 -0.284991 -0.103637  0.055239 -0.056424  0.036742 -0.125504  0.224597  0.218541 -0.095162 -0.237497  0.196304 -0.119675  0.231435  0.238652 -0.035431
 0.275220
