9 35
-0.000000 -0.000000 -0.000000  0.000000  0.454746 -0.000000 -0.000000  0.086740  0.000000  0.203796  0.307060 -0.146533  0.022418  0.077387  0.182933  0.114438 -0.146407 -0.024159 -0.051773 -0.007134  0.023561 -0.071140  0.070716 -0.044807  0.246917  0.000532  0.104277  0.066996  0.134738 -0.148040 -0.408270 -0.453715 -0.203062 -0.045680 -0.075522
 0.000000  0.000000  0.000000 -0.000000  0.541485 -0.000000 -0.000000 -0.000000 -0.000000  0.151036 -0.424640  0.017894  0.057229  0.093672  0.029985 -0.090660  0.078656 -0.042393 -0.050252 -0.138005  0.155725  0.055127 -0.159717 -0.291117  0.075592 -0.261837 -0.317340  0.144608 -0.225437 -0.089074  0.196572  0.120101 -0.080164  0.030300  0.004266
-0.000000 -0.000000 -0.000000 -0.000000 -0.000000 -0.000000 -0.000000 -0.086740  0.454746  0.288055  0.203619  0.177307 -0.328432 -0.091107 -0.353910 -0.133766 -0.051885 -0.177237  0.165270 -0.316484 -0.085235 -0.120429  0.027239  0.102883  0.092973 -0.055316 -0.210018 -0.021288  0.062086 -0.163751  0.146095 -0.152298  0.205596  0.044940  0.007610
 0.000000  0.000000 -0.000000 -0.000000 -0.000000 -0.000000  0.454746 -0.086740  0.000000  0.078563  0.091132  0.041072  0.198976  0.140935 -0.172896 -0.212667 -0.018507  0.228280  0.323723  0.053720  0.071687  0.202932  0.015884 -0.298099 -0.000263 -0.263454  0.076787 -0.145565  0.295402  0.250979 -0.037803 -0.090247  0.030883  0.018582  0.285924
 0.000000  0.000000 -0.541485  0.000000  0.000000  0.000000  0.000000 -0.000000  0.000000  0.051380 -0.154054  0.417526  0.061468  0.223433 -0.291871 -0.006548 -0.403897  0.024075 -0.070185  0.059374  0.094714 -0.175514  0.157764 -0.032155 -0.101700  0.058913  0.155451  0.125121 -0.114733  0.015376 -0.191710  0.093514 -0.100709 -0.004479 -0.081267
-0.000000  0.000000 -0.000000 -0.454746  0.000000 -0.000000  0.000000  0.086740  0.000000 -0.161885  0.013710 -0.221640 -0.025452 -0.165558 -0.238679  0.170452 -0.221070 -0.135934 -0.161691  0.060142 -0.188812  0.112188  0.354997 -0.126253  0.063334 -0.201803 -0.024200  0.042757 -0.207172  0.065013  0.170380 -0.112331 -0.056110 -0.306856  0.274812
 0.000000  0.000000  0.000000 -0.000000  0.000000  0.454746  0.000000  0.086740 -0.000000  0.088693  0.148717  0.208699 -0.128116 -0.025609  0.130422  0.195574 -0.097427  0.088185 -0.145807  0.282516  0.001320 -0.198177 -0.350536 -0.008356  0.217550 -0.301147  0.007981  0.053213  0.039988  0.167182  0.040208  0.120394  0.329708 -0.252071  0.020740
 0.000000  0.541485 -0.000000 -0.000000  0.000000  0.000000  0.000000  0.000000 -0.000000 -0.049465 -0.166845  0.139755 -0.161686 -0.076776 -0.059040  0.072028  0.109017 -0.025516 -0.110794  0.285155  0.136688  0.203057  0.182620  0.039979 -0.091273 -0.311345 -0.016086 -0.336335  0.058118 -0.130950 -0.042465 -0.225506  0.064846  0.121381 -0.323284
 0.000000  0.000000 -0.000000  0.000000 -0.000000 -0.000000  0.541485  0.000000 -0.000000 -0.297577 -0.122819 -0.257027 -0.259332  0.021312  0.176914 -0.205138 -0.344204 -0.198118 -0.191384 -0.152613 -0.030287 -0.255666 -0.071086 -0.062307 -0.001966 -0.020326  0.028897 -0.155429  0.115872 -0.120328 -0.030159  0.134317  0.063178  0.035269 -0.160129
 0.000000  0.000000  0.000000 -0.000000  0.000000  0.000000  0.541485  0.000000  0.000000  0.260640  0.016085  0.174129 -0.257352 -0.061836  0.180611  0.460459  0.124858 -0.027235  0.064613  0.129321  0.094652  0.014875  0.098011  0.004949 -0.157980  0.274395 -0.042191  0.116469 -0.182279  0.032696  0.195589 -0.057224 -0.176446  0.068553  0.101445
-0.000000 -0.000000 -0.000000  0.000000 -0.000000 -0.454746  0.000000  0.086740 -0.000000 -0.075375  0.300454  0.157798 -0.047760  0.397658  0.209160 -0.144082  0.141103  0.044876 -0.061071 -0.039192  0.207021 -0.105410  0.121232  0.001312  0.069815 -0.124243  0.186327 -0.053050 -0.165497 -0.020196  0.355932 -0.030117  0.100101 -0.332275 -0.101930
-0.000000 -0.000000 -0.454746 -0.000000 -0.000000 -0.000000  0.000000 -0.086740  0.000000  0.057242  0.100171 -0.492484  0.121941 -0.082002 -0.224093  0.117866  0.121750  0.103573 -0.026897  0.154295  0.206704 -0.152928 -0.216318 -0.155897 -0.003488  0.112571  0.141307 -0.037975 -0.042379 -0.184713  0.295786 -0.158166  0.219393  0.152298 -0.054708
-0.000000 -0.000000  0.000000  0.000000 -0.000000 -0.541485  0.000000 -0.000000  0.000000  0.100109 -0.182053 -0.035103  0.006541  0.261658 -0.141888  0.338295 -0.054105 -0.084566 -0.030259  0.238842 -0.355547 -0.044926 -0.225306  0.040576  0.247291  0.056650 -0.207661 -0.174532  0.210596  0.058308 -0.069545  0.095455  0.082495  0.024583  0.058112
 0.000000  0.000000 -0.000000 -0.000000 -0.000000 -0.000000 -0.454746 -0.086740 -0.000000  0.034581 -0.035959 -0.057638 -0.416262  0.092683  0.252825  0.091355 -0.279692 -0.040057  0.172771  0.025985  0.148329 -0.083788  0.047945 -0.366398 -0.190717  0.039077  0.060958 -0.191956  0.216328  0.146631  0.159182  0.001551 -0.103990  0.142207  0.216047
-0.000000  0.000000  0.000000  0.000000 -0.000000  0.000000 -0.000000  0.541485  0.000000 -0.289455 -0.192465  0.074537  0.052333 -0.048603  0.027343  0.105614 -0.185696 -0.072423  0.535814  0.017737  0.180599  0.123002 -0.054305  0.020887  0.137316  0.161893 -0.044598  0.129224  0.082220 -0.168718  0.077777 -0.150655  0.214139 -0.089700 -0.059252
 0.000000  0.000000 -0.000000 -0.000000  0.000000 -0.000000 -0.000000 -0.086740 -0.454746  0.138227 -0.075453  0.120079 -0.041891 -0.197493 -0.180713  0.024227  0.278229 -0.276551  0.010275 -0.149008  0.171931 -0.164567  0.079035 -0.238828  0.021066  0.181643  0.008013 -0.165882  0.230222 -0.139754 -0.164457  0.091498  0.104078 -0.441189  0.043392
 0.000000  0.454746  0.000000  0.000000 -0.000000  0.000000  0.000000 -0.086740  0.000000  0.145334 -0.085687 -0.166610 -0.203846  0.142031  0.087275 -0.208152  0.030094  0.006924  0.193542  0.025693 -0.245815  0.086887 -0.039698 -0.153508  0.052708  0.227159  0.198330  0.163549 -0.404163  0.059923 -0.260531  0.031110  0.321544 -0.101670  0.120955
 0.000000  0.000000  0.000000  0.000000 -0.000000 -0.000000 -0.000000  0.541485 -0.000000 -0.039032  0.250392  0.105393 -0.232064 -0.022004 -0.231498 -0.134797  0.146871  0.177200 -0.257647  0.006888 -0.210258  0.159628 -0.181279 -0.423453 -0.072088  0.174283 -0.019489 -0.048276  0.006547 -0.044143 -0.019044  0.101683 -0.182800  0.093220 -0.104983
-0.000000  0.000000  0.000000 -0.000000 -0.000000 -0.541485 -0.000000  0.000000  0.000000  0.037677  0.054624  0.077850 -0.074025 -0.617122  0.075764 -0.053048 -0.146216  0.120938 -0.040903  0.031332  0.182797 -0.032981 -0.170889 -0.048696 -0.123221 -0.205215  0.057884  0.263772 -0.038027  0.099054 -0.195604  0.030946  0.110332  0.042773  0.044907
-0.000000  0.000000  0.000000 -0.000000  0.541485 -0.000000 -0.000000  0.000000 -0.000000 -0.018848  0.130795 -0.017143  0.031904 -0.038110 -0.029549 -0.030286 -0.049592  0.003950 -0.103866  0.112892 -0.087325  0.154712  0.296738  0.132218 -0.253454  0.244210  0.005292  0.106120  0.298132  0.201470  0.149139  0.236087  0.406902  0.025689 -0.113240
-0.454746 -0.000000 -0.000000  0.000000  0.000000  0.000000  0.000000  0.086740  0.000000  0.087359 -0.078596  0.035401  0.031115 -0.025194 -0.072210  0.007062  0.057434 -0.497640 -0.085341 -0.128383  0.035931  0.167924 -0.160726  0.017353  0.163959 -0.031383  0.438593  0.058446  0.035358  0.380355  0.128695 -0.076400 -0.054133  0.166436 -0.104032
-0.541485  0.000000  0.000000 -0.000000  0.000000  0.000000  0.000000 -0.000000 -0.000000 -0.109349 -0.061428  0.053722  0.028077 -0.130923  0.064854 -0.183886  0.151035  0.173274  0.114679  0.232975 -0.150152 -0.477590  0.290378 -0.153566  0.166407  0.078862 -0.251513  0.049571 -0.015464  0.142835  0.037370 -0.123499 -0.023730  0.085123 -0.093265
-0.000000 -0.541485 -0.000000  0.000000  0.000000 -0.000000  0.000000 -0.000000 -0.000000  0.114480 -0.176992  0.072063 -0.134790 -0.084051  0.076525 -0.085037 -0.037420  0.137176 -0.135677  0.072695  0.110067  0.252609  0.182622 -0.024301  0.278579  0.116181  0.071457 -0.394266 -0.272508 -0.003898 -0.136656 -0.086049  0.308641  0.133367  0.003636
-0.000000 -0.000000  0.541485  0.000000  0.000000 -0.000000  0.000000 -0.000000 -0.000000 -0.015932  0.128391 -0.135928 -0.024231  0.192202 -0.413827 -0.004368 -0.124149 -0.104427 -0.018648  0.271897  0.473428 -0.164062  0.009703 -0.003238  0.009875  0.094322 -0.054799  0.080286 -0.180973  0.060227 -0.140825  0.130455 -0.000515  0.137842 -0.018917
 0.000000 -0.000000  0.000000 -0.000000 -0.454746  0.000000 -0.000000  0.086740 -0.000000  0.361198 -0.042834 -0.145638  0.128552  0.143546  0.183452 -0.029578 -0.111800 -0.069935 -0.235288 -0.037038  0.105007  0.178725  0.233873 -0.234015  0.035130 -0.020456 -0.267291  0.365548  0.221299 -0.014205  0.003384 -0.029586  0.186000  0.020989 -0.205283
 0.000000  0.000000  0.000000  0.000000  0.000000  0.000000 -0.000000 -0.000000  0.541485 -0.175722  0.024209 -0.024461  0.186526 -0.018704  0.081738  0.402775  0.223545 -0.029525  0.062660 -0.189870  0.061654 -0.085384  0.182457 -0.327133  0.018154 -0.081464  0.141970 -0.083963 -0.032021  0.013919 -0.265061  0.318233  0.095982  0.002922 -0.110995
 0.000000  0.000000  0.000000 -0.541485 -0.000000 -0.000000 -0.000000  0.000000  0.000000  0.246659  0.172785  0.042265  0.271951 -0.063426  0.161060 -0.096634 -0.152687 -0.132180  0.225924  0.041938 -0.024037 -0.026278 -0.209029 -0.043198 -0.204959  0.108775 -0.164313 -0.324986 -0.167787  0.109141 -0.015960  0.071673 -0.034612 -0.035661 -0.355330
 0.000000 -0.000000  0.000000  0.541485  0.000000  0.000000  0.000000  0.000000 -0.000000  0.055938  0.242584  0.055444  0.276844 -0.166070  0.086317 -0.078044 -0.211813 -0.391161  0.062429  0.288704 -0.183610  0.071779  0.094127 -0.175897 -0.017609 -0.062273 -0.038732 -0.140102 -0.199837 -0.225711  0.124922  0.122712 -0.039498  0.001804  0.108498
-0.000000  0.454746  0.000000  0.000000 -0.000000 -0.000000 -0.000000  0.086740  0.000000  0.049882  0.073604  0.086005  0.235872 -0.150693  0.074148  0.021128 -0.204463  0.186801 -0.223172 -0.278679  0.214116 -0.027883  0.039700  0.076968  0.387690  0.281915 -0.094088 -0.232530  0.010472  0.091364  0.148375  0.134947 -0.031246  0.115942  0.268322
-0.454746  0.000000 -0.000000  0.000000 -0.000000 -0.000000  0.000000 -0.086740 -0.000000  0.197020  0.037487 -0.182372 -0.169791 -0.040234 -0.055575  0.051045 -0.161880  0.283240  0.178210  0.036888  0.046649  0.261607  0.033820  0.133747  0.131145 -0.071911  0.117265 -0.008343  0.075665 -0.314895  0.039289  0.431457 -0.213725 -0.220807 -0.153800
-0.000000  0.000000 -0.000000 -0.454746  0.000000 -0.000000 -0.000000 -0.086740 -0.000000 -0.065214  0.069403  0.237334  0.031278  0.043335  0.149679 -0.148316  0.150666 -0.172446 -0.032989  0.233692 -0.001199  0.004573  0.005983 -0.031758  0.159752 -0.001872  0.173735  0.177393  0.169009 -0.463736 -0.002626  0.173106  0.050292  0.351467  0.277488
-0.000000 -0.000000 -0.000000 -0.000000 -0.000000 -0.000000  0.000000 -0.000000 -0.541485 -0.049895  0.258577  0.023599 -0.054114  0.070640 -0.063714  0.270091 -0.053688  0.053880  0.192826 -0.330518 -0.154317 -0.048316  0.138959 -0.040160  0.078543 -0.280465 -0.041136  0.037469 -0.173223 -0.006234 -0.004256  0.113490  0.181238  0.411179 -0.141045
-0.000000  0.000000  0.454746 -0.000000 -0.000000 -0.000000  0.000000 -0.086740  0.000000  0.137393 -0.236148  0.166537  0.223987 -0.044813 -0.078874  0.115270 -0.211358  0.256586 -0.088264 -0.098765 -0.244247 -0.166565 -0.040016 -0.190330 -0.136346  0.070408  0.391661  0.015412  0.036496 -0.238118  0.235195 -0.202153  0.100086 -0.017169 -0.128951
 0.000000  0.000000 -0.000000 -0.000000  0.000000 -0.000000  0.000000 -0.541485  0.000000 -0.401779  0.162618  0.200893 -0.051473 -0.024441 -0.036677  0.073039 -0.109316  0.005441 -0.019750  0.006398  0.023098  0.312827 -0.172248 -0.261537  0.234638  0.234474 -0.161232  0.163611 -0.002457  0.038461  0.063310 -0.140706 -0.039609 -0.086534 -0.250232
-0.541485  0.000000 -0.000000 -0.000000  0.000000  0.000000  0.000000  0.000000  0.000000 -0.129477  0.095952  0.069706  0.088384  0.185869  0.042462  0.135086 -0.063320  0.006782 -0.192671 -0.156137  0.080801  0.116865 -0.183801  0.026670 -0.414239  0.007886 -0.215303 -0.091648 -0.077774 -0.197808 -0.178445 -0.174682  0.248680 -0.039462  0.309795
 0.541485
