12 27
 0.000000  0.000000  0.705781 -0.000000 -0.000000 -0.000000  0.000000 -0.000000  0.000000  0.000000 -0.000000 -0.000000  0.142913 -0.105494  0.113768  0.221330 -0.327475  0.052662 -0.009306 -0.383864  0.102759  0.290354  0.222520  0.056355 -0.020958 -0.047346 -0.026478
-0.000000  0.000000  0.000000 -0.000000  0.000000  0.000000 -0.000000 -0.000000  0.000000  0.000000  0.000000 -0.705781  0.007142  0.109008  0.218282 -0.240594 -0.075659 -0.277987 -0.261356  0.161527 -0.046969  0.210469  0.080125 -0.024710 -0.138199 -0.066985 -0.360399
-0.000000  0.000000 -0.000000 -0.000000  0.000000 -0.000000  0.000000  0.000000  0.705781  0.000000 -0.000000 -0.000000 -0.259309 -0.235367  0.104422 -0.002993  0.318461 -0.204721 -0.225995 -0.176681  0.070126  0.087151  0.089691 -0.091052  0.226843 -0.175086  0.178164
 0.531353 -0.000000  0.000000  0.103538 -0.000000 -0.000000 -0.000000  0.000000 -0.028552 -0.042339  0.000000 -0.000000 -0.057291  0.413772 -0.028725 -0.126205  0.271107  0.282517  0.153493 -0.107761  0.324906  0.139557  0.214669 -0.133212  0.272604 -0.044184 -0.243872
 0.000000 -0.000000 -0.000000  0.000000  0.000000 -0.000000  0.659794 -0.000000 -0.000000  0.000000  0.045987  0.000000  0.137313 -0.273765 -0.021264  0.295544  0.130564  0.035103 -0.016775  0.161286  0.170886  0.200465 -0.352478 -0.107521  0.143438  0.113581 -0.312599
 0.000000  0.531353 -0.103537  0.000000 -0.042339  0.000000 -0.000000 -0.028552  0.000000  0.000000 -0.000000 -0.000000  0.215334 -0.018303 -0.049889 -0.292413  0.091195 -0.109710  0.330201 -0.282874 -0.315569  0.425281 -0.239545  0.078344  0.094660 -0.052690  0.067317
-0.531353 -0.000000  0.000000  0.103537 -0.000000  0.000000 -0.000000  0.000000  0.028552 -0.042339  0.000000 -0.000000  0.215106  0.149178 -0.111674 -0.009090  0.337821  0.369723 -0.223396  0.069208 -0.004663  0.127741  0.210554  0.469082  0.117060 -0.105198 -0.110742
-0.000000 -0.000000  0.000000 -0.000000 -0.000000  0.000000  0.000000  0.000000 -0.000000 -0.000000  0.705781 -0.000000  0.222573  0.027902  0.250083 -0.081990  0.239113  0.015427 -0.071462 -0.349526  0.111777 -0.278363 -0.141355 -0.009170 -0.284729  0.056735 -0.057165
 0.000000  0.000000 -0.000000 -0.000000  0.000000 -0.705781  0.000000 -0.000000  0.000000 -0.000000 -0.000000 -0.000000 -0.056716 -0.332149 -0.188591 -0.039373  0.115789  0.050520  0.233242 -0.030195 -0.129201 -0.114676  0.261086 -0.078408 -0.197087 -0.204113 -0.308676
 0.000000 -0.000000  0.000000  0.000000  0.000000 -0.705781  0.000000  0.000000  0.000000 -0.000000  0.000000 -0.000000  0.034935  0.334953  0.228786  0.065036 -0.100863 -0.052216 -0.211258  0.027633  0.089349  0.108252 -0.243002  0.092635  0.210540  0.240550  0.289945
 0.000000  0.531353  0.103537  0.000000  0.042339  0.000000  0.000000 -0.028552  0.000000  0.000000 -0.000000 -0.000000  0.337401 -0.131137  0.210382 -0.003968  0.026902 -0.174242  0.100073  0.386972  0.294005 -0.298339  0.341380 -0.029775  0.172271  0.038849  0.118824
 0.000000  0.000000  0.000000  0.000000 -0.000000  0.012649  0.000000  0.000000 -0.000000 -0.000000  0.000000 -0.693132 -0.058881 -0.099570 -0.116959  0.295691  0.109327  0.266925  0.307160 -0.163556 -0.049213 -0.220467 -0.034996  0.057998  0.166776  0.152149  0.306651
-0.000000  0.000000  0.000000  0.000000  0.000000  0.042339 -0.531353 -0.000000  0.000000  0.000000  0.028552  0.103537 -0.087495 -0.131720  0.339284  0.353219  0.189136 -0.032215  0.126938  0.103213 -0.218718  0.103851 -0.062890  0.043158  0.176270  0.351491 -0.396005
-0.000000  0.000000  0.000000  0.000000 -0.000000  0.042339  0.531353  0.000000  0.000000 -0.000000 -0.028552  0.103537 -0.258000  0.208220  0.365688 -0.013765  0.027011 -0.075803  0.147769 -0.097061 -0.430912 -0.145071  0.374792  0.176669 -0.001840  0.210455 -0.007843
 0.000000 -0.659794 -0.000000  0.000000 -0.000000  0.000000  0.000000 -0.045987  0.000000  0.000000 -0.000000 -0.000000  0.445135 -0.120348  0.129250 -0.238684  0.095107 -0.228676  0.346513  0.083833 -0.017366  0.102231  0.082011  0.039114  0.214968 -0.011147  0.149905
 0.000000  0.000000  0.000000 -0.693132 -0.000000  0.000000  0.000000  0.000000 -0.000000 -0.012649 -0.000000 -0.000000  0.093431  0.311249 -0.048235  0.379386  0.262836 -0.162081  0.105174  0.093266 -0.014936  0.161186  0.081279 -0.064256 -0.242032 -0.216375  0.100460
-0.000000 -0.000000 -0.000000 -0.000000 -0.000000  0.000000  0.000000  0.705781 -0.000000  0.000000 -0.000000  0.000000  0.099229  0.138660 -0.026784  0.123089 -0.130348 -0.192095  0.015877 -0.120954 -0.102532 -0.285793 -0.133751  0.107681  0.330103 -0.343974 -0.197983
-0.000000 -0.000000  0.000000 -0.000000 -0.000000  0.000000  0.000000  0.000000  0.000000  0.000000  0.705781 -0.000000 -0.238418  0.003687 -0.247629  0.047887 -0.254179 -0.019478  0.073398  0.330915 -0.131496  0.255232  0.182028  0.021577  0.268177 -0.069841  0.093236
-0.000000 -0.000000 -0.000000  0.000000 -0.000000 -0.000000 -0.000000 -0.000000 -0.705781  0.000000 -0.000000  0.000000 -0.233995 -0.259956  0.096714  0.007890  0.324660 -0.196618 -0.261018 -0.160236  0.039500  0.086053  0.089308 -0.035082  0.212389 -0.180755  0.190536
 0.000000  0.000000  0.000000 -0.000000 -0.000000  0.000000  0.000000 -0.705781 -0.000000 -0.000000  0.000000  0.000000  0.047864  0.152547 -0.041699  0.150631 -0.141323 -0.165708 -0.024108 -0.130628 -0.100528 -0.297589 -0.143214  0.103168  0.305297 -0.342688 -0.215281
-0.000000  0.000000  0.000000  0.705781  0.000000 -0.000000  0.000000  0.000000  0.000000  0.000000 -0.000000  0.000000  0.068605  0.223087 -0.026774  0.392434  0.168796 -0.254859  0.113544  0.097250 -0.061647  0.119085  0.017442 -0.112376 -0.294857 -0.190583  0.150682
-0.000000  0.000000 -0.000000  0.000000 -0.000000  0.000000  0.000000 -0.000000  0.000000  0.705781 -0.000000  0.000000 -0.102293  0.042877 -0.295742 -0.001899  0.061405 -0.346617  0.077727 -0.116632  0.260386 -0.004378  0.053717  0.332370 -0.037967  0.256182 -0.101479
-0.000000 -0.000000 -0.000000  0.000000  0.705781  0.000000  0.000000  0.000000  0.000000 -0.000000 -0.000000  0.000000  0.238149  0.066867 -0.295608  0.027909  0.051396 -0.081688 -0.244028 -0.135561 -0.253447 -0.030609  0.151269 -0.307305  0.114433  0.262603 -0.027133
 0.000000 -0.000000  0.000000 -0.000000 -0.000000  0.000000 -0.000000  0.000000  0.000000 -0.705781  0.000000  0.000000 -0.113434  0.003528 -0.286455 -0.000582  0.020166 -0.382840  0.080036 -0.115991  0.241442 -0.023301  0.026751  0.313373 -0.057004  0.269022 -0.082007
 0.000000  0.000000  0.693133 -0.000000 -0.012649 -0.000000  0.000000  0.000000  0.000000  0.000000 -0.000000  0.000000 -0.163754  0.124274 -0.154722 -0.268456  0.343055 -0.043984  0.043851  0.290811 -0.195689 -0.187561 -0.313357 -0.041233  0.009748  0.034536  0.019267
 0.659794  0.000000 -0.000000  0.000000 -0.000000  0.000000 -0.000000  0.000000  0.045987 -0.000000  0.000000 -0.000000  0.219370 -0.213086 -0.066802  0.094316  0.053727  0.070230 -0.303521  0.142519 -0.265412 -0.009516 -0.003314  0.485046 -0.125265 -0.049136  0.107213
 0.000000  0.000000  0.000000  0.000000 -0.705781 -0.000000 -0.000000 -0.000000 -0.000000 -0.000000 -0.000000  0.000000  0.248407  0.057871 -0.277221  0.050024  0.041391 -0.084771 -0.258619 -0.100589 -0.213373 -0.070657  0.191734 -0.313052  0.118914  0.267475 -0.024389
 0.705781
