7 36
 0.000030  0.000046 -0.446967 -0.000018 -0.000086 -0.000010 -0.000003  0.160968  0.119309 -0.137899 -0.072647 -0.093482 -0.130928  0.149094 -0.124442 -0.173504 -0.003654  0.050189 -0.144052  0.298109  0.061217 -0.318912  0.183063 -0.223546 -0.166689  0.114203  0.000400 -0.204358  0.119418 -0.351664 -0.008363  0.153621 -0.142028  0.123125 -0.016200  0.247408
-0.000003  0.000006  0.447111 -0.000004 -0.000005 -0.000043  0.000026 -0.311021  0.261361 -0.292175  0.103726  0.148348 -0.037719  0.088901 -0.239271  0.004041  0.084801 -0.066347  0.203721  0.115513 -0.178199 -0.154525  0.154124 -0.210090  0.114458  0.078902 -0.112353 -0.253224  0.131606  0.143021 -0.053790 -0.052788 -0.192919 -0.239178 -0.001134  0.162504
-0.000023  0.000004  0.000008  0.000025 -0.000002  0.000019  0.447102  0.027000 -0.073210  0.051880  0.313027  0.200531 -0.310865 -0.090935  0.212938  0.207240 -0.028769  0.091017 -0.034662 -0.229802 -0.083879 -0.073845  0.084304  0.034057  0.054080 -0.047561 -0.125858 -0.236128  0.341578 -0.117993 -0.204510 -0.152431  0.055439  0.305762 -0.081927 -0.018127
-0.000011  0.447092  0.000017  0.000015  0.000001  0.000023 -0.000023 -0.054962 -0.212517  0.066226 -0.006721 -0.162565 -0.095631 -0.343985 -0.124439 -0.084363  0.097070 -0.019676  0.264012  0.075428 -0.091129 -0.300961  0.154834 -0.068884 -0.076642  0.014896  0.082386  0.139949 -0.111209 -0.103096  0.128980 -0.513347  0.114953  0.044687  0.085250  0.009228
-0.020067 -0.002399  0.000907  0.000305 -0.005678 -0.414268  0.003058 -0.132675 -0.004856 -0.119095  0.054826  0.038492 -0.127000  0.096564  0.130053 -0.185592 -0.263802 -0.208490 -0.175148  0.140370 -0.007328  0.143235  0.054257  0.305178 -0.084651 -0.169260  0.083782 -0.028758 -0.147276  0.159388 -0.012428 -0.258638 -0.289850  0.219835  0.285083  0.251627
-0.000059 -0.000006  0.000006 -0.000004  0.000022  0.000050  0.447063  0.126031 -0.198014  0.246919 -0.078057  0.276902 -0.140576  0.098341 -0.247395 -0.181391 -0.172638 -0.000184  0.189194  0.104557 -0.009931 -0.057245 -0.245141 -0.079647 -0.286553 -0.106658  0.090719  0.109952 -0.060721  0.057313 -0.175547  0.077110 -0.244381 -0.318940  0.023967 -0.108905
-0.000542  0.001907 -0.000511  0.000292 -0.025345  0.416190 -0.001947  0.125738  0.317634  0.161258 -0.106058 -0.017406  0.009665 -0.034248  0.309732 -0.178380 -0.139403  0.109021  0.101727 -0.096025 -0.292277  0.231445  0.176221 -0.072767 -0.072939 -0.049111  0.344754 -0.328304 -0.181071 -0.040914  0.023747 -0.156196 -0.135825 -0.057276  0.025857 -0.020962
 0.000000  0.000000  0.000000 -0.447211 -0.000000  0.000000 -0.000000  0.072450  0.343007 -0.105742 -0.008735 -0.034218 -0.060890 -0.011946 -0.236751 -0.255128  0.140561  0.061831  0.016975 -0.013913 -0.207483 -0.048606 -0.366057  0.105686  0.077606 -0.384710 -0.198040 -0.036364 -0.080273 -0.128595 -0.015260 -0.033024  0.122551  0.218710  0.067782 -0.196775
 0.002558 -0.003185  0.009685  0.001062 -0.004725 -0.400369 -0.025478  0.357585  0.087961  0.024976  0.036824 -0.002780  0.050183  0.411268  0.012919 -0.226509  0.046822  0.110196  0.137666 -0.284524 -0.200668 -0.089913  0.061638 -0.079024  0.270601  0.265493  0.228863  0.229282  0.166852  0.036245  0.000103 -0.150756  0.017709 -0.001785 -0.017848 -0.066210
-0.000002  0.000049 -0.000007  0.000009 -0.447050 -0.000041 -0.000053 -0.052396 -0.025502  0.164351  0.197516 -0.053885  0.068627  0.351078 -0.037812  0.310604  0.158068 -0.407919 -0.044066  0.020165 -0.013470 -0.015100  0.042770 -0.199365  0.039463 -0.283323  0.132474  0.015480 -0.160290 -0.246913  0.094817 -0.093581 -0.151742  0.046888 -0.115086 -0.154086
 0.011582 -0.005118  0.011257 -0.002583 -0.009043 -0.385471  0.020210 -0.189826  0.035126  0.367454 -0.152919  0.099650 -0.119711 -0.153617  0.037809 -0.025944  0.003948  0.127496 -0.047839  0.025308 -0.245649 -0.020685  0.428193  0.042157  0.181982 -0.099061 -0.184780 -0.018541 -0.181481 -0.218305  0.088274  0.343290  0.038091 -0.149735  0.097746 -0.151058
 0.000020 -0.000041  0.000040  0.000019  0.447002  0.000071  0.000000 -0.036506 -0.024085 -0.092807 -0.167284  0.382015 -0.028057  0.262506  0.259464  0.052879  0.276147  0.032772  0.097216  0.138453  0.309253 -0.229570  0.087369 -0.018729  0.080999 -0.266609  0.209172 -0.096262 -0.163391  0.052673  0.077333 -0.063021  0.142438  0.051613  0.004453 -0.143521
-0.000018 -0.000088 -0.000097 -0.000013  0.000003  0.000026 -0.446943 -0.120371 -0.138124  0.112568 -0.125342  0.051971 -0.199166  0.218977 -0.122309 -0.018979 -0.233885 -0.099243  0.114982 -0.156704 -0.067991 -0.008438  0.077324 -0.044346 -0.400613 -0.067233 -0.052219 -0.196661  0.368930  0.121645  0.110322  0.013679  0.163654  0.116721  0.110564 -0.308829
-0.000105 -0.000004  0.000000 -0.000013 -0.000027 -0.000019  0.446986 -0.377124 -0.083930 -0.030491 -0.134614 -0.250852  0.078075  0.220556 -0.003191 -0.007390  0.007941  0.142313 -0.104706 -0.020548 -0.105528  0.051772 -0.197686 -0.032121  0.010747  0.024582  0.205329 -0.098798  0.173146 -0.042044  0.488656  0.045884  0.219588 -0.035437  0.210432  0.097416
 0.447121  0.000046  0.000005 -0.000007 -0.000009  0.000005  0.000014 -0.192593  0.057942 -0.055850 -0.396403 -0.198837 -0.242405  0.068665  0.128086  0.018790  0.181923 -0.011050  0.229165 -0.244438  0.190202  0.088933 -0.062004  0.188170 -0.007325  0.026738 -0.102599  0.103383  0.113810 -0.252914 -0.079555 -0.072384 -0.354867 -0.053498 -0.106785  0.010995
 0.000113  0.000014  0.000007 -0.000155 -0.000106 -0.000024 -0.446776 -0.134246 -0.221835  0.169407  0.217514  0.179730 -0.183305 -0.021037  0.085231  0.048906  0.036745  0.330297 -0.076636  0.029552 -0.129733 -0.066566 -0.420867 -0.024892  0.171117 -0.083140  0.200514 -0.041548  0.067375 -0.235130  0.001734 -0.020133 -0.133641 -0.170390  0.048907  0.278026
-0.447077  0.000021  0.000046 -0.000040  0.000009 -0.000006  0.000004 -0.028986 -0.292295 -0.145421 -0.334432 -0.166860  0.139221  0.136942 -0.018787  0.063944 -0.278954  0.157137 -0.026008 -0.053760 -0.098648 -0.168499 -0.020249  0.151995  0.213303 -0.094856 -0.153637 -0.215686 -0.089010 -0.050025 -0.076510 -0.164288 -0.176532 -0.040837 -0.361484 -0.106457
-0.000003  0.000009 -0.447086  0.000005 -0.000007  0.000019  0.000077 -0.333788  0.248763  0.016542  0.180038 -0.076876  0.094456 -0.133591 -0.072679  0.049109  0.045769  0.146105 -0.100858 -0.052889 -0.027142 -0.220555  0.098525  0.151674  0.005799 -0.165131  0.262666  0.154078  0.207257  0.348127 -0.073516 -0.018172 -0.219011 -0.136623 -0.140452 -0.242852
-0.447121 -0.000038 -0.000010  0.000004 -0.000004 -0.000032 -0.000000  0.106567  0.119276 -0.139363  0.036019 -0.056902 -0.496638 -0.078672 -0.249525  0.043567  0.072534 -0.119039  0.076955 -0.033462  0.219589  0.279091  0.114153  0.242283  0.101545 -0.022507  0.298707  0.015824  0.081811 -0.146919  0.101510  0.060933  0.120115 -0.219857 -0.061785  0.007423
-0.000037  0.447141  0.000006  0.000006  0.000008 -0.000010 -0.000000 -0.243313  0.136002  0.018035 -0.022937 -0.012329 -0.261649  0.236585  0.171525 -0.070673 -0.100018 -0.049370 -0.066267  0.081019 -0.168191  0.072931 -0.094617 -0.075648 -0.091514  0.051319  0.010273  0.192525 -0.155917  0.132337 -0.188854  0.178431  0.278482  0.078119 -0.471089  0.166585
 0.000004  0.000005  0.000018 -0.000004 -0.447088 -0.000037  0.000023  0.142323 -0.010202 -0.308031 -0.273004  0.134131 -0.215579 -0.249458  0.244806  0.013747 -0.143860 -0.046464  0.019826 -0.184994  0.024184 -0.281008 -0.070573 -0.238687  0.135927 -0.192374  0.079563  0.115411  0.007032  0.237970  0.171319  0.216038 -0.004777  0.011933  0.107557  0.070587
 0.005561 -0.005976 -0.022200  0.001368 -0.004315 -0.406723  0.000535 -0.099297  0.024377 -0.032685 -0.246768 -0.014688  0.271185 -0.271547 -0.088563  0.054281  0.032817 -0.085444  0.034506 -0.083915  0.065029  0.180525 -0.109503 -0.285598 -0.073815 -0.135368  0.341518 -0.242179  0.114798 -0.124800 -0.420355 -0.026453  0.200797  0.019923 -0.065036  0.078446
 0.000000  0.000000  0.000000  0.447211  0.000000  0.000000  0.000000 -0.090281 -0.094703 -0.076944  0.115169  0.125589  0.003505 -0.096546 -0.112399 -0.479058  0.265683 -0.170274 -0.252931 -0.413814  0.001179 -0.086694 -0.094454  0.043031 -0.080387  0.025525 -0.031873 -0.213442 -0.191187 -0.044514  0.117837  0.044259 -0.023615  0.003715 -0.174086 -0.066574
 0.000000 -0.000000  0.000000 -0.447211 -0.000000  0.000000  0.000000 -0.094397 -0.101789 -0.109741  0.089698  0.332762  0.292369 -0.146258  0.184929 -0.204964 -0.138611 -0.270646  0.094580 -0.007142 -0.025035 -0.008118  0.079553  0.171257 -0.090956  0.107315  0.091836  0.097989  0.215530 -0.273977  0.255258  0.072828 -0.033905 -0.084811 -0.298110  0.044792
-0.000002 -0.447176 -0.000003  0.000015 -0.000000  0.000006 -0.000007 -0.017218  0.117729  0.364814 -0.213665  0.121136 -0.104373 -0.088895 -0.184845 -0.049053  0.022301  0.013218 -0.061304  0.047675  0.050499  0.036643  0.042922 -0.150360  0.033179 -0.090085 -0.086857  0.124917  0.065114  0.183025  0.252145 -0.314409  0.066030  0.149114 -0.372718  0.322488
-0.447025 -0.000049  0.000002 -0.000043 -0.000045 -0.000000 -0.000023 -0.038960  0.128446 -0.037295 -0.239906  0.159180  0.022511  0.000616  0.235340  0.111661  0.373278 -0.029969 -0.266691 -0.035352 -0.226741  0.039426 -0.056140 -0.086501 -0.342477  0.111117 -0.170214  0.272687  0.133969 -0.084747 -0.081688 -0.173168 -0.102965 -0.112323  0.187078 -0.018023
-0.000013 -0.447103  0.000023  0.000006  0.000002 -0.000025 -0.000009 -0.249228  0.130812 -0.085471  0.000844  0.039414 -0.158154 -0.048624 -0.013637  0.147082 -0.221235 -0.085228  0.059114 -0.023881 -0.085836 -0.290786 -0.149453  0.062000 -0.073059  0.425417  0.189643  0.085142 -0.352238 -0.183799 -0.123432 -0.069033  0.156431  0.112836  0.054341 -0.192090
 0.000006 -0.447121  0.000014  0.000003 -0.000041  0.000013 -0.000008 -0.022458 -0.318029 -0.199822  0.194455 -0.341758 -0.099134  0.027417  0.255297 -0.244073  0.197579  0.010226  0.206347  0.138027 -0.219075  0.025465  0.154589 -0.056550 -0.144361 -0.263978 -0.017879  0.112732  0.013897  0.036225 -0.169849  0.045049  0.164911 -0.145110 -0.079354  0.039655
 0.000000  0.000000 -0.000000  0.447211  0.000000 -0.000000 -0.000000 -0.101414  0.201863 -0.188839  0.084854  0.111978  0.065556 -0.028221  0.080572 -0.160483 -0.341507  0.130694  0.050493  0.211076  0.116506  0.195552 -0.053275 -0.208128  0.113458 -0.179635 -0.147497  0.276091  0.161868 -0.315964  0.072721 -0.177051  0.052027 -0.016578 -0.015040 -0.261625
 0.000000  0.000000  0.000000 -0.447211  0.000000 -0.000000 -0.000000 -0.168054 -0.133662 -0.052485  0.119282 -0.061631 -0.160790  0.034499  0.019766 -0.179894 -0.077868  0.168427 -0.313276 -0.182791  0.351270  0.166287  0.136482 -0.443153  0.045538  0.123884 -0.070220  0.000769 -0.163082  0.043207 -0.051209 -0.175270 -0.060012 -0.145579  0.040543 -0.175163
-0.000016 -0.000013 -0.000004 -0.000026 -0.446998 -0.000117 -0.000000 -0.026414  0.142510  0.217183 -0.035999  0.016840  0.053086  0.107669  0.197934 -0.218673  0.035482 -0.005098 -0.034056  0.164261  0.299483 -0.195783 -0.050201  0.286996  0.047099  0.083585 -0.131141 -0.214241  0.110219  0.029952 -0.180255 -0.204756  0.338470 -0.326348  0.074745  0.016784
 0.447082  0.000017  0.000021 -0.000014 -0.000033 -0.000033 -0.000001  0.229135 -0.104377 -0.280526 -0.133096  0.133742 -0.098652 -0.000220 -0.155289  0.192747 -0.028043  0.006699 -0.452843  0.129892 -0.290103  0.066619  0.092762  0.136256 -0.028964 -0.038043  0.081128 -0.029629  0.008700 -0.014723  0.024726 -0.223525  0.179053 -0.305805 -0.117739 -0.113289
-0.000001 -0.000002  0.000011  0.000047 -0.447032 -0.000036  0.000051 -0.105330 -0.151539 -0.180967 -0.046281  0.284180  0.066563  0.055854 -0.165837 -0.038900  0.236538  0.484872  0.150498  0.145504  0.021911  0.247023  0.147548  0.135707 -0.140435  0.130606  0.106182  0.007617 -0.106798  0.036891 -0.009270  0.026514 -0.030522  0.323226 -0.067768 -0.075251
-0.000008 -0.000007 -0.447013 -0.000104  0.000021  0.000018 -0.000011 -0.072780 -0.156917 -0.008453 -0.085560  0.121982 -0.128584 -0.066871  0.071457 -0.059735  0.150268 -0.306769  0.174072  0.253378 -0.189871  0.273097 -0.188788 -0.130077  0.372616  0.263628 -0.133013 -0.194401  0.036997  0.186399  0.030597 -0.069505 -0.043367  0.008016  0.039250 -0.186367
 0.000002 -0.000057  0.447092 -0.000003  0.000012  0.000017 -0.000006  0.057717 -0.051590  0.151565 -0.091459 -0.199884 -0.111571 -0.158904  0.107813 -0.179906  0.108361 -0.053622 -0.274293  0.383775  0.035803 -0.100337 -0.078562 -0.005955  0.083480  0.123943  0.259404 -0.007954  0.239029  0.037977 -0.020877  0.112452 -0.202244  0.238142 -0.121782 -0.335642
 0.000803  0.017575  0.000472  0.000021 -0.002184 -0.425277  0.000322  0.182710  0.177519 -0.051429  0.182727 -0.128159 -0.064923 -0.115856  0.214706  0.191048  0.041517  0.172187  0.151002  0.094440  0.070472  0.017730 -0.221801 -0.059238 -0.338094  0.086045 -0.118802 -0.260645 -0.136110  0.087861  0.357258 -0.044827 -0.093905 -0.151734 -0.262001 -0.141498
 0.447211
