4 16
-0.000000  0.000000 -0.000000  0.500000  0.249216 -0.277084 -0.322018  0.018369 -0.192290  0.244601 -0.030148 -0.342837 -0.158804  0.289714 -0.258243  0.340572
 0.000000 -0.000000  0.000000 -0.500000 -0.006398 -0.165427 -0.404165 -0.213756 -0.149547 -0.121419  0.279709 -0.199428 -0.386586  0.326152  0.229880 -0.223089
-0.000000  0.000000  0.500000 -0.000000 -0.166167  0.381906 -0.134874 -0.025357 -0.062160 -0.018103 -0.173775 -0.346405  0.158914  0.000738  0.493088  0.367323
-0.500000 -0.000000  0.000000 -0.000000  0.165136  0.147607 -0.400578 -0.193855  0.263020 -0.265091  0.162923  0.040827  0.517554  0.126333 -0.226405 -0.012447
-0.500000  0.000000  0.000000 -0.000000  0.085815  0.213773 -0.063627  0.616315 -0.007099 -0.202919 -0.009358 -0.128195 -0.447614 -0.225359 -0.056766 -0.030476
-0.500000 -0.000000 -0.000000  0.000000 -0.576533 -0.394820  0.126766  0.049035 -0.385110  0.188909  0.084474 -0.014148  0.220182  0.008596  0.057958 -0.002696
 0.000000  0.500000 -0.000000  0.000000  0.169655  0.089873 -0.207677  0.251424 -0.107326  0.329498  0.281602  0.538779  0.049777  0.092713  0.280221  0.165917
-0.500000 -0.000000 -0.000000  0.000000  0.325582  0.033441  0.337440 -0.471494  0.129189  0.279101 -0.238038  0.101516 -0.290122  0.090430  0.225213  0.045620
 0.000000 -0.000000  0.000000  0.500000  0.002268 -0.004990 -0.277022 -0.274265 -0.083358  0.016004  0.192309 -0.026633 -0.076324 -0.545063  0.285344 -0.410817
 0.000000 -0.000000 -0.500000 -0.000000  0.037881  0.453782 -0.037580  0.107585 -0.270404  0.294432 -0.233923 -0.254259  0.222399  0.234774  0.084668 -0.372471
 0.000000  0.500000 -0.000000 -0.000000 -0.116606  0.250812  0.335193 -0.177397  0.096417  0.092161  0.506796 -0.420154 -0.069224 -0.056726 -0.261948  0.043397
 0.000000  0.000000 -0.000000  0.500000 -0.257881  0.116647  0.194875  0.042141  0.126102 -0.382024  0.117548  0.170042 -0.151458  0.581501  0.202779 -0.152844
 0.000000 -0.500000 -0.000000  0.000000  0.088856 -0.090418  0.100759  0.269203  0.432910  0.396149  0.448683 -0.163256  0.120350  0.064570  0.242799 -0.037253
-0.000000  0.000000 -0.500000 -0.000000 -0.487312  0.102582 -0.306622 -0.131805  0.403883  0.111773 -0.111405  0.060347 -0.228807 -0.108345  0.032235  0.365809
-0.000000  0.000000 -0.500000 -0.000000  0.283264 -0.174458  0.209328 -0.001136 -0.195639 -0.424308  0.171553 -0.152492  0.165322 -0.125690  0.376185  0.373986
 0.000000 -0.500000 -0.000000  0.000000 -0.035807  0.431103  0.026757 -0.195176 -0.443820  0.025509  0.339716  0.281881 -0.139796 -0.028582 -0.224527  0.246568
 0.500000
