16 33
 0.000000 -0.000000  0.000000  0.000000 -0.000000 -0.707106 -0.000000  0.000000  0.000000 -0.000000  0.000000  0.000000  0.000000 -0.000000 -0.000000 -0.000000 -0.208736 -0.172923 -0.180147  0.310570 -0.003851 -0.041211 -0.068024 -0.010766  0.235489 -0.099153  0.019779  0.136990  0.148646  0.135537 -0.209194  0.349726 -0.013603
-0.000000 -0.000000 -0.707107 -0.000000  0.000000  0.000000  0.000000  0.000000  0.000000  0.000000 -0.000000 -0.000000  0.000000  0.000000 -0.000000  0.000000 -0.030583 -0.116639 -0.092858 -0.009053 -0.012844  0.001508  0.153822  0.086011 -0.062962 -0.275761  0.044185 -0.319526 -0.300447 -0.238238 -0.099941  0.152932 -0.284728
-0.000000  0.000000 -0.000000 -0.000000 -0.000000  0.000001  0.000000  0.000000  0.000000  0.000000 -0.000000 -0.000000 -0.000000 -0.000000  0.000001  0.707105  0.005479 -0.186498  0.066389 -0.108957  0.104471  0.318924 -0.009637  0.034958 -0.081189 -0.302650  0.077275 -0.148701  0.161762  0.395774 -0.052449 -0.151403 -0.014862
 0.000000 -0.000000 -0.000000  0.000000 -0.000000  0.000000 -0.000000  0.000000  0.000000 -0.000000  0.000000 -0.000000 -0.000000 -0.000000  0.000001  0.707106 -0.004214  0.186951 -0.066207  0.107783 -0.104700 -0.318502  0.009486 -0.034938  0.081911  0.303096 -0.076302  0.147883 -0.161526 -0.395779  0.051723  0.152948  0.015775
-0.000000 -0.000000 -0.000000  0.000000  0.707107  0.000000  0.000000 -0.000000 -0.000000  0.000000  0.000000  0.000000  0.000000 -0.000000 -0.000000 -0.000000  0.236609  0.132040 -0.128049  0.224634  0.210554 -0.092871 -0.185321  0.186707 -0.043385 -0.203019 -0.093841 -0.104791 -0.099018  0.093797  0.321925  0.125892  0.191285
 0.000000 -0.000000 -0.000000 -0.000000  0.707107  0.000000 -0.000000 -0.000000 -0.000000 -0.000000  0.000000  0.000000  0.000000 -0.000000 -0.000000 -0.000000 -0.236918 -0.131968  0.128194 -0.224579 -0.210487  0.093032  0.185344 -0.186970  0.043416  0.203149  0.094164  0.104522  0.099048 -0.093829 -0.321565 -0.125677 -0.191195
 0.000000  0.000000 -0.000000 -0.000000 -0.000000  0.000000  0.000000 -0.000000  0.000000  0.000000  0.000000 -0.000000  0.000000  0.707107  0.000000 -0.000000  0.187071 -0.024162  0.064207  0.166352 -0.173356  0.232844 -0.290394  0.047234  0.259618 -0.085471  0.194823  0.076080  0.073217 -0.240114  0.108329 -0.165473 -0.203013
 0.000011 -0.000011 -0.000002 -0.000028 -0.000002 -0.000040  0.000028  0.000010 -0.000004  0.706888  0.000001  0.000008 -0.000023  0.000019 -0.000001  0.000031  0.033509 -0.222534 -0.248733  0.105088 -0.050163  0.064791  0.330657  0.093249  0.187130  0.068184 -0.029700 -0.168607  0.133686 -0.155525  0.079518 -0.213619  0.298357
-0.000005  0.000012  0.000132  0.073862 -0.000045  0.000969 -0.559774  0.018395  0.000170  0.010469  0.000009 -0.039366  0.000184 -0.000037 -0.001045  0.000682 -0.173084  0.040241 -0.085943  0.166495 -0.186727  0.037434  0.194029  0.200127  0.082235  0.218806  0.063402  0.080654 -0.294911  0.393544  0.299409 -0.115482 -0.297576
-0.000000 -0.000000 -0.000000 -0.000000  0.000000 -0.000000 -0.000000  0.000000 -0.000000  0.000000  0.000000  0.000000 -0.000000 -0.000000 -0.707105 -0.000001 -0.275895  0.177394  0.008823 -0.024099  0.171854 -0.081442 -0.204755  0.163206  0.237529 -0.001169  0.125233 -0.139096 -0.208767  0.011846 -0.239765 -0.259256  0.164779
 0.000015  0.000018 -0.000166  0.701436 -0.000373 -0.000003 -0.000283 -0.003976 -0.000084 -0.000222  0.000004 -0.000073  0.000009 -0.000047 -0.000069 -0.000132 -0.274060  0.008897  0.213755  0.105620  0.133357  0.070280 -0.016345 -0.280742 -0.014373  0.085882  0.240360 -0.280260  0.105589 -0.100369  0.282250  0.151251  0.080399
 0.000017  0.000002 -0.000049  0.000040  0.000062  0.000451  0.000262 -0.000167 -0.000104  0.001537  0.000004  0.704231 -0.000003 -0.000074 -0.000027 -0.000026  0.193343 -0.172187  0.330962  0.176998  0.034134 -0.306531  0.006094  0.129688  0.084624  0.184412 -0.075646 -0.258783  0.120534  0.122484 -0.104798 -0.052927 -0.164332
-0.000007  0.000007 -0.000010 -0.000041 -0.000006  0.000013 -0.000001  0.706869 -0.000006  0.000014  0.000009 -0.000023 -0.000023 -0.000005  0.000036  0.000029 -0.231511 -0.025938  0.022052 -0.277546 -0.308241 -0.116456 -0.184292  0.125809  0.134253 -0.123188 -0.288557 -0.150990  0.160159 -0.010170  0.202230  0.064993  0.006598
 0.000000 -0.000000  0.000000  0.000000 -0.000000  0.000000 -0.000000 -0.000000  0.000000  0.000000 -0.000000 -0.000000 -0.707107 -0.000000 -0.000000  0.000000 -0.015092  0.003414 -0.338875 -0.090965 -0.012097 -0.263977 -0.120510  0.099776 -0.231251  0.064468  0.355091 -0.066340  0.262455  0.006596  0.024620 -0.077507 -0.136671
-0.000000  0.000000 -0.707107 -0.000000  0.000000  0.000000 -0.000000  0.000000  0.000000  0.000000 -0.000000 -0.000000  0.000000  0.000000 -0.000000  0.000000  0.030612  0.116660  0.092695  0.009050  0.012753 -0.001493 -0.153768 -0.085870  0.062953  0.275736 -0.044280  0.319724  0.300311  0.238349  0.099911 -0.153050  0.284631
 0.000000  0.000000 -0.000000  0.000000  0.000000 -0.000000  0.000000 -0.000000 -0.000000  0.000000 -0.000000 -0.000000  0.707107  0.000000  0.000000 -0.000000 -0.015004  0.003382 -0.338860 -0.091048 -0.012057 -0.264003 -0.120573  0.099736 -0.231255  0.064386  0.355038 -0.066383  0.262581  0.006448  0.024497 -0.077472 -0.136544
-0.000000  0.000000 -0.000000 -0.000000  0.000000  0.707106 -0.000000  0.000000 -0.000000  0.000000 -0.000000 -0.000000 -0.000000  0.000000  0.000001  0.000000 -0.208999 -0.173048 -0.180394  0.310499 -0.003268 -0.041153 -0.068433 -0.011428  0.234848 -0.100115  0.019277  0.137468  0.149154  0.134381 -0.209592  0.349365 -0.013052
 0.000000 -0.000000 -0.000000 -0.000000 -0.000000 -0.000000 -0.000000 -0.000000  0.707107  0.000000 -0.000000  0.000000 -0.000000  0.000000  0.000000  0.000000  0.018679 -0.104053 -0.048593 -0.281536  0.448156 -0.047352  0.079799  0.027511  0.300788  0.025202 -0.026618  0.145400  0.056774 -0.051948  0.171405  0.039650 -0.217158
 0.000000 -0.000000 -0.000000  0.000000  0.000000 -0.000000 -0.000000  0.000000 -0.000000  0.000000  0.707107  0.000000 -0.000000 -0.000000  0.000000  0.000000  0.141027 -0.086420 -0.242432 -0.035614 -0.051760 -0.103346 -0.161429 -0.497978  0.142725  0.029760 -0.095665 -0.160405 -0.166143  0.154806 -0.000407 -0.122294 -0.050382
 0.000016  0.000001 -0.000052  0.000467  0.000079  0.000269  0.000114  0.000040 -0.000131 -0.001447  0.000004 -0.704242 -0.000016 -0.000052 -0.000015  0.000137  0.169860 -0.193186  0.333773  0.199267  0.069852 -0.324952 -0.013577  0.100417  0.044785  0.137743 -0.118412 -0.236009  0.149476  0.069143 -0.119066 -0.095349 -0.157872
-0.000013 -0.000020  0.000140  0.705011  0.000368 -0.000072 -0.000034 -0.000040  0.000067  0.000188 -0.000005  0.000613 -0.000038  0.000039  0.000281 -0.000129  0.326040 -0.002247 -0.196925 -0.156337 -0.118900 -0.064511 -0.010634  0.258096  0.025354 -0.098496 -0.222113  0.245918 -0.063618  0.054859 -0.333958 -0.095889 -0.021720
-0.000000  0.000000  0.000000 -0.000000  0.000000 -0.000000 -0.000000 -0.000000 -0.000000  0.000000 -0.000000 -0.000000 -0.000000 -0.707107 -0.000000  0.000000  0.187003 -0.024184  0.064109  0.166381 -0.173318  0.232857 -0.290400  0.047203  0.259533 -0.085591  0.194721  0.076211  0.073222 -0.240208  0.108315 -0.165596 -0.202996
 0.000000 -0.000000 -0.000000  0.000000  0.000000  0.000000  0.000000 -0.000000 -0.000000 -0.000000 -0.707107  0.000000 -0.000000 -0.000000 -0.000000  0.000000  0.141015 -0.086423 -0.242427 -0.035614 -0.051770 -0.103351 -0.161430 -0.497973  0.142731  0.029763 -0.095670 -0.160413 -0.166141  0.154813 -0.000393 -0.122295 -0.050388
 0.000008 -0.000007  0.000002 -0.000001  0.000003 -0.000028 -0.000030  0.706807  0.000001  0.000014 -0.000010  0.000013  0.000015  0.000002  0.000018 -0.000101  0.244442  0.028091 -0.016717  0.264444  0.311844  0.118543  0.177655 -0.132221 -0.130600  0.121349  0.295225  0.140326 -0.149405 -0.000889 -0.214218 -0.049100  0.008777
-0.707107  0.000000 -0.000000  0.000000 -0.000000  0.000000 -0.000000  0.000000 -0.000000 -0.000000  0.000000  0.000000 -0.000000 -0.000000  0.000000  0.000000 -0.019400  0.361446 -0.172445  0.102115  0.107678  0.250763  0.011854  0.008651 -0.005015  0.162335 -0.264509 -0.214980  0.224492 -0.021712 -0.112568  0.006649 -0.219045
-0.000000 -0.707107 -0.000000 -0.000000  0.000000  0.000000 -0.000000 -0.000000 -0.000000 -0.000000 -0.000000  0.000000 -0.000000  0.000000 -0.000000  0.000000 -0.049209 -0.355112 -0.083287 -0.037250  0.090875  0.219336 -0.302991  0.140916 -0.181358  0.340952 -0.108887 -0.035550 -0.145617 -0.062784 -0.010768  0.077663  0.039617
-0.000000  0.000000  0.000000 -0.000000  0.000000  0.000000 -0.000000 -0.000000 -0.707107  0.000000  0.000000 -0.000000  0.000000 -0.000000 -0.000000 -0.000000  0.018684 -0.103951 -0.048771 -0.281623  0.448016 -0.047223  0.079877  0.027621  0.300851  0.025252 -0.026551  0.145523  0.056597 -0.051790  0.171463  0.039689 -0.217193
-0.000000 -0.707107 -0.000000  0.000000 -0.000000 -0.000000  0.000000 -0.000000  0.000000  0.000000  0.000000 -0.000000  0.000000 -0.000000  0.000000  0.000000  0.049184  0.355118  0.083305  0.037253 -0.090877 -0.219337  0.302983 -0.140925  0.181357 -0.340945  0.108895  0.035539  0.145614  0.062795  0.010793 -0.077652 -0.039631
 0.707107 -0.000000  0.000000  0.000000  0.000000  0.000000  0.000000  0.000000 -0.000000 -0.000000 -0.000000  0.000000  0.000000 -0.000000 -0.000000  0.000000 -0.019412  0.361458 -0.172462  0.102099  0.107667  0.250768  0.011840  0.008655 -0.005025  0.162316 -0.264525 -0.214950  0.224479 -0.021709 -0.112567  0.006646 -0.219056
 0.000006  0.000006  0.000023 -0.000070 -0.000105  0.001124  0.609394 -0.001573  0.000166  0.018608  0.000003 -0.071426  0.000082 -0.000139 -0.000059 -0.001027  0.150734  0.130706 -0.017773 -0.142015 -0.221381  0.114332  0.120449  0.181787  0.247861  0.288166  0.265103 -0.141624 -0.177599  0.328575  0.083408  0.265778 -0.036773
 0.000012 -0.000010 -0.000001  0.000006 -0.000006  0.000007  0.000020 -0.000008  0.000003 -0.706933  0.000001 -0.000008 -0.000019  0.000013 -0.000004 -0.000011  0.039806 -0.217062 -0.249622  0.099288 -0.059642  0.069506  0.335858  0.101197  0.197549  0.080379 -0.018738 -0.174292  0.125941 -0.141359  0.083104 -0.202737  0.296445
-0.000000  0.000000  0.000000 -0.000000 -0.000000  0.000000 -0.000000 -0.000000  0.000000 -0.000000  0.000000 -0.000000  0.000000  0.000000  0.707107  0.000000 -0.276741  0.177314  0.008719 -0.023331  0.171704 -0.081479 -0.204362  0.163394  0.237403 -0.000891  0.125152 -0.138801 -0.209317  0.012478 -0.238878 -0.259917  0.163990
 0.000012 -0.000005 -0.000107 -0.074106 -0.000069  0.000253 -0.561508 -0.020083  0.000011  0.009769 -0.000005 -0.038087 -0.000094 -0.000114  0.000977 -0.001794  0.336371  0.101591  0.066496 -0.320032 -0.054160  0.086523 -0.062681 -0.001998  0.187095  0.094687  0.224321 -0.234171  0.101311 -0.035627 -0.208141  0.403439  0.256625
 0.707107
