6 26
 0.000000  0.000000 -0.000000  0.000000  0.000000  0.497927 -0.021131 -0.049838  0.185480  0.018579 -0.101535  0.283091 -0.177479 -0.154739  0.023892  0.076699  0.283951  0.113924  0.083605  0.292402  0.018721  0.096310 -0.249083 -0.418617 -0.289078  0.213243
-0.000000 -0.000000  0.000000  0.000000  0.000000 -0.497927  0.048157  0.132183  0.213462  0.126675  0.213626 -0.065031 -0.380082 -0.072199  0.108393  0.279616  0.257393  0.087205 -0.016790 -0.019296  0.059073  0.070874 -0.338270  0.222078  0.008084  0.366547
 0.000000 -0.000000  0.000000  0.433609 -0.064318  0.000000  0.045496 -0.321269  0.165721  0.013857 -0.307950 -0.272936  0.085685  0.093298 -0.133631  0.289415  0.078121  0.247150  0.033508  0.169185  0.451437 -0.135878  0.029513  0.177578 -0.099982 -0.162245
-0.000000  0.000000 -0.064318 -0.433609  0.000000  0.000000  0.183833 -0.210257  0.078462  0.003500  0.132261 -0.297052  0.242609 -0.068468 -0.063074  0.245818 -0.054205  0.360052 -0.281822 -0.100428 -0.137084 -0.247992  0.199947 -0.229129 -0.139916  0.274877
-0.000000  0.000000 -0.000000 -0.433609 -0.064318  0.000000 -0.133657 -0.123660 -0.253669 -0.087942 -0.107105 -0.025378 -0.001814  0.089522  0.264042  0.365285  0.304796  0.014092  0.196081 -0.301174  0.193143  0.258091 -0.082143 -0.086955  0.025353 -0.371759
-0.000000 -0.497927 -0.000000  0.000000  0.000000 -0.000000  0.128430  0.332212 -0.094231  0.011149  0.013973  0.089061  0.512890 -0.152469 -0.231834  0.137766  0.080512  0.021748 -0.219094  0.117798  0.173360  0.291448 -0.208275  0.031529  0.142541  0.022976
-0.000000  0.000000 -0.000000  0.000000 -0.000000 -0.497927  0.272111 -0.131626 -0.061074 -0.023164 -0.228981  0.106647 -0.055404 -0.422012  0.036992 -0.086884 -0.024138  0.002036  0.128345  0.237096 -0.004631  0.314004  0.381408 -0.253566 -0.126024 -0.070723
-0.000000  0.000000 -0.000000  0.000000  0.497927 -0.000000 -0.077936 -0.384049 -0.178735  0.502978  0.155240  0.173640  0.057768 -0.093550 -0.082608  0.239724 -0.133501 -0.269659  0.085489  0.062782  0.120091 -0.092111 -0.029944 -0.081430  0.209336  0.083024
-0.000000 -0.497927 -0.000000  0.000000  0.000000  0.000000 -0.087360 -0.327992  0.382000 -0.083352  0.088913 -0.132418 -0.067539  0.059756  0.345348 -0.312143 -0.095808 -0.187398 -0.141238 -0.175529  0.274398  0.127780  0.021486 -0.178564  0.078901  0.092012
 0.000000 -0.000000 -0.000000 -0.000000 -0.000000 -0.497927 -0.352812 -0.042771  0.054533 -0.032993 -0.118138  0.194315  0.282064  0.311241 -0.061646 -0.145497  0.081549  0.084698  0.010208  0.110270 -0.085212 -0.290830 -0.297960 -0.386601 -0.066901 -0.089092
-0.000000 -0.000000  0.000000  0.000000 -0.497927 -0.000000 -0.415499  0.226806  0.226816  0.380970  0.120517 -0.000621  0.054058 -0.038333 -0.169751  0.184407 -0.053793 -0.126775  0.187452 -0.069534  0.115834  0.051120  0.382034 -0.147534 -0.007995  0.083165
-0.433609  0.000000  0.000000 -0.000000  0.000000  0.064318 -0.009330  0.132545  0.135780  0.101696 -0.192049 -0.393311  0.045634 -0.058079  0.306779  0.113446  0.014884 -0.050657  0.091322  0.341286 -0.296561 -0.042792 -0.069721 -0.139519  0.456995 -0.082725
 0.000000  0.000000 -0.000000 -0.000000 -0.497927 -0.000000  0.098796 -0.247652 -0.367262  0.326721  0.122965 -0.201572  0.036608 -0.042297  0.127213 -0.157554 -0.263876 -0.020074 -0.020435  0.151875 -0.047184  0.104380 -0.411442  0.031177 -0.248726 -0.026486
-0.497927 -0.000000  0.000000  0.000000 -0.000000  0.000000  0.061672 -0.165078  0.011920  0.031395 -0.138783  0.114059  0.371613  0.063225  0.046267 -0.153909  0.211549 -0.072006  0.357546 -0.220399 -0.078536  0.055625  0.050912  0.293548 -0.216246  0.385428
-0.000000 -0.000000  0.497927 -0.000000 -0.000000  0.000000  0.238183  0.074474  0.364720  0.199231 -0.043575  0.090257  0.108039 -0.321180  0.050611  0.043474 -0.030885 -0.106385  0.007047 -0.314619 -0.111582 -0.247439 -0.183573  0.011923 -0.171258 -0.373628
-0.433609  0.064318 -0.000000  0.000000 -0.000000 -0.000000 -0.305575  0.047153 -0.157954  0.171719 -0.127602  0.268106 -0.129859 -0.226564  0.194391 -0.099376 -0.001908  0.274876 -0.549681 -0.059252  0.186208 -0.073235  0.100665  0.126648 -0.028035 -0.074656
 0.000000  0.497927  0.000000 -0.000000 -0.000000 -0.000000  0.208026  0.010964  0.307607  0.042754  0.280354  0.230142  0.319267  0.282634  0.300362  0.041975 -0.120366  0.051816 -0.141907  0.166456  0.163555  0.325171  0.030746  0.009027  0.052218 -0.074894
 0.000000 -0.000000  0.000000  0.000000  0.497927  0.000000 -0.250155  0.305730  0.026929  0.195144  0.034629 -0.414366  0.043732  0.036536  0.056915 -0.128302 -0.134707  0.156555  0.111185  0.002510  0.031820  0.263398 -0.006263 -0.023221 -0.475697 -0.095323
 0.433609 -0.000000  0.000000 -0.000000  0.000000  0.064318 -0.079022 -0.073526  0.030203  0.300396 -0.055362  0.028219  0.140606 -0.160479  0.156542 -0.341549  0.223967  0.515277  0.204089 -0.065162 -0.086582  0.025277  0.025292  0.143605  0.349981  0.032322
 0.000000  0.000000  0.497927  0.000000 -0.000000 -0.000000  0.066844  0.099732 -0.285193 -0.009845  0.320250 -0.163276  0.040490  0.080264  0.132548 -0.177495  0.442581 -0.116275 -0.016903  0.271529  0.255957 -0.237394  0.233477 -0.070015 -0.043603  0.057023
-0.000000  0.000000  0.497927  0.000000 -0.000000 -0.000000 -0.121687  0.082442 -0.143530 -0.266713 -0.109663  0.092824 -0.003727 -0.028699  0.141679  0.155544 -0.525094  0.258486  0.252344 -0.025056  0.181727  0.010808 -0.075764 -0.064572  0.132892  0.324691
 0.000000  0.497927  0.000000  0.000000  0.000000  0.000000 -0.106163 -0.021058  0.005562 -0.138309 -0.106261 -0.305230  0.116778 -0.339421 -0.263337 -0.226621  0.101192 -0.204696 -0.114888 -0.228689  0.274870  0.113518 -0.238821 -0.195751  0.194720  0.166859
-0.433609 -0.064318 -0.000000 -0.000000  0.000000 -0.000000  0.165064 -0.063661  0.038688 -0.009070  0.423658  0.022448 -0.201904  0.051561 -0.397758 -0.178881 -0.031937  0.373744  0.251866 -0.094105  0.113956  0.077428 -0.064116 -0.180614  0.169344 -0.252898
-0.000000  0.000000  0.000000  0.497927  0.000000 -0.000000 -0.287650 -0.193335 -0.091196 -0.298644  0.421767 -0.027569  0.184032 -0.292263  0.154782  0.223836  0.101779  0.061168 -0.025201 -0.116184 -0.332204  0.109226  0.028073 -0.060847 -0.054230 -0.067039
 0.000000  0.000000  0.497927  0.000000 -0.000000 -0.000000 -0.116321 -0.256764  0.043627  0.109380 -0.169461 -0.060479 -0.120725  0.294791 -0.312724  0.018580  0.113578  0.018013 -0.290557 -0.001322 -0.345605  0.444646  0.058929  0.038326  0.070056  0.045808
-0.000000 -0.000000  0.064318 -0.433609  0.000000 -0.000000 -0.334999 -0.209365  0.236205 -0.244643  0.151222  0.017836  0.056219 -0.263371 -0.156859 -0.064650 -0.055594 -0.056753  0.090309  0.437369  0.013897 -0.020549 -0.056054  0.423790 -0.047692 -0.142346
 0.497927
