3 46
-0.000000  0.000000  0.257912  0.043014 -0.004314 -0.024482  0.069285 -0.019849 -0.050997  0.194887  0.103908 -0.121377  0.148143 -0.181228  0.005694 -0.099335 -0.249495 -0.282162 -0.383161  0.073344 -0.206528 -0.171226 -0.153117 -0.085976  0.045109 -0.152549 -0.096814  0.095127 -0.009051  0.187975  0.060468 -0.172025  0.084195  0.172127  0.003818  0.102016 -0.034583 -0.018201  0.089931 -0.228417  0.081966  0.011147 -0.223177 -0.076760 -0.235495 -0.242554
-0.000000 -0.000000  0.257912  0.046857  0.044146  0.219038 -0.079235 -0.055284  0.129346  0.063155 -0.134932 -0.267038  0.065795  0.039683  0.042471  0.352446  0.109228 -0.157617 -0.144068 -0.080810  0.092404  0.088796  0.204080 -0.001655 -0.226916  0.289210 -0.015838 -0.037496 -0.078003  0.085796 -0.309517 -0.040111  0.192783  0.106156  0.119835 -0.245227  0.045821  0.159698  0.083008 -0.202487 -0.186195  0.007380 -0.005648  0.121466  0.093766  0.057950
 0.000000  0.257912  0.000000  0.163047 -0.093015  0.052480  0.224738 -0.325584  0.015683  0.096275 -0.018124 -0.296045 -0.153723 -0.136436 -0.036711 -0.189050  0.217813  0.150422  0.144727  0.138360  0.029134 -0.178494  0.045000  0.172049 -0.179825 -0.010909 -0.007163 -0.080355  0.056314 -0.019635 -0.008247 -0.058468 -0.133883 -0.061072 -0.130514 -0.153628 -0.195590 -0.355891  0.010854 -0.251536 -0.000793  0.120315  0.034321  0.091223 -0.158200  0.045427
-0.000000  0.000000  0.257912 -0.313575 -0.066180  0.169416  0.151295 -0.181467 -0.085614 -0.111968 -0.003579  0.205713  0.101427 -0.108043  0.009332 -0.060387  0.354841  0.021009 -0.189115  0.031146  0.070215  0.057396 -0.007407 -0.046715  0.106810 -0.014397 -0.006241 -0.141235  0.127949 -0.139740 -0.117238 -0.216422  0.123130 -0.088002 -0.045113  0.209055 -0.148289  0.121128 -0.008048  0.097485 -0.022434  0.169504  0.376535  0.006635 -0.020003 -0.265319
-0.033315 -0.000000 -0.224597 -0.081981 -0.155212  0.046796  0.093733  0.097490  0.300003  0.051845 -0.004798  0.170557 -0.081400  0.082401  0.289668  0.323849  0.093727  0.062534  0.001129 -0.024398 -0.142885 -0.060525  0.038002  0.110621 -0.026311 -0.033678  0.161355  0.054097  0.095581 -0.116176  0.106615 -0.064441  0.046387 -0.230919 -0.191611  0.036584 -0.094993  0.122005  0.251858 -0.131520 -0.022314 -0.117502 -0.268557  0.236008 -0.192042 -0.275650
 0.257912 -0.000000  0.000000  0.365605 -0.048071 -0.158452 -0.000564 -0.053155  0.041665 -0.243184 -0.060087  0.203383  0.060001  0.126088  0.331886 -0.268763  0.071170  0.012828 -0.018144 -0.037438 -0.153636  0.172836  0.176628  0.033638  0.127405 -0.062309  0.000075  0.229723 -0.224346  0.003866 -0.249599 -0.210463  0.113670  0.189539 -0.055909  0.095018 -0.125157 -0.090394 -0.019657 -0.125296 -0.012502 -0.051313  0.022156  0.145629  0.104193  0.054613
 0.000000 -0.257912  0.000000 -0.106157  0.175013 -0.186196  0.096532 -0.052669  0.175423  0.021768 -0.120320 -0.074791 -0.233241 -0.279280  0.009223  0.141210  0.186663 -0.048511  0.189898  0.011609 -0.019627  0.029546 -0.278162 -0.011073  0.176308  0.132045  0.121947  0.247490 -0.030218  0.182298 -0.271889 -0.040507 -0.008205 -0.008278 -0.039515  0.113907  0.144400 -0.215135  0.286034 -0.016321  0.117259  0.045429  0.029392 -0.235789  0.131364 -0.034070
 0.000000 -0.033315  0.224597  0.051586 -0.031508 -0.273751  0.358149 -0.077490 -0.059209  0.032445 -0.131299  0.269250 -0.205138 -0.182512 -0.051122  0.283222 -0.251603 -0.059072  0.153851  0.092164 -0.057228  0.189937  0.060978 -0.072751  0.082789  0.014581  0.058788 -0.179524 -0.079746 -0.059250  0.164889 -0.146979  0.027053 -0.052975 -0.021565 -0.186275 -0.118456  0.104826 -0.288804 -0.146866 -0.059522  0.170910 -0.108363 -0.031965  0.127214  0.062692
 0.000000  0.000000  0.257912  0.097111  0.229804  0.055129  0.232420  0.083327  0.125656  0.161312 -0.031804 -0.044228  0.019897  0.070553  0.001128 -0.173862  0.243383 -0.144869 -0.206986 -0.152249 -0.091589  0.187952 -0.071447  0.036754  0.182816 -0.059141  0.010029  0.089137  0.149380  0.086228  0.326793 -0.038945 -0.113731 -0.243878 -0.064834 -0.180464  0.161406 -0.061586  0.048239  0.154758 -0.022435 -0.147951  0.014737  0.291203  0.159944  0.221636
 0.000000 -0.257912  0.000000 -0.027984 -0.068751 -0.271560  0.183025  0.040267  0.044953  0.079170 -0.058111 -0.042073 -0.001564  0.243054 -0.191279  0.029040  0.148551 -0.145209  0.138372  0.018188 -0.362544 -0.331149  0.116907 -0.078665 -0.186103 -0.042443 -0.051921  0.007144  0.054838 -0.015466 -0.000064  0.050505  0.135126  0.133290 -0.097850  0.205463  0.216462  0.011038 -0.105260  0.037400 -0.303167  0.064234  0.221367  0.128030 -0.143889  0.105795
 0.000000 -0.257912 -0.000000  0.135481 -0.029782 -0.228667 -0.245064 -0.111684  0.068603  0.092118 -0.145353 -0.051105 -0.115033 -0.137162  0.036612  0.033289  0.186742 -0.195411 -0.159050 -0.158311  0.024024  0.026884  0.347434  0.037638 -0.204730 -0.198694  0.015771 -0.021715  0.037716 -0.086282  0.053247 -0.043153  0.051395 -0.157456  0.115605 -0.120072 -0.182137 -0.143294 -0.131249  0.346753  0.161504 -0.078070 -0.058556 -0.244693 -0.130519 -0.128720
 0.257912 -0.000000  0.000000  0.284594  0.047022  0.148890 -0.088634 -0.105317 -0.036553 -0.039989  0.046002  0.116828  0.051064 -0.168523 -0.315215  0.119469 -0.020533 -0.037218 -0.019794 -0.118577 -0.119924  0.143068  0.116740 -0.091874 -0.044047  0.116474  0.061518 -0.164625 -0.061151  0.154315  0.063755  0.199678 -0.228249  0.114658 -0.502196  0.104520 -0.062232  0.002462  0.216327  0.167138 -0.124344  0.042401 -0.003321 -0.006128  0.010063 -0.174270
-0.000000  0.000000  0.257912  0.006281 -0.319903  0.140158  0.081456 -0.091057 -0.125339  0.057373 -0.283090  0.146131  0.318818  0.044049  0.018703  0.054352  0.191498  0.060528  0.317350  0.036217  0.046861  0.092172 -0.002539 -0.005559 -0.105741 -0.166506 -0.058843  0.083156 -0.140375  0.229314  0.145858  0.106686 -0.089607 -0.048416  0.271221  0.195906  0.024192 -0.035275  0.187639  0.061063 -0.066117 -0.036289 -0.260078 -0.116756 -0.063740  0.087906
 0.257912  0.000000  0.000000 -0.081246 -0.107721  0.059904  0.172526 -0.215196 -0.062209  0.222621  0.106143  0.082681  0.001433  0.104572  0.136589 -0.099569 -0.174230 -0.189990  0.022553  0.014321 -0.249402  0.059892 -0.005891  0.215533 -0.086018  0.228709 -0.109316  0.047476  0.086408 -0.269115 -0.153866  0.035052 -0.183237 -0.101903  0.009002 -0.093591  0.000796  0.225375  0.201248  0.067934  0.085192 -0.163019  0.109721 -0.347971 -0.064058  0.216002
 0.257912 -0.000000  0.000000 -0.166038  0.199687  0.127245 -0.168569 -0.082403 -0.136109  0.309096  0.127106  0.022729 -0.193635  0.121720 -0.150124  0.033137 -0.129045 -0.053455  0.231285 -0.127855  0.026686  0.019966  0.309996  0.138838  0.244519 -0.238466  0.039920  0.014630 -0.117772  0.107366  0.041534 -0.091665  0.044603 -0.155567  0.195060  0.094365  0.020759 -0.106379  0.072836 -0.249645 -0.125510 -0.090830  0.182403  0.070922  0.023665 -0.180974
 0.000000 -0.257912 -0.000000  0.058357  0.063471  0.061650 -0.028225  0.000867  0.413813 -0.028143 -0.045791  0.157315  0.026792 -0.026104 -0.176693 -0.399284 -0.171679  0.009735  0.081699  0.265432 -0.102030  0.210801 -0.044572  0.038451 -0.123629  0.105598  0.015123 -0.272848  0.217955  0.086044 -0.100132  0.152839  0.113741 -0.099919  0.290728 -0.018559 -0.085686 -0.038116  0.065230 -0.072350 -0.083899 -0.002944 -0.050733  0.107103  0.001136 -0.170131
-0.257912 -0.000000  0.000000  0.150485 -0.064438  0.250310  0.069944  0.117964  0.150939  0.209148  0.036560 -0.142332  0.020865 -0.035575  0.169030 -0.109757 -0.045056 -0.121549  0.243824  0.289664 -0.050152 -0.198376  0.255359  0.077318  0.295115  0.115256  0.045624 -0.024244 -0.234036  0.156086 -0.013941 -0.094530  0.004642  0.017907 -0.088326 -0.011438 -0.041728  0.192412 -0.081693  0.358974  0.088705  0.125392  0.062302 -0.026142  0.086671 -0.109600
 0.000000  0.257912 -0.000000  0.002564  0.102140 -0.030212  0.327047  0.186939 -0.050961 -0.064022  0.030384 -0.146283  0.089223 -0.001095  0.005062  0.051402 -0.126120 -0.046207 -0.048359 -0.090709  0.042485  0.154097  0.299734  0.042119 -0.002573  0.184255  0.196519 -0.047017  0.221281  0.116426 -0.218995  0.092399  0.084932 -0.200879  0.016765  0.459350  0.032844 -0.187537 -0.203734  0.051160  0.078300 -0.097466 -0.132664 -0.094363 -0.128371  0.056241
-0.000000  0.000000 -0.257912  0.131182  0.122689 -0.003706  0.299341  0.161419 -0.026258  0.087793  0.046760  0.081219  0.245012 -0.303877  0.144900  0.137835  0.030368  0.032471  0.112439 -0.090127  0.064528  0.120572  0.077791  0.032688  0.006012 -0.063717 -0.240796 -0.210026  0.012220 -0.055534  0.117988  0.021443  0.193490  0.308053  0.149931 -0.158778  0.150511 -0.133306  0.188507  0.015848  0.109959 -0.132692  0.288230  0.022757 -0.175971 -0.056020
 0.000000  0.000000 -0.257912  0.018794  0.158766  0.132179  0.268152 -0.302970 -0.112907 -0.088008 -0.025164 -0.037405  0.271829  0.087881 -0.278271  0.083411  0.008629 -0.104950  0.039905 -0.029070 -0.139296 -0.098733 -0.099379  0.101420 -0.053003 -0.241575  0.265308  0.180866  0.010721 -0.023130 -0.113385  0.107771  0.230191  0.026111  0.064451 -0.166515 -0.131900  0.103749 -0.085426  0.085829  0.209199 -0.042466 -0.108710  0.069659  0.282709 -0.124313
 0.000000 -0.257912 -0.000000  0.106853 -0.089637 -0.014363  0.120883  0.045797 -0.234604 -0.267324  0.032031 -0.269459  0.038302 -0.154055  0.055999 -0.027175 -0.082756 -0.119921  0.023073  0.174335  0.041854  0.041067  0.048678 -0.216378 -0.110763  0.036782 -0.102050  0.123161 -0.264169 -0.153519  0.036585  0.159585 -0.131218 -0.445377  0.009548  0.027989  0.102429  0.063580  0.038719 -0.156527  0.056553 -0.176341  0.179096  0.182066  0.037662 -0.214088
 0.000000  0.000000 -0.257912 -0.188294 -0.152410  0.097141  0.107658  0.030717 -0.099299 -0.039200 -0.417575 -0.114608 -0.220706 -0.000581 -0.021467 -0.042305 -0.042680 -0.116005 -0.154085 -0.023203 -0.046301  0.237431 -0.129641  0.099510  0.224178 -0.053152 -0.084004  0.085018 -0.076112  0.251828 -0.109223  0.191467 -0.068420  0.097995 -0.015285 -0.134854 -0.191784  0.068269 -0.169898  0.073758 -0.211971 -0.104584  0.108307  0.076473 -0.332436 -0.024523
-0.257912  0.000000  0.000000  0.036515  0.296632 -0.072618  0.056017 -0.078158  0.119536  0.216934 -0.191947  0.246854  0.167539  0.001861 -0.130958  0.018609 -0.040377  0.013339 -0.051484  0.049803  0.240826 -0.103611  0.028972  0.040612 -0.005870 -0.132108 -0.235899  0.014659 -0.126155 -0.201371 -0.374802 -0.070274 -0.391428 -0.010511 -0.114615  0.090441  0.063138  0.016005 -0.109005 -0.023031 -0.075133 -0.219162 -0.100422  0.104904 -0.047689 -0.056650
 0.000000  0.257912 -0.000000 -0.102052  0.169383 -0.118427 -0.042095 -0.028744 -0.063922 -0.062181  0.215616 -0.096084  0.053138  0.059066  0.009766 -0.028364  0.201048 -0.042454  0.157320  0.090637 -0.210883  0.098293 -0.183156 -0.185556  0.066385  0.095846 -0.075438 -0.186552 -0.249674 -0.100327 -0.066026 -0.114662  0.170376 -0.104764  0.016172 -0.163889 -0.032534 -0.139018 -0.036726  0.204805 -0.375773 -0.277726 -0.246711 -0.151390 -0.073438 -0.165086
-0.000000  0.257912  0.000000 -0.033258 -0.059026 -0.203263 -0.068509 -0.075115 -0.151503  0.043706 -0.039350  0.060118 -0.172809  0.042371 -0.037109 -0.007795  0.178863  0.155808  0.027773  0.157814 -0.233232  0.047123  0.194372 -0.261955 -0.011618  0.016139 -0.099024 -0.041095  0.247168  0.292011 -0.152118 -0.005969 -0.160293  0.072684  0.096001 -0.149178  0.247682  0.233395  0.006035 -0.008666  0.355354 -0.157458 -0.020349  0.126929  0.041020 -0.200175
-0.257912 -0.000000 -0.000000  0.093052 -0.102180  0.224297  0.080099 -0.098209  0.114324 -0.328311  0.137370  0.011870 -0.180400 -0.031871  0.048717 -0.074902  0.061586 -0.141705  0.029802 -0.078295  0.014902  0.081397  0.123835  0.152743  0.018574 -0.301443 -0.059749 -0.003453  0.172810  0.021441  0.024888  0.021195 -0.039003  0.088069 -0.110059 -0.042232  0.385118  0.086255 -0.102077 -0.202504 -0.227252 -0.103014 -0.059496 -0.378157  0.111145 -0.111804
 0.257912  0.000000  0.000000  0.157159 -0.031445  0.190775 -0.058177  0.049231 -0.072543 -0.142554 -0.224373  0.092814  0.006121 -0.172727  0.135613  0.101754 -0.159790  0.057430  0.056605 -0.195493 -0.120121 -0.438810 -0.215178  0.115038 -0.025139  0.089587 -0.178927 -0.131812  0.201398  0.181165 -0.081885 -0.229649 -0.028702 -0.221235  0.094599 -0.030049  0.084275 -0.095646 -0.200399  0.134336 -0.105334 -0.126145  0.034568  0.042644  0.152081 -0.086950
-0.000000  0.257912  0.000000 -0.163802  0.254246 -0.039033  0.032404  0.143269  0.142013 -0.098605  0.064007  0.092755 -0.044938 -0.040994  0.250218 -0.085150  0.079092 -0.397377  0.204328 -0.256043 -0.063087 -0.076091 -0.047083 -0.107749 -0.275725 -0.105804 -0.128635 -0.014697 -0.080066  0.132830 -0.001368  0.228951 -0.221771 -0.006622  0.085342  0.029304 -0.254830  0.100665 -0.028532 -0.071779  0.048018  0.265549  0.064361  0.028891  0.085366 -0.061165
-0.000000  0.257912 -0.000000 -0.073734 -0.142624 -0.393770 -0.172228 -0.036497  0.051878  0.060894 -0.000135 -0.166411  0.164048 -0.248249 -0.017758  0.007279 -0.080162  0.010970 -0.027107  0.049655 -0.050037  0.198307 -0.086687  0.546089 -0.117068 -0.096628 -0.048257  0.011873 -0.074956  0.030701  0.005907  0.003868  0.051607 -0.080641 -0.042121  0.120147  0.190394  0.160613  0.019346  0.116927 -0.124773  0.119039  0.081873  0.159798  0.184911 -0.107657
-0.257912 -0.000000  0.000000  0.022767  0.072125  0.105786  0.122221 -0.007131  0.033635 -0.199759  0.237425  0.029691 -0.194742 -0.090927 -0.215949  0.065014 -0.147858  0.215682 -0.033110 -0.125527 -0.183781  0.098741  0.059919  0.043864 -0.269303  0.033623 -0.019756  0.276823 -0.118401  0.109237  0.028923 -0.387365 -0.163315  0.037605  0.271396  0.059776 -0.128162  0.063760  0.138873  0.225439 -0.084530 -0.019252  0.087548  0.090179 -0.138642  0.077482
 0.257912 -0.000000  0.000000 -0.190928  0.029054  0.141593  0.056682  0.433651 -0.118094 -0.031185 -0.093870  0.028026 -0.078846 -0.339139 -0.125740 -0.120270  0.197420  0.047997 -0.129228  0.172064 -0.165008 -0.128925  0.226325  0.115420 -0.011845 -0.050212  0.146006  0.064044 -0.066562 -0.296816 -0.058437  0.041520 -0.160095  0.168540  0.151066 -0.077672  0.061198 -0.009378  0.022427 -0.015848 -0.104933  0.073761 -0.257172  0.002308  0.127597  0.027665
 0.000000  0.000000 -0.257912  0.147823 -0.272855 -0.054005  0.098075  0.230512 -0.059909  0.269063  0.105920 -0.092818  0.080945  0.063680 -0.122818  0.008276  0.027012 -0.025149 -0.001135 -0.052229  0.105916  0.151247  0.004505 -0.235470  0.037699 -0.064095 -0.275982  0.199896  0.308628 -0.015565 -0.153007 -0.152142 -0.037633 -0.112310  0.015602 -0.047633 -0.200974 -0.036569  0.083618 -0.001882 -0.248309  0.229009 -0.039649 -0.097737  0.301358 -0.106131
-0.257912  0.000000  0.000000  0.041758 -0.076032 -0.102096  0.120817 -0.135341 -0.248494 -0.012082 -0.086813  0.066062 -0.205099  0.011092  0.017941 -0.248839 -0.110957  0.016262 -0.089216 -0.409521  0.023828 -0.162330  0.090620  0.003896  0.153248  0.094406 -0.038356 -0.205180 -0.110044 -0.106701 -0.145180  0.161716  0.160218 -0.072896  0.090774 -0.030529  0.134261  0.009532  0.368229  0.109952 -0.051077  0.222322 -0.227687  0.147360  0.032184 -0.041584
 0.257912 -0.000000  0.000000 -0.140103 -0.290253 -0.098782  0.228340 -0.128719  0.394007  0.037800  0.046548 -0.244014  0.029598  0.035954 -0.032405 -0.091888 -0.068603  0.088507 -0.020334 -0.310890  0.178136 -0.050718 -0.022905 -0.187362  0.060915  0.048092  0.160295 -0.107670 -0.162294 -0.077923  0.078388 -0.062249 -0.246408  0.231708  0.166840  0.046162  0.082005  0.045333 -0.122681  0.074262  0.012429 -0.156229 -0.010271  0.023992  0.118385 -0.206981
-0.000000 -0.000000  0.257912 -0.033791  0.057069 -0.003682 -0.063754 -0.045600 -0.105713 -0.102896 -0.076421 -0.116738 -0.123422 -0.032532 -0.012751 -0.041710 -0.096944 -0.165429  0.366774 -0.015824  0.162306  0.036027  0.014591  0.079133  0.041924  0.170948 -0.164910  0.284872  0.362832 -0.276832  0.130513  0.017798  0.085057  0.315087 -0.065597  0.069562 -0.129905  0.009294  0.011658  0.143027  0.002258 -0.169927 -0.138632  0.228241 -0.025830 -0.197012
-0.000000  0.033315  0.224597  0.206445 -0.115980 -0.119046  0.004934 -0.053541  0.049501 -0.080573  0.342345  0.029997 -0.068923 -0.048330  0.083673  0.304086  0.011784 -0.005151 -0.108820  0.155599  0.005983 -0.167167 -0.052959  0.043158  0.284772 -0.209350  0.082459 -0.029565  0.142658 -0.019101 -0.201023  0.390402 -0.144798  0.046504  0.271617 -0.013282 -0.189391 -0.055830  0.071692  0.132196 -0.159376 -0.091308  0.109249  0.117542 -0.012839  0.091515
 0.000000  0.257912  0.000000 -0.035357 -0.057960  0.084266  0.069786 -0.031339  0.208964  0.076757 -0.150878  0.073413 -0.303876 -0.073926 -0.095719  0.016576 -0.054904  0.069780 -0.193200  0.136220  0.000874 -0.114185  0.051170 -0.127430 -0.111246 -0.060390 -0.303501  0.058291 -0.163431 -0.035068  0.134643  0.181596  0.346840 -0.005646 -0.058129  0.240003 -0.138884 -0.032869  0.102918  0.037035  0.046225 -0.299619  0.081993 -0.083900  0.335011  0.114795
 0.033315  0.000000 -0.224597  0.067372  0.113674 -0.126605  0.043726 -0.206298 -0.159453  0.157326  0.087910  0.207332 -0.022639 -0.221342  0.171778 -0.173768  0.104879 -0.066083 -0.100677  0.116731  0.331120 -0.158159  0.042009 -0.072613 -0.136698  0.232872  0.275507  0.180551  0.078938  0.219584  0.178211  0.025427  0.042029  0.029134  0.096054  0.041996  0.017956  0.226367 -0.034177 -0.014148 -0.354683 -0.135964 -0.007450 -0.005773  0.011035  0.016100
-0.000000  0.257912 -0.000000  0.227120 -0.119105  0.115048 -0.131447  0.101114  0.012262  0.110950 -0.166942 -0.010586 -0.139945 -0.138280 -0.065502 -0.067543 -0.085409 -0.246337  0.160460 -0.004027  0.054368  0.081232 -0.221448 -0.269781 -0.100903 -0.284595  0.393920 -0.083729  0.049066 -0.220273 -0.168779 -0.188292  0.085511 -0.034730  0.013843  0.070497  0.140347  0.125470  0.113385  0.066433  0.004535 -0.060501  0.148176  0.088508 -0.148810  0.153707
-0.257912  0.000000 -0.000000  0.268808 -0.146262  0.072405 -0.118715  0.098127 -0.085058  0.244756  0.067019  0.109516 -0.051201 -0.078900 -0.140394  0.000080  0.281651 -0.013347  0.018200 -0.259824 -0.235701  0.067168 -0.206348  0.140407  0.062374  0.305897  0.057417  0.020517 -0.104586 -0.143505  0.055871  0.131548 -0.015954  0.045825  0.163520  0.173571 -0.088943  0.033123 -0.285667 -0.264233  0.110827 -0.134792  0.072741 -0.025640  0.046096 -0.132892
 0.000000 -0.000000 -0.257912  0.063048 -0.025144 -0.098153 -0.017579 -0.027171 -0.057568 -0.242013 -0.059031 -0.068078 -0.047355  0.152682 -0.177310  0.106210  0.168160 -0.423075 -0.076245  0.180158  0.109177 -0.051357 -0.005527  0.158096  0.143210  0.109597 -0.086031 -0.341211  0.005419  0.025804  0.153061 -0.299574 -0.168305  0.071370  0.169370  0.217630 -0.105117  0.037243  0.204963 -0.078608  0.096864 -0.070088 -0.089543  0.047398  0.104445  0.137894
-0.257912  0.000000 -0.000000 -0.165830 -0.107920  0.050250 -0.024761 -0.016160 -0.190162  0.100267 -0.100003  0.100130  0.002550  0.166253  0.244958  0.055130 -0.190449 -0.129830 -0.119639  0.129518 -0.132217  0.093603  0.008466 -0.011067 -0.212534  0.052749  0.260355 -0.067235  0.019765 -0.011967  0.037366 -0.020617 -0.191278  0.191649 -0.015518 -0.030421  0.034018 -0.497204  0.062572  0.071954 -0.078512 -0.084549  0.163381  0.056671  0.309058 -0.173377
 0.000000 -0.257912  0.000000 -0.251510 -0.279819  0.076432  0.007665  0.044413 -0.096671  0.093367  0.387418  0.104579 -0.069160 -0.194081 -0.011705 -0.076092  0.062894 -0.140609  0.107992 -0.076567  0.112321  0.051683 -0.034631  0.052557 -0.144217 -0.090446 -0.070989 -0.152313 -0.059266  0.210573 -0.232783 -0.058709  0.103706  0.035005 -0.230171 -0.019805 -0.049302 -0.063181 -0.127847  0.031508  0.141477 -0.221127 -0.181571  0.271743  0.069750  0.252338
 0.000000  0.257912 -0.000000 -0.089492 -0.272633 -0.049776 -0.059256  0.029855  0.193062 -0.158221  0.054114  0.344494  0.137383 -0.027418 -0.307502  0.000940 -0.033828 -0.301496 -0.010029  0.004585  0.116211 -0.135323  0.118470 -0.000226  0.113348  0.233854 -0.003598  0.294831 -0.077574  0.021798  0.007212  0.011723  0.063423 -0.133914  0.013117 -0.286029  0.165899 -0.269184 -0.004485 -0.009963  0.071534  0.052918  0.099885  0.023452 -0.153895 -0.028689
-0.000000  0.000000  0.257912  0.089232 -0.017312 -0.209562  0.167699  0.421791 -0.112430 -0.050162 -0.034582  0.034331 -0.052872  0.247333 -0.146048 -0.118827  0.020772  0.084668  0.034181 -0.041649  0.228902 -0.142222 -0.073720  0.239131 -0.147940 -0.037434  0.168541 -0.072600 -0.054665  0.168942 -0.061942 -0.033970  0.047026  0.008059 -0.136228 -0.198789 -0.196911  0.125034  0.187968 -0.044562  0.031022 -0.244728  0.153772 -0.209507  0.014236 -0.196012
 0.257912 -0.000000  0.000000  0.199220  0.038920  0.139559  0.170477  0.022242 -0.056097  0.104724  0.140168  0.114591 -0.323814  0.273225  0.027969  0.095746  0.090711 -0.070635 -0.111415  0.181456  0.219747  0.111892 -0.225410  0.132211 -0.209928  0.002078 -0.124679  0.043787 -0.154178 -0.023008 -0.036012  0.047840  0.052862  0.038316  0.101552  0.069715  0.281469 -0.080969 -0.141921  0.208507  0.100963  0.260702 -0.113445  0.069010 -0.099335 -0.235216
 0.257912
