
  0  0.15811388300877899  0.15811388300839824  0.15811388300751050  0.15811388300861803  0.15811388300871337 -0.15811388300869744  0.15811388300806747 -0.15811388300853632 -0.15811388300878051 -0.15811388300808879  1.58113883008780515e-01

  0  0.31622776601755798 -0.00399766010448025  0.53515986234159574  0.58891869609035707  0.23983111855572434  0.27991595093989430 -0.29879409800933732  0.02405758465928312 -0.18627036393658772  0.07960826566880778 
  1  0.31622776601679647 -0.35147344801980795  0.19789754641176338 -0.28497458671704068  0.25435933572351338 -0.10473846005299428 -0.11307929333481687 -0.20750172718600290  0.24544373488432583 -0.68142286749310566 
  2  0.31622776601502101 -0.20811573754984292  0.20406322316468900 -0.12028230523854203  0.10813134208628930 -0.52752001032947715  0.13441578757209963  0.62614284673476117  0.08908164616010568  0.30422105646330294 
  3  0.31622776601723607  0.58279255344345293  0.28436003956578637 -0.52252461595664468 -0.16088081666270254  0.11602985215535409  0.01076798619397699  0.06550940818343283 -0.39233985709750513 -0.09368390444657139 
  4  0.31622776601742675  0.28740482645324728 -0.44924328596358515  0.33905818728606418 -0.13444233579641010 -0.51998959101696840 -0.36486977119276293 -0.05772967300935579 -0.16027542244984455 -0.22361504610388797 
  5 -0.31622776601739488 -0.07263375535662836  0.33181324360333753  0.19703629098005887 -0.00613889388432130 -0.44351026010171202  0.45872101819933975 -0.23378753376918046 -0.48948129900267495 -0.21068565826373398 
  6  0.31622776601613495 -0.58431893094154119 -0.06410731301936756 -0.06733916467543816 -0.61790699714811181  0.13160852263555431 -0.04437486799489705 -0.13721426835855163 -0.33407762180237310  0.13561885623781639 
  7 -0.31622776601707264 -0.22684722246157479 -0.09106027140297157 -0.32515871609638608  0.40745061849718017 -0.09272166050116282 -0.55606621513288301  0.00927523735214812 -0.47249850922397663  0.16539756431408253 
  8 -0.31622776601756103  0.08990723322093043  0.47699503952666261 -0.06584017386062446 -0.45770021471033789 -0.29122812007166304 -0.45905210687420700 -0.14251974063837106  0.35473831963802405  0.09420297237247899 
  9 -0.31622776601617758 -0.06813465211795043 -0.00961793922809030  0.12681880976820964 -0.25451986314318281  0.20276630501040746 -0.11953695295958749  0.68029620807788582 -0.13119639565414154 -0.52818851809984846 

  0  1.00000000000000000  0.00000000000000000  0.00000000000000003 -0.00000000000000001  0.00000000000000002  0.00000000000000003  0.00000000000000001 -0.00000000000000001 -0.00000000000000002 -0.00000000000000001 
  1  0.00000000000000000  1.00000000000000000  0.00000000000000004  0.00000000000000002 -0.00000000000000002 -0.00000000000000001 -0.00000000000000001  0.00000000000000003 -0.00000000000000002 -0.00000000000000000 
  2  0.00000000000000003  0.00000000000000004  1.00000000000000000  0.00000000000000000 -0.00000000000000001 -0.00000000000000000 -0.00000000000000000  0.00000000000000003 -0.00000000000000001  0.00000000000000003 
  3 -0.00000000000000001  0.00000000000000002  0.00000000000000000  1.00000000000000022  0.00000000000000001  0.00000000000000001 -0.00000000000000001  0.00000000000000001  0.00000000000000002  0.00000000000000000 
  4  0.00000000000000002 -0.00000000000000002 -0.00000000000000001  0.00000000000000001  1.00000000000000000  0.00000000000000002  0.00000000000000001 -0.00000000000000003 -0.00000000000000002  0.00000000000000001 
  5  0.00000000000000003 -0.00000000000000001 -0.00000000000000000  0.00000000000000001  0.00000000000000002  0.99999999999999989 -0.00000000000000000  0.00000000000000002  0.00000000000000002 -0.00000000000000001 
  6  0.00000000000000001 -0.00000000000000001 -0.00000000000000000 -0.00000000000000001  0.00000000000000001 -0.00000000000000000  0.99999999999999989  0.00000000000000002 -0.00000000000000001  0.00000000000000001 
  7 -0.00000000000000001  0.00000000000000003  0.00000000000000003  0.00000000000000001 -0.00000000000000003  0.00000000000000002  0.00000000000000002  1.00000000000000000 -0.00000000000000001 -0.00000000000000001 
  8 -0.00000000000000002 -0.00000000000000002 -0.00000000000000001  0.00000000000000002 -0.00000000000000002  0.00000000000000002 -0.00000000000000001 -0.00000000000000001  1.00000000000000000 -0.00000000000000001 
  9 -0.00000000000000001 -0.00000000000000000  0.00000000000000003  0.00000000000000000  0.00000000000000001 -0.00000000000000001  0.00000000000000001 -0.00000000000000001 -0.00000000000000001  0.99999999999999989 

