
  0 -0.46903511307174650  0.29581252884842990  0.23807166676132624 -0.46903511227228140  0.46903511205573140 -0.46903511297817985 -0.23807166911108646  0.41129425262500102  4.69035113071746501e-01
  1 -0.46903511307175522 -0.41129425066060465  0.23807166892598880 -0.46903511231812750  0.46903511200952297 -0.46903511306245232 -0.23807166844688959 -0.29581253023905935  4.69035113071755216e-01
  2 -0.46903511307167900  0.29581252717273410 -0.46903511301187090 -0.46903511267790782  0.46903511211516219  0.23807166962171808 -0.23807166834066601  0.41129425205176168  4.69035113071679000e-01
  3 -0.46903511307168771 -0.41129425233630046 -0.46903511084720834 -0.46903511272375392  0.46903511206895376  0.23807166953744560 -0.23807166767646915 -0.29581253081229869  4.69035113071687715e-01
  4 -0.46903511307143586  0.29581253015931430  0.23807166730543977  0.23807166951484543  0.46903511233216866 -0.46903511279886029  0.46903511147488175  0.41129425193246744  4.69035113071435861e-01
  5 -0.46903511307144458 -0.41129424934972025  0.23807166947010233  0.23807166946899933  0.46903511228596023 -0.46903511288313277  0.46903511213907861 -0.29581253093159293  4.69035113071444576e-01
  6 -0.46903511307136836  0.29581252848361850 -0.46903511246775736  0.23807166910921901  0.46903511239159945  0.23807166980103764  0.46903511224530220  0.41129425135922809  4.69035113071368359e-01
  7 -0.46903511307137707 -0.41129425102541606 -0.46903511030309480  0.23807166906337290  0.46903511234539103  0.23807166971676516  0.46903511290949906 -0.29581253150483228  4.69035113071377074e-01
  8 -0.46903511307180284  0.46903511149268906  0.41129425107557388 -0.46903511112551183 -0.46903511287023608 -0.29581252900748395 -0.23807167055913248  0.23807167137357749  4.69035113071802845e-01
  9 -0.46903511307181156 -0.23807166801634549  0.41129425324023644 -0.46903511117135793 -0.46903511291644451 -0.29581252909175643 -0.23807166989493561 -0.46903511149048288  4.69035113071811560e-01
 10 -0.46903511307173534  0.46903510981699326 -0.29581252869762326 -0.46903511153113825 -0.46903511281080529  0.41129425359241395 -0.23807166978871203  0.23807167080033814  4.69035113071735343e-01
 11 -0.46903511307174406 -0.23807166969204130 -0.29581252653296070 -0.46903511157698435 -0.46903511285701371  0.41129425350814147 -0.23807166912451516 -0.46903511206372223  4.69035113071744059e-01
 12 -0.46903511307149220  0.46903511280357346  0.41129425161968741  0.23807167066161500 -0.46903511259379882 -0.29581252882816439  0.46903511002683573  0.23807167068104390  4.69035113071492205e-01
 13 -0.46903511307150092 -0.23807166670546109  0.41129425378434997  0.23807167061576889 -0.46903511264000725 -0.29581252891243687  0.46903511069103260 -0.46903511218301647  4.69035113071500920e-01
 14 -0.46903511307142470  0.46903511112787766 -0.29581252815350972  0.23807167025598858 -0.46903511253436803  0.41129425377173351  0.46903511079725618  0.23807167010780456  4.69035113071424703e-01
 15 -0.46903511307143342 -0.23807166838115690 -0.29581252598884716  0.23807167021014247 -0.46903511258057645  0.41129425368746103  0.46903511146145305 -0.46903511275625581  4.69035113071433418e-01

  0  0.00000000000000874 -0.00000000000006749 -0.00000000000031064  0.00000000000005633 -0.93807022614317992  0.19993792279733830  0.27376953460477749  0.07140952158817811 
  1  0.70710677950903456  0.00000000167569578 -0.00000000131088436 -0.17322258264425916  0.05774086046727298 -0.19432529211805480  0.17516768744314090  0.63104191175069180 
  2 -0.00000000216466256  0.70710677977319714 -0.00000000054411354 -0.17322258431424770 -0.05774085922752094 -0.55134823618563478  0.28042385113604573 -0.28989225175392069 
  3  0.00000000004584612  0.00000000040562646 -0.70710678178712683 -0.00000000114676961 -0.23096344206213895 -0.31677348529771460 -0.58227875600361567  0.08521676419978594 
  4  0.00000000004620842 -0.00000000005943079 -0.00000000027643725  0.93807022492596748 -0.00000000052484508 -0.27538981995050915  0.16825764220540493  0.12599232522042275 
  5  0.00000000008427250 -0.70710678259989790 -0.00000000017931953 -0.17322258397069593 -0.05774085929071877 -0.55134823478828721  0.28042384930553743 -0.28989224948006165 
  6 -0.00000000066419689 -0.00000000077042046 -0.70710678058596821  0.00000000144804607  0.23096344235036659  0.31677348705804198  0.58227875614363622 -0.08521676588515102 
  7  0.70710678286406037  0.00000000057323929  0.00000000069253360  0.17322258125142354 -0.05774086013125481  0.19432528990998754 -0.17516768521328144 -0.63104190970327434 

  0  1.00000000000000000  0.00000000000000002 -0.00000000000000001 -0.00000000000000001  0.00000000000000000  0.00000000000000001  0.00000000000000001 -0.00000000000000000 
  1  0.00000000000000002  0.99999999999999978 -0.00000000000000002 -0.00000000000000003 -0.00000000000000001 -0.00000000000000003  0.00000000000000002 -0.00000000000000007 
  2 -0.00000000000000001 -0.00000000000000002  0.99999999999999989  0.00000000000000003  0.00000000000000002 -0.00000000000000002 -0.00000000000000002  0.00000000000000001 
  3 -0.00000000000000001 -0.00000000000000003  0.00000000000000003  0.99999999999999989  0.00000000000000000  0.00000000000000002  0.00000000000000001  0.00000000000000000 
  4  0.00000000000000000 -0.00000000000000001  0.00000000000000002  0.00000000000000000  0.99999999999999989  0.00000000000000002  0.00000000000000000 -0.00000000000000001 
  5  0.00000000000000001 -0.00000000000000003 -0.00000000000000002  0.00000000000000002  0.00000000000000002  1.00000000000000000 -0.00000000000000001  0.00000000000000001 
  6  0.00000000000000001  0.00000000000000002 -0.00000000000000002  0.00000000000000001  0.00000000000000000 -0.00000000000000001  1.00000000000000000 -0.00000000000000000 
  7 -0.00000000000000000 -0.00000000000000007  0.00000000000000001  0.00000000000000000 -0.00000000000000001  0.00000000000000001 -0.00000000000000000  1.00000000000000000 

