
  0 -0.34299717030022409 -0.17149858509220739  0.34299717030058935 -0.34299717027513654 -0.34299717028927140  3.42997170300589349e-01
  1 -0.34299717030048399  0.34299717019112586  0.34299717030055948  0.17149858533618223  0.34299717025106463  3.42997170300559484e-01

  0  0.00000000000025994 -0.68599434060070807  0.51356422207013241  0.47807013823097361 -0.19264604175823913 
  1 -0.51449575528333324  0.17149858509891849  0.69764193627212256 -0.42003116151087944  0.20676533853333975 
  2  0.00000000000002991  0.68599434060114883  0.25987444824865197  0.67565357103621393 -0.07327542396100817 
  3 -0.51449575561131877 -0.17149858493895428 -0.31711715954863695  0.37030257028512642  0.68424781065189222 
  4 -0.68599434054033603 -0.00000000003820681 -0.28539358232316020  0.03729644323363942 -0.66825986205779486 

  0  1.00000000000000000  0.00000000000000002 -0.00000000000000001  0.00000000000000001  0.00000000000000000 
  1  0.00000000000000002  0.99999999999999989  0.00000000000000001 -0.00000000000000003 -0.00000000000000004 
  2 -0.00000000000000001  0.00000000000000001  1.00000000000000000  0.00000000000000001 -0.00000000000000000 
  3  0.00000000000000001 -0.00000000000000003  0.00000000000000001  1.00000000000000000 -0.00000000000000007 
  4  0.00000000000000000 -0.00000000000000004 -0.00000000000000000 -0.00000000000000007  1.00000000000000000 

