
  0 -0.23570226037603970 -0.47140452081012896  0.47140452080156359 -0.23570226039771991 -0.47140452080234013  0.47140452078849532  0.23570226036708303  0.47140452080694822  0.47140452075956624  4.71404520810128957e-01
  1 -0.23570226039639264 -0.47140452081006423 -0.47140452078039308 -0.23570226037885023 -0.47140452080084727  0.23570226040910491  0.47140452077915102  0.47140452080663364  0.47140452077020084  4.71404520810064231e-01
  2 -0.23570226035977887 -0.47140452080986606  0.47140452079194639 -0.23570226044484532 -0.47140452080881456 -0.23570226042783393 -0.47140452078968270  0.47140452080160111  0.47140452072132405  4.71404520809866057e-01
  3 -0.23570226038013187 -0.47140452080980133 -0.47140452079001027 -0.23570226042597564 -0.47140452080732170 -0.47140452080722445 -0.23570226037761471  0.47140452080128659  0.47140452073195854  4.71404520809801331e-01
  4 -0.23570226039281134 -0.47140452081060391  0.47140452080325279  0.47140452075387418 -0.47140452077393258  0.47140452079302814  0.23570226035366715  0.47140452080056566 -0.23570226046193471  4.71404520810603911e-01
  5 -0.23570226041316428 -0.47140452081053918 -0.47140452077870387  0.47140452077274386 -0.47140452077243972  0.23570226041363768  0.47140452076573508  0.47140452080025108 -0.23570226045130016  4.71404520810539185e-01
  6 -0.23570226037655057 -0.47140452081034101  0.47140452079363560  0.47140452070674876 -0.47140452078040701 -0.23570226042330117 -0.47140452080309864  0.47140452079521861 -0.23570226050017695  4.71404520810341010e-01
  7 -0.23570226039690351 -0.47140452081027628 -0.47140452078832107  0.47140452072561845 -0.47140452077891415 -0.47140452080269163 -0.23570226039103059  0.47140452079490403 -0.23570226048954240  4.71404520810276284e-01
  8 -0.23570226037837366  0.47140452081061834  0.47140452079603790 -0.47140452072720240 -0.47140452079352335  0.47140452079932743  0.23570226038505737  0.47140452080466250  0.23570226045275278  4.71404520810618344e-01
  9 -0.23570226039872660  0.47140452081068307 -0.47140452078591877 -0.47140452070833272 -0.47140452079203049  0.23570226041993697  0.47140452079712541  0.47140452080434792  0.23570226046338733  4.71404520810683070e-01
 10 -0.23570226036211289  0.47140452081088124  0.47140452078642070 -0.47140452077432782 -0.47140452079999778 -0.23570226041700187 -0.47140452077170830  0.47140452079931544  0.23570226041451053  4.71404520810881245e-01
 11 -0.23570226038246583  0.47140452081094597 -0.47140452079553596 -0.47140452075545813 -0.47140452079850492 -0.47140452079639233 -0.23570226035964037  0.47140452079900086  0.23570226042514508  4.71404520810945971e-01
 12 -0.23570226039514530  0.47140452081014339  0.47140452079772710  0.23570226042439169 -0.47140452076511580  0.47140452080386025  0.23570226037164149  0.47140452079827999 -0.47140452076874811  4.71404520810143390e-01
 13 -0.23570226041549830  0.47140452081020812 -0.47140452078422956  0.23570226044326137 -0.47140452076362294  0.23570226042446973  0.47140452078370948  0.47140452079796541 -0.47140452075811362  4.71404520810208116e-01
 14 -0.23570226037888453  0.47140452081040629  0.47140452078810990  0.23570226037726627 -0.47140452077159023 -0.23570226041246911 -0.47140452078512424  0.47140452079293288 -0.47140452080699041  4.71404520810406291e-01
 15 -0.23570226039923747  0.47140452081047102 -0.47140452079384676  0.23570226039613595 -0.47140452077009737 -0.47140452079185952 -0.23570226037305625  0.47140452079261835 -0.47140452079635581  4.71404520810471017e-01
 16  0.47140452077794626 -0.47140452081062589  0.47140452079146333 -0.23570226039480763  0.23570226041676895  0.47140452078529888  0.23570226038006586  0.47140452080419365  0.47140452077411438  4.71404520810625893e-01
 17  0.47140452075759331 -0.47140452081056117 -0.47140452079049333 -0.23570226037593794  0.23570226041826181  0.23570226040590847  0.47140452079213385  0.47140452080387912  0.47140452078474898  4.71404520810561167e-01
 18  0.47140452079420708 -0.47140452081036299  0.47140452078184614 -0.23570226044193304  0.23570226041029452 -0.23570226043103037 -0.47140452077669986  0.47140452079884659  0.47140452073587219  4.71404520810362992e-01
 19  0.47140452077385409 -0.47140452081029827 -0.47140452080011053 -0.23570226042306336  0.23570226041178738 -0.47140452081042089 -0.23570226036463188  0.47140452079853201  0.47140452074650668  4.71404520810420891e-01
 20  0.47140452076117462 -0.47140452081110085  0.47140452079315254  0.47140452075678652  0.23570226044517650  0.47140452078983169  0.23570226036664998  0.47140452079781114 -0.23570226044738651  4.71404520811100847e-01
 21  0.47140452074082168 -0.47140452081103612 -0.47140452078880413  0.47140452077565620  0.23570226044666936  0.23570226041044123  0.47140452077871792  0.47140452079749656 -0.23570226043675196  4.71404520811036121e-01
 22  0.47140452077743539 -0.47140452081083795  0.47140452078353534  0.47140452070966110  0.23570226043870207 -0.23570226042649761 -0.47140452079011580  0.47140452079246409 -0.23570226048562876  4.71404520810837946e-01
 23  0.47140452075708245 -0.47140452081077322 -0.47140452079842132  0.47140452072853078  0.23570226044019493 -0.47140452080588807 -0.23570226037804776  0.47140452079214951 -0.23570226047499421  4.71404520810773220e-01
 24  0.47140452077561229  0.47140452081012141  0.47140452078593764 -0.47140452072429007  0.23570226042558573  0.47140452079613099  0.23570226039804021  0.47140452080190798  0.23570226046730097  4.71404520810121408e-01
 25  0.47140452075525935  0.47140452081018613 -0.47140452079601902 -0.47140452070542038  0.23570226042707859  0.23570226041674053  0.47140452081010825  0.47140452080159340  0.23570226047793552  4.71404520810186134e-01
 26  0.47140452079187306  0.47140452081038431  0.47140452077632045 -0.47140452077141548  0.23570226041911130 -0.23570226042019832 -0.47140452075872546  0.47140452079656092  0.23570226042905873  4.71404520810384309e-01
 27  0.47140452077152012  0.47140452081044903 -0.47140452080563622 -0.47140452075254580  0.23570226042060416 -0.47140452079958878 -0.23570226034665753  0.47140452079624634  0.23570226043969328  4.71404520810449035e-01
 28  0.47140452075884065  0.47140452080964645  0.47140452078762685  0.23570226042730397  0.23570226045399328  0.47140452080066381  0.23570226038462433  0.47140452079552542 -0.47140452075419997  4.71404520809646455e-01
 29  0.47140452073848765  0.47140452080971118 -0.47140452079432982  0.23570226044617365  0.23570226045548615  0.23570226042127329  0.47140452079669232  0.47140452079521089 -0.47140452074356548  4.71404520809711181e-01
 30  0.47140452077510142  0.47140452080990936  0.47140452077800965  0.23570226038017855  0.23570226044751885 -0.23570226041566555 -0.47140452077214140  0.47140452079017836 -0.47140452079244227  4.71404520809909355e-01
 31  0.47140452075474848  0.47140452080997408 -0.47140452080394701  0.23570226039904824  0.23570226044901171 -0.47140452079505596 -0.23570226036007341  0.47140452078986378 -0.47140452078180767  4.71404520809974081e-01

  0  0.00000000002035295 -0.00000000001626079  0.00000000001677165  0.00000000000233398 -0.70710678115398595  0.23570226037870881 -0.24937506401504642  0.16843441189697825  0.59488349349669045 
  1 -0.00000000000006474 -0.00000000000026293  0.00000000000047495 -0.94280904162074730  0.00000000000049697 -0.00000000000015489  0.13193558512982353 -0.27555069915757296  0.13332638376702413 
  2  0.94280904158195666  0.00000000000961721 -0.00000000000168920  0.00000000000552575  0.00000000001010021 -0.00000000000238348  0.27956597047344023  0.16760186595559917  0.06973947083794953 
  3 -0.00000000001886969  0.00000000004712539 -0.70710678115159409  0.23570226032948249 -0.00000000000291230  0.00000000000132833  0.26387117038002295 -0.55110139853739493  0.26665276765375762 
  4 -0.00000000000149291  0.00000000000647444 -0.00000000002840755 -0.00000000000881678 -0.70710678121910908 -0.23570226035332839  0.24937506397734199 -0.16843441187365502 -0.59488349345174751 
  5  0.23570226037939049  0.70710678121632931 -0.00000000000453279 -0.00000000001083208  0.00000000000319646 -0.00000000000656063 -0.55913194091704033 -0.33520373190391650 -0.13947894168640212 
  6 -0.23570226041206796  0.70710678115676573  0.00000000001341590 -0.00000000001797437 -0.00000000001298281  0.00000000000700962  0.55913194091956830  0.33520373200235648  0.13947894168643599 
  7  0.00000000000031458  0.00000000000534706  0.00000000000638253  0.00000000000228570  0.00000000000275452  0.94280904159681200  0.12468753197907614 -0.08421720594747209 -0.29744174669112738 
  8 -0.00000000001063454  0.00000000003824229  0.70710678122150095  0.23570226030681346 -0.00000000001454819 -0.00000000002224145  0.26387117035513025 -0.55110139850083595  0.26665276758860790 

  0  1.00000000000000000  0.00000000000000000 -0.00000000000000000  0.00000000000000002 -0.00000000000000002  0.00000000000000000 -0.00000000000000000  0.00000000000000000  0.00000000000000000 
  1  0.00000000000000000  1.00000000000000000  0.00000000000000002  0.00000000000000001  0.00000000000000000 -0.00000000000000002  0.00000000000000001 -0.00000000000000000  0.00000000000000000 
  2 -0.00000000000000000  0.00000000000000002  1.00000000000000000  0.00000000000000003  0.00000000000000000 -0.00000000000000000  0.00000000000000000  0.00000000000000000  0.00000000000000001 
  3  0.00000000000000002  0.00000000000000001  0.00000000000000003  1.00000000000000000 -0.00000000000000001 -0.00000000000000002  0.00000000000000001 -0.00000000000000000  0.00000000000000002 
  4 -0.00000000000000002  0.00000000000000000  0.00000000000000000 -0.00000000000000001  1.00000000000000000 -0.00000000000000000  0.00000000000000000  0.00000000000000001  0.00000000000000000 
  5  0.00000000000000000 -0.00000000000000002 -0.00000000000000000 -0.00000000000000002 -0.00000000000000000  1.00000000000000000  0.00000000000000003 -0.00000000000000000 -0.00000000000000000 
  6 -0.00000000000000000  0.00000000000000001  0.00000000000000000  0.00000000000000001  0.00000000000000000  0.00000000000000003  0.99999999999999989  0.00000000000000000  0.00000000000000000 
  7  0.00000000000000000 -0.00000000000000000  0.00000000000000000 -0.00000000000000000  0.00000000000000001 -0.00000000000000000  0.00000000000000000  1.00000000000000000 -0.00000000000000000 
  8  0.00000000000000000  0.00000000000000000  0.00000000000000001  0.00000000000000002  0.00000000000000000 -0.00000000000000000  0.00000000000000000 -0.00000000000000000  1.00000000000000000 

