
  0  0.14433756729767616  0.14433756729655678  0.14433756729708574 -0.14433756729743985 -0.14433756729732417  0.14433756729735928  0.14433756729770209  0.14433756729777578 -0.14433756729764941  0.14433756729666991 -0.14433756729787883 -0.14433756729775932  1.44337567297878833e-01

  0  0.28867513459535232 -0.05685288679580653 -0.26976508599005788  0.11360453001719607  0.35036390373717052 -0.18969503885918235 -0.54291948777291621  0.08590541588440774  0.23350478963203120 -0.16891715599129992 -0.52616868678384487 -0.08344975887890914 
  1  0.28867513459311356 -0.20404782791293274  0.00417838392146837  0.33907953784524469  0.46912357258295884  0.17282452855546090  0.32487246860064728  0.06222469857266572  0.30272770118385584  0.24789245450277234  0.15635521069622291  0.47237463812977643 
  2  0.28867513459417149  0.32481035027540178  0.14739638877314212 -0.35615342524995208  0.21303808170590391 -0.21402224010138138 -0.22688658958725710 -0.43803666044802264 -0.28750391060826697 -0.06470914279520745  0.17269180624931826  0.45976225335758580 
  3 -0.28867513459487970  0.39821776460814390 -0.12702444967409296 -0.52612043327522062  0.36571560335318221 -0.10550803972696711  0.22276001411285440  0.36456266598372261  0.36517075637189572 -0.04642924597591167  0.04182337477950843 -0.02211326126150888 
  4 -0.28867513459464833 -0.34561426303631637 -0.34487918547004015 -0.38730911203013479 -0.08799086985875069  0.24537319435577373  0.05442875349615347 -0.19321726162377154 -0.10361064389473947  0.25722105633839143 -0.45052974944854440  0.37436180019721177 
  5  0.28867513459471855  0.46461459683508988 -0.18509936322888607  0.06429951530937716  0.10423224220742575  0.15966926096889883  0.26016137650579807 -0.20335520705853460 -0.19338008736114445  0.50881155311312742 -0.25994095353813174 -0.39134827425844781 
  6  0.28867513459540417  0.19069891978317577  0.37706966391092139 -0.19163847954657559 -0.46875093973521859  0.28795034982608314 -0.15744952541156906  0.01479126112264161  0.55462411095213249  0.14213578913515501 -0.16849495521623159  0.13244142672766482 
  7  0.28867513459555155 -0.26516369041571575 -0.04654664428949167 -0.16083773896457060 -0.25889031631587800 -0.75740254071200364  0.34981311023337874 -0.00187037987609942  0.12824735202493123  0.17761341662436456 -0.07973088799240249 -0.03021716472309205 
  8 -0.28867513459529881  0.30878356925618861 -0.21597787816894917  0.35887463778297951 -0.13995320358486796 -0.13402251559503525  0.22935058123390478 -0.53460396765674667  0.35466484809787963 -0.32582264099388070 -0.13294258607085338  0.14250831639973904 
  9  0.28867513459333982  0.25046291281823369 -0.61168674284155244  0.07561620981356452 -0.38314952657213941  0.08114155642589962 -0.00318714882093113  0.39173764707165709 -0.15169239142482929 -0.14899102123559288  0.17685784910642507  0.30118574776600909 
 10 -0.28867513459575767  0.29827478798697438  0.33949963869564048  0.32191074942884296 -0.05165340091133966 -0.26509182421771255 -0.02511507162957995  0.36979293449549039 -0.25609365347668051  0.21551407463653796 -0.38886155758744678  0.36776264796713276 
 11 -0.28867513459551863  0.04486051576921615 -0.23607152512437304  0.11661430731357186 -0.06015111138986578 -0.20028493871324723 -0.47702007346725933 -0.09513759593139115  0.22639625730149326  0.59335264934644050  0.40207990084528450 -0.00177063518838143 

  0  0.99999999999999989  0.00000000000000005 -0.00000000000000002 -0.00000000000000001 -0.00000000000000002 -0.00000000000000000 -0.00000000000000002  0.00000000000000002 -0.00000000000000002  0.00000000000000002 -0.00000000000000002 -0.00000000000000003 
  1  0.00000000000000005  1.00000000000000000 -0.00000000000000001 -0.00000000000000003 -0.00000000000000003  0.00000000000000002 -0.00000000000000008 -0.00000000000000001 -0.00000000000000003 -0.00000000000000002 -0.00000000000000001 -0.00000000000000000 
  2 -0.00000000000000002 -0.00000000000000001  1.00000000000000000  0.00000000000000003  0.00000000000000000 -0.00000000000000001  0.00000000000000001 -0.00000000000000001 -0.00000000000000001 -0.00000000000000000 -0.00000000000000002 -0.00000000000000001 
  3 -0.00000000000000001 -0.00000000000000003  0.00000000000000003  0.99999999999999989  0.00000000000000004 -0.00000000000000003 -0.00000000000000002  0.00000000000000002 -0.00000000000000005 -0.00000000000000003 -0.00000000000000002  0.00000000000000000 
  4 -0.00000000000000002 -0.00000000000000003  0.00000000000000000  0.00000000000000004  1.00000000000000000 -0.00000000000000000 -0.00000000000000001 -0.00000000000000004  0.00000000000000005  0.00000000000000000  0.00000000000000004 -0.00000000000000000 
  5 -0.00000000000000000  0.00000000000000002 -0.00000000000000001 -0.00000000000000003 -0.00000000000000000  1.00000000000000000 -0.00000000000000001  0.00000000000000001 -0.00000000000000001 -0.00000000000000004  0.00000000000000002  0.00000000000000001 
  6 -0.00000000000000002 -0.00000000000000008  0.00000000000000001 -0.00000000000000002 -0.00000000000000001 -0.00000000000000001  0.99999999999999989  0.00000000000000003  0.00000000000000003  0.00000000000000003  0.00000000000000002  0.00000000000000001 
  7  0.00000000000000002 -0.00000000000000001 -0.00000000000000001  0.00000000000000002 -0.00000000000000004  0.00000000000000001  0.00000000000000003  1.00000000000000000  0.00000000000000001 -0.00000000000000000  0.00000000000000001  0.00000000000000001 
  8 -0.00000000000000002 -0.00000000000000003 -0.00000000000000001 -0.00000000000000005  0.00000000000000005 -0.00000000000000001  0.00000000000000003  0.00000000000000001  1.00000000000000000  0.00000000000000000 -0.00000000000000001 -0.00000000000000003 
  9  0.00000000000000002 -0.00000000000000002 -0.00000000000000000 -0.00000000000000003  0.00000000000000000 -0.00000000000000004  0.00000000000000003 -0.00000000000000000  0.00000000000000000  1.00000000000000000 -0.00000000000000000 -0.00000000000000000 
 10 -0.00000000000000002 -0.00000000000000001 -0.00000000000000002 -0.00000000000000002  0.00000000000000004  0.00000000000000002  0.00000000000000002  0.00000000000000001 -0.00000000000000001 -0.00000000000000000  1.00000000000000000 -0.00000000000000000 
 11 -0.00000000000000003 -0.00000000000000000 -0.00000000000000001  0.00000000000000000 -0.00000000000000000  0.00000000000000001  0.00000000000000001  0.00000000000000001 -0.00000000000000003 -0.00000000000000000 -0.00000000000000000  1.00000000000000000 

