
  0  0.29292063612655417 -0.49631005806132933  0.41418613847926877  0.49631005418992541  4.96310058061329329e-01
  1 -0.41418612743775141 -0.49631005794455041 -0.29292066032952013  0.49631004923667787  4.96310057944550409e-01
  2  0.21079673729752524  0.49631005825355767  0.49631003362324411  0.46142974779045465  4.96310058253557673e-01
  3 -0.49631002626678034  0.49631005837033659 -0.21079676518554480  0.46142974283720711  4.96310058370336593e-01

  0  0.70710676356430557  0.08212389882902893 -0.20338939014022614 -0.67222648426041609 
  1 -0.00000000011677892 -0.99262011631488700  0.00000000030900731 -0.12126543071716765 
  2  0.70710679880878891 -0.08212389514397529  0.20338937329372395  0.67222645273445947 
  3  0.00000000495324753  0.03488030639947077  0.95773979702713252 -0.28551330164443461 

  0  0.99999999999999989 -0.00000000000000000 -0.00000000000000009  0.00000000000000000 
  1 -0.00000000000000000  1.00000000000000000  0.00000000000000000 -0.00000000000000000 
  2 -0.00000000000000009  0.00000000000000000  1.00000000000000000  0.00000000000000000 
  3  0.00000000000000000 -0.00000000000000000  0.00000000000000000  0.99999999999999989 

