
  0  0.33694366937868947 -0.33694366942436010  0.33694366941102133 -0.18549094746305472  0.33694366854366509 -0.18549094628134102 -0.33694366913192458  0.33694366927050601  3.36943669424360104e-01
  1  0.18549094612717709  0.33694366942675852 -0.33694366940743709 -0.33694366942625487  0.33694366927672514 -0.33694366927241692 -0.18549094566826183  0.33694366942349474  3.36943669426758519e-01
  2  0.33694366934014730 -0.33694366942204473  0.33694366941086723  0.33694366936691544 -0.33694366935277453 -0.18549094613776548  0.18549094587800388  0.33694366921904395  3.36943669422044734e-01
  3  0.18549094608863492  0.33694366942907389 -0.33694366940759118  0.18549094740371530 -0.33694366861971448 -0.33694366912884144  0.33694366934166670  0.33694366937203268  3.36943669429073889e-01

  0  0.15145272325151238  0.00000000003854219  0.52243461546732439  0.09783930737829374 -0.14657650847101025 -0.58712344465508004 -0.46327837349300915 -0.33723308210704728 
  1 -0.67388733885111862 -0.00000000000231536  0.00000000000471380  0.31714322634167597  0.22329677931409941  0.32421152554562177 -0.51144916994070277 -0.16953232771376497 
  2  0.67388733881845841  0.00000000000015407  0.00000000000343013 -0.04523266787036684  0.20180426990928690  0.53488332188638799 -0.45352738859009933 -0.10638438207891585 
  3  0.15145272196320014 -0.52243461682997017 -0.00000000005933945  0.48588627925343225  0.45801433472052638 -0.08290316137434793  0.36359005235147007 -0.34524031722355825 
  4 -0.00000000073306006  0.67388733789643962 -0.00000000007604938  0.00240361241963925  0.04357360863520161  0.11917479418435550  0.31375732553318542 -0.65675347597562939 
  5  0.15145272299107593 -0.00000000014357555 -0.52243461541018243  0.54587637665977351 -0.61761595174327455 -0.03072890634858597 -0.11690916950477789 -0.10040738656678806 
  6 -0.15145272346366279 -0.52243461500992849  0.00000000020974207 -0.48278586632812936 -0.40180882782604033  0.23662648414828980  0.04112487680221986 -0.50190464259393885 
  7 -0.00000000015298872  0.00000000005146206  0.67388733864253869  0.34734303596566285 -0.36517574400979930  0.43134771934833599  0.26852450189564925  0.18360033514404245 

  0  1.00000000000000000  0.00000000000000009  0.00000000000000001  0.00000000000000001 -0.00000000000000003  0.00000000000000003 -0.00000000000000000 -0.00000000000000004 
  1  0.00000000000000009  1.00000000000000022  0.00000000000000003  0.00000000000000000 -0.00000000000000002 -0.00000000000000000  0.00000000000000000 -0.00000000000000002 
  2  0.00000000000000001  0.00000000000000003  1.00000000000000000  0.00000000000000000 -0.00000000000000002 -0.00000000000000001 -0.00000000000000000  0.00000000000000000 
  3  0.00000000000000001  0.00000000000000000  0.00000000000000000  0.99999999999999989 -0.00000000000000008 -0.00000000000000001  0.00000000000000005  0.00000000000000000 
  4 -0.00000000000000003 -0.00000000000000002 -0.00000000000000002 -0.00000000000000008  1.00000000000000022 -0.00000000000000000 -0.00000000000000004  0.00000000000000000 
  5  0.00000000000000003 -0.00000000000000000 -0.00000000000000001 -0.00000000000000001 -0.00000000000000000  1.00000000000000000  0.00000000000000003 -0.00000000000000000 
  6 -0.00000000000000000  0.00000000000000000 -0.00000000000000000  0.00000000000000005 -0.00000000000000004  0.00000000000000003  0.99999999999999989  0.00000000000000000 
  7 -0.00000000000000004 -0.00000000000000002  0.00000000000000000  0.00000000000000000  0.00000000000000000 -0.00000000000000000  0.00000000000000000  0.99999999999999989 

