
  0 -0.17677669529672815  0.17677669529698883  0.17677669529703124 -0.17677669529681941  0.17677669529697870 -0.17677669529584700 -0.17677669529623907  0.17677669529646264  1.76776695297031244e-01

  0 -0.35355339059345631 -0.34905448884539281  0.11438007383794321 -0.30826987597830235 -0.37354007325547506 -0.22926674315618797 -0.54467493276315693 -0.39532472457993395 
  1  0.35355339059397767 -0.04086349091040931  0.15887991490527512  0.22294592469513205 -0.53403048370510542  0.35000189261837661  0.31474333519118558 -0.54002704839814897 
  2  0.35355339059406249  0.75356489630540668 -0.13605068757617519 -0.34822535875983440 -0.23365245587302480 -0.10300847483367372 -0.31817542355861173 -0.03048673158180838 
  3 -0.35355339059363883  0.14580362916071324 -0.06604342277212581 -0.62846136327754443  0.26655904894426596  0.34008823032451402  0.39471367859485507 -0.33451945212493384 
  4  0.35355339059395741 -0.00016312347416636  0.42982641713078773 -0.01139512010615986  0.52869065913182955 -0.45483608226853534  0.02335583553534476 -0.45075958772313729 
  5 -0.35355339059169399  0.23311185316627706 -0.20840357286780076  0.17030587265497693 -0.27129443733519537 -0.65394332361132390  0.48379015170526640 -0.11369815899043174 
  6 -0.35355339059247815  0.33945650003843442  0.81768582704454906  0.07864116789760495 -0.13870628240636068  0.10462811261680814  0.02104283864976415  0.23312113537215581 
  7  0.35355339059292529 -0.34322078840457204  0.20496326078111801 -0.55110964453433697 -0.27798946360456966 -0.23065105933925298  0.33494798901709538  0.41085216738180458 

  0  1.00000000000000000  0.00000000000000003  0.00000000000000002 -0.00000000000000004  0.00000000000000005 -0.00000000000000003 -0.00000000000000001  0.00000000000000001 
  1  0.00000000000000003  1.00000000000000000 -0.00000000000000001  0.00000000000000001 -0.00000000000000002 -0.00000000000000001  0.00000000000000001 -0.00000000000000001 
  2  0.00000000000000002 -0.00000000000000001  1.00000000000000000 -0.00000000000000000  0.00000000000000003 -0.00000000000000002  0.00000000000000001  0.00000000000000002 
  3 -0.00000000000000004  0.00000000000000001 -0.00000000000000000  1.00000000000000000 -0.00000000000000003  0.00000000000000003  0.00000000000000001 -0.00000000000000003 
  4  0.00000000000000005 -0.00000000000000002  0.00000000000000003 -0.00000000000000003  1.00000000000000000  0.00000000000000001 -0.00000000000000002 -0.00000000000000000 
  5 -0.00000000000000003 -0.00000000000000001 -0.00000000000000002  0.00000000000000003  0.00000000000000001  0.99999999999999989  0.00000000000000001 -0.00000000000000001 
  6 -0.00000000000000001  0.00000000000000001  0.00000000000000001  0.00000000000000001 -0.00000000000000002  0.00000000000000001  1.00000000000000000 -0.00000000000000000 
  7  0.00000000000000001 -0.00000000000000001  0.00000000000000002 -0.00000000000000003 -0.00000000000000000 -0.00000000000000001 -0.00000000000000000  1.00000000000000000 

