
  0  0.46142973290910960  0.49631005503928277  0.21079672610316644  0.49631005542757090  4.96310055427570895e-01
  1  0.46142973280349364 -0.21079672608353645 -0.49631005514710935  0.49631005542627504  4.96310055426275043e-01
  2 -0.49631005532010453  0.29292065266125472  0.41418612858758475  0.49631005542733875  4.96310055427338748e-01
  3 -0.49631005542572049 -0.41418612846156450 -0.29292065266269107  0.49631005542604290  4.96310055426042895e-01

  0  0.00000000010561595  0.95773978822921413 -0.03488032251661086  0.28551332918761829 
  1  0.70710678112281922  0.20338940237802802  0.08212392657771828 -0.67222645869817677 
  2  0.70710678125027582 -0.20338940248441828 -0.08212392655952466  0.67222645853413987 
  3  0.00000000000129589  0.00000000000023214  0.99262011085361379  0.12126547542049820 

  0  1.00000000000000000  0.00000000000000002 -0.00000000000000001 -0.00000000000000000 
  1  0.00000000000000002  1.00000000000000000  0.00000000000000001 -0.00000000000000001 
  2 -0.00000000000000001  0.00000000000000001  1.00000000000000000  0.00000000000000000 
  3 -0.00000000000000000 -0.00000000000000001  0.00000000000000000  1.00000000000000000 

