
  0 -0.13867504905630890  0.13867504905630593 -0.13867504905630584  0.13867504905630870  0.13867504905630590  0.13867504905630484  0.13867504905630723 -0.13867504905630806  0.13867504905630940 -0.13867504905630820  0.13867504905630951 -0.13867504905630745 -0.13867504905630468  1.38675049056309507e-01

  0 -0.27735009811261779  0.29042647761100998  0.42037640616293864  0.30940744746927601 -0.11738008871687777 -0.36494308276250781  0.14028107276566210 -0.17405750993329297 -0.13861420158338769  0.11117759946845751  0.55885837431210295 -0.09281015494760876 -0.12974203190670111 
  1  0.27735009811261185  0.01520913122893248  0.28738887995819834 -0.04838764088306868 -0.04260195958995423 -0.13933736018362644 -0.28929774312902634  0.21714738799636618 -0.40040267601261964 -0.59991082899590653 -0.00432896170688197 -0.34091056734077524  0.22222019159968159 
  2 -0.27735009811261169 -0.01226378703901805  0.09428515272061855 -0.26654274751429341  0.68871312263389983 -0.26826023729152260  0.12856660170633311  0.43123521737510934 -0.21111215355699250  0.04081308980056565 -0.04054783756995176  0.18105364875295857 -0.11640743882052645 
  3  0.27735009811261740  0.06685599383859946 -0.28540650178477572 -0.08276440960030113  0.10774029620680967  0.18939406083923596  0.23135965438741160  0.16480112123824203  0.13331492898845024 -0.23570869793926927  0.38700945725629160 -0.32684878297756281 -0.61008007010930043 
  4  0.27735009811261180 -0.39827678158391860 -0.10244520093619988  0.16576757270045775  0.22105727928406532 -0.00779022097636621 -0.45147158023232975 -0.29847353653213649 -0.41842836845652576  0.20600839929810452  0.22471111276494851  0.22537957528946237 -0.25656534386220514 
  5  0.27735009811260969 -0.30487437644249604  0.40219850676392105 -0.38458574339510304  0.04435953270108373  0.27453010157368862  0.23788397558343966  0.04163900851307565  0.02036551004843059  0.38737758721872917  0.31614223505074407 -0.19447821419438360  0.31073739630261282 
  6  0.27735009811261446 -0.05659353031794995  0.11823299516260145 -0.21305758143312134 -0.06443270624046074 -0.19744759049868818  0.56782833516744780 -0.43357448670600018 -0.18589318369383659 -0.30556274732248573 -0.17389086100812301  0.36921191291138722 -0.11166112309251372 
  7 -0.27735009811261613 -0.02318847565342864 -0.49762968912529149 -0.17629032001875297 -0.13119822738319017 -0.05450936879836623  0.22679346026892230 -0.14970980590067293 -0.56378537713865284  0.17654360954415127 -0.03089487444497578 -0.42163977829895755  0.14844828738140567 
  8  0.27735009811261879  0.36538311049739181  0.05654277726322050  0.19682016031608379 -0.27114409127699951  0.26464235756510446  0.14263422004614359  0.45460981377870496 -0.43100240479826590  0.28947553098378442 -0.12598927194276924  0.28107572319560981 -0.11239008191882945 
  9 -0.27735009811261641 -0.46792970827271541 -0.01159638214427937 -0.27516643332431623 -0.57460110570217482 -0.16030434781316191 -0.07402852171566222  0.34492740977887498 -0.00404956322075567 -0.10184430577921851  0.18141506157551959  0.25235356787782076 -0.20240109947895873 
 10  0.27735009811261901  0.37141705197932390 -0.00658440992404758 -0.52012733555181700 -0.14310700368783541 -0.44832397357121745 -0.32193723363933319 -0.07949357280159500  0.11868655230317958  0.32504232714767078 -0.12606413330161034 -0.10135432419301121 -0.19289844415501770 
 11 -0.27735009811261491  0.38908087853702511  0.00287640428919754 -0.43000944136021485  0.02491878678928276  0.48769526967457461 -0.24293995707094018 -0.22324998880157931 -0.13129335744488152 -0.22293409335484410  0.28536861550166570  0.29644081003492323  0.05655653080842711 
 12 -0.27735009811260936 -0.11700478598297144  0.46161515459973085 -0.04773348309857270 -0.03858114022422655  0.29598914173911789 -0.06167302777056138 -0.16248958703177213 -0.11450498867651214  0.06296567071152005 -0.45660976226178562 -0.30332277072840858 -0.50709172321924334 

  0  1.00000000000000000  0.00000000000000002  0.00000000000000002  0.00000000000000001 -0.00000000000000002 -0.00000000000000000 -0.00000000000000001  0.00000000000000001 -0.00000000000000002  0.00000000000000001  0.00000000000000003  0.00000000000000002 -0.00000000000000000 
  1  0.00000000000000002  0.99999999999999989  0.00000000000000001 -0.00000000000000001  0.00000000000000005  0.00000000000000001  0.00000000000000003  0.00000000000000003  0.00000000000000002 -0.00000000000000000 -0.00000000000000000  0.00000000000000000  0.00000000000000000 
  2  0.00000000000000002  0.00000000000000001  1.00000000000000000  0.00000000000000001 -0.00000000000000001  0.00000000000000001 -0.00000000000000001 -0.00000000000000001  0.00000000000000002 -0.00000000000000002 -0.00000000000000002 -0.00000000000000002 -0.00000000000000001 
  3  0.00000000000000001 -0.00000000000000001  0.00000000000000001  1.00000000000000000 -0.00000000000000002  0.00000000000000002 -0.00000000000000001 -0.00000000000000002 -0.00000000000000002  0.00000000000000001 -0.00000000000000000  0.00000000000000000  0.00000000000000001 
  4 -0.00000000000000002  0.00000000000000005 -0.00000000000000001 -0.00000000000000002  0.99999999999999989 -0.00000000000000002  0.00000000000000000 -0.00000000000000001  0.00000000000000003 -0.00000000000000002  0.00000000000000001 -0.00000000000000000  0.00000000000000000 
  5 -0.00000000000000000  0.00000000000000001  0.00000000000000001  0.00000000000000002 -0.00000000000000002  1.00000000000000000 -0.00000000000000001  0.00000000000000000 -0.00000000000000003  0.00000000000000002  0.00000000000000001 -0.00000000000000000  0.00000000000000000 
  6 -0.00000000000000001  0.00000000000000003 -0.00000000000000001 -0.00000000000000001  0.00000000000000000 -0.00000000000000001  1.00000000000000000 -0.00000000000000001 -0.00000000000000000  0.00000000000000000 -0.00000000000000001  0.00000000000000001 -0.00000000000000001 
  7  0.00000000000000001  0.00000000000000003 -0.00000000000000001 -0.00000000000000002 -0.00000000000000001  0.00000000000000000 -0.00000000000000001  1.00000000000000000 -0.00000000000000002 -0.00000000000000001 -0.00000000000000001  0.00000000000000000  0.00000000000000000 
  8 -0.00000000000000002  0.00000000000000002  0.00000000000000002 -0.00000000000000002  0.00000000000000003 -0.00000000000000003 -0.00000000000000000 -0.00000000000000002  1.00000000000000000 -0.00000000000000002 -0.00000000000000001  0.00000000000000000 -0.00000000000000001 
  9  0.00000000000000001 -0.00000000000000000 -0.00000000000000002  0.00000000000000001 -0.00000000000000002  0.00000000000000002  0.00000000000000000 -0.00000000000000001 -0.00000000000000002  1.00000000000000000  0.00000000000000001  0.00000000000000001 -0.00000000000000000 
 10  0.00000000000000003 -0.00000000000000000 -0.00000000000000002 -0.00000000000000000  0.00000000000000001  0.00000000000000001 -0.00000000000000001 -0.00000000000000001 -0.00000000000000001  0.00000000000000001  0.99999999999999989 -0.00000000000000002  0.00000000000000000 
 11  0.00000000000000002  0.00000000000000000 -0.00000000000000002  0.00000000000000000 -0.00000000000000000 -0.00000000000000000  0.00000000000000001  0.00000000000000000  0.00000000000000000  0.00000000000000001 -0.00000000000000002  1.00000000000000000 -0.00000000000000000 
 12 -0.00000000000000000  0.00000000000000000 -0.00000000000000001  0.00000000000000001  0.00000000000000000  0.00000000000000000 -0.00000000000000001  0.00000000000000000 -0.00000000000000001 -0.00000000000000000  0.00000000000000000 -0.00000000000000000  1.00000000000000000 

