
  0 -0.12500000000000006 -0.12500000000000119  0.12500000000000105 -0.12499999999999745 -0.12500000000000033  0.12500000000000031  0.12500000000000058 -0.12499999999999827 -0.12499999999999944 -0.12500000000000080 -0.12500000000000006 -0.12499999999999910  0.12500000000000022 -0.12499999999999999  0.12500000000000039  0.12500000000000080  1.25000000000001193e-01

  0 -0.25000000000000011  0.48547037070851079 -0.04575509580682763  0.17405029952108717  0.13943360050607270 -0.31486679951503954  0.06928479859683809  0.34726605043329001  0.04660500707281899 -0.12190500561737606  0.12916576599082788  0.07631524455581241  0.55120540881172408  0.24323025850037919 -0.11557519658477822  0.09781566320321519 
  1 -0.25000000000000239 -0.31792001822947241 -0.14366098559043627  0.41569450371077205  0.38510484182878102 -0.06891530277203299  0.09779514922865859  0.15326880535816134  0.21111926215598331  0.16034986325097139 -0.23687707592339904  0.44308724358873869 -0.16629180376176575 -0.22011568129302786 -0.24050615265721609  0.01444382586836020 
  2  0.25000000000000211  0.02261899731111093  0.13304421559423421  0.05062688184910956 -0.18041486988749902 -0.30722689298203082 -0.32393658506927109  0.24542386210264913 -0.28366196164444879 -0.09153044718960705  0.12052664323593326  0.40429922714813626 -0.11109843734967201 -0.06662061172570737 -0.03899678877525975 -0.58265811410819324 
  3 -0.24999999999999489  0.32126375633174187  0.47430999279025193  0.07736979096442632 -0.07010705371259406  0.12861924493913052  0.38828427255840814 -0.22011852665348300  0.17382823793979296  0.17427306026327999  0.43681465942104142  0.18194800996202676 -0.24730339341234589 -0.07853365051699186 -0.03954434588951723 -0.17108201252647351 
  4 -0.25000000000000067 -0.35954670228929997  0.34348728140696155 -0.18326033973659758 -0.09248019402574933 -0.11402986001409507 -0.31579067817040635 -0.02479389764877778  0.43130965462344978 -0.42741033385187827  0.15742533606974574  0.17301474970820410  0.17134978758366590 -0.10863980948047640  0.20218321847428777  0.17116820900147181 
  5  0.25000000000000061 -0.40615648155502904  0.06737117383465002  0.12569540764554560  0.11310226454758128 -0.10219798174336521  0.38254683567404357  0.14431420474926948 -0.17005453276526594 -0.16653746256510915  0.31801852344787379  0.10645340919548966 -0.15272253748966444  0.56077082374057097  0.13825619238639109  0.18912756526446600 
  6  0.25000000000000117 -0.16952404818803071  0.52863019853484117 -0.23703224955220645  0.43607069188608039 -0.11419485733438518  0.00290629227703418  0.16240335993704649  0.07607541278877403  0.22673011524998932 -0.05605188658499197 -0.33207349861974916  0.16927768479689745 -0.03534530139030170 -0.35649566029853302 -0.12626953139257494 
  7 -0.24999999999999653  0.02571725403972729 -0.06310083479231759 -0.04474815433514531  0.13243750236241145 -0.69258793277266684  0.00373609655769202  0.01437378045241694 -0.07975490274920874  0.14655620944902384  0.08003609498472766 -0.34062317703252526 -0.35942293022141403 -0.17757714377165734  0.34372460789509934  0.06543413815472564 
  8 -0.24999999999999889 -0.19655505488157834  0.00368077151354514 -0.13845718252668165 -0.25879861774027929 -0.07285426306212596  0.27503892004440555  0.04377450576891843  0.24047755548773214  0.22510117448242581 -0.40056130475837282 -0.02893928760552476  0.17130979877192340  0.36242428930151954  0.24731462810962970 -0.48804232936464320 
  9 -0.25000000000000161 -0.03227554024667519  0.23531940314616206 -0.28162369419419608 -0.02649530660417962 -0.06263934407252919  0.36929644927604671 -0.05941897014452247 -0.57565920214878330 -0.29059927492167742 -0.35232155910194041  0.19372377043874267  0.08262128570323339 -0.22073889043114331 -0.07919722588103538  0.13386568523125067 
 10 -0.25000000000000011  0.04186566772962330  0.08974812992412928 -0.36704163957439701  0.03786076814251878  0.18280287074612475 -0.34406931662391343  0.26892149882650268 -0.19240961966305806  0.51020233234146672  0.03709956020654909  0.29641313070463127 -0.12538958512768808  0.26221040878337548  0.10137870531298726  0.29342918712652949 
 11 -0.24999999999999820 -0.42573517044537684 -0.20559078778297085  0.02511220788918849 -0.31834699965673480  0.03658376658988152  0.08316617587945370  0.12291752508759915 -0.22365651822007504  0.24703177013914149  0.46887103849848483 -0.18397778264189762  0.31357992842778448 -0.25716673243094812 -0.23658804703257352 -0.05888159353804662 
 12  0.25000000000000044 -0.04683890483716717 -0.10424279629521638 -0.09048566031518630  0.26469794919716050 -0.17715066175677416  0.03736997994662603 -0.53572969533836345 -0.06722797310573901  0.30133248326599738  0.11974051836873806  0.34460771387904782  0.44439939321216532 -0.10136162145360020  0.30032794406592767 -0.00516832000884648 
 13 -0.24999999999999997 -0.02549136934401977 -0.02867477640022650  0.07186856467492631  0.51390923516630860  0.42593680084387570 -0.07594181260521404  0.14002997390215147 -0.21937322191195016 -0.19967906620080503  0.14285847156166306 -0.16137171429894817  0.06657496884966686 -0.06842900110506614  0.42486543842399077 -0.36863441974867084 
 14  0.25000000000000078  0.10051017664211269 -0.30704433478904780 -0.51285401863725621  0.05097636724053495  0.05045442921907682  0.36242053815756781  0.42622744745903030  0.29217785379424160 -0.06161796758279457  0.13026200297322221  0.16532021083917633 -0.06085258209422156 -0.31834703468967462  0.11440735350878786 -0.01841103078961127 
 15  0.25000000000000161  0.01618345400017866  0.34200464152879873  0.41301399540337697 -0.24191462671729619  0.09836514550800989  0.08949299375596098  0.34358156647262350 -0.03482254648086058  0.21554400815608529 -0.16998481449146494 -0.03901687506283522  0.16922994454928528 -0.30243220692532063  0.45055658928355269  0.23289578444248926 

  0  0.99999999999999989 -0.00000000000000000  0.00000000000000003  0.00000000000000000 -0.00000000000000002  0.00000000000000001 -0.00000000000000000 -0.00000000000000001 -0.00000000000000001  0.00000000000000000 -0.00000000000000002  0.00000000000000001  0.00000000000000000 -0.00000000000000001  0.00000000000000001  0.00000000000000001 
  1 -0.00000000000000000  1.00000000000000000 -0.00000000000000002  0.00000000000000001  0.00000000000000003  0.00000000000000001  0.00000000000000000  0.00000000000000002  0.00000000000000002  0.00000000000000002  0.00000000000000002  0.00000000000000001 -0.00000000000000000  0.00000000000000002 -0.00000000000000001 -0.00000000000000002 
  2  0.00000000000000003 -0.00000000000000002  0.99999999999999989 -0.00000000000000003 -0.00000000000000001 -0.00000000000000001 -0.00000000000000003  0.00000000000000001  0.00000000000000000 -0.00000000000000002  0.00000000000000000 -0.00000000000000001  0.00000000000000001 -0.00000000000000001  0.00000000000000001 -0.00000000000000001 
  3  0.00000000000000000  0.00000000000000001 -0.00000000000000003  1.00000000000000000  0.00000000000000003  0.00000000000000004 -0.00000000000000000  0.00000000000000001 -0.00000000000000001 -0.00000000000000001  0.00000000000000001  0.00000000000000003 -0.00000000000000002  0.00000000000000002 -0.00000000000000001 -0.00000000000000001 
  4 -0.00000000000000002  0.00000000000000003 -0.00000000000000001  0.00000000000000003  1.00000000000000000 -0.00000000000000001 -0.00000000000000001  0.00000000000000000  0.00000000000000001  0.00000000000000001  0.00000000000000002  0.00000000000000003  0.00000000000000000  0.00000000000000001  0.00000000000000000 -0.00000000000000002 
  5  0.00000000000000001  0.00000000000000001 -0.00000000000000001  0.00000000000000004 -0.00000000000000001  0.99999999999999989 -0.00000000000000003 -0.00000000000000000  0.00000000000000001  0.00000000000000001  0.00000000000000000 -0.00000000000000001 -0.00000000000000002 -0.00000000000000001  0.00000000000000002  0.00000000000000002 
  6 -0.00000000000000000  0.00000000000000000 -0.00000000000000003 -0.00000000000000000 -0.00000000000000001 -0.00000000000000003  1.00000000000000000 -0.00000000000000002 -0.00000000000000001 -0.00000000000000000 -0.00000000000000001 -0.00000000000000000  0.00000000000000002 -0.00000000000000001 -0.00000000000000001  0.00000000000000001 
  7 -0.00000000000000001  0.00000000000000002  0.00000000000000001  0.00000000000000001  0.00000000000000000 -0.00000000000000000 -0.00000000000000002  1.00000000000000000 -0.00000000000000001  0.00000000000000000 -0.00000000000000001  0.00000000000000002 -0.00000000000000001  0.00000000000000002 -0.00000000000000000 -0.00000000000000001 
  8 -0.00000000000000001  0.00000000000000002  0.00000000000000000 -0.00000000000000001  0.00000000000000001  0.00000000000000001 -0.00000000000000001 -0.00000000000000001  1.00000000000000000  0.00000000000000001  0.00000000000000001 -0.00000000000000000 -0.00000000000000001 -0.00000000000000001 -0.00000000000000000 -0.00000000000000002 
  9  0.00000000000000000  0.00000000000000002 -0.00000000000000002 -0.00000000000000001  0.00000000000000001  0.00000000000000001 -0.00000000000000000  0.00000000000000000  0.00000000000000001  1.00000000000000000 -0.00000000000000001  0.00000000000000000  0.00000000000000001 -0.00000000000000000 -0.00000000000000000  0.00000000000000001 
 10 -0.00000000000000002  0.00000000000000002  0.00000000000000000  0.00000000000000001  0.00000000000000002  0.00000000000000000 -0.00000000000000001 -0.00000000000000001  0.00000000000000001 -0.00000000000000001  0.99999999999999989  0.00000000000000001 -0.00000000000000001  0.00000000000000001 -0.00000000000000002 -0.00000000000000001 
 11  0.00000000000000001  0.00000000000000001 -0.00000000000000001  0.00000000000000003  0.00000000000000003 -0.00000000000000001 -0.00000000000000000  0.00000000000000002 -0.00000000000000000  0.00000000000000000  0.00000000000000001  1.00000000000000000 -0.00000000000000003  0.00000000000000001 -0.00000000000000001 -0.00000000000000001 
 12  0.00000000000000000 -0.00000000000000000  0.00000000000000001 -0.00000000000000002  0.00000000000000000 -0.00000000000000002  0.00000000000000002 -0.00000000000000001 -0.00000000000000001  0.00000000000000001 -0.00000000000000001 -0.00000000000000003  1.00000000000000000  0.00000000000000000  0.00000000000000000 -0.00000000000000000 
 13 -0.00000000000000001  0.00000000000000002 -0.00000000000000001  0.00000000000000002  0.00000000000000001 -0.00000000000000001 -0.00000000000000001  0.00000000000000002 -0.00000000000000001 -0.00000000000000000  0.00000000000000001  0.00000000000000001  0.00000000000000000  1.00000000000000000  0.00000000000000001  0.00000000000000001 
 14  0.00000000000000001 -0.00000000000000001  0.00000000000000001 -0.00000000000000001  0.00000000000000000  0.00000000000000002 -0.00000000000000001 -0.00000000000000000 -0.00000000000000000 -0.00000000000000000 -0.00000000000000002 -0.00000000000000001  0.00000000000000000  0.00000000000000001  1.00000000000000000 -0.00000000000000001 
 15  0.00000000000000001 -0.00000000000000002 -0.00000000000000001 -0.00000000000000001 -0.00000000000000002  0.00000000000000002  0.00000000000000001 -0.00000000000000001 -0.00000000000000002  0.00000000000000001 -0.00000000000000001 -0.00000000000000001 -0.00000000000000000  0.00000000000000001 -0.00000000000000001  0.99999999999999989 

