
  0 -0.20412414523192030 -0.20412414523193573 -0.20412414523193226  0.20412414523193520  0.20412414523193304 -0.20412414523193237 -0.20412414523193573  0.20412414523192515  0.20412414523193162  0.20412414523193004 -0.20412414523193601  0.20412414523193065  2.04124145231936005e-01
  1  0.20412414523193129  0.20412414523193451 -0.20412414523193459  0.20412414523193592 -0.20412414523193176 -0.20412414523193070 -0.20412414523191846  0.20412414523193365 -0.20412414523193378  0.20412414523193398  0.20412414523192651 -0.20412414523193292  2.04124145231935922e-01

  0 -0.40824829046385158  0.00000000000001099  0.35034821799341476 -0.28021996672669641 -0.50330045474896856  0.33995683703428820  0.11181391060372677  0.31447626756700403  0.10152423626745817  0.25044453358460128 -0.26996381252918539 -0.07665808788529795 
  1 -0.40824829046387023 -0.00000000000000123 -0.15325114371403070  0.50264000629975059 -0.05245909677723996 -0.18619618612377592  0.05857621057530828 -0.28673056411251102  0.31411662687970399  0.55714797228304658  0.11592371485782858 -0.10776109214116895 
  2  0.00000000000000236 -0.40824829046386685  0.14582682815773942  0.26084521674688715  0.09343161383902825  0.53318336021118695  0.00375758790919537  0.05657882621130160 -0.43946262580748835  0.17412334201851160  0.47313438729131418  0.02226906273770324 
  3 -0.00000000000000073  0.40824829046387112 -0.37967923468901432  0.02924058481408891 -0.00985227397256987  0.24274000968049064 -0.03528765953561644  0.35333739935957253  0.10966882111781893 -0.11121716703310883  0.31146443458198741 -0.61790216167084144 
  4  0.40824829046386479  0.00000000000000129 -0.02732616062570919  0.11858159539729771 -0.43946561056260552  0.07441876781889305 -0.55806409982822291  0.13636152082559827  0.36042967930991998  0.11133008235687551  0.21285038026081859  0.31971489552381682 
  5 -0.00000000000000167 -0.40824829046386307  0.10742193342967633 -0.03907231102354192 -0.23790419511901365 -0.25492668996071521  0.47360020568882505  0.09798772859946211  0.37725292757706119 -0.35636143056505459  0.43898150129550217 -0.05257797950875330 
  6 -0.00000000000001726 -0.40824829046385419 -0.00768119128551138 -0.26253194422570214 -0.22953015777556054 -0.34511263066441189 -0.42770638074691292 -0.18249960681889221 -0.26027735897928234  0.08828365180682629  0.00587200768508968 -0.54840937980103688 
  7 -0.00000000000000847  0.40824829046385880 -0.00335039093378234  0.17280475358918737 -0.53154539735664263 -0.31423002183392051  0.19801404735642569 -0.01244733380328888 -0.56710012537533616 -0.03094052491098284  0.19462212424064756  0.14959101136905267 
  8  0.40824829046386540 -0.00000000000000218 -0.03642140056759249 -0.31979697254560169  0.18544728547004391 -0.24413296698447903  0.29277373417142211  0.33196456643170685 -0.03485262240147853  0.65281164695804317  0.11074606798793506  0.01362842448159555 
  9 -0.00000000000000392  0.40824829046386402  0.62859719592468610 -0.24280437690562987  0.16739493227368088  0.00463405173948665 -0.11307497496968905 -0.36882311756442887  0.13494424704779759  0.04820325520437570  0.41190133744928498 -0.11040714627026341 
 10 -0.40824829046386252 -0.00000000000000950 -0.48078719633306144 -0.55431169247780099  0.00557524673539536  0.06874440426411384 -0.09229945233740033 -0.15779589270189975 -0.02487819659281561  0.03574510503085183  0.34103607197201474  0.37220653409536375 
 11  0.40824829046386357 -0.00000000000000230 -0.21994256086038250 -0.13067627575643526 -0.29616597969825775  0.39221925434017496  0.34338103449842056 -0.59837627650473812  0.06518560964588922  0.07919588158358035 -0.13660047394808006 -0.14555596593653958 

  0  1.00000000000000000 -0.00000000000000002  0.00000000000000002  0.00000000000000002 -0.00000000000000001  0.00000000000000001  0.00000000000000002 -0.00000000000000001 -0.00000000000000001  0.00000000000000001  0.00000000000000002 -0.00000000000000001 
  1 -0.00000000000000002  0.99999999999999989  0.00000000000000001 -0.00000000000000001 -0.00000000000000001  0.00000000000000000  0.00000000000000001  0.00000000000000001  0.00000000000000002  0.00000000000000001  0.00000000000000001 -0.00000000000000000 
  2  0.00000000000000002  0.00000000000000001  1.00000000000000000  0.00000000000000002 -0.00000000000000000 -0.00000000000000003 -0.00000000000000001 -0.00000000000000000 -0.00000000000000000 -0.00000000000000001  0.00000000000000000  0.00000000000000001 
  3  0.00000000000000002 -0.00000000000000001  0.00000000000000002  1.00000000000000022 -0.00000000000000002  0.00000000000000003  0.00000000000000004 -0.00000000000000001  0.00000000000000000 -0.00000000000000001 -0.00000000000000002 -0.00000000000000001 
  4 -0.00000000000000001 -0.00000000000000001 -0.00000000000000000 -0.00000000000000002  1.00000000000000000 -0.00000000000000002  0.00000000000000001 -0.00000000000000001 -0.00000000000000001 -0.00000000000000000 -0.00000000000000001 -0.00000000000000000 
  5  0.00000000000000001  0.00000000000000000 -0.00000000000000003  0.00000000000000003 -0.00000000000000002  1.00000000000000000  0.00000000000000000 -0.00000000000000001  0.00000000000000000  0.00000000000000000  0.00000000000000000 -0.00000000000000000 
  6  0.00000000000000002  0.00000000000000001 -0.00000000000000001  0.00000000000000004  0.00000000000000001  0.00000000000000000  1.00000000000000000 -0.00000000000000001  0.00000000000000001 -0.00000000000000000  0.00000000000000000 -0.00000000000000000 
  7 -0.00000000000000001  0.00000000000000001 -0.00000000000000000 -0.00000000000000001 -0.00000000000000001 -0.00000000000000001 -0.00000000000000001  1.00000000000000000 -0.00000000000000000 -0.00000000000000000 -0.00000000000000000  0.00000000000000000 
  8 -0.00000000000000001  0.00000000000000002 -0.00000000000000000  0.00000000000000000 -0.00000000000000001  0.00000000000000000  0.00000000000000001 -0.00000000000000000  1.00000000000000000  0.00000000000000000  0.00000000000000000  0.00000000000000001 
  9  0.00000000000000001  0.00000000000000001 -0.00000000000000001 -0.00000000000000001 -0.00000000000000000  0.00000000000000000 -0.00000000000000000 -0.00000000000000000  0.00000000000000000  0.99999999999999989  0.00000000000000000  0.00000000000000000 
 10  0.00000000000000002  0.00000000000000001  0.00000000000000000 -0.00000000000000002 -0.00000000000000001  0.00000000000000000  0.00000000000000000 -0.00000000000000000  0.00000000000000000  0.00000000000000000  1.00000000000000000  0.00000000000000000 
 11 -0.00000000000000001 -0.00000000000000000  0.00000000000000001 -0.00000000000000001 -0.00000000000000000 -0.00000000000000000 -0.00000000000000000  0.00000000000000000  0.00000000000000001  0.00000000000000000  0.00000000000000000  1.00000000000000000 

