
  0  0.22360679774998071 -0.22360679774997683  0.22360679774996797  0.22360679774998057  0.22360679774998229  0.22360679774997383 -0.22360679774998299  0.22360679774998585 -0.22360679774998535 -0.22360679774997330  2.23606797749985847e-01
  1  0.22360679774998377  0.22360679774997877 -0.22360679774998513 -0.22360679774998402  0.22360679774997436 -0.22360679774997883 -0.22360679774997327 -0.22360679774997785 -0.22360679774998640 -0.22360679774996731  2.23606797749986402e-01

  0 -0.00000000000000307  0.44721359549996448  0.57440706755290927 -0.06989018235834712  0.06778564650186572  0.00576753841413112 -0.00609969986993867  0.12991484758734279  0.46844347315118723  0.47348639186786712 
  1 -0.44721359549995560  0.00000000000000196  0.03479520939423887  0.27470634978493869  0.20745837910031167 -0.03210157537141085  0.52633146537951203  0.21329639900888500 -0.46388430305701212  0.37622787335523306 
  2  0.44721359549995310 -0.00000000000001713 -0.15015213359016122 -0.52734738958484062 -0.25401161063683803  0.31132942437518080  0.37048926068019444  0.38244127882510448 -0.14638103951728199  0.18154923821757182 
  3  0.44721359549996459 -0.00000000000000344  0.03208590373380997 -0.09466381470067006  0.06773554998035519 -0.54753883000000558  0.18499369698983512 -0.55742114786291652 -0.21216124237288128  0.30930403344120311 
  4  0.00000000000000795  0.44721359549995665  0.21399001921280145  0.12079284838650174 -0.27842577076858560  0.52447221109142705  0.07562652483836391 -0.49003312209273142 -0.34089165810920941 -0.15800757844244911 
  5  0.44721359549995265 -0.00000000000000502  0.48759062254836344  0.19847775108423113  0.39188573630056073 -0.04895706254542782  0.01864575583635630  0.32208770259978647 -0.27830280144852176 -0.43052310178169029 
  6 -0.00000000000000971 -0.44721359549995626  0.34797478452024116  0.23547495911728314 -0.49426467785693134 -0.06584797947642725  0.48508593094889341 -0.07573223308649314  0.31789891726453962 -0.18090912541349255 
  7  0.44721359549996370  0.00000000000000801 -0.33472918329775347  0.69823980298620869  0.00184870345622303  0.25306489279883898 -0.04779724812687296  0.06618856544693452  0.17296078028168205  0.31589770347814178 
  8  0.00000000000000107 -0.44721359549997175  0.09447666258062622 -0.18869725132961865  0.57055366194173363  0.49641909309790361  0.12497288045169533 -0.34982268404889377  0.18427369767243776  0.10748573693078901 
  9 -0.00000000000000602 -0.44721359549994061  0.34594563966485703  0.00412495824052803 -0.28692910835154523  0.09966863588406578 -0.54053198643220124  0.06543664263000286 -0.37462079989499936  0.38890220190814279 

  0  1.00000000000000000  0.00000000000000003  0.00000000000000001 -0.00000000000000001  0.00000000000000004  0.00000000000000000 -0.00000000000000003 -0.00000000000000001 -0.00000000000000001  0.00000000000000001 
  1  0.00000000000000003  1.00000000000000000 -0.00000000000000001  0.00000000000000003 -0.00000000000000000  0.00000000000000002  0.00000000000000005  0.00000000000000001  0.00000000000000001 -0.00000000000000003 
  2  0.00000000000000001 -0.00000000000000001  1.00000000000000000 -0.00000000000000000 -0.00000000000000003 -0.00000000000000004 -0.00000000000000004 -0.00000000000000003  0.00000000000000002 -0.00000000000000002 
  3 -0.00000000000000001  0.00000000000000003 -0.00000000000000000  1.00000000000000000 -0.00000000000000004  0.00000000000000002 -0.00000000000000001 -0.00000000000000001 -0.00000000000000002  0.00000000000000001 
  4  0.00000000000000004 -0.00000000000000000 -0.00000000000000003 -0.00000000000000004  1.00000000000000000 -0.00000000000000000 -0.00000000000000002  0.00000000000000001  0.00000000000000002 -0.00000000000000001 
  5  0.00000000000000000  0.00000000000000002 -0.00000000000000004  0.00000000000000002 -0.00000000000000000  1.00000000000000000 -0.00000000000000000 -0.00000000000000001  0.00000000000000001 -0.00000000000000000 
  6 -0.00000000000000003  0.00000000000000005 -0.00000000000000004 -0.00000000000000001 -0.00000000000000002 -0.00000000000000000  0.99999999999999989 -0.00000000000000000  0.00000000000000001 -0.00000000000000000 
  7 -0.00000000000000001  0.00000000000000001 -0.00000000000000003 -0.00000000000000001  0.00000000000000001 -0.00000000000000001 -0.00000000000000000  0.99999999999999989 -0.00000000000000000  0.00000000000000000 
  8 -0.00000000000000001  0.00000000000000001  0.00000000000000002 -0.00000000000000002  0.00000000000000002  0.00000000000000001  0.00000000000000001 -0.00000000000000000  0.99999999999999989  0.00000000000000001 
  9  0.00000000000000001 -0.00000000000000003 -0.00000000000000002  0.00000000000000001 -0.00000000000000001 -0.00000000000000000 -0.00000000000000000  0.00000000000000000  0.00000000000000001  1.00000000000000000 

