
  0  0.15075567228888134  0.15075567228888309  0.15075567228888093 -0.15075567228888284  0.15075567228888270 -0.15075567228887873 -0.15075567228888259  0.15075567228888179 -0.15075567228888243  0.15075567228888262 -0.15075567228888087  1.50755672288883091e-01

  0  0.30151134457776269  0.08353037552909948  0.50937574199324342 -0.10625885441492178 -0.31406179729539863  0.21094865954514772  0.43524421765625387 -0.51020009802759858 -0.01370206921433295 -0.13912240738115961  0.13762407249812197 
  1  0.30151134457776618 -0.34519380838271047  0.17096506541703860  0.52377646142004686  0.05553301367723123  0.41899061329874698  0.04064197885562330  0.21258304108813672  0.36794347239218061  0.21432263924014733 -0.28207152745960618 
  2  0.30151134457776185  0.13478265371779477 -0.35857812344912149 -0.05371495345369614 -0.03935685838190479  0.38073418641579965 -0.22234078748687069 -0.30738767862999450 -0.48631513108963786  0.45750193271950285 -0.15238260916800242 
  3 -0.30151134457776568  0.21276347989520689  0.35751445490074091  0.29377139738363744  0.12518966481103011 -0.30274389014332431  0.01992065875015233 -0.17292951250279520  0.02265060391909556  0.69166605742204146  0.18210338368170009 
  4  0.30151134457776541  0.40520333696555927  0.23076137009140554 -0.36714071601776521  0.38576923163680460 -0.09433633847630514  0.27298261195561613  0.36073924577930294 -0.03724573649608229  0.12666695360876101 -0.42078109841629818 
  5 -0.30151134457775747 -0.35128909133832897  0.17558537815488501  0.01447754981492272  0.03284935551425577 -0.21370412066432184 -0.02345202507101574 -0.35043326232165367 -0.23013603384642889 -0.10938376950841275 -0.72084509823733334 
  6 -0.30151134457776518 -0.05523258535623708  0.22903012838909745  0.02023678522188848 -0.47312078675075964  0.21743544994195294  0.16148449499051457  0.54547572829871271 -0.50074382802856066  0.08768494538020787 -0.00066815584573015 
  7  0.30151134457776357 -0.70308266583593348  0.11066509807977580 -0.31915562272063058  0.20114582400352615 -0.23968827917834742  0.04816578696767422  0.08418554755673291 -0.21324934128339534  0.23031674799761329  0.30792896833128736 
  8 -0.30151134457776485 -0.14390002445347924 -0.28965770322144946 -0.48136692266496561 -0.25910045965781303  0.15349111362631582  0.31404255818171306 -0.05170426652484098  0.46841895250735993  0.37889685785507410 -0.13341746189261974 
  9  0.30151134457776524  0.02165323736966737 -0.41476554875303606  0.35108644474678385 -0.31507312033661072 -0.51714217948911523  0.47387259393268372  0.03918394593304406 -0.08230644577537252  0.04776658999358049 -0.10712690737818212 
 10 -0.30151134457776174 -0.06544864938369409 -0.22404865484396730  0.18147394980434003  0.54813851938694358  0.30502810935529906  0.57657071502962154 -0.09130468324980091 -0.22506494601810653 -0.11141163497047454  0.15601823070128409 

  0  1.00000000000000000  0.00000000000000001  0.00000000000000003 -0.00000000000000002  0.00000000000000000 -0.00000000000000000  0.00000000000000000  0.00000000000000000  0.00000000000000001  0.00000000000000002 -0.00000000000000001 
  1  0.00000000000000001  1.00000000000000022 -0.00000000000000001 -0.00000000000000001  0.00000000000000005 -0.00000000000000001 -0.00000000000000000  0.00000000000000001  0.00000000000000003 -0.00000000000000001 -0.00000000000000001 
  2  0.00000000000000003 -0.00000000000000001  1.00000000000000000  0.00000000000000003 -0.00000000000000002  0.00000000000000000 -0.00000000000000002 -0.00000000000000000  0.00000000000000002 -0.00000000000000001 -0.00000000000000001 
  3 -0.00000000000000002 -0.00000000000000001  0.00000000000000003  0.99999999999999989 -0.00000000000000003 -0.00000000000000001  0.00000000000000000 -0.00000000000000003 -0.00000000000000001 -0.00000000000000002  0.00000000000000002 
  4  0.00000000000000000  0.00000000000000005 -0.00000000000000002 -0.00000000000000003  1.00000000000000000 -0.00000000000000001  0.00000000000000004 -0.00000000000000002  0.00000000000000002  0.00000000000000002  0.00000000000000001 
  5 -0.00000000000000000 -0.00000000000000001  0.00000000000000000 -0.00000000000000001 -0.00000000000000001  1.00000000000000000 -0.00000000000000002  0.00000000000000001 -0.00000000000000001  0.00000000000000000 -0.00000000000000000 
  6  0.00000000000000000 -0.00000000000000000 -0.00000000000000002  0.00000000000000000  0.00000000000000004 -0.00000000000000002  1.00000000000000000  0.00000000000000001  0.00000000000000000 -0.00000000000000003 -0.00000000000000000 
  7  0.00000000000000000  0.00000000000000001 -0.00000000000000000 -0.00000000000000003 -0.00000000000000002  0.00000000000000001  0.00000000000000001  1.00000000000000000 -0.00000000000000001  0.00000000000000000 -0.00000000000000001 
  8  0.00000000000000001  0.00000000000000003  0.00000000000000002 -0.00000000000000001  0.00000000000000002 -0.00000000000000001  0.00000000000000000 -0.00000000000000001  1.00000000000000000  0.00000000000000003 -0.00000000000000000 
  9  0.00000000000000002 -0.00000000000000001 -0.00000000000000001 -0.00000000000000002  0.00000000000000002  0.00000000000000000 -0.00000000000000003  0.00000000000000000  0.00000000000000003  1.00000000000000000  0.00000000000000003 
 10 -0.00000000000000001 -0.00000000000000001 -0.00000000000000001  0.00000000000000002  0.00000000000000001 -0.00000000000000000 -0.00000000000000000 -0.00000000000000001 -0.00000000000000000  0.00000000000000003  0.99999999999999989 

