
  0  0.24618298195871346 -0.24618298195871785  0.24618298195870808  0.24618298195822119 -0.24618298195871796 -0.24618298195871716  0.24618298195848601 -0.24618298195859512 -0.12309149098022650  2.46182981958717961e-01
  1 -0.24618298195870930  0.24618298195871752  0.24618298195868688  0.12309149097944083  0.24618298195871241  0.24618298195868013  0.24618298195859015 -0.24618298195851002 -0.24618298195866328  2.46182981958717517e-01

  0  0.49236596391742277  0.00000000000000417 -0.29051911187144114  0.09035027130129671  0.06525885930219866  0.22260185846708569  0.37924771448802674  0.66097136270415779 -0.17461086540954604 
  1 -0.49236596391743537 -0.00000000000000034 -0.18104202461719282 -0.59281228556853227 -0.24131977302663574  0.31801727131132285  0.45950623681798253  0.03250894587994607  0.04242765648017541 
  2  0.00000000000002120  0.49236596391739496  0.15320764240821752  0.32958002038669848 -0.04464983999120969  0.33039098337081185  0.16890703354342668  0.00263894970875236  0.69698767988059551 
  3  0.12309149097878035  0.36927447293766202 -0.33119196563939068  0.11240897206113001 -0.30421633681811566 -0.59990114936815220  0.42954225936003382 -0.28797679925149344 -0.07933974601540411 
  4 -0.49236596391743037 -0.00000000000000557 -0.01045804730373155  0.07616650488221008  0.49796746582297452 -0.49305821652932397  0.11861838926299220  0.45380387262850375  0.20144173194021603 
  5 -0.49236596391739729 -0.00000000000003704 -0.26664764539427749  0.65745654558254230 -0.12632932103807584  0.28749903500425933 -0.01186527384430349 -0.02184660839427890 -0.39369128762012945 
  6 -0.00000000000010415  0.49236596391707615  0.44504837005810699 -0.09289616359056674  0.44323681562736073  0.13623900296108724  0.25109035370265920 -0.15700125870832118 -0.49815891747608776 
  7 -0.00000000000008508 -0.49236596391710513  0.60435388034190385  0.25391583410219526 -0.25291606696265001 -0.10279043167655116  0.50327586303572802  0.00318794989820454  0.00545224475169366 
  8  0.12309149097843677 -0.36927447293888976 -0.33932245613892958  0.08943300231960465  0.56445438664540459  0.15932607464315759  0.31850429163951788 -0.49804381111361312  0.17849561085515825 

  0  1.00000000000000000  0.00000000000000000 -0.00000000000000001 -0.00000000000000003  0.00000000000000002 -0.00000000000000001 -0.00000000000000000 -0.00000000000000000 -0.00000000000000003 
  1  0.00000000000000000  1.00000000000000000  0.00000000000000001 -0.00000000000000002 -0.00000000000000001 -0.00000000000000002  0.00000000000000001 -0.00000000000000001  0.00000000000000001 
  2 -0.00000000000000001  0.00000000000000001  1.00000000000000000  0.00000000000000001  0.00000000000000002 -0.00000000000000000 -0.00000000000000005  0.00000000000000001  0.00000000000000001 
  3 -0.00000000000000003 -0.00000000000000002  0.00000000000000001  1.00000000000000000 -0.00000000000000001 -0.00000000000000001  0.00000000000000001  0.00000000000000003 -0.00000000000000003 
  4  0.00000000000000002 -0.00000000000000001  0.00000000000000002 -0.00000000000000001  1.00000000000000000 -0.00000000000000000 -0.00000000000000000 -0.00000000000000000  0.00000000000000001 
  5 -0.00000000000000001 -0.00000000000000002 -0.00000000000000000 -0.00000000000000001 -0.00000000000000000  1.00000000000000000  0.00000000000000001  0.00000000000000000 -0.00000000000000000 
  6 -0.00000000000000000  0.00000000000000001 -0.00000000000000005  0.00000000000000001 -0.00000000000000000  0.00000000000000001  1.00000000000000000  0.00000000000000002 -0.00000000000000001 
  7 -0.00000000000000000 -0.00000000000000001  0.00000000000000001  0.00000000000000003 -0.00000000000000000  0.00000000000000000  0.00000000000000002  1.00000000000000000 -0.00000000000000000 
  8 -0.00000000000000003  0.00000000000000001  0.00000000000000001 -0.00000000000000003  0.00000000000000001 -0.00000000000000000 -0.00000000000000001 -0.00000000000000000  1.00000000000000000 

