
  0  0.28708286933678234 -0.28708286933961163 -0.21291713065317613  0.28708286933903199 -0.28708286933968563  0.28708286933968008  0.28708286933969024  0.28708286933953509  0.21291713066609319  0.28708286933803401  2.87082869339690239e-01
  1 -0.21291713065271212  0.21291713069837861  0.28708286931782567  0.28708286933937149 -0.28708286933968807  0.28708286933968896  0.28708286933969002  0.28708286933929456 -0.28708286933542027  0.28708286933747151  2.87082869339690017e-01
  2  0.28708286932946436 -0.21291713069943771 -0.21291713063740475  0.28708286933855848  0.28708286933968341 -0.28708286933968896 -0.28708286933968991  0.28708286933947363  0.28708286933475446  0.28708286933770466  2.87082869339689906e-01
  3 -0.21291713066003010  0.28708286933855259  0.28708286933359706  0.28708286933889798  0.28708286933968097 -0.28708286933968008 -0.28708286933969013  0.28708286933923310 -0.21291713066675899  0.28708286933714217  2.87082869339690128e-01

  0  0.49999999998949446  0.00000000000731797  0.07416573867675226  0.17478216169622152 -0.06627518234622427 -0.34106997533856487  0.36941581069921720 -0.28702731521736174  0.59943465270446172  0.12269836005013776 
  1 -0.50000000003799028 -0.07416573864017398 -0.00000000000105910  0.58779077364562637 -0.12177686837481559 -0.22645162422728574  0.28225551922384934 -0.42500260705781900 -0.25862045877363293 -0.07557492950799223 
  2 -0.49999999997100181 -0.00000000001577137  0.07416573868042092 -0.34411812255718927  0.40205010729576934 -0.45622355058847608 -0.06054145240051131 -0.01924734720032667  0.22976245934434686  0.44662224364403263 
  3 -0.00000000000033950  0.00000000000047355  0.57416573867792997  0.40457077727295032 -0.22667604007241196 -0.27982038166313189 -0.31847000913902923  0.51507695861740821  0.05181998517897939  0.08695968424882300 
  4  0.00000000000000248 -0.57416573867936904 -0.00000000000000470 -0.22549028073391406 -0.03795110137015140 -0.23065388489375749  0.55961232902996449  0.43083122322554757 -0.16854499503704959 -0.19405519845941482 
  5 -0.00000000000000883  0.57416573867936904 -0.00000000000000002  0.02796395988753245  0.39992572912071844 -0.29211930343324211  0.14880969226036569  0.19017548842973031 -0.00697496492890972 -0.60491136059529538 
  6  0.00000000000000019  0.57416573867938014  0.00000000000000011 -0.16862986388917428 -0.40884279530455381 -0.01191122359666966  0.42818312372279466  0.16544893904246952 -0.27613375547326635  0.43317360864716903 
  7  0.00000000000024055  0.00000000000006143  0.57416573867876819 -0.49451530658526360 -0.29714281365365730 -0.13822447625939602 -0.08376902706882568 -0.44316141933029179 -0.13527980141920454 -0.31093172946200742 
  8  0.50000000000151346 -0.07416573866866125 -0.00000000000066578  0.06889048946068629  0.34654842123162227 -0.34160519947478946 -0.14770174384329701 -0.15722263907691389 -0.62829265215209917  0.24834895405611374 
  9  0.00000000000056249  0.00000000000032937  0.57416573867517617  0.11181787663770683  0.48044636794320672  0.52103230442444559  0.36234133177013350 -0.03235364096088648 -0.02364865816443391  0.15043215895146350 

  0  0.99999999999999989  0.00000000000000001 -0.00000000000000003  0.00000000000000003  0.00000000000000005  0.00000000000000000  0.00000000000000003 -0.00000000000000001  0.00000000000000002 -0.00000000000000000 
  1  0.00000000000000001  0.99999999999999989  0.00000000000000002  0.00000000000000000 -0.00000000000000003  0.00000000000000001 -0.00000000000000001  0.00000000000000001 -0.00000000000000002 -0.00000000000000000 
  2 -0.00000000000000003  0.00000000000000002  1.00000000000000000 -0.00000000000000001  0.00000000000000001  0.00000000000000002 -0.00000000000000003  0.00000000000000004 -0.00000000000000000  0.00000000000000002 
  3  0.00000000000000003  0.00000000000000000 -0.00000000000000001  0.99999999999999989 -0.00000000000000002 -0.00000000000000001 -0.00000000000000001  0.00000000000000002  0.00000000000000002  0.00000000000000002 
  4  0.00000000000000005 -0.00000000000000003  0.00000000000000001 -0.00000000000000002  0.99999999999999989  0.00000000000000002  0.00000000000000001 -0.00000000000000000 -0.00000000000000001  0.00000000000000000 
  5  0.00000000000000000  0.00000000000000001  0.00000000000000002 -0.00000000000000001  0.00000000000000002  1.00000000000000000 -0.00000000000000002  0.00000000000000000 -0.00000000000000000 -0.00000000000000000 
  6  0.00000000000000003 -0.00000000000000001 -0.00000000000000003 -0.00000000000000001  0.00000000000000001 -0.00000000000000002  1.00000000000000022  0.00000000000000001 -0.00000000000000002 -0.00000000000000000 
  7 -0.00000000000000001  0.00000000000000001  0.00000000000000004  0.00000000000000002 -0.00000000000000000  0.00000000000000000  0.00000000000000001  1.00000000000000000  0.00000000000000002 -0.00000000000000001 
  8  0.00000000000000002 -0.00000000000000002 -0.00000000000000000  0.00000000000000002 -0.00000000000000001 -0.00000000000000000 -0.00000000000000002  0.00000000000000002  1.00000000000000000 -0.00000000000000003 
  9 -0.00000000000000000 -0.00000000000000000  0.00000000000000002  0.00000000000000002  0.00000000000000000 -0.00000000000000000 -0.00000000000000000 -0.00000000000000001 -0.00000000000000003  1.00000000000000000 

