
  0  0.12126781251815903  0.12126781251816621  0.12126781251816808 -0.12126781251816796  0.12126781251816678 -0.12126781251816782  0.12126781251816512  0.12126781251816734  0.12126781251816644 -0.12126781251816786  0.12126781251816476  0.12126781251816739 -0.12126781251816769  0.12126781251816700 -0.12126781251816779 -0.12126781251816614  0.12126781251816686  1.21267812518168080e-01

  0  0.24253562503631806 -0.46830627127884145 -0.00002064349925556 -0.31411192500408719 -0.05209455313232240 -0.01941335672931364 -0.02351969990808079  0.11540300015361944 -0.02586148590823912 -0.38962881023841867 -0.24323889971230300 -0.20398739754803485  0.20322525483577100  0.08802531302892434  0.28117674708889034 -0.13055827659723498 -0.45588092947408015 
  1  0.24253562503633241 -0.13572509413769610 -0.06476038660310256 -0.10922751861496424  0.49340078459088305 -0.24065191643706429 -0.09464073158314394 -0.35636272880592074  0.36924127801589079  0.21281151873745946  0.03931262818443957 -0.10419892719866054 -0.19051528328146078  0.23885495049376165 -0.33195034821047792  0.11567796861013820 -0.24160033016775309 
  2  0.24253562503633616 -0.17293145980076155 -0.27443041677259361 -0.17813037172205581 -0.20762222876315925  0.35220145202694791 -0.35778097730800013  0.23202340765096016 -0.02351855264706877 -0.07649696594598016  0.47603363120679232 -0.05975486461932625 -0.23384297301547111  0.10254354353349594 -0.09438023467815018  0.36460738212148591  0.10773253716511330 
  3 -0.24253562503633591 -0.15661331027810066 -0.53196469606537566 -0.18654380961342001  0.19662168058030671  0.12913929691383871  0.34332086331559863  0.15643413989822497 -0.09005677512396434  0.50019607878913275  0.09749389854932411  0.14311654143491370  0.06369055604058468  0.05670465838146727  0.27948781860773853 -0.03979428749218688 -0.16100663441434088 
  4  0.24253562503633355  0.52060987349920451 -0.17463462048674627 -0.23597069520034999  0.37856366547384468  0.08059322276372961  0.18256418349647036 -0.11331484643436675 -0.00003535278481243 -0.45490984826336450  0.20402588590726548  0.21806915380653219  0.22301974341671912 -0.06769984513340963  0.16390732798849608  0.10257188260875444  0.01246559797759766 
  5 -0.24253562503633563  0.14101641614648755 -0.13264922806040594  0.12736291002241823 -0.18305243097586063  0.15456587812904385  0.28076019346564601  0.18135182522635881  0.26409216584540546 -0.31497707096818384 -0.03825034300770716  0.09753397701998169 -0.13453145697084326  0.62281612278517973 -0.28173630203672867 -0.17668099886216132 -0.14777953452688336 
  6  0.24253562503633025  0.21006009648588908  0.26315392393350123  0.32383039107668032 -0.16811381385985513  0.29298524639339413 -0.05025384952467399 -0.09794990189562133  0.08716743362322787  0.28147311657224877 -0.07130249733261912  0.20403377141656120  0.09521330617970518  0.19230398073837607  0.32146163424579061  0.34145919059290081 -0.44406690514208436 
  7  0.24253562503633469 -0.12134797017664860  0.11884124751996593  0.37172276868546861  0.31742933384379168 -0.00549192155640886  0.07748890719549412  0.24621528141655663  0.21665947569663960 -0.03200783263412409  0.17095638977486222 -0.17743509894696685 -0.23087271772293055  0.16934019528989006  0.49347428555602285 -0.25279444341117385  0.32963115320951458 
  8  0.24253562503633289 -0.20612485574090655 -0.43535016385370606  0.41046279955864157 -0.23476187864793635  0.04825688693573826  0.39194046397763471 -0.41814539759609892 -0.00414026083594953 -0.18182251945626487 -0.10837068464035896 -0.09279780591458835 -0.14080591846719687 -0.24802669200951855 -0.02671196607961759  0.13063822442613601  0.04710776960753306 
  9 -0.24253562503633572 -0.22765454192301918 -0.28817667455767720  0.44872388116513934  0.18308404954438393 -0.12861953495002279 -0.46284479037121673 -0.01435704995672985  0.06398055654886142 -0.17928910740308049  0.04726566870277234  0.26188093603068080  0.47225127515187471  0.07555525040511590  0.00860156202413264  0.06496006115334382  0.01947719468729964 
 10  0.24253562503632953 -0.16049551406270554  0.00910504732611183 -0.20693722061636954  0.00835491791647540  0.21511940387771991 -0.02701591309962903 -0.24365604485986830 -0.18808862689236880  0.10805425574276029 -0.40314497358087592  0.26411842795739976  0.14236925315770313  0.42897817827293816  0.00027437539830873 -0.01228406708275201  0.53130756848523553 
 11  0.24253562503633477 -0.33640478265231877  0.30722531211914300  0.03172565974240940 -0.09912318536261980 -0.28578299978950028  0.39292169414247385  0.14097782061827716 -0.07978823159474842  0.02524351319300426  0.42169120843627050  0.43913223327197720  0.20192368036932426  0.01183336047048318 -0.21734558182975028  0.03215522886669005  0.00214434054611324 
 12 -0.24253562503633538 -0.03383343280507300  0.03763633825295431 -0.26623354729880588 -0.38977840826730553 -0.17024450148066225 -0.04842809349165715 -0.48345263464833083  0.39517268568267616 -0.00424559938254520  0.33121177156480758  0.01821033101767727  0.06215847911621959  0.10540564074665965  0.38227990348931251 -0.08675953288712655  0.12610054931096024 
 13  0.24253562503633400  0.03439164004982471 -0.04352212833019126  0.06028957980328450 -0.04555438667863516  0.40753214032394136 -0.16972960706039239 -0.17027806354658198  0.02724695363329446  0.14140211736489466  0.20802232288733466  0.06970739383874837  0.14106698729393150 -0.16424818278728773 -0.20385198347749178 -0.72814394798709814 -0.14494242702218804 
 14 -0.24253562503633558 -0.10720787146889871  0.14768794682713229  0.08796812380295312  0.18419152162807678  0.03515158625100225 -0.06472500255693783 -0.35840134025101605 -0.63044797244858031 -0.18046887424268890  0.23264419038831263  0.08542654098146422 -0.37574984091913860  0.20430661491165950  0.12016905066000910 -0.07838629518633979 -0.19328994675652705 
 15 -0.24253562503633228 -0.15943878190257965  0.26795160095045900  0.04312699419145571  0.19743072673822371  0.43507753778446401  0.25551346369642064 -0.14120657186115487  0.01619817965770230 -0.01340353181248187  0.19079609474662690 -0.49357953790302106  0.41999124675056704  0.04747485645737730 -0.14180325748870445  0.20033138780563930  0.09615966778320549 
 16  0.24253562503633372  0.29254281558374701 -0.20512188400604525  0.10075108456106585 -0.20198151613264462 -0.39027789516151989 -0.01837783627029986  0.00545584170638897 -0.35994379014376737  0.17369334990791818  0.16717626981330119 -0.44429809748194427  0.29702892640318562  0.36035834178982851 -0.01905548074623520 -0.07965880761668610 -0.00423707910132103 

  0  1.00000000000000000 -0.00000000000000003  0.00000000000000000  0.00000000000000004  0.00000000000000002 -0.00000000000000001 -0.00000000000000001 -0.00000000000000001 -0.00000000000000001  0.00000000000000002  0.00000000000000003  0.00000000000000002  0.00000000000000001 -0.00000000000000000 -0.00000000000000000 -0.00000000000000001 -0.00000000000000001 
  1 -0.00000000000000003  0.99999999999999989 -0.00000000000000000 -0.00000000000000001  0.00000000000000003  0.00000000000000001 -0.00000000000000004  0.00000000000000003 -0.00000000000000002 -0.00000000000000001 -0.00000000000000000  0.00000000000000000 -0.00000000000000001 -0.00000000000000000 -0.00000000000000002  0.00000000000000002 -0.00000000000000002 
  2  0.00000000000000000 -0.00000000000000000  0.99999999999999989  0.00000000000000002 -0.00000000000000001  0.00000000000000000 -0.00000000000000002  0.00000000000000001  0.00000000000000001  0.00000000000000003 -0.00000000000000003 -0.00000000000000001  0.00000000000000002 -0.00000000000000003 -0.00000000000000000 -0.00000000000000002  0.00000000000000001 
  3  0.00000000000000004 -0.00000000000000001  0.00000000000000002  1.00000000000000000  0.00000000000000002 -0.00000000000000004  0.00000000000000003  0.00000000000000001 -0.00000000000000003 -0.00000000000000000  0.00000000000000001 -0.00000000000000001  0.00000000000000001  0.00000000000000000 -0.00000000000000001  0.00000000000000001 -0.00000000000000000 
  4  0.00000000000000002  0.00000000000000003 -0.00000000000000001  0.00000000000000002  1.00000000000000000 -0.00000000000000003  0.00000000000000003 -0.00000000000000004 -0.00000000000000000 -0.00000000000000001  0.00000000000000001  0.00000000000000002  0.00000000000000002  0.00000000000000002 -0.00000000000000002 -0.00000000000000001  0.00000000000000001 
  5 -0.00000000000000001  0.00000000000000001  0.00000000000000000 -0.00000000000000004 -0.00000000000000003  1.00000000000000000  0.00000000000000000 -0.00000000000000004  0.00000000000000003  0.00000000000000001  0.00000000000000001  0.00000000000000001 -0.00000000000000002 -0.00000000000000000  0.00000000000000000  0.00000000000000001 -0.00000000000000002 
  6 -0.00000000000000001 -0.00000000000000004 -0.00000000000000002  0.00000000000000003  0.00000000000000003  0.00000000000000000  1.00000000000000000 -0.00000000000000003 -0.00000000000000002 -0.00000000000000001  0.00000000000000002 -0.00000000000000002  0.00000000000000001  0.00000000000000003  0.00000000000000001  0.00000000000000002 -0.00000000000000001 
  7 -0.00000000000000001  0.00000000000000003  0.00000000000000001  0.00000000000000001 -0.00000000000000004 -0.00000000000000004 -0.00000000000000003  1.00000000000000000 -0.00000000000000000 -0.00000000000000000  0.00000000000000003 -0.00000000000000001  0.00000000000000001 -0.00000000000000002 -0.00000000000000002  0.00000000000000001  0.00000000000000000 
  8 -0.00000000000000001 -0.00000000000000002  0.00000000000000001 -0.00000000000000003 -0.00000000000000000  0.00000000000000003 -0.00000000000000002 -0.00000000000000000  1.00000000000000000  0.00000000000000002  0.00000000000000001  0.00000000000000001 -0.00000000000000000 -0.00000000000000001  0.00000000000000000  0.00000000000000001 -0.00000000000000001 
  9  0.00000000000000002 -0.00000000000000001  0.00000000000000003 -0.00000000000000000 -0.00000000000000001  0.00000000000000001 -0.00000000000000001 -0.00000000000000000  0.00000000000000002  1.00000000000000000 -0.00000000000000001 -0.00000000000000001 -0.00000000000000000 -0.00000000000000000 -0.00000000000000001  0.00000000000000002  0.00000000000000001 
 10  0.00000000000000003 -0.00000000000000000 -0.00000000000000003  0.00000000000000001  0.00000000000000001  0.00000000000000001  0.00000000000000002  0.00000000000000003  0.00000000000000001 -0.00000000000000001  1.00000000000000000 -0.00000000000000000 -0.00000000000000000 -0.00000000000000000 -0.00000000000000000 -0.00000000000000001 -0.00000000000000000 
 11  0.00000000000000002  0.00000000000000000 -0.00000000000000001 -0.00000000000000001  0.00000000000000002  0.00000000000000001 -0.00000000000000002 -0.00000000000000001  0.00000000000000001 -0.00000000000000001 -0.00000000000000000  1.00000000000000000 -0.00000000000000001 -0.00000000000000002 -0.00000000000000002 -0.00000000000000003  0.00000000000000002 
 12  0.00000000000000001 -0.00000000000000001  0.00000000000000002  0.00000000000000001  0.00000000000000002 -0.00000000000000002  0.00000000000000001  0.00000000000000001 -0.00000000000000000 -0.00000000000000000 -0.00000000000000000 -0.00000000000000001  0.99999999999999989 -0.00000000000000000 -0.00000000000000001  0.00000000000000000 -0.00000000000000000 
 13 -0.00000000000000000 -0.00000000000000000 -0.00000000000000003  0.00000000000000000  0.00000000000000002 -0.00000000000000000  0.00000000000000003 -0.00000000000000002 -0.00000000000000001 -0.00000000000000000 -0.00000000000000000 -0.00000000000000002 -0.00000000000000000  0.99999999999999989  0.00000000000000000  0.00000000000000000 -0.00000000000000000 
 14 -0.00000000000000000 -0.00000000000000002 -0.00000000000000000 -0.00000000000000001 -0.00000000000000002  0.00000000000000000  0.00000000000000001 -0.00000000000000002  0.00000000000000000 -0.00000000000000001 -0.00000000000000000 -0.00000000000000002 -0.00000000000000001  0.00000000000000000  1.00000000000000000  0.00000000000000000  0.00000000000000000 
 15 -0.00000000000000001  0.00000000000000002 -0.00000000000000002  0.00000000000000001 -0.00000000000000001  0.00000000000000001  0.00000000000000002  0.00000000000000001  0.00000000000000001  0.00000000000000002 -0.00000000000000001 -0.00000000000000003  0.00000000000000000  0.00000000000000000  0.00000000000000000  1.00000000000000000 -0.00000000000000000 
 16 -0.00000000000000001 -0.00000000000000002  0.00000000000000001 -0.00000000000000000  0.00000000000000001 -0.00000000000000002 -0.00000000000000001  0.00000000000000000 -0.00000000000000001  0.00000000000000001 -0.00000000000000000  0.00000000000000002 -0.00000000000000000 -0.00000000000000000  0.00000000000000000 -0.00000000000000000  1.00000000000000000 

