
  0  0.35355339059327812  0.35355339059327534 -0.35355339059326740 -0.35355339059327484 -0.35355339059326807  0.35355339059327873  3.53553390593278727e-01
  1  0.35355339059327640 -0.35355339059327101 -0.35355339059327118  0.35355339059327384 -0.35355339059327023  0.35355339059327995  3.53553390593279948e-01
  2  0.35355339059327884  0.35355339059326557  0.35355339059327717 -0.35355339059327962 -0.35355339059326957 -0.35355339059327173  3.53553390593279615e-01
  3  0.35355339059327712 -0.35355339059328078  0.35355339059327340  0.35355339059326907 -0.35355339059327173 -0.35355339059327051  3.53553390593280781e-01

  0  0.00000000000000176 -0.00000000000000073  0.70710678118655523  0.27177664218923542 -0.41988967122183002 -0.49983009189279198 
  1  0.70710678118654635  0.00000000000000981 -0.00000000000000548  0.56907720714813093  0.41765403460196748 -0.04142752328082706 
  2  0.00000000000000376 -0.70710678118654458  0.00000000000000604  0.31982587303848786 -0.38633893329809815  0.49845124089850651 
  3 -0.70710678118654868  0.00000000000000480 -0.00000000000000582  0.56907720714813170  0.41765403460196243 -0.04142752328082790 
  4  0.00000000000000212  0.00000000000000149 -0.70710678118653980  0.27177664218923875 -0.41988967122185367 -0.49983009189279209 
  5 -0.00000000000000125  0.70710678118655046  0.00000000000000826  0.31982587303847310 -0.38633893329810304  0.49845124089850368 

  0  1.00000000000000000 -0.00000000000000002 -0.00000000000000002 -0.00000000000000001 -0.00000000000000002 -0.00000000000000002 
  1 -0.00000000000000002  1.00000000000000000 -0.00000000000000001  0.00000000000000001  0.00000000000000000 -0.00000000000000000 
  2 -0.00000000000000002 -0.00000000000000001  1.00000000000000000  0.00000000000000000  0.00000000000000002  0.00000000000000002 
  3 -0.00000000000000001  0.00000000000000001  0.00000000000000000  1.00000000000000000  0.00000000000000000 -0.00000000000000000 
  4 -0.00000000000000002  0.00000000000000000  0.00000000000000002  0.00000000000000000  0.99999999999999989  0.00000000000000001 
  5 -0.00000000000000002 -0.00000000000000000  0.00000000000000002 -0.00000000000000000  0.00000000000000001  0.99999999999999989 

