
  0 -0.11470786693527939 -0.11470786693528212 -0.11470786693528229  0.11470786693527879  0.11470786693527885  0.11470786693528126 -0.11470786693528144 -0.11470786693527975  0.11470786693528251  0.11470786693528003 -0.11470786693528183  0.11470786693528122  0.11470786693528198  0.11470786693527993  0.11470786693528118  0.11470786693528177  0.11470786693528254  0.11470786693528080 -0.11470786693527908  1.14707866935282538e-01

  0 -0.22941573387055877 -0.40353224619597322 -0.18443476197850214 -0.31900154351768262  0.25824730964557030 -0.10396455754068584  0.50198222536120130 -0.01904062380426807 -0.17314128828248390  0.33968621152809797 -0.17475549896742890 -0.18081883693575324 -0.02911411638458601 -0.04541341632926547 -0.19132137135842675  0.07083265003951797  0.20198746471851117 -0.02825283114673262  0.15548348737164414 
  1 -0.22941573387056424 -0.12124846966606537 -0.00274603648720048 -0.00828192628225574 -0.15384434706469541 -0.24292575938525277  0.28683420325504527 -0.23954984202656424  0.37384571503491437 -0.11361983086788152 -0.09806734256260127  0.13589984241852376  0.10874675445580172 -0.17700006633101736  0.24972660929647914  0.23869277204696340 -0.04457913610513272 -0.02876665069810853 -0.60348051338297304 
  2 -0.22941573387056458 -0.07762725922492338  0.08086226270597906  0.05611430133153497 -0.18676764135241020 -0.12705439567104471 -0.24713967184045921  0.11842606529433232  0.30834827787085245  0.17459248539674938  0.08473155787259175  0.03317761098473436  0.10875131407727172  0.44665629738097351 -0.53545681651531185  0.10014819272166170  0.32704397064311780  0.19326321546253414 -0.13894247781018740 
  3  0.22941573387055758 -0.23169648547040075  0.31240954830070999 -0.22711590240419255 -0.52044610416414983 -0.16604753617779633  0.03393719879940479  0.15114670378702039 -0.01206660613122732 -0.10365667013156847 -0.37040249263788777  0.01264659091236242  0.32548354285801229 -0.06835357634796521 -0.15385349767323850  0.01741142837507430 -0.23765281453581794 -0.16029310090692092  0.23888075554503282 
  4  0.22941573387055769 -0.07719568781627033 -0.23073079550343603 -0.16351858975094094 -0.15033112533772625 -0.07980636969181355 -0.21574219371546224 -0.22036595373792620 -0.50761696810487156  0.25283211803735228 -0.03170679469872997  0.31105382897771899  0.29912153172246980  0.08371277297213676  0.14518631753275135 -0.19435285954440157  0.21978961863704558  0.13510463089093572 -0.31001070435140932 
  5  0.22941573387056252  0.16247738905763570 -0.22946929171277522  0.19212156358379637  0.08871818886171838  0.08955351929003386  0.07224581528302089 -0.26480778377126468  0.16351101732040962 -0.19145098308433273 -0.43312770943143031  0.40862649303594067 -0.06025115848843803 -0.24859433806869144 -0.33528151650336863  0.10257900731482621  0.29999633645759971  0.06957197693878783  0.19748717910479668 
  6 -0.22941573387056288  0.15256637183514463 -0.19123188422064136  0.38128665626057084 -0.52308432792907866  0.06796603836611163  0.22084981899930048 -0.02021829404988762 -0.30457059241233070  0.13115425840527270  0.09824290212240779 -0.16131016872490356 -0.03287262521988186 -0.22939070365306477 -0.11763067329081831  0.16447278254230863 -0.14629936756883921  0.38386524900848384  0.07576558007280297 
  7 -0.22941573387055950  0.17698652616941662  0.18399243073925584  0.23442241220218710  0.06410353902670560  0.22798844579514890 -0.13767253803027604 -0.11886648212322357 -0.22298622376821198  0.16931839300894730 -0.26579346050561808 -0.10181467066323066  0.27000698430295278  0.15084084208005272  0.17012154146277883  0.48998017808450817  0.16548538426956064 -0.42925783655356320  0.04833045215144594 
  8  0.22941573387056502 -0.01766174660015413 -0.10509743272720794  0.15500539716826742  0.30276789247145219  0.20671272551320785  0.13773921812319673  0.00229042953611573  0.06112985744963138 -0.14415746157133633 -0.27440008072311911 -0.37651423207585832  0.45257663578149099  0.25800224248383269 -0.05092047889040292 -0.04105519648222436 -0.24002322665579784  0.38504672286426062 -0.18838930191698089 
  9  0.22941573387056005 -0.43034535037227584  0.13399611399610026  0.06648293745513881 -0.18708243759217469  0.20743845926649476 -0.18599352026775284 -0.33102525298287550  0.10243342682383147  0.13596408456215103 -0.21988326953471390 -0.20205089438767801 -0.50586493798446752  0.16930741930776258  0.23501520816715019  0.12045319993374308  0.04921943239244451  0.20531594352578897  0.02366002280339934 
 10 -0.22941573387056366 -0.40440767902993557  0.21780688690027747  0.28680124908947952 -0.00303194030130370  0.13860827493426148  0.02058348364981354 -0.01607439467488370 -0.29861371200009540 -0.54450616676642172  0.04419797929911277 -0.07215263623595117  0.02601616766739432 -0.09461722816217731 -0.11292680532190671 -0.30601985343086680  0.31210447246058959 -0.09885622580907188 -0.13489378149780187 
 11  0.22941573387056244  0.04975243281076527 -0.36253877773364696 -0.09171716613570238 -0.32470419955110125  0.21055436027263449  0.39794422936351637 -0.01158439627961320  0.04878674506634614 -0.26922000867435097  0.24377897580073166 -0.02015339810995620 -0.02075515613000720  0.47923249905577237  0.08106366124270492  0.08171097287198459  0.17312212465311075 -0.29246821802939599  0.05693458717993118 
 12  0.22941573387056396 -0.11046665745323260 -0.21875878176201699  0.52548773675680449 -0.02672636664129908 -0.21106482583491082  0.01529086890504089  0.06255699233187011  0.10323140236391992  0.34813448464564423 -0.08273459313974398 -0.14991800342924458 -0.07173206472131764 -0.03400004385734621 -0.14501476035558414 -0.31361429565109467 -0.11762138128664254 -0.48027940302754579 -0.17435701643095827 
 13  0.22941573387055986 -0.05811432500066947 -0.23959957392626788 -0.26834251255468372 -0.00609304930858697  0.09456115430024845 -0.33017254678486385 -0.03127634365397360 -0.05057922434853102 -0.13971416909208473  0.19635970491744092 -0.39814516468842603 -0.00629243117972199 -0.38513472890054196 -0.32663416791662780  0.35997761964074726  0.03057730074389972 -0.16257069533472199 -0.25385644247452871 
 14  0.22941573387056236 -0.20736849143192423 -0.05098073293346990  0.26901662515220187  0.20153330778357867 -0.56633225108683627 -0.01678752679291932  0.22856347159992838 -0.24454006792344818 -0.21817780036548456  0.09613376566945558  0.11971017467390460 -0.08866804766543067  0.15637034001544386  0.09242371363213739  0.47096529955813143 -0.02064918151773404  0.11678979661053425  0.08844627779178621 
 15  0.22941573387056355 -0.10023812931773976  0.33770493657865180  0.12893654139200839  0.10053805728481442 -0.04474482699975980  0.17234321150081289 -0.55836869860293448  0.08207501500995647  0.14202326722322803  0.52110968299271876  0.02546670063538453  0.28940787159057163 -0.06845057413627929 -0.13634005760703724  0.04756084764710595 -0.03561438999697089 -0.00554852981619291  0.20823234894457579 
 16  0.22941573387056508  0.01144789596422521  0.36052125658473960 -0.00334915355214595  0.08160343384453204  0.36115106082848641  0.28945030882650058  0.25936220530461124 -0.20895465070648583  0.16036660295337773  0.03672923405163789  0.32806705838392236 -0.23719155674438938  0.03280339812818227 -0.27520314824707304  0.16517462697848309 -0.16872799986855169 -0.02307174466766562 -0.40174349228019468 
 17  0.22941573387056161  0.48257070663874257  0.35176308875252893 -0.08077122016608110 -0.05585940304408663 -0.34410607067269072  0.21105156541615222 -0.05412678174478490 -0.11215066855728591 -0.01933026445876319 -0.12697045530169790 -0.39436676977796414 -0.16795338256398015 -0.00023028403687423  0.00555878399902744 -0.11512809743234484  0.40278116935750102  0.06541644580218706 -0.15042310780534504 
 18 -0.22941573387055816  0.15042430712104896 -0.04502933974526038 -0.12910489213935411  0.04829560258221398 -0.20274864749123231 -0.06413089273795931 -0.47231183682933570 -0.25762289818040357 -0.20301215066092554 -0.13367016929380315  0.01144124330668221 -0.24365363242416779  0.32358940162994121 -0.32651242689236248 -0.05642416879405953 -0.46054580003773549 -0.13898109541349993 -0.06740164079481954 

  0  1.00000000000000000  0.00000000000000002 -0.00000000000000005 -0.00000000000000007 -0.00000000000000004  0.00000000000000003  0.00000000000000002 -0.00000000000000001  0.00000000000000005 -0.00000000000000003 -0.00000000000000004  0.00000000000000002  0.00000000000000003 -0.00000000000000003  0.00000000000000001  0.00000000000000001  0.00000000000000002  0.00000000000000001  0.00000000000000000 
  1  0.00000000000000002  0.99999999999999989  0.00000000000000001  0.00000000000000001 -0.00000000000000004  0.00000000000000001  0.00000000000000000 -0.00000000000000001  0.00000000000000002  0.00000000000000002 -0.00000000000000001 -0.00000000000000000  0.00000000000000001  0.00000000000000003 -0.00000000000000002  0.00000000000000000  0.00000000000000001 -0.00000000000000000 -0.00000000000000002 
  2 -0.00000000000000005  0.00000000000000001  1.00000000000000000  0.00000000000000002  0.00000000000000003 -0.00000000000000001 -0.00000000000000001  0.00000000000000001 -0.00000000000000001  0.00000000000000002 -0.00000000000000001 -0.00000000000000001 -0.00000000000000003 -0.00000000000000002  0.00000000000000001 -0.00000000000000001 -0.00000000000000001  0.00000000000000001 -0.00000000000000001 
  3 -0.00000000000000007  0.00000000000000001  0.00000000000000002  1.00000000000000000 -0.00000000000000001  0.00000000000000003 -0.00000000000000001 -0.00000000000000002 -0.00000000000000001 -0.00000000000000002  0.00000000000000000  0.00000000000000001  0.00000000000000001  0.00000000000000001  0.00000000000000000 -0.00000000000000001  0.00000000000000000  0.00000000000000001  0.00000000000000002 
  4 -0.00000000000000004 -0.00000000000000004  0.00000000000000003 -0.00000000000000001  0.99999999999999989 -0.00000000000000001  0.00000000000000002  0.00000000000000001 -0.00000000000000000 -0.00000000000000002  0.00000000000000000 -0.00000000000000003 -0.00000000000000002 -0.00000000000000002  0.00000000000000002  0.00000000000000001  0.00000000000000002 -0.00000000000000001  0.00000000000000000 
  5  0.00000000000000003  0.00000000000000001 -0.00000000000000001  0.00000000000000003 -0.00000000000000001  0.99999999999999989 -0.00000000000000000 -0.00000000000000002  0.00000000000000000  0.00000000000000003  0.00000000000000002  0.00000000000000002  0.00000000000000001  0.00000000000000001 -0.00000000000000001  0.00000000000000001 -0.00000000000000000  0.00000000000000002 -0.00000000000000001 
  6  0.00000000000000002  0.00000000000000000 -0.00000000000000001 -0.00000000000000001  0.00000000000000002 -0.00000000000000000  0.99999999999999989  0.00000000000000001 -0.00000000000000001 -0.00000000000000000 -0.00000000000000002 -0.00000000000000001  0.00000000000000001  0.00000000000000001 -0.00000000000000001 -0.00000000000000001 -0.00000000000000001 -0.00000000000000001 -0.00000000000000001 
  7 -0.00000000000000001 -0.00000000000000001  0.00000000000000001 -0.00000000000000002  0.00000000000000001 -0.00000000000000002  0.00000000000000001  1.00000000000000000  0.00000000000000000  0.00000000000000003 -0.00000000000000000  0.00000000000000001 -0.00000000000000001 -0.00000000000000002  0.00000000000000000 -0.00000000000000000  0.00000000000000001  0.00000000000000001 -0.00000000000000001 
  8  0.00000000000000005  0.00000000000000002 -0.00000000000000001 -0.00000000000000001 -0.00000000000000000  0.00000000000000000 -0.00000000000000001  0.00000000000000000  0.99999999999999989  0.00000000000000002  0.00000000000000001  0.00000000000000000  0.00000000000000003  0.00000000000000001  0.00000000000000001  0.00000000000000000 -0.00000000000000001  0.00000000000000001 -0.00000000000000001 
  9 -0.00000000000000003  0.00000000000000002  0.00000000000000002 -0.00000000000000002 -0.00000000000000002  0.00000000000000003 -0.00000000000000000  0.00000000000000003  0.00000000000000002  1.00000000000000000  0.00000000000000002 -0.00000000000000001 -0.00000000000000001 -0.00000000000000003  0.00000000000000001  0.00000000000000003  0.00000000000000002  0.00000000000000001  0.00000000000000001 
 10 -0.00000000000000004 -0.00000000000000001 -0.00000000000000001  0.00000000000000000  0.00000000000000000  0.00000000000000002 -0.00000000000000002 -0.00000000000000000  0.00000000000000001  0.00000000000000002  1.00000000000000000  0.00000000000000001 -0.00000000000000001  0.00000000000000000  0.00000000000000001 -0.00000000000000000 -0.00000000000000000  0.00000000000000000  0.00000000000000000 
 11  0.00000000000000002 -0.00000000000000000 -0.00000000000000001  0.00000000000000001 -0.00000000000000003  0.00000000000000002 -0.00000000000000001  0.00000000000000001  0.00000000000000000 -0.00000000000000001  0.00000000000000001  1.00000000000000000 -0.00000000000000001 -0.00000000000000001  0.00000000000000001  0.00000000000000001  0.00000000000000001  0.00000000000000000 -0.00000000000000000 
 12  0.00000000000000003  0.00000000000000001 -0.00000000000000003  0.00000000000000001 -0.00000000000000002  0.00000000000000001  0.00000000000000001 -0.00000000000000001  0.00000000000000003 -0.00000000000000001 -0.00000000000000001 -0.00000000000000001  1.00000000000000000 -0.00000000000000001  0.00000000000000001  0.00000000000000001 -0.00000000000000002 -0.00000000000000001 -0.00000000000000000 
 13 -0.00000000000000003  0.00000000000000003 -0.00000000000000002  0.00000000000000001 -0.00000000000000002  0.00000000000000001  0.00000000000000001 -0.00000000000000002  0.00000000000000001 -0.00000000000000003  0.00000000000000000 -0.00000000000000001 -0.00000000000000001  0.99999999999999989  0.00000000000000000  0.00000000000000000  0.00000000000000000  0.00000000000000000 -0.00000000000000001 
 14  0.00000000000000001 -0.00000000000000002  0.00000000000000001  0.00000000000000000  0.00000000000000002 -0.00000000000000001 -0.00000000000000001  0.00000000000000000  0.00000000000000001  0.00000000000000001  0.00000000000000001  0.00000000000000001  0.00000000000000001  0.00000000000000000  1.00000000000000000 -0.00000000000000001  0.00000000000000001 -0.00000000000000001 -0.00000000000000001 
 15  0.00000000000000001  0.00000000000000000 -0.00000000000000001 -0.00000000000000001  0.00000000000000001  0.00000000000000001 -0.00000000000000001 -0.00000000000000000  0.00000000000000000  0.00000000000000003 -0.00000000000000000  0.00000000000000001  0.00000000000000001  0.00000000000000000 -0.00000000000000001  0.99999999999999989 -0.00000000000000000 -0.00000000000000000 -0.00000000000000000 
 16  0.00000000000000002  0.00000000000000001 -0.00000000000000001  0.00000000000000000  0.00000000000000002 -0.00000000000000000 -0.00000000000000001  0.00000000000000001 -0.00000000000000001  0.00000000000000002 -0.00000000000000000  0.00000000000000001 -0.00000000000000002  0.00000000000000000  0.00000000000000001 -0.00000000000000000  1.00000000000000000  0.00000000000000000  0.00000000000000000 
 17  0.00000000000000001 -0.00000000000000000  0.00000000000000001  0.00000000000000001 -0.00000000000000001  0.00000000000000002 -0.00000000000000001  0.00000000000000001  0.00000000000000001  0.00000000000000001  0.00000000000000000  0.00000000000000000 -0.00000000000000001  0.00000000000000000 -0.00000000000000001 -0.00000000000000000  0.00000000000000000  0.99999999999999989 -0.00000000000000000 
 18  0.00000000000000000 -0.00000000000000002 -0.00000000000000001  0.00000000000000002  0.00000000000000000 -0.00000000000000001 -0.00000000000000001 -0.00000000000000001 -0.00000000000000001  0.00000000000000001  0.00000000000000000 -0.00000000000000000 -0.00000000000000000 -0.00000000000000001 -0.00000000000000001 -0.00000000000000000  0.00000000000000000 -0.00000000000000000  1.00000000000000000 

