
  0 -0.28867513459481470  0.28867513459481664  0.28867513459481775  0.28867513459480132  0.28867513459481864  0.28867513459482036 -0.28867513459480332 -0.28867513459482036  0.28867513459480282  2.88675134594820360e-01
  1 -0.28867513459481225  0.28867513459482036  0.28867513459481875 -0.28867513459480565 -0.28867513459481176 -0.28867513459481958 -0.28867513459481048 -0.28867513459481314  0.28867513459480393  2.88675134594820360e-01
  2  0.28867513459481159  0.28867513459480926 -0.28867513459481697  0.28867513459480432  0.28867513459481686  0.28867513459481947 -0.28867513459480959 -0.28867513459481448 -0.28867513459481348  2.88675134594819471e-01
  3  0.28867513459481403  0.28867513459481298 -0.28867513459481597 -0.28867513459480265 -0.28867513459481353 -0.28867513459482047 -0.28867513459481675 -0.28867513459480726 -0.28867513459481237  2.88675134594820471e-01

  0 -0.00000000000000245 -0.57735026918962629 -0.00000000000000072 -0.06849127676599484  0.32011499430972212 -0.51268553475692002  0.49754334987064541  0.05592624391281025 -0.21442577919650618 
  1 -0.00000000000000373  0.00000000000000741  0.57735026918962962  0.27159260337383506 -0.28993304654011609  0.40106037424778906  0.49286049328488152  0.07396379514136492 -0.31561276963827795 
  2 -0.00000000000000098  0.57735026918963472  0.00000000000000176 -0.22176540926114180  0.41128468200352347 -0.05239125384954389  0.12368537752237456  0.58015174942677705 -0.30612532044152385 
  3  0.57735026918960697 -0.00000000000000299 -0.00000000000000133  0.24624616449885026 -0.28621823414732361 -0.34324458094798144 -0.36635521753398326  0.07150858775765859 -0.51668380049142149 
  4  0.57735026918963039  0.00000000000000180  0.00000000000000515 -0.72355470957276935 -0.14891140468381925  0.18240000245085972  0.23412643368471067 -0.16613970910968170  0.07261743378675717 
  5  0.57735026918963994  0.00000000000000084 -0.00000000000000013  0.47730854507392256  0.43512963883111438  0.16084457849709888  0.13222878384926465  0.09463112135203536  0.44406636670464122 
  6  0.00000000000000718  0.00000000000000628 -0.57735026918962007  0.13614038240617421  0.24267657611808877  0.42890067183155595  0.13132208773480439 -0.37265631327237908 -0.49916584168212685 
  7 -0.00000000000000721 -0.00000000000000592 -0.57735026918962762  0.13545222096765330 -0.53260962265820111 -0.02784029758374946  0.36153840555007705  0.44662010841374805  0.18355307204384086 
  8 -0.00000000000000112  0.57735026918961629 -0.00000000000000952  0.15327413249515209 -0.09116968769381495 -0.46029428090739599  0.37385797234826867 -0.52422550551397584  0.09169954124503155 

  0  1.00000000000000000 -0.00000000000000002 -0.00000000000000002  0.00000000000000001  0.00000000000000001 -0.00000000000000001  0.00000000000000001 -0.00000000000000002 -0.00000000000000003 
  1 -0.00000000000000002  1.00000000000000000  0.00000000000000001  0.00000000000000000 -0.00000000000000003  0.00000000000000001  0.00000000000000002  0.00000000000000001 -0.00000000000000001 
  2 -0.00000000000000002  0.00000000000000001  1.00000000000000000 -0.00000000000000003  0.00000000000000001  0.00000000000000001 -0.00000000000000001  0.00000000000000001 -0.00000000000000000 
  3  0.00000000000000001  0.00000000000000000 -0.00000000000000003  1.00000000000000000  0.00000000000000000  0.00000000000000002 -0.00000000000000001  0.00000000000000001  0.00000000000000000 
  4  0.00000000000000001 -0.00000000000000003  0.00000000000000001  0.00000000000000000  1.00000000000000000 -0.00000000000000002 -0.00000000000000001  0.00000000000000001  0.00000000000000000 
  5 -0.00000000000000001  0.00000000000000001  0.00000000000000001  0.00000000000000002 -0.00000000000000002  1.00000000000000000  0.00000000000000000 -0.00000000000000001 -0.00000000000000000 
  6  0.00000000000000001  0.00000000000000002 -0.00000000000000001 -0.00000000000000001 -0.00000000000000001  0.00000000000000000  1.00000000000000000 -0.00000000000000000  0.00000000000000000 
  7 -0.00000000000000002  0.00000000000000001  0.00000000000000001  0.00000000000000001  0.00000000000000001 -0.00000000000000001 -0.00000000000000000  1.00000000000000000 -0.00000000000000000 
  8 -0.00000000000000003 -0.00000000000000001 -0.00000000000000000  0.00000000000000000  0.00000000000000000 -0.00000000000000000  0.00000000000000000 -0.00000000000000000  0.99999999999999989 

