
  0  0.30218349313365966  0.49958049639934365  0.49958063865531832  0.49554073758568962 -0.40492348285657620  4.99580638655318321e-01
  1  0.23519497702206565  0.47203882360698479  0.49958063957114185 -0.49958061973524204 -0.47191213243777108  4.99580639571141849e-01
  2  0.27451558926205533  0.48820510408381601 -0.49958063476670012  0.49958061497242046 -0.43259145404006322  4.99580634766700116e-01
  3  0.20752707315046132  0.46066343129145715 -0.49958063385087659 -0.49554074234851120 -0.49958010362125804  4.99580633850876588e-01
  4  0.49958049871985039 -0.46066354096226558  0.49958063891150273  0.49554073377081154 -0.20752588688063264  4.99580638911502728e-01
  5  0.43259198260825638 -0.48820521375462445  0.49958063982732626 -0.49958062355012012 -0.27451453646182750  4.99580639827326256e-01
  6  0.47191259484824605 -0.47203893327779323 -0.49958063451051571  0.49958061115754238 -0.23519385806411966  4.99580634510515709e-01
  7  0.40492407873665204 -0.49958060607015209 -0.49958063359469218 -0.49554074616338928 -0.30218250764531451  4.99580633594692181e-01

  0  0.06698851611159404  0.02766790387160433 -0.19739700558619069  0.70710757187031170  0.67511504930181776 
  1  0.02754167279235888  0.01137539231552766  0.96024403736160924 -0.00000010967080847  0.27756701068558365 
  2 -0.00000000091582358  0.99916127342201844 -0.00000000025618445  0.00000000506062612 -0.04094813419058999 
  3  0.99512135732093165 -0.00403987738673084  0.00000000381487807 -0.00000000857769967 -0.09857567445595727 
  4  0.06698864958119485  0.02766797118348702 -0.19739759597594356 -0.70710599050189071  0.67511651697846642 

  0  1.00000000000000000  0.00000000000000000  0.00000000000000000 -0.00000000000000001 -0.00000000000000001 
  1  0.00000000000000000  1.00000000000000000 -0.00000000000000000  0.00000000000000000  0.00000000000000000 
  2  0.00000000000000000 -0.00000000000000000  1.00000000000000000 -0.00000000000000000 -0.00000000000000000 
  3 -0.00000000000000001  0.00000000000000000 -0.00000000000000000  1.00000000000000000 -0.00000000000000000 
  4 -0.00000000000000001  0.00000000000000000 -0.00000000000000000 -0.00000000000000000  1.00000000000000022 

