
  0 -0.353553390593275308588505634 -0.260716254968552341717610149 -0.603699106671711594428175740  0.179311646340587076665592549  0.154287996406186887922819609 -0.030016211450154728946571807 -0.620527650776413332398429717 -0.025718326590721552432047868  0.353553390593275285169738709 
  1  0.353553390593274806792635154  0.579217201310447511882449623  0.068816558202571755454895943 -0.130773492575516586883862397  0.505786719963764014893013027  0.227905130865478867499313194 -0.428034091543107985831841805 -0.163388709442229549434109047  0.353553390593274785569377627 
  2  0.353553390593274881114694078  0.283514560931158125746051613 -0.702001300963705743849244123 -0.222250814125615571764855473 -0.119645121951333982283026923 -0.156578048826846260473664475  0.260173992951243129785913674  0.381963474191462727143483655  0.353553390593274896591680090 
  3 -0.353553390593272490042327932 -0.010672419231485312413493802  0.133305288830314938832897163 -0.091453614128511625279221390  0.695507177060701022475609073 -0.315509750594384425387587886  0.218664935578619761954110266  0.466541579910912135417851154  0.353553390593272509612177146 
  4 -0.353553390593271930295851332  0.323144882278161700149988339 -0.290999118460600314538862937  0.149759892734702818921040980  0.163549731149048059326150950 -0.057950408219924284216917646  0.462368883402820451359194892 -0.647747731705581042578601103  0.353553390593271954500664833 
  5  0.353553390593275263241749770 -0.606634787205946846683733698 -0.179795971770141192164313600 -0.166602986929968647516098375  0.412091413963727075815126830  0.408243039847467411700967718  0.270906294451645045706558029 -0.192455591794033584456414393  0.353553390593275285169738709 
  6  0.353553390593270698262712629 -0.208786767767621572687553565  0.056598235359348719533814165 -0.148677920747841286122224898  0.071324686857345202856313122 -0.804282813305665189194601505 -0.139902553102762746225660659 -0.366836233410240777685689881  0.353553390593270677744186514 
  7  0.353553390593274738271057853  0.004446000810082181808401098 -0.005010457130068833900470379  0.905923139325718712350655332  0.143787205782428347987031425 -0.078763678844905638623292033  0.097362525448001355742044804  0.133792582069648842275325258  0.353553390593274730058226396 

 0.353553390593275285169738709 

