
  0 -0.000000000000000551026756537  0.000000000000009636124276343 -0.000000000000000075334645742  0.000000000000001459402066869 -0.000000000000000916345426733 -0.707106781186550831198520117  0.071707450841675641894240340 -0.021197848552519516489666784 -0.206350837063501304645581069  0.242380705991844772807688839 -0.021287253405562723403032679 -0.626599130991308537899989184  0.707106781186563430603546354 
  1 -0.000000000000001905702515467 -0.000000000000009380454210737  0.000000000000001059638944381 -0.000000000000004685577690591  0.000000000000003512996879392 -0.707106781186544212848988505 -0.071707450841675280082422855  0.021197848552519950194252701  0.206350837063502659423958226 -0.242380705991846082063127278  0.021287253405558938888623467  0.626599130991315203574945625  0.707106781186564786452573156 
  2 -0.000000000000000905540785957  0.000000000000001789093363051  0.000000000000004940612347568 -0.000000000000000511388975507 -0.707106781186555356333127420 -0.000000000000000962975499245  0.030124331467310922352015215  0.573395329167355918440970863 -0.134689052268407996241052563  0.350022645304804903490644361  0.058946775631866642517164801  0.161798040031909015645274208  0.707106781186564453927766855 
  3 -0.000000000000002557585733590 -0.000000000000001568736699230  0.707106781186559535878292243  0.000000000000001455560974069 -0.000000000000000088435507460 -0.000000000000000716982802351 -0.597181634122765711688782253 -0.027060499895696144038802862  0.196142670454453804830671423  0.162317531812853261890487039  0.267745615599912358082302505 -0.078327404093612274401357571  0.707106781186565950397815428 
  4 -0.000000000000006894890089150  0.707106781186544319371851952  0.000000000000003322824604343 -0.000000000000000235837738488  0.000000000000003549357378299  0.000000000000000182161667266 -0.312735384903531777846729875  0.182473201990477578853270743 -0.438148994051295066298832431 -0.396908190348103257719808434 -0.131164567604281931474294841 -0.046747334000993297759262704  0.707106781186558538087032905 
  5  0.000000000000008377773553239  0.707106781186550695619038448 -0.000000000000000009069390830  0.000000000000000348657547795 -0.000000000000005832213329123  0.000000000000000073505864701  0.312735384903528127256699953 -0.182473201990478647104118766  0.438148994051298707212357963  0.396908190348088113963333917  0.131164567604283812361776196  0.046747334001007255208825142  0.707106781186565322590547450 
  6 -0.707106781186553578133144327 -0.000000000000001257415400787  0.000000000000002943185631171  0.000000000000000617967604944  0.000000000000004100708643266  0.000000000000000129120762899  0.140434218119414552190045604  0.335313201774674859463728702  0.319743882972642728609868890 -0.366290866843934249962901062  0.261469224230746542157700560 -0.251141358691204139637776632  0.707106781186562616313504709 
  7 -0.000000000000000804068020889 -0.000000000000004071952566327  0.000000000000009481305014603 -0.000000000000007901088241769 -0.707106781186539677468670673 -0.000000000000001633664642170 -0.030124331467300971905312178 -0.573395329167364183368341829  0.134689052268401636744789632 -0.350022645304826442955734370 -0.058946775631866075567520018 -0.161798040031908855725453766  0.707106781186563582229220176 
  8  0.000000000000000451193552795 -0.000000000000001001689735655  0.000000000000003122703455434  0.707106781186550301132077989 -0.000000000000000194132679172 -0.000000000000003004480816603  0.140710594570269942278411754 -0.155899853502657390869035568 -0.326489743150743069841253352 -0.026146688207334782143341848  0.582077414780389894863668609  0.099007301595666425450114473  0.707106781186558122512340191 
  9 -0.707106781186541447537137473  0.000000000000002740302440649 -0.000000000000006389346015198 -0.000000000000009698738570987 -0.000000000000002391127668832  0.000000000000002327602556952 -0.140434218119406676504807088 -0.335313201774686810814011390 -0.319743882972644196646715489  0.366290866843948765857897493 -0.261469224230740656240946571  0.251141358691209815029573779  0.707106781186565013701348509 
 10  0.000000000000000888576478963  0.000000000000001745009686223 -0.707106781186535484262558476  0.000000000000004835305173289 -0.000000000000014510353304248 -0.000000000000001701286346370 -0.597181634122785420912184889 -0.027060499895696060711089643  0.196142670454462517438671935  0.162317531812849346050395619  0.267745615599926329816228565 -0.078327404093618110526126789  0.707106781186559151853882749 
 11  0.000000000000009531944209529 -0.000000000000000888857273821 -0.000000000000000257034896605 -0.707106781186544688163220923  0.000000000000008218341805625  0.000000000000000221694446975  0.140710594570268991487316593 -0.155899853502648319349458382 -0.326489743150742089478543936 -0.026146688207332797353716985  0.582077414780401250634592897  0.099007301595659134366687361  0.707106781186563804056984667 

 0.707106781186565950397815428 

