
  0 -0.500000000000007129334015504  0.000000000000002549247917199 -0.000000000000000075628283984  0.000000000000001192594381470  0.166882519222692784322632439  0.044780215171276173695327077  0.202787273651983675299618863  0.190655983332049983763369083 -0.020029184549411800366570989 -0.217428399183895432200414738 -0.454467482197328828338617895 -0.484443495813072560628089608 -0.111506387271922887935752481 -0.205472862119326633249111191 -0.017394300561678802988536540  0.314348169382055849912496401  0.500000000000010922848996814 
  1  0.000000000000000464724929755  0.000000000000002931171037083 -0.500000000000001291393207647  0.000000000000003398264301675  0.015176358357669943330949859 -0.284709042570076473557556113 -0.417843562530663152111438247 -0.123248728509488011445191773  0.076522189473029631463329818 -0.188977131687880139544332032  0.138012945584023562074055778 -0.325974156455399570394030825  0.066200092027594347860689362 -0.342013740112126628516338311  0.370312041207206627582140465 -0.231441922125182763703859536  0.500000000000008126420543431 
  2 -0.000000000000005241438847201 -0.000000000000000395971149889 -0.499999999999994892052514878  0.000000000000003014128803305  0.141990163694972015842534104 -0.121629576604613928390559528  0.390755182321415928006595741 -0.152180177999432135655961257  0.221685223283420866462190002 -0.303072120114939567926855279 -0.104349061277470462676889972  0.080902120615868972452306394 -0.204259966665382628608904625  0.302132790892930836482111953 -0.368272397847257044393824710 -0.334865310487663264026525142  0.500000000000003544527952398 
  3 -0.000000000000003590428791706 -0.000000000000003199077065878 -0.000000000000003094444044711  0.499999999999992286714694395 -0.049312852446011401743772816  0.226720092064870023311983459 -0.009346919039646375696592435  0.290599195410801153271248415  0.428971639755107962747827585  0.115132262546026449251521020 -0.365657029268695233091860872  0.084384231913243710724193292  0.144451361041192082154595994  0.155207126092237043289766112  0.376672555596535397652102964 -0.294440921222518722072912511  0.500000000000002167916453993 
  4 -0.000000000000002261632966849  0.000000000000000121956237615 -0.500000000000006102594558161  0.000000000000000816721626805 -0.088213073709743658287914508  0.237912214625679782037501360 -0.127723695357118258118518488  0.540027334770430942647006373 -0.028998413576421832247895336  0.179198131613168501707856681  0.093261696964367356364310896  0.135036841440336370949362038  0.259060169626512746925139918 -0.219270945035314537502140440 -0.421430605344760205718595766  0.158088969028013978199045768  0.500000000000009306520398072 
  5 -0.500000000000001015246914315 -0.000000000000000113738240461  0.000000000000008180195915350  0.000000000000001102746474986 -0.086918153757008296736831857 -0.113959459034446691638048105 -0.523936574441557174246567041 -0.048489559427023189503076252  0.006187412278991804908039943  0.204161177079932427576021252  0.019153605932604816514469516 -0.145934264659916446759215826  0.012448664760165619845345985  0.582048588969999267474838417 -0.218951163771305042443572793 -0.048361379431890683539143434  0.500000000000010395872530877 
  6  0.000000000000001710268287240 -0.499999999999999522083682368  0.000000000000001920836896370  0.000000000000002972909004917  0.075447186840995446398922767  0.140292035738823820704914043 -0.017323619871041105235267123 -0.111604245173339491705474628  0.591490497829589447376531092  0.246327844991865787011736146  0.286626991497179744604242163 -0.126989030288517356614952890 -0.358926782777690468951214617 -0.114506899892896350540583833 -0.058537026858155410738156037  0.240174395010995275065641442  0.500000000000006104383491745 
  7  0.000000000000004928355912152 -0.000000000000003812304810291 -0.000000000000004002860914928  0.499999999999996461977260637 -0.503879889359320059735464908  0.320973006770122852961742849 -0.131127313136010475392505097 -0.130230998080441909002286267 -0.224354091136572549231888163 -0.352668655595896688082673334  0.116458001817029349486904213 -0.056898232686522132211848256 -0.372277463696127356769126002 -0.080099633392748833006220648 -0.148932638072534014156401115  0.015155694123792226712870248  0.500000000000009190781816160 
  8 -0.000000000000003266987643691 -0.499999999999999048287332992 -0.000000000000004295429865515  0.000000000000003553863925126  0.051084086210828785966874249 -0.361306111099392864195603906 -0.258505821894742116875097471  0.235537802769220468284967589 -0.165677490642126754789614958 -0.205355478461176359523802405 -0.309590023502694543022306997  0.493059809651569733130816245 -0.266434493050900720429677998 -0.029426346377388957673942567  0.067318768128722231794153642  0.097908458547243858147482963  0.500000000000010172581093454 
  9 -0.000000000000000024013977706 -0.000000000000000016381540377 -0.000000000000002413848897339 -0.500000000000007101849490432 -0.521861164053932653685702325  0.035806782650059706508505284  0.111279062297175991475852146  0.345770724567108214610611922  0.221466267840360495511731892 -0.340288137340463065020615060  0.144843533965049614038083162 -0.050807443519541710235927576 -0.017323965403983299558789057  0.268845331900157165382937718  0.276052219836763106742888105  0.085154247705162424027496709  0.500000000000009559681605348 
 10 -0.000000000000000049003973102 -0.500000000000005899089810385  0.000000000000000235153302306 -0.000000000000002791244719188 -0.450781243874683723376565331 -0.115568886483048324765286752  0.173903568364624440791346704 -0.325932336666300218980208900 -0.019516326308335868696991651  0.070480402183001558195072668 -0.254804972845234366322355810 -0.124758059486183271654400131  0.526484847850376079124359169 -0.082497496781989231080952328 -0.157651258083801845786154489 -0.047761811403546052765553900  0.500000000000008959575702877 
 11 -0.499999999999991847748339810  0.000000000000003235079498731 -0.000000000000002803298688121 -0.000000000000004677335758048 -0.242688347783493945853034758 -0.196915027215614452988810476  0.340067246210462628393331880  0.130031246997836092061566829 -0.142578011124535803443654121  0.373498840362838465084093648  0.217008039805904710559743449  0.156944331985037470174153273 -0.236653526700088342451730461 -0.266476117506492565231235661  0.119520363227942681360834766 -0.383300880441870686995585113  0.500000000000002555572940766 
 12  0.000000000000001067146097696 -0.499999999999995470122008193 -0.000000000000001893763978925 -0.000000000000010966723854157  0.324249970822869492315023571  0.336582961843612765018155311  0.101925873401159250883590661  0.201998779070427732408457913 -0.406296680879134177382739149 -0.111452768713685980090982632  0.277768004850753045642097055 -0.241312719876876972930181478  0.098876427978205458932739469  0.226430743052273558753198328  0.148869516813240056261717636 -0.290321042154695130836509001  0.500000000000009375746706786 
 13  0.000000000000001903319815147  0.000000000000001376028765933 -0.499999999999997655385696946 -0.000000000000009103671729719 -0.068953448342890829562848529  0.168426404549002431710875809  0.154812075566366179297595265 -0.264598428261526099486422581 -0.269208999180023266488024844  0.312851120189655617883413979 -0.126925581270919090662850116  0.110035194399187281159564582 -0.121000294988724892546205249  0.259151894254527675944422410  0.419390961984805101474662117  0.408218263584834979858760595  0.500000000000010051529920896 
 14 -0.000000000000001250009329401 -0.000000000000000236165317309  0.000000000000002808888606446  0.500000000000004086195357772  0.031331577751385284306056894 -0.511886316184911909204363623  0.251753294472843891206809488  0.185402527236755800517180835  0.016848719221812980298855710 -0.102751744290585681974772424  0.394042561416713858844351054 -0.078293442746267105305938219  0.210502137250953258459733840  0.193737839200681244449702215  0.048312302312781350277899823  0.364439474803879883926154351  0.500000000000008402892097414 
 15  0.499999999999999972434159765  0.000000000000005132019330031  0.000000000000000166237979340 -0.000000000000002493922395422 -0.162723982317797954584028507 -0.266094271078788317612916214  0.018917945420888750414386398  0.272197670902870670907010633 -0.156419783394947498964401393  0.360231618258865396854477570 -0.218305836458836016004416390 -0.473433428487954853665625049 -0.335711249211839334120324393  0.110099609344186294381722022 -0.116825101105046907420525071 -0.117314090491699929835473903  0.500000000000007792215223762 

 0.500000000000010922848996814 

