
  0  0.250000000000001031157581197  0.133912128385216611453569120 -0.321448164470242771738588833 -0.086144554327669627772647541  0.030334928505914870016863037  0.188261558547848744521457931  0.166873440032373473258710955 -0.038856375214180469113665894  0.162077855713656745464869985  0.371608530803696441620212823  0.258777069003278232151195326 -0.368733273069068594418552440  0.178029299629278630462663607  0.192892837006770156906432928 -0.205351959756009928820914487 -0.514524163604365626862105487  0.250000000000001054711873394 
  1 -0.249999999999999157683332196  0.068802951326956347300779770  0.311074248200463339078135003 -0.571907615516957014336479892 -0.164431959460420213688233368  0.286770085833400494463316446 -0.321399585966242841384918338 -0.090602888909629241641883763 -0.218326338339103151242387088 -0.181817748771598586407169384 -0.073497429792092214951128651 -0.316078521850142798099107116  0.211774064811562979317215508 -0.051013224117200088062812824  0.111797820393395024036857239 -0.205324553820746797788135071  0.249999999999999167332731531 
  2 -0.250000000000000681122909810 -0.225765241130215294773088928 -0.176631933349957293951574926  0.064759360688117443706599170  0.168720647353316562965029439 -0.007641057136708000521397108 -0.224966206974523541940822607 -0.017205221396776822300364834  0.060819934381073764285665284 -0.086963493896473106354444698 -0.499180624203342594610551333 -0.014742398778771136465059284  0.197215277649958853421318511  0.434437893427264609514651048 -0.532180886609644420250954389  0.014127705162024246100715345  0.250000000000000666133814775 
  3  0.250000000000000793066784119 -0.468637992600016905733089148 -0.135683760960070068439216676  0.210052165156353787386824677 -0.048359264195140258902683768  0.291975041164339359765246551 -0.068590637988703969304678069 -0.135057580576609080394152700 -0.296820710618546953324901894 -0.300704899907760816492319211 -0.083597158083368535257660394  0.195265499721793030124040481 -0.239035742075569139080152767 -0.027857309255719418349732885  0.129517168380931018683709273 -0.496468814885197679925800049  0.250000000000000777156117238 
  4 -0.250000000000000909618517661 -0.226776070106641116256120973  0.007948969356925693754941699 -0.161830290781174979315194806  0.014796885687326475528802401 -0.006654452276488808121686786 -0.380056128496469707614109981  0.215527234611938553896968128  0.056755729210537670706394290  0.677862524484334545975695169 -0.011732925695984185434474830  0.266485567647727767596858850 -0.311614024020539383274825546 -0.006323279489008400117541271  0.124543651174301891187284636 -0.148785303657592658552557587  0.250000000000000888178419700 
  5 -0.249999999999999151191671688  0.280425460692191646350614545 -0.496086520213730991838135126 -0.117834429111783026119305174  0.068774631187785326368034061  0.048145395685015382775416353  0.085028327630484500981508916  0.244298095612409912761112118  0.189507356108109449916343699 -0.228485857179721354412752984 -0.336177688549547546125731076 -0.192456517199331180188780557 -0.401176825965447336280961591 -0.320710733741748382855931906  0.092050467390942715924305288 -0.120292080024044071692094875  0.249999999999999139577155916 
  6 -0.250000000000000786317625595 -0.653118438264294241541851188  0.006652407367105845615655967 -0.136384135641096613803988601 -0.081900115913351737438239351  0.139336893133048455006286689  0.455703792293310813759288011  0.101807629846189015556062827  0.015869069966139253717102775  0.058656769193318756504794149  0.151197122836505590666401552 -0.316385226867578343238479599 -0.063991954051874128223099079 -0.190106080780247310092387868 -0.161688407413264179565410943  0.234749272902285351465848269  0.250000000000000777156117238 
  7 -0.250000000000001275048859897  0.267725314021036736740997986  0.171510436044643807285700957  0.039865194636017144765878896 -0.006395519279206037228039511  0.134379251081392340244255977  0.178091367013067405976160795  0.002725206683816694669883620 -0.237650324762045654338393427  0.023609188134475108730370098  0.137233725284692004896475517  0.381667785016640072749509460 -0.030814113034625289845759707 -0.366677636760731326691148055 -0.614560692792947705481981097 -0.224432923576411510118789119  0.250000000000001276756478319 
  8  0.249999999999999597666126318 -0.018039277151292259179397393  0.096362382402431670941074082  0.120784812904217275508495909 -0.707171753586906407581125916 -0.138657343191857741754443797 -0.169211476020571685658570697 -0.212095656655454759318248439  0.226137555636583525647625124  0.127665626753296645602545924 -0.274503989889852256957433405 -0.177102071145731522434701652 -0.146548148594441548841832076 -0.242972434775644756773304786 -0.255711268338381884961335935  0.017622671825284522892013437  0.249999999999999611421941381 
  9  0.249999999999995469485039416 -0.179848169063624859113979630 -0.429122037374048977890865497 -0.365208783996470139548507286  0.134302895553684347818099859 -0.330814872294977782704247793 -0.134211100595042088755586181 -0.142037087845649058002041147 -0.188826126806651474506599207  0.061529890871192602599162305 -0.044374105531626822616512789  0.165699316186371770667209655  0.378201000875812513971107112 -0.447253646127183631639500153 -0.051786131041653208582084891  0.085722652877767955305321739  0.249999999999995475841174652 
 10  0.250000000000001189098732673 -0.017856977979381022489892479 -0.178283395150745595515956281 -0.155136843365906699408708277 -0.086260001378676131854610250  0.311664503643354167560690707 -0.416663190037855755677937211  0.323191746789479014624786590  0.179487221255916342413849404 -0.272144524681760192880543639  0.436760849000782755115418823  0.093675085264983553643802598 -0.143055234544342931639576526  0.057890174941800130242801304 -0.280778873969628262443135047  0.300376156021519880175933009  0.250000000000001165734175856 
 11  0.250000000000001102470979092 -0.092711787805160083853492706  0.351045729440936076859794412  0.091676978730449164017456045  0.277372572837144978165129991 -0.415314570903295656736312763 -0.145849139342845912696534569  0.513900072509399114277419546 -0.133155250298233619477830322 -0.086442850662036233835763127 -0.019957674483540620638533092 -0.353060137321365939976113360 -0.083497576600239764082415483 -0.143817181231393433456710804 -0.171695209198997662491362366 -0.234718620158109423455409549  0.250000000000001110223024625 
 12  0.249999999999999275319267911 -0.099563091473939793891437169  0.286541683642751658579912732 -0.464239458941639716307511754  0.071137208063924947718090121 -0.025463166083738825725836627  0.305195828243992036158879766  0.063632947149412418642129216  0.533669211806389420457447798 -0.144534736116892757084228735 -0.202874010076402050666965343  0.370958975259893093906569256 -0.013958596181293586055277014  0.078454747843769662360977925 -0.016488669877479839377031274 -0.189675642633985678771942757  0.249999999999999278355033994 
 13  0.249999999999998834658847431  0.101565346519094841648144130  0.061636722371802342802045351 -0.309090284700592887251946114  0.285114912934414038221024937 -0.020373810783362617496974846  0.059395084576303435517469990 -0.413028217973362570919178619 -0.284305071076832910581489930  0.109660264166758901079024545 -0.065761486008147277569017407 -0.146184036133910404698104009 -0.580537329156320377869255484  0.168188013467307687057888423 -0.196268584012779867363626338  0.222804066749174850230858468  0.249999999999998834265824144 
 14  0.250000000000000034775784682  0.126228075155308527805853372 -0.087364694156721454915788191 -0.140060355921179824532853304 -0.324686194847537345147892376  0.155411488137221323160342724  0.278266263927918984890427095  0.496882488676447639801194572 -0.466602312417608586925113837  0.165477338219361979449687633 -0.316503185159489360553722315  0.114834037044555699209880378  0.084262036829472572099916303  0.223934853479268654123917476  0.033538126454793069194975285  0.153575707441678210873631932  0.250000000000000055511151231 
 15  0.250000000000000703728525106  0.026245722552823954418780216  0.180783141659352705784137398  0.214034408735553520553907859  0.367779265688628906945823599  0.577647288084119470900727744 -0.082803507295939968490324379  0.000017719588458471074883741  0.135313053370034960318896676  0.230746742518484540448433714 -0.320124128891405855578192186 -0.086862707838967347722075422  0.167532715206683462965298222 -0.359853116810652921093646728  0.034987353501984662605673020  0.205328103351752489655009971  0.250000000000000721644966006 

 0.250000000000001276756478319 

