
  0  0.000000000000000339849029655  0.447213595499959221780212834  0.000000000000002605347099772 -0.097399338297709275767352361 -0.342079058605188577235536179 -0.379141718929672082009398049  0.048900827418358618560483486  0.329998988930126542696479389 -0.234478134457190650401735808 -0.045704793235861460307448405  0.345218591423597586959493705 -0.118305281428538304468406437  0.256409149529632150689081871  0.402964467469047186331436786 -0.009448109130675118823620116  0.447213595499962149641074577 
  1  0.000000000000003110892346120  0.447213595499956829650749571  0.000000000000002775909786251  0.251264304954302054374067760  0.050383670974654620224042478 -0.273663987955136577538044554 -0.361323006924426706580610880 -0.571173362918412137355025915  0.171478949548219347488535978  0.155839850466410395648489580 -0.047285449563122606321676584 -0.257185130757874853038276799 -0.017858473906723759107669945 -0.038302247905901043944186524  0.280687101540479906917804204  0.447213595499962704291800966 
  2 -0.000000000000002120720400195 -0.447213595499959384518958924 -0.000000000000001027431042076 -0.073163503459299211773329222  0.220202945126981569317465258 -0.737923250921469996307065775  0.007063504670332266000003810  0.044973150641862869735546028 -0.189026870672325821110611350  0.132459661190966042687892044 -0.040727724131675340379937387 -0.008605292024261479134106018 -0.342260671039698306236187877  0.091990956805859845902249589  0.137623914252576396872736024  0.447213595499962519164280014 
  3 -0.447213595499963176597372355 -0.000000000000002452306242124 -0.000000000000000015536769392 -0.173847722632929545480439705  0.085505848201343211763183344  0.021503242020767174796683457  0.224644627281075670165340352 -0.368056487701019325887432862 -0.369966040243837918549728652 -0.248955631851646872189864033 -0.395138073092277871745710977 -0.300128318310635755126157542  0.134980577968498000369251301  0.240448488683094015801611915 -0.234461999424512903574110631  0.447213595499965669096851736 
  4 -0.447213595499962067485654957 -0.000000000000002430684110294  0.000000000000001144463707968 -0.038434898090766583913016879  0.116828109651773846053692072 -0.056349949080783519684883977 -0.091802493865836169918042201  0.302626081786994223976530044  0.342614030066450646517953529  0.615740386609406488763445581 -0.264725497264125432587923356 -0.004177067573555499131075845  0.305296155107078604086902687  0.098085066404861545292061861 -0.110654121994887067199756815  0.447213595499965666169505871 
  5  0.447213595499949095060871276 -0.000000000000009921287648499  0.000000000000006407586417350  0.289934068842457012273820111 -0.169969911233388055720057962  0.006180854839052908803588251 -0.054129444210105483235271088 -0.129968947333854906536244889 -0.416651005465407458779134725  0.445074158041584601509408833 -0.238046751063895584726750991  0.122195922770010618937366539  0.049971823666850280062711820  0.049689903659302400825754529 -0.467904800787468059972097276  0.447213595499965430301323246 
  6  0.000000000000006901065682427 -0.447213595499953834000146993 -0.000000000000004057495107820  0.439040731658780978733736325  0.057363308436616715231109185 -0.060868533161642952297932423  0.013442600399223541701223541 -0.045611865891516945603227423  0.064958340310238843417990542 -0.082909215431470117122674315  0.378848333088107967162472961 -0.441687952552071607634264286  0.467173936269819110238092630 -0.096884064200095022532173601 -0.143668796634883946854383333  0.447213595499964778424767040 
  7 -0.000000000000001180147861044  0.000000000000003933391265424 -0.447213595499959836522844633 -0.254264121458542175478485109  0.127093597515334687323698346 -0.130787415259316782935794174  0.082195142719631284130568042 -0.390257044031551204074214495  0.301887336096538175098840176  0.026638337398565364690498935  0.368218208832785295664576097  0.316355500845984360675650082  0.028739709493914932436961886  0.160628820886943439778132316 -0.434622155634845386550394949  0.447213595499964928613872983 
  8 -0.000000000000001416440738734  0.447213595499960394751438192 -0.000000000000003626067209927  0.212012261542893640800739111  0.569261641194121857949186211 -0.145986077198304767905609469  0.332928284575616355772447949  0.240535658738627830470599607 -0.061069345453130127485759544 -0.060584611471039160346678705  0.040187467095944446128958109 -0.074802832389914818900158045 -0.113637410392793457595758677 -0.369555326957383044165789815 -0.277283874792120547004160153  0.447213595499965412683037944 
  9  0.000000000000008985375106707 -0.000000000000000016858599447 -0.447213595499953549966282856  0.214056786645571377745208425 -0.147061086952506264198667005 -0.250702580813131328612251847 -0.349713615641173420581916398  0.234133329956575775434397466  0.123088163251667376630672009 -0.471667671860380956845755496 -0.426847300201542242069612659  0.144889751337717693086817525  0.130693591336054512318525130 -0.118471537042243595752339259 -0.143714471641523073994683654  0.447213595499962544561715905 
 10  0.000000000000001941899850797 -0.000000000000000275385267125 -0.447213595499963090836980512 -0.277951180321531548459822875 -0.352768809749201441038936322 -0.080002546734634528059640444  0.305145162154776146038554982 -0.051252175450277506034559927 -0.122997768617437259263216499  0.243070216211024757953554874 -0.032517981699337429900070404 -0.221045957302497875408440683  0.094994671725293982509567402 -0.574187280514737342516830981  0.182513585901683971862924719  0.447213595499965307515427212 
 11  0.000000000000002432609125647  0.000000000000002527848891848 -0.447213595499960008043628321  0.258423343551655916306960051  0.344037212542496182538995231  0.175631877224167856713912469  0.136101756812947899622162976 -0.000912115799540199325712427 -0.307734945004217814545736942  0.088386114483552895369333074  0.012201364181154961982744475  0.281972721665336467270586082  0.256415429985621461128099396  0.255900365366860320387063996  0.502076124748420527096545718  0.447213595499964942085084976 
 12 -0.447213595499953811665582240 -0.000000000000003190328540553 -0.000000000000005605235630238  0.554727838077742848189172209 -0.414229736412331504981755928 -0.044193196493373565217425416  0.356961755449103313424111597 -0.075559439417433278370680311  0.081168879370409077195897257  0.027098749176370296384299373  0.079147773285619478074947274  0.235795452336199138027115346 -0.339886412607719783546310691  0.027117209938545410721080580 -0.012730973443170836214540030  0.447213595499962615441432931 
 13 -0.000000000000001379780308965  0.000000000000000671105980893 -0.447213595499953150302257024  0.059735171582844786862450401  0.028699086643873343730612381  0.285860665582916081381729609 -0.173728446046202065144396093  0.208288005324796518603403840  0.005757214273446201668359888  0.113573003767240496168831974  0.078945708886927877119522000 -0.522172016546543761486131457 -0.510843402540886887990608661  0.276129631303190013112908510 -0.106253083373743083668528861  0.447213595499955204621428395 
 14  0.447213595499961548369654771  0.000000000000004594004865120 -0.000000000000000083952632023  0.052511148511574402811719238 -0.041925867325818603525749897 -0.085220758392437732176092745  0.543933333074449299349845122 -0.011020897997606227865342941  0.470467874658412738892885804 -0.051190654107433905693535841 -0.342669046006893951645307789 -0.190705856318000338176475716  0.050418496800999461498224256  0.315960861367205939401452824  0.110057705924881388377613214  0.447213595499966213881338356 

 0.447213595499966213881338356 

