
  0 -0.000000000000005986658927765 -0.404061017820861922077938649  0.117458955395319108999793375  0.078949622392656091513212652 -0.260216941157913143119629479 -0.328855832736416198825791027  0.026672942009233753101688836 -0.044011724392135456938022521  0.161454870973110550748299413 -0.240696647030103634816878416 -0.037801216266515964213964411  0.576238948376418621383741880 -0.469802876810753357821439161  0.404061017820867887439606828 
  1  0.000000000000012147520047248 -0.404061017820860660446080637  0.100626768665805223577751088  0.117679686893398692590481571 -0.151610445788283581191550203  0.144827954716311885292510074 -0.015531971623711332036804286  0.153429347629631143874739951 -0.297118675907536298417535234 -0.442561468387008411927603657  0.392744368722781848831141979 -0.521342839737325267903626097 -0.186630949789595927069334007  0.404061017820872827037599617 
  2 -0.404061017820901835706981151  0.000000000000002413775195542 -0.235273628570270453678222981 -0.192243555492101931382121008 -0.336426143033278342623325352  0.432837330419197141464886236  0.472504967924160817729006476 -0.179446999896021904425400320 -0.050658650963627804078841677 -0.175206172455214276959694665 -0.384266069850488175261606083 -0.019254886915970436048268686 -0.084474192810361737988812843  0.404061017820904227077502893 
  3  0.404061017820908288986732002  0.000000000000000664971308294 -0.292795574502806035701966969 -0.315309207818331759920049001 -0.017357578475101117753057862 -0.452764257830040269740649872  0.167040405301419810942106445 -0.435651023635048853543429159 -0.112056443853317170804696594  0.063365407517536487755902604 -0.112961716291867568504373419 -0.364261163742107771916110479 -0.258023472886422486816029170  0.404061017820908973064092731 
  4  0.404061017820909052671637246  0.000000000000000044534150874  0.048126660971357684011930674 -0.144478391769024741615886319  0.406811264989714065027975529  0.316511773569816091988046031  0.406111277239089720983043416 -0.173098568691949370352027235  0.297850094753649097365118259 -0.358541410057759071160427347  0.291936600069721537175412157  0.204368881837491417997410351  0.093379229936683855975865926  0.404061017820909074274365533 
  5 -0.101015254454830560782612522  0.303045763366040194527594592 -0.483339714325731862535999450 -0.016420387335053031734405046  0.262837815096655414960841526 -0.028230728544367616226495074  0.121575127854038490517402452  0.345554052417175438426328107 -0.424835167047251712510273769 -0.009996375616432658645755215  0.265574418281246896460928708  0.265715724738084978776486364 -0.371865573118808389192465128  0.404061017820870782557562961 
  6 -0.404061017820890594454911332 -0.000000000000017254985643988 -0.162895681908482553836774002  0.155706765676109345201321224 -0.041667501621616156217689161 -0.168932539497121044251223831 -0.048972961144245576841358466 -0.622250130598172884743846112 -0.127558096788434792095783508 -0.039306457626408017113706431  0.483932715997429805092778371  0.149415741301913340195088933  0.302911094616745762438505055  0.404061017820907855034812464 
  7  0.101015254455216466133798351  0.303045763365620073829381775  0.059018668456719343049475535  0.766806488178061225772716436 -0.117939107762132692454402471 -0.008279129455143394366435996  0.370160114444374057729534450 -0.089221417293594263647293994  0.181867572236337977665274548  0.150759068319608805806906864  0.034846069733928117705069796 -0.172929802681279596026243245 -0.246177914603410920462204202  0.404061017820836518299465467 
  8 -0.000000000000112033052583061  0.404061017820766054861863353 -0.326431791061017188517639001 -0.118812126853050300360234263 -0.348492304988764544011227431 -0.012163497688563686778543045 -0.356835650785823271926655922  0.098499359803330373360657265  0.534513682355643189006606797 -0.350128172711497931521469618  0.176158310892615155494292552 -0.115230749044183665547014771 -0.069480395333382616466025034  0.404061017820878066065127393 
  9  0.404061017820908474818984366 -0.000000000000000651155600070 -0.270166638731050818943027828  0.362981231479251124352400359 -0.036393961385178004402484852  0.248849938735128269678086553 -0.377815010344997774088251705 -0.211878710368032507311100189 -0.336363837069753236573956337 -0.298554397154707075825487428 -0.353272419150194487527964424  0.188949577452585199490342656  0.135362552076525517123339187  0.404061017820909125773968726 
 10 -0.000000000000069664993393874  0.404061017820795233832301130  0.339288718109718472445068480 -0.036129847125608523368230692 -0.128334473570931966460379262 -0.429333776047055157943721851  0.255626287472504510613850043  0.154975994624356652019188038 -0.275064001998103460725495287 -0.479804581995245747153434196 -0.136921211936907142605289456  0.046008983022926890756948903  0.321583613969230843517704832  0.404061017820864896884754461 
 11  0.000000000000001830781568642  0.404061017820887275956006843  0.523469581414596554834548631 -0.211218292367493284058415672 -0.043674638887777478302740317  0.284851789215078804039411875 -0.256451098025089272835347343 -0.336307207533171125972198609 -0.212887789183270015349572386  0.041102619762115588740431340  0.090390687488965832204661568  0.054528433117468633507265129 -0.445004429444100472259030973  0.404061017820889100153267104 
 12  0.404061017820886329393300154 -0.000000000000013269066051514 -0.018923353911416557142136075 -0.135537140586181119745459375 -0.635959139070039419804926395  0.146319436674813211426027931  0.166049087936660195232449824  0.127625039628274645150149240 -0.179322246403007732630779242  0.339028908629164295855272157  0.331646268655867249486226406  0.210764940692554608210476999  0.216296678051142697259742048  0.404061017820899594742405786 

 0.404061017820909125773968726 

