
  0 -0.408248290463862946214797234 -0.031804705524262401194091499  0.669838316830327425166220073 -0.529492419618389638402179698  0.171673137081694060504456940  0.271669900645903945803506102  0.408248290463862961718888300 
  1  0.408248290463864897073976296  0.596312283803724944397477159  0.291894981467144660358279881 -0.242906201507795652832534528  0.094740097093914211467415541 -0.569704488822146066281243426  0.408248290463864904609181394 
  2  0.408248290463861237972959320 -0.290610350216827543795745925  0.470042700664064491716158736  0.511007700946668721531454538  0.507588310904506126268465049  0.095729062666103366013349314  0.408248290463861240873200131 
  3  0.408248290463859056856343877  0.075941894171767558476947996  0.339493952380396055054341889  0.070235044228008826718880064 -0.743950911994630972954439807  0.392318872149587635512211006  0.408248290463859075938302112 
  4 -0.408248290463865450559185349 -0.276860642713063432766374197  0.351408732448068941641187643  0.339022521464702346365898203 -0.381777467435384228010416749 -0.610330333432168393569677844  0.408248290463865459720693707 
  5  0.408248290463864521912919561 -0.690309175995993183671053939 -0.080184585233202559273913302 -0.528806441820561073583178285 -0.068481826357487016379143197 -0.257003878779805277943236799  0.408248290463864516031122776 

 0.408248290463865459720693707 

