
  0  0.331042355440993814059535277  0.000000000000000647862928879  0.395141012397902851097097887  0.025618167862515067073251153  0.036859875672136197082278276  0.081977706030393208795625792 -0.225879715004474841826844454  0.002318646430945908378797141  0.037662542715748997066430503 -0.071265843941722527212379729  0.119384906212654383639304185 -0.012279146544993233956058487  0.501482527471755009382606283  0.269724446335896131247186064  0.130636469499691146590992195  0.341234732402393743053723232 -0.324048674526795799403448145 -0.229613474028490815648435343 -0.195290778867550351605869054  0.331042355440994455256700085 
  1  0.331042355440991728623761556  0.000000000000001510102604543 -0.160568450202004753680877502  0.032807971893556813080839460 -0.059502910971272085125064214  0.047036386541446487813411537 -0.631396029297521250436223822  0.354214727846927079359887897 -0.268883225467113735668214097 -0.056440906213556619162603073 -0.079343464244964669352679597  0.137284420144118660673366282 -0.036728201039111791171372281 -0.031389468586484768458362647 -0.255773119507563676558415874 -0.063735251103883774353325332  0.368811174817607418887797574  0.017744437689347999446886554 -0.157769740715324109165329167  0.331042355440993263582987252 
  2  0.331042355440994385786445883 -0.000000000000000058459838306  0.220998372565284757494175928  0.040329503976064531027323533  0.233202909472080978126344239 -0.133930100701940648868669068 -0.056539589177400986259061600 -0.057289828083211207246995848 -0.343594934624771757892842255  0.190490893519282321653214238  0.437886852590870392763376315 -0.131574625149012988889691070 -0.070823161536263159578975281 -0.124253758231348404116164887  0.398264243496505955939275892 -0.212054363002842496206592354  0.078889914473481562505561161  0.249643587444804088726108167  0.324286196349206037951298440  0.331042355440994420968806380 
  3 -0.000000000000189575222927159  0.331042355440563083684123169 -0.388913663183631684805647080 -0.364911604412920891716632169  0.373239852854405601870983050  0.159702344878742089618315660  0.187024993214561141137929588  0.146292911979412746533942870 -0.067580620833561922726159289 -0.344411697785647239448579213  0.233279978442419307278245244 -0.180880515378571876187172897  0.307548576662182065089186367  0.048666841964062136864085451  0.037213420948060923892366462 -0.210339711679677739594707640  0.056427919756912589806192642 -0.054525730222343716380981092 -0.160438765831723394042832020  0.331042355440752671585707620 
  4 -0.082760588859515598271108464 -0.248281766581414205095250727 -0.318104331170809494932659109 -0.255812276770693509481352859 -0.013254964068736915999462340  0.252003520663505268476628496 -0.147654741703605218124182967 -0.116127160522106284493962149 -0.164240364339859090715982755 -0.150292933651306393041989853  0.223100352304634203114857595  0.191752040489758496610394993 -0.273876571246028967216530267 -0.046648184126806449413239980  0.254403073592381113668262418  0.486826449536617938203438005 -0.031514231903266361448399469 -0.293210090291791254885154366  0.252846850373002711778736007  0.331042355440929803034322276 
  5  0.331042355440986512608424891 -0.000000000000007138694196579 -0.123679485612648470748775945 -0.237914744994471928548609649 -0.072833002305010685164849034  0.034774330456602083515917382 -0.043116279223066693907065504 -0.105354721815685339928413394  0.308197169294003379133931042 -0.062550136767785268924807127 -0.177034795607612315692823077  0.225010504888183471744510580 -0.257332707272238664630023899  0.604986441733378830002375304  0.268694977962507012750467336 -0.246999692088431990267313049 -0.050829881242825558826766352  0.220939796186930802499937335  0.036560899066383035683781020  0.331042355440993674116139864 
  6 -0.000000000000005510315470548  0.331042355440927700603679501  0.078069697529426165286093545 -0.165069350161705652324669290  0.315250391318006881847613512  0.190942913898870459348368692 -0.411433888642014537908144292 -0.252000105759849337653134144  0.356952195334808351735375598  0.051301292815402763121396387 -0.120757299058152147043640121  0.119892956537195126337838873  0.012190273035528548577608083 -0.353101568520118694793821085 -0.194829060676735066483895517 -0.039473278760845466927643412 -0.229333916415685085219301059  0.105540446865099072617979331  0.318374456160108406689579486  0.331042355440933203932591875 
  7  0.331042355440994070473349070 -0.000000000000000653562557612 -0.378882453092557824886462900  0.126319784739027059336687053  0.113500750968317840673997218 -0.056885637868482345878980936  0.194684500704090108016714594 -0.465090264071080881366033674  0.015958653187139161701082481  0.384328514995587395338284137  0.168024150450295372297105853  0.121373760576297565703105582  0.179125125741966454359101711  0.099983469127656747314769614 -0.351002768412035527021688650  0.243699947467958084407419275  0.184545917594451591798514027  0.076473510693692626332405079 -0.071173420126035890780112972  0.331042355440994738504517647 
  8  0.082760588859364320666841316 -0.248281766581623184874261928  0.293895902269609159504102844  0.319337876899548964561379588  0.339368929725243926735821567  0.269202357060875696956195671  0.141918311200086506165623200 -0.176452088883906681033284826  0.164769424511206787265686982 -0.523257529508828237070367645  0.115788644500737765218956535  0.159678494569858083967982092 -0.180498609114527422853406155 -0.048247627359518794758929576 -0.107079235085780980877591655 -0.008924408611434042987517338  0.300167846094734414610872772  0.084604122510221264483393829 -0.143786725229986481880742853  0.331042355440987506876027169 
  9 -0.000000000000079244961059003  0.331042355440867834835737618  0.379662556933392330839284121 -0.286750934242194365034759121 -0.165359446848246599987833014  0.375425272227028382262528292  0.177908356612850701325792037  0.184102864561948478979141325  0.028898659777443681607580280  0.290649831021905915407572626  0.326110284897432699361156591  0.007089611833888411765941469 -0.322495140473783615815261266  0.137853823685763044555249723 -0.265669452275961628142644452  0.098246694169874465270633768  0.157707816790583114167890143 -0.061751153821760668798237582 -0.081074119039171307275716202  0.331042355440947097549751407 
 10  0.000000000000007082426531913 -0.331042355440976720311243436  0.074290658223874751761649053 -0.282890125661562751881433070  0.263060228220249565689358232 -0.143290390589422101552024083  0.198323754577868882606798105  0.345778101443432172174821324 -0.188681130517544553995643725  0.017027672344005781527917346  0.004739925296835608329715890  0.408126868746335368196443555  0.042086032820731277349007382 -0.005850632774360770347913080 -0.305194716865407004064173965  0.087110695145493529108313320 -0.354991124208444514540657794  0.352083265066590364968709265  0.035185397964064766782867847  0.331042355440983792372279179 
 11 -0.000000000000007794955721122 -0.331042355440785258989620093 -0.119941516416149976362900791 -0.073934308973647429074130526  0.035669102587122732720233869  0.072309631652757394799978328 -0.117833670142154631749870607  0.281351943641513848318918070  0.476599630171816788517472757  0.104158269333782427738105663  0.126153378518889298934226202 -0.525057897117338604365145011  0.033951869768242445728933165 -0.024980984546707708058720272  0.030755453729381291543140079  0.283126619966918969205880996  0.121875110000674358179395540  0.378955640177329071768700178  0.008552743206178913814079440  0.331042355440793046949350328 
 12  0.331042355440991715532020323 -0.000000000000000503047377516 -0.202036319543153602328261834  0.171766768258488084530660918 -0.462515859970571754575252577  0.008656934000582649879376967  0.075612999526219827172834193  0.074232119755610363883661235  0.189893197176607327189210017 -0.240272767358474677995821417  0.407841149290470898102411654  0.025219181953267929599245365 -0.100876422478491325270422846 -0.289170991672336934690369994 -0.155349495765819125401197183 -0.195664919286852444983530741 -0.421297258168019354412090274 -0.009099213410797361930136963 -0.017768204286024909639506815  0.331042355440992201010648108 
 13  0.331042355440993922398437363 -0.000000000000000790735803956 -0.047682352269917933772658703  0.003427634417008204080961698  0.310701907239091153304375373  0.029914076437699855663980217  0.082890092651754426139132457 -0.028754470193514718711288200 -0.181009805088624890932942103  0.072030753926562220140891388 -0.323859412013666527320552430 -0.405136671410018305516075043 -0.480423928246541164031446075 -0.099195571104913937769383472 -0.041575626249157810882922095  0.087348186571961962226774093 -0.332753145434732255279969629 -0.159523031557060569862846640 -0.299743999260878064464603751  0.331042355440994709149743827 
 14 -0.000000000000041058664449814 -0.331042355440877886799339383  0.048048530921714643910350922 -0.175173532980223697324965483  0.242475916401400132219761709 -0.320854497965065155564486771 -0.085136091719977553971411121  0.070309171222106908113482198  0.340785768467020327228585164  0.220180151899607324454503920  0.214261729533853288273584185  0.073680692254256528634932377 -0.063058255453163902000000753 -0.023620226978455195851903242 -0.067836276279182639720177761 -0.321950533424414312588411266  0.091151186409662144948310141 -0.584374234106537185861295070 -0.070297201883533457065936310  0.331042355440918958762877913 
 15  0.331042355440982611377957745  0.000000000000011519666467311  0.151307358257609228212856901 -0.233632404184513072460996873 -0.133784494442653849235330688 -0.237675490557963851431431089  0.213422995716995403194557283  0.010539749405764479845323800 -0.012509189484696504913363764 -0.315546521765036722833620841 -0.225096882694053596583871890 -0.238340510038731815984237167  0.068074955851403403036278903  0.026745864696251939182034809 -0.286456172792291755897125041  0.120369288235221396671399945  0.212429354764636624543195330 -0.185828266592316077956731531  0.551479679974583403268256071  0.331042355440994113814330915 
 16  0.331042355440994225351629410  0.000000000000000414073210427 -0.007597740859451849410419216 -0.072510220383581421852760025 -0.053785149109280502733584440  0.221832086563256522933297241  0.317927760878424331598707947  0.230265272814974925565307574  0.172033145079725900656675633  0.192467162568602428917240686 -0.300974577033076424385608927  0.286461472060681167318627049  0.174157320974992232777748234 -0.457030571489541736888723850  0.382932068936657981662874395  0.049739785339977298405029268  0.201332078223471796322454307 -0.075190899626118229642866148 -0.071422238234087563758095956  0.331042355440994665564816493 
 17 -0.000000000000375316681339893 -0.331042355440582999827510424 -0.079162390779569457727193622  0.189659089584852176245941859  0.020555184883353577152031630  0.618606589260806938714108011  0.048764461021262934515803963  0.062337147307446690050561919 -0.143621122889705988667340825  0.202215215943708188765272349 -0.114794788514457558722600943 -0.138077630919197070794523195  0.192876776788565690781284030  0.178463034087915617742557510 -0.149627764374461673922180049 -0.354908152095990320738522900 -0.133572571665805543410124150 -0.149038636778128477002459788  0.328022820689137900145851065  0.331042355440958341566536766 
 18 -0.000000000000208922904476989  0.331042355440783458319546975 -0.163739631005386445736639149  0.522037210882816110472416649  0.283215109011736302860188022 -0.108394790351420359248032187  0.086316669674353556259956480  0.461946255777976552984922382  0.167209706081389132786667318  0.040879036096964665250596844  0.045894028158632720550174277  0.136142881267412378930867570 -0.132168670571055630699633214  0.219420234043718658867912902  0.041874667095301996111672647  0.203371456557750244359406011 -0.058849008951276058929720676 -0.148092004298309791094126996  0.306397282543637144167428255  0.331042355440992398552283935 

 0.331042355440994738504517647 

