
  0  0.110431526075353090901305479  0.331294578224055722722287201  0.609876619730965209174519681  0.013794183658413881239430834  0.032439351445097526656629466  0.109820955648632985269576041 -0.375255818214461054922043148  0.174307348580451159484358374  0.164379639833099363028655511  0.541840729444743508520614117 -0.031369298990618804073539838  0.441726104299408811604266134 
  1 -0.441726104299480229492145741 -0.000000000000000349815231232  0.414829134571837478877385369 -0.489605127026858691292919915 -0.253590215507240411871954164  0.321216510238278730500092670  0.232197043880241989061955117 -0.109260074114779202706108831 -0.360773905236682933706394288 -0.116277741812960808431593341 -0.126736177573702251249144687  0.441726104299480576518156100 
  2 -0.000000000000007164001444672  0.441726104299439264539361635 -0.303466145766149141493016328 -0.043516371648903772360400749  0.129716869496117564861852392 -0.180184089622076557080728072  0.050560217610662306688686877 -0.403359231884076783883948808 -0.298572638471922711315802157  0.324907505196851613421147806 -0.549212515552683727042358047  0.441726104299446423472096449 
  3 -0.441726104299478040027173570  0.000000000000000019837882309  0.103314674716202656817962569  0.050692135976800889817883537  0.236343683694036450545898111 -0.401134713246629806321277151 -0.032754095570193823093978073  0.540708451602759916729962208  0.118055451483008204672218739 -0.219939773283288087643767318 -0.468100400787311940399744448  0.441726104299478081606326885 
  4  0.110431526072521216585639592 -0.331294578226925882832301293  0.291324021223474061528021378 -0.009584506441566297986326718  0.634526375661899537687291040 -0.167623360717122956871079180  0.482598798379931182516268742 -0.071105385839317743204503371 -0.184250061575286089339954614  0.269149891686865218721862181  0.134233358126083199472300227  0.441726104299447086543040086 
  5  0.441726104299474464924719908  0.000000000000003256507538435  0.154285944465310707640918683  0.358478085303929756876614027  0.028506902241344367811501652  0.503858308392245130816113757  0.240480846946068998809184492  0.149113142656889994622248542 -0.051709865430374541470754605 -0.270843762080382499158898862 -0.491716889444320404568139482  0.441726104299477710050242374 
  6 -0.000000000000669323258493305  0.441726104298789013419051716 -0.052732818298584325180278394  0.213183307309855927144898007 -0.345367089599946076021062466 -0.159833914560160995904777512  0.567245140355141286888761981  0.400149684013288600990853119 -0.156919777678705431680529492  0.164829822215748171399907034  0.279544922197676945388282455  0.441726104299458325111709528 
  7  0.000000000000790043414610769 -0.441726104298611134277513859 -0.077512762803303901443317380  0.257410884614190210993881977 -0.229728638480878986569133637 -0.045128036218774879312901809 -0.318082649655079149854028375  0.243398239559854849420545211 -0.662964254755649131983698957  0.272821050107900998552392172 -0.058527483941704780627914625  0.441726104299401187521694270 
  8 -0.441726104299477488520633481  0.000000000000002311979207731  0.265801695200152032278655481  0.708771294792839452617114887 -0.084137796922490964727169536 -0.041088742217328792391236366  0.026717371463466351714686423 -0.459284280725985068254352620  0.063379372845602746010208392 -0.063423489530552471185750017  0.058377678031981747642939701  0.441726104299479818633732478 
  9 -0.441726104299475333939866209  0.000000000000003523860997560 -0.404359399785206366750552401  0.089672200865575018735207594  0.296632662750625692696295616  0.610414652351988505955219383  0.041156272209472217326199205  0.202749536580590897479948499  0.122661610042303906561241174  0.331544897828661518692774587  0.070458025667363366717184728  0.441726104299478865592917809 
 10  0.000000000000062404866075024  0.441726104299278565394398441  0.039771752383164924808916629  0.070209931378067686559346292  0.437486849789039170362725181  0.086806730688258304702315665 -0.292497045171647013743617891  0.062548236615800361322728938 -0.468944114661253859020154794 -0.421434405621457959116625894  0.335342102252150266980838464  0.441726104299340959548911614 

 0.441726104299480576518156100 

