
  0 -0.267261241912414581635686756  0.148561643985503123545420349 -0.230097051818078689961540213  0.005742211693140144059457067 -0.206799359949525074405798572 -0.180498541916723878464757884 -0.055654064609428295419974722  0.176931111571810529130310309  0.045415733622132730085097993  0.265751339859708252122416638 -0.486882185636889780569773120 -0.591113924604820132994997817  0.107294352557873046682664162 -0.270383379772734841581423304  0.267261241912414571064715574 
  1 -0.267261241912424110444635242 -0.187422830104942098026240931  0.333952247453708334979424061 -0.516787988832926195570914574 -0.463577335090665778097578781 -0.097248961675340527651605158  0.286015230069260298497542047  0.013779403701539186298030205  0.291928157138756607275357699 -0.014216091977165230624003940  0.251707058117206747548414911 -0.094322824708006699542383201  0.200415153048408701584397716  0.103202103907890015684967796  0.267261241912424118982727350 
  2 -0.267261241912426572613558848  0.233220305830301406687385737  0.556221731587780934271628835  0.265118291495456195693393789  0.130947209521032574073141734 -0.357587267633584050721250874  0.130029693534522002639299866  0.040883246221735997394137064 -0.508654349119292512699727626  0.061078475933147048898796657  0.104625421774337415894572285 -0.152404889828677510724510603  0.006326071672110211373648214  0.185042784399514841190163492  0.267261241912426561473381526 
  3 -0.267261241912426383393174695 -0.271945244884959681932285955  0.090494817984014214877258511  0.259305242828717262104209346  0.194039374043520327755554464  0.624011749569754669501441685  0.352964702024763186933133466 -0.140778009340039258521864139  0.065988003267174804413526968  0.384517073716984190143511335 -0.090709847518463506730961553 -0.125051647168502524544030259  0.065792205299360712840775738  0.165353011815305012472050207  0.267261241912426394939927832 
  4  0.267261241912426630862320565  0.332670537010605216134313811 -0.115502505482126563427012871 -0.096372133938316380515694444 -0.044069775106190602717868903 -0.035513063724186605967143588  0.514044345444693781435434310  0.350090652775953691363186246 -0.102724656981390324885753014  0.458991847941597538802814896  0.051161720781794177035170122  0.357733889022537625192871280  0.122033891149494183189728926 -0.196356179275995816214798496  0.267261241912426616984532757 
  5  0.267261241912425776565218755  0.113183735402334868420134821  0.046766910612671447039620422 -0.374169836690652987475731381  0.357681292880083552462042520 -0.263413217145489757622153076  0.271255596047534497633046263 -0.465462562778579775246874661  0.154715610414144462750590109  0.115841947877156640219311386 -0.329590070367429332820518109 -0.145843872635349910008907039 -0.236836696794710546766266242  0.250330354537996150736953518  0.267261241912425784317264288 
  6  0.267261241912422914542533936  0.345311089478870431794359230  0.347795112907212838285891943  0.169282184846050860678760494 -0.210959241273449790230322225  0.109030425565927041990925590 -0.349209487727708948475542280 -0.426540877110848828403753819  0.220326525465084976370755757  0.286721472818982774430742258  0.009942687449090297316027607  0.038818081242505356569781096  0.392639030789542015656640520 -0.113639211011160553123702788  0.267261241912422897737400262 
  7  0.267261241912422183166853432 -0.166248462612735609043846351 -0.106943694959215930384403576 -0.100452018424808046293168502  0.209948308977456121564558050 -0.000314140929493767850372806  0.053548300850619408894852770  0.124776489131503900554111351 -0.215856745547934477101907277 -0.233689256505333103216778302 -0.131398612177560338964282804 -0.150624243867832130429253862  0.781855374375225812926242658  0.253839405324042074801535462  0.267261241912422176092434256 
  8 -0.267261241912423882192972879  0.541968953819107079937847371 -0.109021955122747254690455162 -0.388694787481043359890281116  0.101427800060739586698909439  0.448065362557512177689748520  0.043717479680093845850177760 -0.202671761398571888287511826 -0.279914162814559659307397932 -0.290840626287076904800269275  0.106020709793088272692807104 -0.089205170655248886953862623  0.040387066250778024238015426 -0.184567471583576495080961447  0.267261241912423896938122425 
  9 -0.267261241912424427356930259  0.212108791441213636824280990  0.199756899443863213789406019  0.205792404172321549278806656  0.052549619046163998773476666 -0.025944074550570525093635488  0.198200683472851161415336993  0.109368196649524280194816592  0.374944365695884060222815154 -0.415873119139790890688278963 -0.510949825161885710401998839  0.396097000378575382878009598  0.121377132624969869758733889 -0.020488811200160629215108704  0.267261241912424452049634738 
 10  0.267261241912425065952009853  0.236672762808845588706064926 -0.131749823268022654739329950  0.212392692803440917917196656 -0.583333591903479540467618303  0.189448112045503338712686657  0.176960176020380550730216364  0.007890650199726908019515735 -0.116204506442244865435794391 -0.182321976092427719153801942 -0.123013848070895946108999682 -0.143926396401763219732401408 -0.195707329904087537185701680  0.530706664278598312005710835  0.267261241912425062672298282 
 11 -0.267261241912426563777311142  0.362449485322103719141858397 -0.270800698416954597347186887  0.012627953350265283288567401  0.248457900072867924004690020 -0.091494410938200384536707604 -0.218470157729273285792249808  0.216481221770622241139334779  0.387392982132515764317386500  0.188438359660649950753311815  0.301372140518521381026681091 -0.013713048680969273404523293  0.087785121825064336284418116  0.524129421762732822720129433  0.267261241912426561473381526 
 12  0.267261241912426623218695249  0.122341504227606280279390914  0.056468576334451532188076590  0.306127313472299731190832961  0.176007997504729297760968365 -0.014966627123220072114919549  0.341914189212781449641069195  0.070669970112823622194119996  0.363466943472886353975288484 -0.298914497110906771565374054  0.376454840381938994614682489 -0.467488210178362423281124213 -0.023456481147716952900339829 -0.285179249916106941311515557  0.267261241912426616984532757 
 13 -0.267261241912425629357668785 -0.055009939092792265347576369 -0.473671414966626270359349379  0.273704874842076916244791585 -0.151770216624995391160000968 -0.335032366723814517236231664  0.271709553405517502123718912 -0.552569086846031565555224796 -0.073377559542060165725095057 -0.032225872837380713970982299  0.178373246111004722276051869  0.158383752449363493901572826  0.211150685189174576176954039 -0.062585875391617168435744005  0.267261241912425617783810594 

 0.267261241912426616984532757 

