
  0  0.000000000000000790514498849 -0.408248290463865580663446048 -0.527604212635716604670645807  0.174245418523305244614166575 -0.057184301368715476035378773  0.287427323660730229344575232  0.183922296503948669383547536 -0.266398409693218931552222140 -0.283988606839883139879845628 -0.027574476851775793264170901 -0.402389736295287964168302178 -0.300995427296754639598722059  0.408248290463866361261905183 
  1  0.408248290463862220287232646  0.000000000000004267720685820  0.139129826043066730689896915  0.029731303701607091431781686  0.411764999225566824634248847  0.036010820632459694854262322 -0.391340890489621730696963298 -0.131910685162895368216940534  0.180486259315625557862468147  0.396362465882348484881667755 -0.521892914026748617507822647  0.098215331421013885188368766  0.408248290463866507791828794 
  2  0.408248290463861828917353433  0.000000000000004009570673372 -0.270490663376847039682353280  0.112583094729175308707370528 -0.551365333615199723193284198 -0.236093043845435555523853792 -0.098501817169888496998240383  0.471427502178213477673513615  0.327511646746366602382920935 -0.017508235181373537972323467 -0.169306621470750165301321841 -0.139885230644279080932084608  0.408248290463865861065232907 
  3 -0.408248290463862485970975014 -0.000000000000003170392770825 -0.128672696353570598193729636  0.123766662233477061501286335 -0.194080419140279275530937622  0.371588922202667802050521720  0.035957295258766018739661268 -0.080889044924105736769734832  0.551082613960275301625852534 -0.006294014637936145865857064 -0.195985406798483795289531929  0.525104790770407577396843707  0.408248290463865632515414947 
  4  0.408248290463862030741587841  0.000000000000004340120746480  0.154070106105442555975639125  0.095322285696311762915320428 -0.506561547484662273732342747  0.144894716463257710139297257  0.063644634933952311137096355 -0.370105415636904330176125758 -0.322652786095484578348822555  0.282042457900576558956634576  0.199527661698334830443616640  0.398017088681346633925869569  0.408248290463866358144823937 
  5  0.408248290463866224760851667  0.000000000000000674466928785 -0.371826721386348196449461029 -0.618782766653949048744291078  0.250616804065950109562093545  0.145284280802086215430494846  0.304140663301610007779448783  0.061788251543529445621396635  0.098212522772781665403502883 -0.163975111917784865562543704  0.112616551045074116958104402  0.287635967727615847065649607  0.408248290463866911331877393 
  6  0.000000000000001251706869164  0.408248290463863611779405868 -0.171244412302392515622009687 -0.239705850452783773230839952 -0.164627229302214694872403405  0.484433117980397563370753566 -0.508443817894303655489755822 -0.186028221419769415349225287  0.069473726891963194714793659 -0.027763357404412889802719239  0.203916898145613250217019624 -0.380093541397145688690581769  0.408248290463864879564111210 
  7  0.000000000000001757043077516 -0.408248290463864746396979374  0.185577827746615609693812618 -0.004967669809236698278169590  0.065629231319981121390661014  0.504541597189165135623183794  0.069034689860172135517904415  0.509460018417297337632154014  0.021820380413894346121193488  0.432483012319516718445890427  0.266683014922962679669939806 -0.130565278601877417995148420  0.408248290463866495106663376 
  8 -0.408248290463863257055560085  0.000000000000003592056811433 -0.220444756261120759340747625 -0.504912744760338586447103587 -0.201464658668062113447048099 -0.281492148150297158073910100 -0.158014704682720754546276440  0.112088697846046837970244645 -0.267524971220982885934669415  0.503215591321698055846459163 -0.183069915955597472406735093  0.118878366415291830142830949  0.408248290463866831344862118 
  9  0.000000000000002379748157355 -0.408248290463863461563194870  0.288980730670950909931863834 -0.364679060585498105708998628 -0.196418863619927584179673287 -0.177736269738561263368224752  0.132455091575982500471525549 -0.440407909579052446940672719  0.464572222414963997551241512  0.066351611362086348571949837  0.048946768278971436221604389 -0.335459314134069646478903542  0.408248290463865841061702824 
 10  0.000000000000005872452710989 -0.408248290463857000612713649 -0.411027717526429658148829152  0.204111158754291923883637631  0.177873507720817871627285583 -0.254212815911998854545052196 -0.456779211379706879961673516 -0.138051889486589468022210633  0.107508741648295888433141659  0.038065584465162493924233859  0.502607701751090336656641044  0.182038047828041967693218049  0.408248290463862894471248552 
 11  0.000000000000003322181084723 -0.408248290463863701415820479  0.292828959442181570218405318 -0.248415697335647765901854404 -0.154526803354374048549992569  0.124413282781049770050704230 -0.437076684454713996873112883  0.149369968921792567424300727 -0.240439010745309402337813003 -0.537089088699391819993912006 -0.211930850512118717246480212  0.204888430807519990390816976  0.408248290463867005549046182 

 0.408248290463867005549046182 

