
  0 -0.000000000000006145315643358 -0.577350269189628313357392358 -0.000000000000002281258622546  0.346888592368507456942640713 -0.187334127857381904118578599  0.023473652868988724527060663  0.478832327760594150952658948 -0.013237187869311043209004993 -0.530315247811000601283522998  0.577350269189636711153739562 
  1  0.000000000000006188485983894 -0.577350269189619447673597619  0.000000000000010641104200365 -0.139599555841078605696557735 -0.059124761234620890507454084 -0.534511486971133342543070766 -0.333062487724012992143952233 -0.432723159265525409046667868  0.244541224105178046628692595  0.577350269189636232370060193 
  2  0.000000000000001897963118129  0.000000000000004476602867417  0.577350269189629660966482649 -0.195894597350698097264925547  0.591896290563708693868976568 -0.064472373664706405859770380  0.455789454557452084078848775 -0.245013755549216469880268419  0.077577705252987296702827259  0.577350269189635991406127358 
  3  0.577350269189630506861017623 -0.000000000000001262206066722  0.000000000000003181524956391 -0.559640646586976399628338141 -0.405026645858271831942502145 -0.144980400510336645292252568  0.353191298210218608349085512  0.190999793648702813388400197  0.084723660578176256973396106  0.577350269189634948783108187 
  4 -0.000000000000003274494322737  0.577350269189629511292372738  0.000000000000001673608313418  0.207289036527426783116886434 -0.246458889092005104166395457 -0.511037834102138735785543500  0.145769840036583745051016435 -0.445960347134823318531252068 -0.285774023705829168640448271  0.577350269189634453953236665 
  5  0.000000000000005852098630449 -0.000000000000001483460498725 -0.577350269189617929356875270 -0.460939610175945022215154151  0.295901634443240266019153201  0.244020869932695567592565583  0.021839034568706978748961586 -0.416298347925033425463280795 -0.365124803721450419641096630  0.577350269189625295046964376 
  6 -0.577350269189631944025207361  0.000000000000000248274336218 -0.000000000000003273308247720 -0.165089840123629323873099585 -0.456566953932962608952474126  0.289578068142483044671194048  0.342261061723385386155581872 -0.289402015899135464139808188  0.382370251462316368781151413  0.577350269189635469904882392 
  7 -0.000000000000005312320274482  0.000000000000000726173715561  0.577350269189629724934410826 -0.265045012825233962676287763 -0.295994656120473454129779847  0.308493243597408734618398746 -0.433950419988737851517603822 -0.171284592375799616764371971 -0.442702508974435775886309419  0.577350269189635766379966458 
  8 -0.577350269189614843554862050 -0.000000000000004828154735263 -0.000000000000002811604890073 -0.394550806463366562269962437  0.051540308074703730613683574 -0.434558468652835803389686622  0.010930236486828885601654132  0.480401809547846553609309200 -0.297646590884138586565691581  0.577350269189622490649625025 

 0.577350269189636711153739562 

