
  0  0.000000000000000084438723356 -0.699849162985467852294597935  0.000000000000000030479052122  0.000000000000000094361900788  0.000000000000000557783193663  0.234099365699156728023392487 -0.416903294598282493996091805  0.135880258716388312744999430  0.018535749734040191806004150 -0.039351682313225834528404908  0.419887366183950931766482792  0.291443485245558854052809819  0.699849162985468610151916502 
  1 -0.554453944349626065080452464 -0.044344906429315356982060869 -0.000000006434140833250737806  0.000000008560465210504658224 -0.101050297132773790366726697  0.236211669048370399349480453  0.394938129280204972985706888  0.589101883169987559669012606  0.253432845947282287023608061  0.215412088796869638219989504  0.062946308245166708335695347 -0.083649685495162828387607536  0.699849162906321217139573448 
  2  0.000000019103345021213238306  0.079235108652036668782216253 -0.620614000273403255188847671 -0.000000007601197296348893584  0.000000010285501174289639899 -0.129071886696676018535133099 -0.452388904596941595796311467  0.105393151080908854317534987  0.456536617524285895169337129  0.268801007644618008852197347 -0.305628992222675678424150328  0.045258427398591276842246397  0.699849145915483464058977348 
  3  0.000000001775850271629432513  0.000000000810480609750967922 -0.000000000147827120102218432 -0.000000004191099922796969526 -0.699849154904224823045902348  0.285875575661384195608367975 -0.309535316573969562461325980  0.073517189736000804687590573 -0.206359805790988317590432810 -0.169774119535076011249918188 -0.165554649207911400160412110 -0.477968056717735657309758732  0.699849161829482759272606784 
  4 -0.000000000536517662513860974 -0.000000002619937517523578880 -0.000000001385047846873240709  0.699849155013691458563328263 -0.000000000432820787340235427  0.162416845922024049919197078  0.050457358997420980503256088 -0.386476345814738834062284506  0.279144530205728584078403096  0.246336032325684322740605436  0.311062545091814687174634063 -0.310739442155836646444885471  0.699849159988015307170151208 
  5 -0.000000021367626827857143926 -0.044344918815505883133692294 -0.554453897866597496691537517 -0.101050298276091217657775192 -0.000000007333384940103581734 -0.376764768377224569317418892  0.149253037648582372103013213  0.097045702265279023205474512 -0.379626941085447032860544433  0.036623448117140618916472497  0.502287756898513165781678530 -0.330161067038860700024105119  0.699849143659206355443450076 
  6  0.000000003076096825899220846  0.000000002647191257017190311 -0.000000002393761500317835499  0.000000002174818085223757296  0.699849152639008201075548204  0.358815844234943772555514185 -0.232865674366666073531761429  0.188693941987296101521270550 -0.209775460256350285595896600 -0.042226880020074298773414666 -0.161681587726300679004999908 -0.468722453594649911940393794  0.699849162930875822558832861 
  7 -0.000000001669913351844808200 -0.044344903950098335745384900 -0.554453909540892829704936823  0.101050300797811888172859050 -0.000000003362043399512146565  0.521238110863884947449378715  0.357117071909602179610905559 -0.215014875963695002933644303 -0.131385806559290233553314621 -0.337499098362437962759195764 -0.160189640307925788576806289  0.279502178564941475676303498  0.699849119320759768933439687 
  8 -0.554453881798174421453775235 -0.044344947645588482700994715  0.000000013605577451073694029 -0.000000021153188144553909638  0.101050291338928075382378770 -0.268954453821241885354406329 -0.136056597704891979447642224 -0.208583530743184109073002155  0.277088822881446326251578607 -0.667948426085355259098057940  0.036122522431381750037781685 -0.147682495876872474995259929  0.699849155541456609968837405 
  9  0.000000000000000445778897759 -0.699849162985452124044732231  0.000000000000008358189707377  0.000000000000001146225004693  0.000000000000004394488603874 -0.252480300357142987743635718  0.291010607643025908671625610 -0.179072623191828263626329716 -0.021745226279077257387171160  0.163296649806244613840075855 -0.492464410206226236937053498 -0.245052694004627151389214337  0.699849162985466422557193078 
 10  0.620613983530887664149221228 -0.079235145326995417814307503  0.000000004928635116940445101 -0.000000010644170237084415867 -0.000000016827271235899770864 -0.029252251631924575634929680  0.231283715985441647866463835  0.339953529983253672065810630  0.473965791186412565752896289 -0.404294016809160200708874941  0.088507703303432160111402505 -0.206671198647972698106867369  0.699849161257959716459561145 
 11 -0.000000002845100150287217274 -0.000000000509111364026194451 -0.000000001672096882050260098  0.699849150998703474068230596 -0.000000002216199063021351862 -0.292078315430341186654562835 -0.080470586508979477327900467  0.431534357846818451630950195 -0.314987725333642941329560100 -0.192316997125699450007499033 -0.215408308531887086509880314  0.222710961399580586228042801  0.699849158241210943579273945 

 0.699849162985468610151916502 

