
  0  0.401543576177486350879718494  0.000000000000179839735228141  0.000000000000093907378426970 -0.128675624921499789671697905 -0.271262157339704932594148107 -0.153327700800108834299525888  0.004841666701190842391083633  0.055659670539171529937119611  0.173809441697501543218134720  0.064486491726446616821902345  0.214580486945206641886279599  0.517207582425015189133473553 -0.073821622565269369076646107 -0.274348671370083139949567000  0.115430206072301154689857539 -0.024241106311739070243828700  0.047449710433039817679835414 -0.232773313505426337615160023 -0.461875066663845767014374977  0.098400214905628103651414728  0.401543576177760119219530693 
  1  0.000000000000093681631508913  0.000000000000100183477233664  0.401543576177616322976171928  0.237133566033693837191717937  0.033556708390466271101413133  0.183687386845068296057303069  0.166037516315358429377056770 -0.290936535679105707618685023  0.207218200575238427262546835  0.296437680151527919856406859  0.346446656425161793514287331  0.257270502252783872884243574  0.078166445959839766025045726  0.325129463398144346301553084 -0.011034409961888668154976977  0.287907690700690555913503557  0.252273485688042522806680268  0.215938875429378097410429774  0.095691892173213450514671682  0.064517528058177190847829845  0.401543576177810188814268355 
  2  0.311298716791494019251462788 -0.090244859386157843566991354  0.000000000000148102008510213 -0.322424240427808429982920596 -0.203399117568944702187172871 -0.161778550196412850090826874 -0.214079616607246846652430790 -0.444312311124581244665097957  0.085724123850651753368725012 -0.151520045999020159578109246 -0.081698072550691560379007138 -0.211447819024089552324423454 -0.130638221971886694220440876  0.186585050742615237424188411 -0.202880985739259946822976403  0.025895271788914209497265719  0.081281581266588322054304511 -0.014707549002279867631198373  0.196459529597328281616563407  0.509295519510216550891808229  0.401543576177799952861557919 
  3  0.000000000000001347521505037 -0.401543576177820996927570266  0.000000000000003677136114797 -0.084173112675868845860476051 -0.221620442078010186119575893  0.048806417391169309136672886  0.096415253274471414213838295  0.384940832184466688836417883  0.448212941299736137299239425  0.129995338433390103391939716 -0.119580325675317980865732144 -0.062760686112188593969920137 -0.135201603579822889956464638  0.247061133759625474302533063  0.181041570497325648731595793 -0.301700182896402357632381630  0.286502062013888894533193696 -0.148291158046897672374907044  0.265986972475166571708163690 -0.093445856168397040079497302  0.401543576177826017976251263 
  4 -0.000000000000038402215668917 -0.090244859385455934529642399  0.311298716792061543957078479 -0.087730682123803272860166225 -0.293856537359270467369082649  0.167083866386774155773139311  0.070547763200006531885289524  0.172730257959053925238628556 -0.323787508000161867993942771  0.218221236575894203315868596  0.069782964525217147632449918 -0.259991119146145214087407702 -0.612585960484413321420690823 -0.095224308571936197248086579 -0.220380198470213464702251865  0.081267919223682714521708563 -0.014107123497410079236509995  0.176334792856049845153178571 -0.195821952296846137596408877 -0.064083114955893702504869779  0.401543576177555888327350142 
  5  0.000000000000001244866318655 -0.401543576177822236197758471 -0.000000000000002359685131840 -0.258992428141686627257210193  0.498427390721773695767948115 -0.007732954187243008748623774  0.335416004256883471516424364 -0.046030773492258509122150058 -0.111842191110939549458520425  0.000340992837064197114730093 -0.004524057847099649862114611  0.068297164894842146564302599  0.053290350841455230514773049 -0.211813639520996869610391065 -0.432844694963020032121197092  0.033145694103490772633403491  0.333189658424197251068493361 -0.204538485045813506928765596 -0.046247827505434927319573563 -0.015207829660190854984412232  0.401543576177825819106467775 
  6 -0.000000000000192324512652048 -0.000000000000106312096108487 -0.401543576177504942426206569 -0.003653988603847712342958330 -0.242687505907024185923428865 -0.287273676926264410737494118  0.084066358879111975968816822 -0.005981498467777764532415447 -0.191117685850057068478033070  0.125953787564615090135977660  0.372080729256233557101932533 -0.364485307954769949836905038  0.186765490233865899045344675  0.264599649685187916114308473  0.022072281087896610170069806  0.270553877222002729099285118  0.271075235497479247734949753 -0.194285160609376197492648847 -0.167490005894589620712934602 -0.220628260926971466075806154  0.401543576177803604942365828 
  7 -0.000000000000049306062663004 -0.000000000000283359482894354  0.401543576177491681712065225 -0.259911346213703697664854086  0.191785662263327164183692418 -0.247370251659873589318182005 -0.004131749744572200892231200  0.306103580967340885299072389  0.004547788523726615158420810 -0.434014633918934798360780153  0.368457030353663274525226681 -0.194803565978094098696052350  0.146160991260320469181535966  0.054734242140950758904874903  0.232724361677211323806138341 -0.100721647289651071213701337  0.091939489117183693108294792  0.299050174244700713455796803 -0.137497913807861190779095566  0.109390547213612432327122306  0.401543576177824366709237514 
  8 -0.311298716793281355508108202 -0.090244859384494212331995384  0.000000000000027982922572529  0.236005871338105756518594217  0.028544912042325043887396182 -0.099255810557702983078426969 -0.056390853268678402002655158  0.101627285747022559869419747 -0.073968524108645242739286298 -0.338351743257078101562466618 -0.319020277373625724836756976  0.232261295202220302896973549 -0.218720557255897309938065705  0.460784913060570942838897399 -0.047459987416928742782990880  0.178312762447224084334600723  0.144350780449351836855795099 -0.131916604141067572903735228 -0.407171174269148136124233869  0.202894891018581280311213096  0.401543576177803554255914265 
  9  0.401543576177126422700877292  0.000000000000567291278988815  0.000000000000024749121911603  0.146383546036979189669145415  0.004575138492905262863427339 -0.107725572133243900453734680 -0.026833471841332626004001586 -0.149122636587442324975828246 -0.271906644350133056573046858 -0.365585598277950181406821192  0.041260900264675175651908927  0.258918335314372208115236279 -0.222556382936066582997180346  0.194634491840040870503356941 -0.064023271486981958188942302 -0.210835074168894305823547877  0.133927844839476720145568858  0.097023898793275114488309039  0.245454454311961370771739965 -0.531847287750256128059395816  0.401543576177718478185376880 
 10  0.000000000000014815353084154 -0.000000000000003523447090974  0.401543576177544128420066061 -0.041179726772687805123808902 -0.204752911103666476898472505  0.177056705773399027144666788 -0.515759309936024299726720077  0.142749774143692218723433046  0.034203010000329744907590765 -0.099962624133021591611031071 -0.061917760670118721734239350 -0.031072237393195973680930688  0.371979292655963039948520052 -0.038454204247438957221051680 -0.341905171872704864640150554  0.163128660612605429325425339  0.081488462863707573478227238 -0.321355368143327752976931913  0.004180593972695413070916144 -0.261080025833478819455649167  0.401543576177562442492113143 
 11  0.000000000000042379076507418 -0.000000000000030230691183023  0.401543576177530513659705291  0.445587427427009180244937142  0.075726976596174250709809280 -0.421554280275215178521927561  0.106025444802184653704686928 -0.249460203036716715406647879  0.045650499476283609169411813  0.122541730271955677735340896 -0.041086835325489826481720323 -0.295983457413407717714534662 -0.048077862876167537282848328 -0.101872419186371401640602181  0.040279379260324381848264392 -0.325383657351413691893437380 -0.061193998038986080024119853 -0.379632378938161347772415818 -0.094055434405569589661317252 -0.002674175043418798248811039  0.401543576177603113246637745 
 12 -0.000000000000000455554677848 -0.401543576177813778797396835  0.000000000000007317723078091  0.325950343368667036102106355 -0.440718293805030363931036358  0.144751023046152040886502821  0.231386948505732549608644895  0.005222977983756844794831041 -0.347526047086986813490624634 -0.202809698586354273026378936  0.002153854897639116903098596  0.050319480075239698357001967  0.381702799768506333962870061 -0.183461854216616596785494053  0.004534111894368818722845588 -0.136273037545051547332901516  0.025160353692290471506993283  0.144228558503395357941905854  0.066006362352286025074927806  0.274928540678253877197227337  0.401543576177821550141728776 
 13 -0.401543576177536556975509671 -0.000000000000215759638190193 -0.000000000000047702351283157 -0.134815127086435278857602139 -0.315695263041141905988517732 -0.118708031481616317737268380  0.334126295062768497129250533 -0.211972709214658493618644620  0.392679106745182546596905845 -0.357386756634649654701309934  0.163915804386216046320480684  0.054637264926318578772977729 -0.079677374448573058378516264 -0.092773211652038833419705449 -0.275445961411565529391824725  0.064114591577062425308594206 -0.290950871172182351238454795  0.004485553413135634260477296  0.038911282111268872742511609 -0.239501161669105232289726966  0.401543576177800016178964793 
 14  0.000000000000001312801832998  0.401543576177806723649914983 -0.000000000000015719533131934 -0.000129120186793037535198417 -0.057503663665463126412929129 -0.193520354970266078261428161  0.182418219885766993548087411  0.399948787476389880878296229 -0.145668538800934517816543581  0.154589906863265319329498598  0.137947977580183190471482466  0.199910273248820394124698058  0.080431199149740964630961055  0.243884912774405671943584589 -0.470518085477384973453482755 -0.250629823882732353661261307 -0.111788478200350075121235777 -0.100299185712336604406650590  0.236883760918390117483265343  0.268024745424671828305032695  0.401543576177823759284970379 
 15 -0.000000000000000909519264024  0.401543576177798028131651215  0.000000000000026083095163371  0.042205035446102376980751034 -0.169428298505408179871990423 -0.162790706061518061721540146  0.129324263003756189394370842 -0.007052202154264865462114073  0.166048555488640747952473059  0.007702434420735075343142421 -0.407613854338263026838616934 -0.076717274206697551300793321  0.100645177626445252511339958 -0.252671054243557962145803539 -0.128347682022921766688879769 -0.031485469403211636952433618  0.568493615316466912126304456  0.367332251817107411094630656 -0.106696427275802784090049952 -0.066298632609514495517407870  0.401543576177825004301430098 
 16 -0.000000000000008339541243342  0.090244859385644718671498805  0.311298716792065229106052648 -0.409246241806474736485291568 -0.143423952046658131532380111 -0.140116276468528600963468940  0.357562216591515196514698693 -0.062364157845687004209792384 -0.298894195880876353517766053  0.092581783360021209730735502 -0.379124177084600889962428399  0.131134764977580198095285721  0.146335092316483691331436071  0.127552463078499046361105260  0.351960265754392703617262420  0.235560466021076475562866237 -0.106410884942452230605307913 -0.187023484741036336863914506  0.149631811135066081214347808 -0.104612493103444598890362782  0.401543576177718282812145398 
 17 -0.401543576177400103626889336  0.000000000000006587373608215  0.000000000000419774483514670 -0.318272824414743391534645192 -0.084287673578809511965915548  0.091520549787834077350666667 -0.200718699477806029009469869 -0.332910183416119440563468376 -0.198161007659840834925577685  0.203637249258864337796604178  0.083752883410875875282500507  0.152975694187900000930438113  0.102756237487845433882462012  0.155653624321045290737511139  0.030846709611211117447605976 -0.585206213446895649982031073  0.128719157089608877793580378  0.071210343011710414670484195 -0.230227351339572771718997891 -0.082865185247855142494459706  0.401543576177826469627771266 
 18 -0.401543576177635320204007893  0.000000000000073928819852179  0.000000000000097365049432982  0.037870064499478980769555042 -0.046519880733123588395554410 -0.282336865798311815290528790 -0.277648423227028726969177475  0.028177454196692872828946988 -0.168812757405689651629904571 -0.002507367687759458936538331  0.192157955835667890870377406  0.224525192209702650653502937 -0.251170586370571373056263115 -0.355169441726966952086515933  0.175515260343001162853015032  0.167853000065775680670326214  0.294714549230516573114857862 -0.120578390020668144002669638  0.442863255836114926033454664  0.126457932719061513768591364  0.401543576177806602381901990 
 19  0.000000000000000647420356665  0.401543576177825257842108134  0.000000000000001280431744246 -0.006454224845668924094495175 -0.010085920962672880845060889  0.552511070042676988647856184  0.226183845765964405103592462 -0.072943986357980194640022054 -0.034487947063548860874280556 -0.316625058118771987629653034  0.158545531924030317974245834 -0.150562854683899425203429286 -0.130365038058451155732891946 -0.044003076146471167405960917  0.166703321089714758473313699 -0.111493983247514888633943313  0.259601450123742933957099455 -0.426924267767503864631512683  0.030562850564621197541688609  0.133718654134087781010643663  0.401543576177827195555335854 

 0.401543576177827195555335854 

