
  0  0.000000000000001252272728733 -0.577350269189622281615446170 -0.384993801228430816355067026 -0.016851049867124001355154247 -0.695726633427786407006497560  0.184734764838587986278796785  0.577350269189623541621000924 
  1  0.000000000000000162927889581 -0.577350269189631883689356462 -0.132391446647257979908922018 -0.076955909772790767415173111  0.364557378044131293878338598 -0.714363267242889675629792523  0.577350269189632000186879895 
  2  0.000000000000001824866893857 -0.577350269189623117643741373  0.517385247875693276241575863  0.093806959639912421975761498  0.331169255383646679634455229  0.529628502404311714616119006  0.577350269189624891398495560 
  3 -0.577350269189629565123010602 -0.000000000000001810200840990 -0.510967935162562382500357067 -0.389748922048884325979554999  0.379975961019137834320281988  0.330594135930577366644118192  0.577350269189631427023401411 
  4 -0.577350269189627174186169728 -0.000000000000002702763815241 -0.040262914908195118948974192  0.810153971098981456097198189 -0.021440216488746775245715736 -0.090754749623514966203703322  0.577350269189629877102185734 
  5 -0.577350269189620563697103867  0.000000000000001272904191842  0.551230850070766689415609901 -0.420405049050100078713871482 -0.358535744530397096249381764 -0.239839386307064642895768222  0.577350269189621785918212910 

 0.577350269189632000186879895 

