
  0  0.000000000000266672619595171 -0.000000000000477290457733521 -0.000000000000096085291674203 -0.000000000000281997120112339  0.550465399255998353786334398 -0.092519891147978068029046703  0.308069119309572477584955111  0.197297917948186009832892487  0.125833305821491229077547722  0.102463604763829173905926705 -0.221043557143271734004318953 -0.093836536630086860873546997 -0.206628584246352055810093569  0.139880226862607667714303965  0.123310608271251478896754494  0.143648727648983995212623316 -0.379679563005742191472268593  0.467344895798686237617467626 -0.099631156738700556528131203  0.550465399257120401011432465 
  1 -0.000000000000048803750080859  0.550465399255748517827122046  0.000000000000041789067650476 -0.000000000000712879027240733  0.000000000000516247500552456  0.322306313454566313613826323  0.332190210283384586802254632 -0.186097002952532679698779798 -0.069943915175338664287217789 -0.242337053508247521715185911  0.005319386607806850053939158 -0.127750981637953971468491324  0.391875026314411449568364532  0.432245219328273819821718132  0.153883716318181984849633274 -0.031691381685321890245016089 -0.035337517417679872074319806 -0.040788939249329578625889378  0.012532392135006715806100797  0.550465399257068274685173598 
  2  0.550465399257123795323173865  0.000000000000001185303930964 -0.000000000000003650109064288  0.000000000000000558091153605  0.000000000000006656247770697 -0.382217197390188605151404092 -0.012015700929725066558962168 -0.176936543910362801147045930 -0.091521752120348142996045324 -0.424661316786966527234972388  0.024707399147202287888159481 -0.409445482098636812535183763  0.080028613283192699769704858 -0.245296752517696879449817481  0.119550249243035052010525159 -0.090469907511107496849594480  0.103998711850191626744849358  0.217272865821634602004233487 -0.124104975091013414967787941  0.550465399257135838369855291 
  3 -0.000000000000628666924604565  0.000000000000766817779461771  0.550465399255306086687654366 -0.000000000000132249061235543  0.000000000000048177395127634 -0.133983490001926198412641328  0.154335905331906589666216521  0.186004461611924412853540274 -0.143582655116745365266625427 -0.002072297456223509526180147  0.462847747875049152043022346  0.180929364508365010617623944  0.065805059384712778366933929 -0.035604238510459897788188594  0.236535695514146138973012555  0.338508159114126648764689365 -0.007383003712298503467334200 -0.130367362193369833782917964 -0.399812777115874330664596278  0.550465399256882042633258478 
  4 -0.106632272706995539204497241  0.443833126548223499838402920  0.000000000000060384464565938  0.000000000001220047776269804  0.000000000000555129029828348  0.038890035930685325403852052  0.011780484408988867842532362  0.117082142628908701338164618  0.362914572301771602740516273 -0.208236029734012961922161485 -0.151955745483927852872282557 -0.102818259587710908540408861 -0.390658419722799416429117464 -0.419048491092104790945198009  0.262021713275530303169195967  0.060674233031828340902830154 -0.087560025287152002385808805 -0.399126523699568789893326812  0.005456912083733527887770840  0.550465399257054595740044217 
  5  0.550465399257124045828085818  0.000000000000003297591686032  0.000000000000012255553582613 -0.000000000000001372381082440 -0.000000000000005439874970991  0.333505820826575024191104971  0.257532513922822898811164014  0.320918505580185070785812634 -0.210661955524984963089075475 -0.072921819957038421221870786  0.119023804846677841540549848  0.216283294855363622107512732 -0.101169909375890033350698163 -0.171944991907757496844020087 -0.309344410722647198265337909 -0.120347265387597802873418176 -0.300814289863085339640780269 -0.140272689261098442215273084  0.213694463624720836826282461  0.550465399257146376056030329 
  6  0.106632272707050387549059141  0.443833126549331769510184018 -0.000000000000071322791640565 -0.000000000000300004642740066  0.000000000000193905401322121 -0.248783153853961216654829512 -0.199184060358605940981393569  0.547667693330380878926309796 -0.186849069019060473096933289  0.180222251221956846487567278 -0.085016161360160219584230449  0.121003472286182670898798883 -0.084419719255127401855089316  0.190497661264153608155595687  0.066232085707817133263968813 -0.308777011032549380230034092  0.374980649818154309547936151  0.129515149720077594921573833 -0.018482437535969340404828193  0.550465399256947392431314064 
  7 -0.106632272708385518969898941 -0.000000000000097521303773337 -0.000000000000734193285532794 -0.000000000000349856968032223  0.443833126547150419113647174  0.411047604322218521793238372 -0.201601723972168742800834852 -0.072740207615779682097888453 -0.308403134406378600089904812  0.035184265388466463869737060  0.363353997015975467381725811 -0.193039244300034636145162702 -0.138280114927551386726093177 -0.220210922478613265390124179  0.270292818455780819563577522 -0.016329458126743128734968983  0.260868963060563385672561282  0.142059253171072916166473021  0.286241049921698839436298711  0.550465399256717491426396660 
  8  0.000000000000177735307408164 -0.550465399256013936698898881  0.000000000000077347194863228  0.000000000000425927357315306  0.000000000000264394407631508  0.153072209194555983641271649  0.181089132626887563615116113  0.349882185686208476772026538  0.072015421241044416131662793 -0.264924200529655882400265066 -0.185747994667537490355189653 -0.113088480016069022483348600  0.008825671963750828664947549  0.247967643453478029362145249  0.418550505731837314994788976 -0.231733440303544280730119534  0.196406011954189590608507894 -0.258173100412128376330775370  0.002030079555909724236176087  0.550465399256959302934279904 
  9  0.000000000000072904988203539  0.000000000000162888232070812 -0.000000000000046313459035387 -0.550465399256783056004902616  0.000000000000070468524940767  0.355177116095998718164027108 -0.159069016638556016881569585  0.098475398413484506709427921 -0.167039338515313761363684751 -0.190900844815381587831577478 -0.360727920814733317672433344  0.001234965178817990831478994 -0.009292777249350872336459831 -0.089935745194627657410877970 -0.201333784870852802723192529  0.292630916588823409744219914  0.195967015861406150962478398  0.110968720930719216859932155 -0.395354530189289056344749407  0.550465399257135636382990557 
 10 -0.550465399257133308980396991  0.000000000000000495842354577  0.000000000000009389081674317  0.000000000000000968202276784 -0.000000000000003980645768258 -0.122182449476721179865200493  0.209077765656564436674001196  0.303699840489127066147593409 -0.208881921093569418633136871 -0.211229750654204981977798798  0.054595859967576774921633413 -0.209523005241880066958385861  0.312739216555980248813534361 -0.368515524371376994148706216 -0.260611594444852783642417593 -0.286651350853390822303158950 -0.141260115098987469581573971  0.080619530557628871779744188 -0.028828591330339965128520038  0.550465399257148170302205575 
 11 -0.106632272708212595913003159 -0.000000000000001940400363284  0.000000000000299507374358785  0.443833126548426574320546298  0.000000000000170792992484465  0.063135978749010663179806659 -0.034765141979270757316514704  0.150391331185189836735214587  0.193592897871535228539359441 -0.507860845140951381899031142  0.161436601459235092208082361  0.034091463178813701341752672 -0.240020962275717529172953772  0.212341060234199132010566961 -0.383103676315036835409947452  0.278969289859314662134194551  0.271914853009004876089552832  0.192462861579098941025708566  0.054164771266066726140533038  0.550465399257111389285605091 
 12 -0.000000000000052130656470238  0.000000000000167773333813385 -0.000000000000197771524910264 -0.000000000000058446810366735 -0.550465399256526972059620773  0.263380223424315068657744487  0.265482805508665261967019694  0.056885799603083538973820072  0.236062560610100506076013648  0.134369369087856318972025622  0.074815646873885069023017800  0.080911048833962664985394297 -0.030951953678575563682159487 -0.243112151960591034782831026  0.258729626094380002877901742 -0.034867198270780471738242851  0.123779127818174873183732464  0.568760787256489166140160929  0.030798714193442412749549442  0.550465399257003055045588819 
 13 -0.106632272708419436181657286 -0.000000000000194719607862570 -0.000000000000394611228012139 -0.443833126547762364612261660 -0.000000000000300051668516653 -0.264269958094507171063617876 -0.109135114529723605264878526 -0.003735439462359554108513142 -0.001536935425969163733266158 -0.417591219466727896794623273  0.067702185724874925490716047  0.456868336088379342846497316  0.047252135285359000877342681  0.058685199868050041784105046  0.200965169256866307430343076  0.079892852457213447143059663 -0.145508792318870427485218849  0.146076024390384856689985640  0.476680215501274155004418631  0.550465399257071174600724345 
 14 -0.106632272707027746697192212  0.000000000000313782758846981 -0.443833126548536272514000611  0.000000000000243465435886463 -0.000000000000289455022158099  0.014670507802520264458172230  0.058101185283862551762839753 -0.210288637502069352037568570 -0.179488282787814143318973203 -0.183519205033189976159413090  0.255114314670785364956183058  0.305343210588103142135059376 -0.351577171302838449340770130  0.073837056779826327046597958  0.100736942251508778458377394 -0.345987748932086117641506243 -0.116551479400545811293543608  0.025615981158857280567805125 -0.496449394605766075794965955  0.550465399256410739515198161 
 15 -0.106632272706264805995095193  0.000000000000004274146798078  0.443833126549544286607203170 -0.000000000001023962477343688 -0.000000000000181963886456215 -0.102620637610076459927737833  0.413328647860405726217154429 -0.358955887376116425700007737 -0.290462608518912818834434644 -0.011603445856884977694151628 -0.316939829508710466988725268  0.114787525804895904464825521 -0.378555502045883563404368374 -0.021441071728245082641389763 -0.121440594477437390500329170 -0.179594564227672366779598422  0.268571631186072676429881650 -0.012534439270497747787048699  0.142256014900536447055504410  0.550465399257019276878493547 
 16  0.000000000000076093392607790 -0.000000000000472887421648494  0.550465399256032858791524293  0.000000000000150168037853601  0.000000000000362356781190120  0.228553822406919448224200085 -0.440751210571261892726601869 -0.066135982291343070747140307  0.233059817573224880226604588 -0.136541153999859238250347629 -0.001607895723675058186173133 -0.027286782298514012363543739 -0.044052780496276064477499191  0.112425760307156481825280672 -0.057396823372276798098988535 -0.472668830253879717831358778 -0.303136775567047020039576632  0.161127552391334004906297932 -0.115167127575377363561627206  0.550465399257094389103960735 
 17 -0.000000000000100215326840079 -0.000000000000404440343886587 -0.000000000000398019461908647 -0.550465399256081047783383670 -0.000000000000147116829157259 -0.091193946952727248086230556  0.219032562907642498821166391  0.025795021842160463948037436  0.324369997469418991142614192  0.118117614025607557509645832  0.436304766983640049415361928 -0.342114485652184505636280026 -0.222331803035559348523625238  0.213826476583720837448864341 -0.269593365499429942725318626 -0.132118161829701728985481633  0.140596266500803609005043095 -0.073567614508334098534243078  0.054685796272399945052496845  0.550465399257130859062957934 
 18  0.106632272707371584861784069 -0.000000000000163832377873297 -0.000000000000008580794656966  0.000000000000061207916885123  0.443833126549458691447770653  0.030358606582036544899280868  0.148783917397529498414794451 -0.101406353697837662254589881  0.445115306428645122533609493  0.004386956872818481151260771  0.003586290046668322162208098  0.409770474231542445941534406  0.356163595903417367586219627 -0.254796552426837336974762768 -0.102338965409883183878801422 -0.205075467636548396918637696  0.363547225538319793310387124 -0.016277882102414573362738725 -0.124475001640138305543490001  0.550465399257063866698611032 

 0.550465399257148170302205575 

