
  0 -0.242535625036334080890671611 -0.164008058089104099324588397  0.066861725965676676371619164  0.127182829218197804762853324  0.272505332328935122022895918  0.536572258970012506962537352  0.403996488469896837563604189  0.237579285523919773784047409  0.046780652977328693436354220 -0.116168089024305116762389011 -0.246812560907888439622887011 -0.097868991923392639527160084  0.218068750675246926043764246  0.011765432258429122376062255 -0.378147647819119756912526267  0.002969561884871281367875764 -0.186897669071352632932134057  0.242535625036334079318578461 
  1 -0.242535625036333452554855074 -0.118961182599713186382162609  0.151505414290048224420213475  0.229082891580998414919070026  0.239461538841027055519962083  0.107553719752048867435280464 -0.594502849889899494847510936 -0.175072674100033833267399917 -0.219413072867358063163249933  0.182180433753919434280120482 -0.282651521420312499134185752  0.141219932045134624650352222 -0.174357851984298561402405604  0.124339931548034275107317628 -0.284413765299735088362383453 -0.083958719617868034466596616  0.289188589875763534436979921  0.242535625036333440940339301 
  2 -0.242535625036333491843631299 -0.063117030655353543188194280 -0.333074799346107800493638554 -0.154251332530438399644450581 -0.108810643891015671891472297 -0.231836045180531125035742514 -0.045192084237364424415298817 -0.303709662549213422463650555 -0.327488604440039915573993495 -0.328908560985604265668093976  0.141018906498484946509695478 -0.356613890963064507756783567 -0.032755373670432797821277637  0.212593658426939551185576478 -0.405413168471916259786181486  0.104634771063644600170682974 -0.241917643984578053254147836  0.242535625036333496451490532 
  3 -0.242535625036334297189005021  0.053316354589880026131184978 -0.072854507104925250939476012  0.084060213119288133103970597  0.040652374561639917500391241  0.026745709734043131936427054  0.201048270697708388127992844  0.273123190773869451141451017  0.046382430468646614623196445 -0.308524469015441917056326651  0.071272746490762117509739759 -0.149648068522836844186770996 -0.655907665375183541751208383  0.186528802783325226710567715  0.171616409957921966028472800 -0.316333700644233108427352125  0.298722641445850944913594990  0.242535625036334301363183386 
  4  0.242535625036334058529001803 -0.568726911175809886247588948 -0.303814230648989517976884048 -0.153550478989618836744477336  0.174689096489170985504490487 -0.004509056939613962213062731  0.159046998698090849953964108 -0.250834637072722657863497325  0.160408240865821126509859797  0.109276788381597191426083254 -0.053793467987375584674639368  0.334929488746576410883879285 -0.101858949207904879727469138  0.380735174593846715834950800  0.060816746178603309149358208 -0.240539552450600278344673699 -0.116011069775547919451360798  0.242535625036334051563002845 
  5 -0.242535625036330779901632207 -0.045925487618232249440684009 -0.194991977352466288421007148  0.062763888782109487686239769 -0.740739177164291764921509598  0.243571623917456838868868946  0.048030256112612527717638808 -0.212088861865439395654360510  0.145967191924971513323095601  0.238283131141011097022842924 -0.299789110675398018574823455 -0.096303938500138545306420920  0.014963963084242730091837179 -0.081771330307372687925290648  0.036600563641455064219353563 -0.231804384076602615499004649  0.050786930134700373112220618  0.242535625036330776405080201 
  6  0.242535625036330233043608932 -0.565194301475971945796384494  0.068256271723946615226407200  0.142341035157007324491503647 -0.263787746409144516310674861  0.160554402503365563104368793 -0.067881312835659636019131763  0.130558421978278411425267169 -0.125478649747248955249184776 -0.150680890552129701239034328  0.062865772709956159745902163 -0.029496094893534101335152379 -0.332309189876068031347907186 -0.278679675411060072658803177 -0.021420399369982781544830908  0.496463970131482181332880851  0.038705350069147714608892895  0.242535625036330221293567888 
  7 -0.242535625036332616174194164  0.211377346502742065903501269 -0.013052054452283477659299570 -0.128584390690802397085056898 -0.192583282800909522908630080  0.019804406559015165126242481 -0.019539994846067051647024899  0.142441543292015366259459924 -0.201858912463396536029862360 -0.277887323728029119867264166 -0.232447795593189070043928235  0.694824284915011682061975612 -0.112720688826263663774183890  0.101297953971933800904677448  0.101286826088238560030060833  0.194207500353791330475875833 -0.309702910895156664598804053  0.242535625036332608273070832 
  8 -0.242535625036334252235272445 -0.178039505446274999377704804  0.374119462803038286050332645 -0.213355966126396618556359912 -0.046802725419214912371820370  0.159477289650649987657205636  0.267143724927556451320719358 -0.308813663468924711228780558 -0.367441513976465959748262183 -0.082408036625816965564824117  0.201971329467441965336399999  0.048318198046823524595345988  0.257516190426010981414295040  0.157846337725567581466989964  0.306060931508924071088205074  0.069733869870360653072825438  0.393623597963057543904028673  0.242535625036334245852032154 
  9  0.242535625036332339987243251  0.223481446907182417367350794  0.120362882811958141595146121  0.313090878014483178169149666  0.087489501620319992261718810  0.028303875958319425196996438  0.209345394569505478970009547 -0.636309052836970176698135754  0.155419709501915369838430207 -0.414292263130327141347312991 -0.164396288382637576662914300  0.114254391900678614602242938 -0.133335752354165194591656234 -0.241942945695111734822095248 -0.081220708017524719245531714 -0.027975514508732105135841535  0.044512347048635388790390572  0.242535625036332330717314676 
 10  0.242535625036334434476105112  0.317525117192549835375787667 -0.270086302541627579454309657 -0.119391942607788145631105958  0.119570140521314985689981924  0.597367874554831545868497505 -0.026468361596498158353485950 -0.144128284971752927890635901 -0.387011548937653492729769542  0.254237694045991207065279122  0.221053094114258765991902836 -0.037802348718108923200431409 -0.248583427641292214856018512 -0.056377225026758728131684407  0.099338310039279660909996086 -0.014410708131521596830496100 -0.144146379038518731842367579  0.242535625036334440141061464 
 11  0.242535625036333303097585597  0.029342666291728837610854248  0.288761131914304430444093152 -0.635510754006268525331726366 -0.163264657946967978806415873  0.228090812347396473526396285 -0.240360304184073736796399198  0.057760081465628801781488858  0.216253264772143119303287467 -0.275058206964169446183572643  0.038012394686278413233061465  0.021073880136968000837356988 -0.037324942273254047516887555 -0.024194835723835717157837745 -0.340538375601691229458073754 -0.244962125629362736275161129  0.104907515233191339777240724  0.242535625036333302162461223 
 12 -0.242535625036333274162940118 -0.051094277877348136120518648  0.283927999119230455721263340  0.211791960221249092006048399 -0.033475483222026957583298276  0.239643667279887575752425274 -0.296643573638394292583345818 -0.162715726991775461109275558  0.396181121821391541039511161 -0.068318097609642329741776786  0.424102216739353303449682961 -0.063539941432295425391527273 -0.045453773231023842900724863  0.237007389446777422207916254  0.204310778630553181381282815  0.035131435875668926124750641 -0.439691790995425299689268461  0.242535625036333274406885607 
 13 -0.242535625036333042943274309 -0.215224876592940174345968372  0.266997065619262265547591978 -0.193229245033166329787365986  0.140933898874142337395275887 -0.199178183441169024035463132  0.081840250590302539995552628 -0.087826568516178060777317271 -0.194005362234858654110931930  0.159643446620649297792559479 -0.017258566459878298777683159 -0.021189530068755234771556541 -0.222219943783870274318231752 -0.557235369437309723396160865  0.070708178274961814894995684 -0.361953457396176515458059708 -0.390525577196640097095512584  0.242535625036333052362280682 
 14 -0.242535625036329224694930939 -0.138927488937685759558238706 -0.500323752722518862786228039 -0.035394216049267291203053341  0.177768364090339800489518236  0.152364639920259322287141371 -0.275624592354259897910694760  0.013786482767205143905177680  0.128235818740298564873667832 -0.333274532654546429630152207  0.186251085333008713684679186  0.142752976482394145445577530  0.285974048520023639769534890 -0.436205917998841655202658940  0.185445676517412493894626860 -0.101733736690175166941221743  0.199856517782613635173688017  0.242535625036329222092845725 
 15  0.242535625036333752662016418 -0.067553831287327748903446568  0.074524958410682384237974651  0.437054277352257183626021986 -0.252003318596730205449320608 -0.022872586937107950162115016 -0.010420614006017262504764150  0.194558304386244565912047512 -0.352645485873746933813341342 -0.139783920845740398106789998  0.332054210472220968230908436  0.202973505335601331895484765  0.223388440154567385944055398  0.037968404929510995863742697 -0.183811446049758171620083780 -0.504075374927594654179616174 -0.058931628181952168673776596  0.242535625036333746251671073 
 16  0.242535625036333881668522416 -0.079478393176385934283765134  0.051109865148694376687046360  0.006033617571703434979084714  0.046217180520664384812495841  0.067783765674478770544284564 -0.252705904813248775176793073  0.065098511916740971672192678 -0.213605780630715401245027854 -0.319081299063030527854304200 -0.490138986140315765268737208 -0.363981792429305196713736070  0.163131477032559064839533150  0.138657990750895766498195991  0.474890655849764240490663847 -0.153607553860378183088622808 -0.205593450296120371513074881  0.242535625036333885029549151 

 0.242535625036334440141061464 

