
  0  0.229415733870560985586148188  0.025651848235172567943833291 -0.106856261326261870578846654 -0.207217595690402337735855701 -0.259997084054805583080288711  0.204824563107557982124043439  0.084675232155815083596279384 -0.421172169839437582155271256 -0.018532822481055904902780924  0.282488622028053837126511383 -0.141723018670932124246403423  0.203241268872525601715361802 -0.057587232444543579663371767  0.259999307973179473018471297 -0.159601783104950216537944868 -0.184686519614627704159400857 -0.449277563454041621636512321 -0.292442960872103727512118232 -0.197075711794045259952481638  0.229415733870560994978049507 
  1  0.229415733870561998664658158  0.017808126762506429249235604 -0.320964931323271528390127932  0.166273102951283392419274364 -0.021760078931683824761530652  0.033057339322534547301708817  0.177116984818298058940123571  0.104185052514005572194921538 -0.288155922400497118210371816 -0.044017944791988839403022032  0.177014316084373824307851217  0.199627708027930105531442748 -0.362371817330348593811728888 -0.421660774266814217795711420 -0.437773957483535040288236476  0.178549509921876721423136987 -0.049221813864613187569884952  0.193149713173347802990789321 -0.209931912841951118976909461  0.229415733870561994178771670 
  2  0.229415733870559280637574373 -0.083747973352096020175337494  0.044588791474986481609812721  0.232735946226644473203972949  0.124325740574876153755033443  0.288957417822004543252883968 -0.066706546578129799505497196 -0.004045215429324784128331549 -0.358306240069417625883916104  0.345315978065253959179443238  0.213562897554529256420098073 -0.166878078338122384912875495  0.052399901289907868612787762 -0.246459635434259829631607752  0.166063420982003302837481246 -0.078393315881564302902368216 -0.084509934956504411490382008 -0.286441269906318727461475709  0.522777215133319489090424348  0.229415733870559274132361338 
  3 -0.229415733870562359202538091 -0.058130677105885002267377914 -0.180441176969658214940435415 -0.016287910207886487198432834  0.092957789065533780095001992  0.145464325841868931643010784 -0.172637412235317787653375229 -0.141117977279149526078803542 -0.304505333564665793229849639 -0.261914712596426187292669024  0.113854540374013346120090750 -0.327400746063998741939432557 -0.258729065994613303898540593 -0.025810156230049022964794089  0.225738138934370684483246734 -0.575177657017895427923187546 -0.051700020789032984356344957  0.096706965836945732198858504 -0.297909320821678557798979636  0.229415733870562355001254673 
  4 -0.229415733870562648101759477  0.207095711819763196796079750 -0.473319247297147471879299671  0.045832877206581265894089943 -0.396807937609063975581066841 -0.108279080937421056052500160  0.087576317955631601019136218  0.020215678628175918438045168 -0.188419605563811931429624852  0.178113190316322998039033805  0.124424401706440168994280502 -0.288863075370282877348850070  0.227507181878818162668303565  0.253956703728821962172358326 -0.249421439006194781322161245 -0.011602833154846701918797480  0.363442549286075370290139200 -0.123260366932717174701171318  0.095165469798901352119213648  0.229415733870562660312586445 
  5  0.229415733870560133511660832 -0.544024153566723394888707266 -0.278091687791556872868603892 -0.096528426369277550884995254  0.216173734786652701201346317 -0.468914932076344551298893032 -0.007854056883868190350849587 -0.093859986897667227436685509  0.069982047911194919211563467  0.145339969497687239354671851 -0.229978811235251258930515142 -0.049430916920012259205236905  0.095335707168773594562022518 -0.208411885677522427468217128 -0.009990574134756788775978294 -0.167095274215238564076251027  0.232249005220902439647627687 -0.246640270462908390742564312 -0.112244363907050998159248972  0.229415733870560134555205423 
  6  0.229415733870563058350309019  0.231143850855194971327622941  0.226638940467702592183765579  0.413291236912361979917310620 -0.314521100014479548404944600 -0.076770571075958625303296400  0.062565990980879964969082769 -0.451667492684576748920941697  0.227631514635772013113875455 -0.093283244826183987311062941 -0.219930890847504028468278187 -0.331728112239600101372738461 -0.153453215624512112301978430 -0.269694433734154840421942331  0.045683715655111379108904018 -0.005731028003021915620062256  0.198387582878822874327844929 -0.013877269749689585047968364 -0.046333278536299481124019961  0.229415733870563048890645064 
  7  0.229415733870560679895345656  0.276336025380609602613212958  0.096632848110056082874610994 -0.443621267871953555100936889  0.168160333827700004074613693 -0.091168380861208089570638363  0.278025709758135588644135244  0.188211219538158315431808018  0.005703871550180585490791367 -0.228507263435310255643710849 -0.064877214682962774697466517 -0.505631549612543125993193577  0.133890893903075913149705242 -0.144699440377153807724217721 -0.274359217442578715630838518 -0.093367117248356590867479701 -0.248559756776505916787902047 -0.093663661822422417689625127  0.100136918404297565228110081  0.229415733870560689666717735 
  8 -0.229415733870563027355679413  0.209044050261036045020544838  0.229820266223498704006851338  0.084993127091423523937312179  0.002044895360451938767651497 -0.610218554643999481828728348  0.361106538136987790762241074  0.031055392511576791695273735 -0.234080288747839900445461316  0.340394687755203647570303657  0.051878446182811569186284174  0.114765486846532578746695775 -0.197872035225451070223376231  0.000513701947984712572159236  0.178564295778485090297835886 -0.187536189392827559423572274 -0.202199514335365836587054059  0.072381927809352045532858243  0.032210958379739399678489114  0.229415733870563021135069448 
  9 -0.229415733870560946595527560 -0.056868472733687412743445620 -0.090842201948983459304813246 -0.039531663038281703057648300  0.004705682269942526880481605 -0.351059290451814253733106574 -0.479342208008987515549309197 -0.321849918755056225283918761 -0.040982522770858389319547027 -0.220687937350092759343587329  0.043957100538998957705270638 -0.074341396917065188603801311 -0.210293688487469647050657345  0.010664746444170062380928544 -0.235789388113021963855960202  0.261544055591116039315591896 -0.328289581183068156786455938 -0.065533729059071514874462890  0.373428475055889080099109922  0.229415733870560939466898276 
 10 -0.229415733870562108399470541 -0.120738756736755648714236062  0.043268868121299531232838449  0.300123032249970822179802737  0.093632223851245928237564415 -0.021322712543036064801108128  0.050468078181220169994690037 -0.081606484412110108619996598  0.382620559292838786371281079  0.099824652746941261100064972  0.515635622641520521066294674 -0.115694028184098523052427635  0.379978949635287829243160060 -0.170816081243038841340963971 -0.204526945422551666218906330 -0.075296947831270336843928655 -0.303567339970565629197639043 -0.067249606690028888602271313 -0.262771599297649023689550304  0.229415733870562105201074132 
 11 -0.229415733870562074707888031  0.002262003787034002151856636  0.046120430151457546045064501 -0.080915493827634191909578629 -0.096976752439728405070660990  0.112285281509394396342585085 -0.288240670004424510714652330  0.390309335802938544570609564  0.208423373069185485160744256  0.479194862474125249818691225 -0.213758117918614068162321863 -0.312246001389847335452014734 -0.373367482921441285918318434 -0.156891642095478789012538354 -0.041672474961036069049261175  0.144727752538853647232795774 -0.076038962142397745356192044 -0.151545841301667822008836413 -0.222587492385119226675615350  0.229415733870562077445498517 
 12  0.229415733870562431044484546  0.310164264005185945897611829 -0.348901467819563585007506742  0.009415214052065795952279855 -0.243972081394303265367787953 -0.152431016678613012152627981 -0.356801556647592256937872104  0.227644168575705108434727511  0.207481636666022961601983654  0.032554740715749050797501096 -0.067024323871747751794186992  0.184883271517285774723261815  0.237808230977043417843168858 -0.255964791374548986710012882  0.231531631129212244613177138 -0.286160129055902503602409892 -0.232041382718657613720399449  0.244673776486225449827726676  0.115769730239200137649673104  0.229415733870562438267981520 
 13 -0.229415733870559075194815214  0.140640191098724445350597739 -0.240105059524663713509768856 -0.278035630065316379661011226  0.248948376515808997484248410  0.147248952407213029905906632  0.124824063943121877043210093 -0.433623298033709837366643861 -0.042572590793667065867008888  0.279727682006193873766580066 -0.131229750363021064506674138 -0.093274132522469196977115986  0.194713552469773951402723031 -0.286880142266821734284287793  0.226852175431437669777092261  0.323171787271541707293890169 -0.008097020185663890490559665  0.348806054087279934647564464 -0.039226417568802498109643796  0.229415733870559079843332029 
 14 -0.229415733870562491434545553  0.263457227996530954453610965 -0.219023650718354683392943491  0.461505198173660162122176540  0.408741974334032079357740055  0.083467050958169336966107135  0.069744540876670122173965321  0.088392210702499450087059763 -0.046858221308312680981992019 -0.132395309842051566931323339 -0.518631378676829305201124304  0.112601504275348179227563342  0.116186978925065334453646266  0.040596865615923468516193073 -0.102350147733516426244715358 -0.035760489636883138041013050 -0.145139522007869446000301143 -0.283868220190446832906132693 -0.018860529750554210178442377  0.229415733870562493779132751 
 15  0.229415733870562203118082835  0.457487598844863017628729895 -0.048909107867690167581687039 -0.068888659496868001322269093  0.493699514637199617453095640 -0.068493304675080427415903052 -0.231049485074289000138261438 -0.144350979204588073130915288  0.219045008114339681716672623  0.197100352508838585116591156  0.309812623878942824403410691  0.081505974291456512065300911 -0.233659289734304405781388329  0.196052285982058920477816288 -0.096933032467626577055120132 -0.103066761217577585969318917  0.310787694125162607409942200 -0.083252048745759477442831848 -0.047497148538715592307792859  0.229415733870562216223376595 
 16  0.229415733870562772229355700  0.135472598123795873192604794 -0.115314390354094603070725725  0.047851163551102598778778799 -0.027945487551411267216112271 -0.178123741019574783389016297 -0.069295923274246887242730931  0.076664571023575616739965336 -0.209060205729508333567117674 -0.161207706470449819288943451  0.188578435299006314442992090 -0.117983036910897086811298405  0.082009599418706438817298823  0.098855074354904724559175988  0.467554687120471348325259284  0.472728503059001324646676290 -0.144211725498089838118104949 -0.340804263356667602025531008 -0.394388192698760291194466296  0.229415733870562771334888907 
 17  0.229415733870562413399094188 -0.211277910555969893361891176 -0.316904196350188810599787098  0.251468543391395778007846654  0.123210372330597346038209058  0.004088815908918796803607482  0.241129503439533199115425363  0.072433756464360020603065853  0.263533570189649326626817397  0.073292262767750832943311565 -0.004359503029034393509975583 -0.312845492967788086599882288 -0.235073488479854738570176166  0.438147933112808335513179911  0.133849862321856938595374467  0.088396246614744102908613806 -0.240374295288286603060595031  0.356965046247445479078372332  0.172040914507512488236117172  0.229415733870562410512405904 
 18 -0.229415733870562856756467572  0.028252996345783762447795252 -0.283559690817330888040889367 -0.172904279926165185148935477 -0.099872387137881241148693132  0.097440217633862696553252117  0.358306603849628935257740428  0.002267984895038102188591489  0.385697088773816853743154481 -0.213181349450819942524071142  0.174943645994097927577723590  0.169213425046116963470252230 -0.318825101136025700380386555 -0.219170355343014043258639302  0.268630537667238822481779320 -0.022895364008443234633781156  0.044817220996078077743226880 -0.388770392568483388136182238  0.243804626556775176792380040  0.229415733870562854601615754 

 0.229415733870563048890645064 

