
  0  0.429076756515129841419286388  0.069041643901661163125970354  0.000000000370481070864775450  0.207671137336230272242717197 -0.499523416285027946012482075  0.102894801806383175933883468  0.022511411108162561186889997 -0.625584158462082153939320256 -0.164194363550169403152801349  0.172099191299627068499366635 -0.211943947430113649267927577 -0.071171791256603293236639596  0.097273938689112659037726717  0.498118400787272064316130518 
  1 -0.000000000000002849283709517  0.498118402136278558067295288 -0.000000000000000610773199918  0.121103131946120879216307470 -0.155646145163279850146226084  0.060966568207138043691373057 -0.363472197460515385956632620  0.202738823538231703347842552  0.592881234899228841959181041  0.090994769406675319375205069 -0.283660161607263414405627130  0.170324304224632462186560765  0.258442860994034792442150192  0.498118402136282019735096654 
  2 -0.000000000038022068566156400 -0.000000000198516427910424899  0.498118401656146965298960910  0.251444010491167108388736381  0.308653397653995660218900071  0.085972893875057651906729326 -0.484850349223675832594730034 -0.025454719148252986220213874 -0.447991256422094056042571344 -0.069409022897939316714278467 -0.233062608012040642509968974  0.300315013632522391626069463 -0.015711153014011296214286401  0.498118401892685454994749716 
  3 -0.000000000338567008719431745  0.000000000291812332277539600 -0.498118401268112220880209667  0.094987912841374053120031915 -0.039291391303918532350173201 -0.342257976169346749543325251 -0.145717754720935019956888461  0.257345211867047763727592638 -0.458105538054409321081436590  0.095298862430358160849059972 -0.063058248412908692723450634 -0.009390199487043528550193102  0.560092600578018301492929515  0.498118401898491584036928262 
  4 -0.498118398677596551147152629  0.000000003310450202035576851 -0.000000000125428314498018510 -0.165458790663232180692026121 -0.162009718777803942701422855  0.295239579211557808766661429  0.035705077064966015584600171 -0.349430588010042963103109551 -0.026748914374255624831208189 -0.186026000026641489556002498  0.308269046744559890751817555  0.426785618791020614817268916  0.418586139666186330716849198  0.498118402113475068718759578 
  5  0.399780721132295193645956460 -0.037050515791998878119370853 -0.061287162483861626264376125  0.472091762170657476045286180  0.334878852745863608066654096 -0.153041588769282282782042276  0.359477375684068760331411896 -0.065732447882216749401938609  0.220795896976066652520986726 -0.282882386075553766686778434  0.176465776476884899298192347  0.390872003662872335695782980  0.174273371071947463380419178  0.498118399408155679286558382 
  6  0.399780729531942342804950313 -0.037050512812503544772454187  0.061287159060154151129330225 -0.313512856893622688129671938 -0.372881875347636206416293905  0.265596080357461850388577085  0.156085311913575077125094712  0.489514432386468810362014845 -0.192923839193145634334490036 -0.023175453126968351817320047  0.003909793550736769212072829  0.466911176506568605288922252 -0.086075449049831100654733233  0.498118401404600022464030928 
  7  0.000000000000000654368173941 -0.498118402136290233054444210  0.000000000000000471491033981  0.340936502727735777837619197  0.062579832217510328376530986  0.586230089106547889814518432 -0.011314733227347630538385233  0.213033235976650271606500781  0.134525363958091754806151684  0.345988073296208147700903437  0.038363647758280071577700237 -0.193989119519190079282168482  0.256200809123636965354987166  0.498118402136291342870893020 
  8 -0.000000000572377749048526889  0.000000000144756647475703081 -0.498118401315378033048257220  0.017222308481566987855011894  0.100819587721752265937536809  0.427218973109671967461472772 -0.089029694044965730540897118 -0.041691360132706892981059241 -0.054984157581997567241268842 -0.597430734335252949492381380 -0.389405270635291813805488326 -0.092628019856959297458705218 -0.170508649054316657891301398  0.498118402032512441952091103 
  9 -0.498118400807652323591034546  0.000000000035002549709967322 -0.000000000400010636679419631  0.471618217525426196257924000 -0.298777849407840784550123570 -0.116272317173773488048504378  0.397467332255153503158331962  0.150675129855819950767188871 -0.092317707071432993387474861  0.088634976002409995626731692 -0.346070390947682676583601127  0.200348454887196061893436284 -0.264008804387076476501887770  0.498118401242665537003405374 
 10  0.000000000000000311450096081  0.498118402136291915194114821 -0.000000000000000022549543410  0.384334521708459444296491353 -0.159788195942694100895771492  0.222940607518347938480304977 -0.070355324636730475747019558  0.179759535982895593837619687 -0.232142156454701785301656010 -0.131307350750406893503952066  0.577026508476240278320678473 -0.256312804305391123913795623 -0.147917010691186525848331984  0.498118402136292271842419460 
 11 -0.000000000003157373274131823 -0.000000000037511226842586889  0.498118401958459539741186362 -0.042575089621468340442115609 -0.160044207247568239538292913 -0.052519959876203023688612161  0.275127720083014618734267367  0.172792476013849166180803667 -0.014195464801196519033621543 -0.464676498518366115923674403 -0.198170081704796095510589561 -0.411688886587073877367003519  0.437327729136511927232481081  0.498118401999128122500416771 
 12  0.000000000000000323367087870 -0.498118402136289921563160055  0.000000000000000488916207569  0.181490133784393734296658783 -0.444423861876834930820711830 -0.296433096830345472430957160 -0.457740634229955496427256698  0.051234800831872411347911629  0.201382422244139623422999955 -0.339681997153533573203252130  0.212209729886946841972798772  0.034333146358364011169585564 -0.138752557713195919894435919  0.498118402136290751736763527 

 0.498118402136292271842419460 

