
  0  0.000000000000002575914357542 -0.000000000000005519595720164 -0.499999999999999254123115439 -0.441878670194305636067990534 -0.315668784559789002651646744 -0.028090300862332834866963980  0.035910568234855180337410877  0.412747915513391853709751489  0.317873677697581160088869529  0.153737195968378383359670761  0.272210505452621863236271904 -0.289619792023515687122208959  0.500000000000007373875815508 
  1  0.000000000000001246258320463 -0.000000000000003663110746827  0.500000000000001441013107450  0.075017422955023351355252886 -0.273047385522416102767058466  0.163726775996191552695556946 -0.657629869673193439021021550  0.010574508529415644434138637  0.100395723631134437396389587  0.144808883874839397799534450  0.243302700424185777759548965 -0.346665646424958901004181877  0.500000000000006352665789244 
  2  0.000000000000000283515173383  0.500000000000000222532495903 -0.000000000000001842404880067 -0.253185640269236879670725418 -0.319336508165029080337244533  0.361002112378412107830975494  0.098393889289281625722550628 -0.309511407587952333195224774 -0.019102091776920081353952768  0.309043085260133639896032096 -0.499152413039636465725548339 -0.055627171378310767013318158  0.500000000000002347948224735 
  3 -0.000000000000002731528547217  0.500000000000004290079576308  0.000000000000000269985539413 -0.260612318092778755360561932  0.617160258514315045392031878  0.185150417997835389032046903 -0.186156622678518451129777052 -0.078936474917954016222319726  0.347277165593663198183685056 -0.160052668113668767555781910  0.259547266202083828321453898  0.111559099756502955441000990  0.500000000000007331375090347 
  4 -0.499999999999999557699723735 -0.000000000000001804157140344  0.000000000000005939325549078  0.101235875991427300061404563  0.358965088639148368086567373  0.031005788311827681524220101 -0.153659750792039491979856618  0.511685866718086740129612516 -0.096438289712053178888136271  0.464287819288042290255015543 -0.315606198798587075547098652  0.005427968981392766008379743  0.500000000000007299391126259 
  5  0.000000000000005476152250591  0.499999999999996345235791714  0.000000000000002633857703067  0.024699120166496108301978311  0.028619688457723319218508349 -0.652334330151442697844858115  0.026528493235512382075044963 -0.087241482884588812984395529 -0.402656661110361901447732974  0.189616692769228721587469397  0.219512042043958604774765188 -0.261617158834457642051099860  0.500000000000004446258899254 
  6 -0.500000000000003568705660845  0.000000000000001293115358376  0.000000000000001751512324734 -0.067012222711087410767407790  0.044675794506398900340882977  0.350392410375324550152881242  0.226599397626371948011769937 -0.047990637131315573860734910 -0.345886212263058934570422037 -0.426110707158885450139161263  0.138032200010720009972480654 -0.496817583281905662150783679  0.500000000000006597370219574 
  7  0.500000000000005852631747294  0.000000000000002013813991397 -0.000000000000000195232478529 -0.355758433998139442569746266  0.111493215872320204317649957  0.123833194670916037215290580 -0.261520836562733684774921875  0.375196316826793764375022264 -0.537537645468193601744517907 -0.232181945009940993190260608 -0.208916557723312304155490436  0.001952244687072279894884310  0.500000000000008093189746844 
  8  0.000000000000001967872113306 -0.499999999999999078184207899  0.000000000000003772199776063 -0.489098838195523818387754761  0.326443438807017691010922689 -0.106181799775191609419837824 -0.061234240153724046915679948 -0.475689365390501620397970331 -0.074481587293619277130390065  0.338607109915682004321491744 -0.020093104793599785727928981 -0.205685230456256234936947454  0.500000000000004796401990859 
  9  0.499999999999990984506570077 -0.000000000000003585095364898  0.000000000000006325830454682  0.389982087278493952262276370  0.292147667273235676530743904  0.257565004016249128842956650  0.334460483397074759915950856  0.088498912759973077143526438  0.095213143493092588598523257  0.270359057139094884330415836  0.031342558935444701287545205 -0.493341858987592624049027187  0.500000000000000918102399661 
 10  0.000000000000000173617402183  0.000000000000001495636208521  0.499999999999998277880374278 -0.246491033084649837565688509  0.033508085065945962423142931 -0.367182510138897583412253417  0.242535847391790742661387900  0.202822360960580775821309601  0.382264662911342544741963995 -0.277923578201960384592488981 -0.396576252548311313834593014 -0.269620703581775668139421803  0.499999999999999948419081644 
 11  0.000000000000002716283902622 -0.000000000000000641354676195  0.500000000000000974101441870 -0.270405060064682308050391935 -0.076129484103329544375754305  0.175365433280371840483514469  0.451004590516257167893098001  0.199351046023391169232101723 -0.164786708844891596913617877  0.286851890295487367749972807  0.425484057576743933116970517  0.326666557983229350454155993  0.500000000000004356812220024 

 0.500000000000008093189746844 

