
  0  0.447213595499958302918871653 -0.000000000000002192331596664  0.328715072497958400260477038 -0.433168932796325668291466393  0.227895541030871027460389007 -0.020084046936337682938468756 -0.172283287230723438173849923 -0.501950457148156022610992893  0.134055793935310738876267450 -0.390339060089771391638116191  0.447213595499960508619771357 
  1  0.000000000000000144029760993 -0.447213595499959038739781064  0.238233319908411956091539435  0.468941712852002513920064708 -0.129986936414955034621077946  0.259359365505441490199227059  0.454227907913528640513473045 -0.157612493122365360229456509 -0.106644382271097946265317642 -0.443437658000740540721780480  0.447213595499959181962888050 
  2 -0.000000000000000447676845579 -0.447213595499954548408063498  0.144600458739689173944713632 -0.643955585618042857345196678 -0.135406154872406095287509439 -0.158507366855234070861929707  0.373760492177644410298660571  0.420165167138058097602050511 -0.054803508322713028688103355  0.041393251205760092923172360  0.447213595499954989190456722 
  3 -0.000000000000000421233292236 -0.447213595499960227675883412 -0.274695006215539912040749307  0.041390478283679101341717985  0.106553732034225907719584159 -0.105159000258047278179146782 -0.608962270053017936679261302  0.196891343059217774097858361 -0.419974981263058850990826931 -0.338285584255822441583552024  0.447213595499960624900454356 
  4  0.000000000000001129256844594  0.447213595499959474074058371  0.254619836262381406038948078 -0.123283289622487157255557172 -0.205689694825669828202093642  0.516024498310998904664417819 -0.146589061851275319705873584  0.484645132287012956608888287 -0.087303443793778056404044068 -0.383913124892589022982584621  0.447213595499960611266612037 
  5  0.447213595499956825720516695 -0.000000000000000958156172655 -0.092213758409028275889467337  0.108621008387397771901487602 -0.820132809063242683065252103 -0.262994438357581075400674908 -0.139617000219787614514977900 -0.022264176462202240909171919  0.133023533469139904018493925 -0.015176937354908236986495709  0.447213595499957775644250119 
  6  0.447213595499959469195148595 -0.000000000000000348542344410  0.565742230976302192489973270  0.304270039460539241894451723  0.221382268545484407615752884 -0.166253198943467044314237745 -0.071575211042136220063473919  0.266767800355908596534942542 -0.311776260536935070238374890  0.370422366244945884246417972  0.447213595499959830559732685 
  7  0.447213595499959911658055187 -0.000000000000000389744352492 -0.434073876124159719794943710 -0.157456274808750922424103319  0.002971147427754936836405349  0.508712066561083615305431660  0.200627535506576888148233540 -0.160744096781983310349029709 -0.437868387175887022742023363  0.264899603748854811310648599  0.447213595499960315848625089 
  8 -0.000000000000000454691956924  0.447213595499956376698186961 -0.146481063829819963667804722 -0.010340104859870259216256033  0.046850335572534214419594505 -0.520331499918841079450199105  0.365615191889425344946113958 -0.025201115212111519683614797 -0.494119428063097553623268798 -0.356416866158217058880306252  0.447213595499956828078656421 
  9 -0.447213595499955183642116358 -0.000000000000002489315431879  0.368169668941076375957843769 -0.177734159757140525284823188 -0.367883852059132129873678108  0.059380382323702662764400295 -0.182847962986071068322286963 -0.418190930036435142247127142 -0.482565320308376917120881527  0.229805972549124124017509881  0.447213595499957696985382505 

 0.447213595499960624900454356 

