
  0  0.042339290705181510918354718  0.531352815255543027409858292 -0.103537554569755528577085918  0.028551740645120720711841022  0.190115310152125450694716655 -0.406714378017345669217349341 -0.270260989965342560310823661 -0.280387387821594405651684512  0.592551969615914950705298087  0.705781401175600765773854306 
  1 -0.000000000000023298476848092  0.000000000000051626277516686 -0.000000000000272450485749203 -0.705781401179012677260700415  0.569069058190892218714040940  0.389512336398027515625567055 -0.078691245411122094278078172 -0.140919014531059172068362846  0.016207399313647283614704176  0.705781401179360043710540873 
  2  0.000000000000120629180423828  0.000000000000040873093319096  0.000000000000092019059751606 -0.705781401179128080769931836 -0.541241365823315677776629562 -0.428957175626226376162920123  0.009249091243018380799500067  0.157402399376126888121997516 -0.008067101829390926560805607  0.705781401179381652998250790 
  3 -0.000000003405817101275385988 -0.000000000000116780291010670 -0.705781397773065635715093735  0.000000000000401237489364106  0.362083220938906463407100031 -0.368937789210938592879230821  0.377408531044791210423651126  0.206002918341997312543282216 -0.223111778472905830278979859  0.705781401179400707580381680 
  4 -0.705781401179435185588937479  0.000000000000001301055563002 -0.000000000000000601926465585  0.000000000000000124558309216 -0.014322646865658006316889342 -0.184275890284269997865598811 -0.079442538362299801137154757 -0.566021221462903595389448697 -0.375524608711721674003019070  0.705781401179437246928317917 
  5  0.000000000003008097088845595 -0.659794188695424334853770199 -0.000000000003611563420743325  0.045987212477308486150204660  0.241160560864605484358478248 -0.341837168030324676853623500 -0.601800128647750233153515542  0.142848436051886772609766617  0.070545508474114853709427842  0.705781401179352532845780871 
  6  0.042339290701164602018799574 -0.531352815259085204324055601 -0.103537554564331351349647497 -0.028551740649509478781165159 -0.109339839105138664229559774  0.017753452905862772900699048  0.477009404085881331806541505 -0.457765892769072985286384070  0.504953832944394641075308572  0.705781401174090605721289648 
  7  0.012648969281778881088948332  0.000000000000072265348795614  0.693132431895991061806833883  0.000000000000032309482135232  0.380756814113599632458167718 -0.433772072601755430523761195  0.415179167117499705122202897  0.099499661121093628390204839 -0.063241992341353808582224850  0.705781401177874508220348032 
  8  0.705781401179434699974784423  0.000000000000000436759622380 -0.000000000000000668296398392  0.000000000000001653038947713 -0.025992203686212718139242795 -0.153168385877351654212469301 -0.099286031584247298002461439 -0.523523191868985226322865539 -0.440229731131390607620128622  0.705781401179437422352229425 

 0.705781401179437422352229425 

