
  0  0.353553390593271693018205884  0.353553390593277989034431616 -0.353553390593275616664552946 -0.353553390593275389334462430 -0.353553390593266983704754530 -0.353553390593274861029848832  3.535533905932779890344316159e-01
  1  0.353553390593278413662212470 -0.353553390593277739667931944 -0.353553390593275376405351523  0.353553390593263911861844281 -0.353553390593273454223319924 -0.353553390593273636965596096  3.535533905932784136622124699e-01
  2  0.353553390593262302526349553  0.353553390593278766461599397  0.353553390593278522814266185 -0.353553390593268381647930679  0.353553390593273895981495103 -0.353553390593280663354615323  3.535533905932806633546153230e-01
  3  0.353553390593269023170356138 -0.353553390593276962240764164  0.353553390593278763073467608  0.353553390593270919548376033  0.353553390593267425462929709 -0.353553390593279439290362587  3.535533905932794392903625869e-01

  0 -0.000000000000006720640836408  0.000000000000009390496527847  0.707106781186540716188562022  0.239802383313019125030910589  0.646635933091609187508847639  0.156066610753707845873254970 
  1  0.707106781186555728702363560 -0.000000000000000777428474701  0.000000000000001026798879579  0.646045864356461935662685747 -0.186868960795104281796016714 -0.218414131042975699192442568 
  2 -0.000000000000000240280409135 -0.707106781186554139478819131  0.000000000000003146407929095 -0.158491507991124741202594584  0.216660936779357208678184997 -0.654170069911931435877473079 
  3 -0.707106781186539301196306712 -0.000000000000007007671692357 -0.000000000000004469768115553  0.646045864356475720859628031 -0.186868960795117934923581862 -0.218414131042976307118153208 
  4  0.000000000000006470523835001 -0.707106781186540879686249633  0.000000000000000441765443660  0.158491507991125740579499599 -0.216660936779345303921490672  0.654170069911949410540030064 
  5 -0.000000000000001224070830676  0.000000000000005802312872902 -0.707106781186554300320211419  0.239802383313010765371374802  0.646635933091598501070134536  0.156066610753703408382840785 

  0  0.999999999999999956306652449 -0.000000000000000000003388132  0.000000000000000000000000000  0.000000000000000000003388132  0.000000000000000000000000000  0.000000000000000000015246593 
  1 -0.000000000000000000003388132  0.999999999999999999241058479  0.000000000000000000000000000 -0.000000000000000000023716923  0.000000000000000000000000000 -0.000000000000000000006776264 
  2  0.000000000000000000000000000  0.000000000000000000000000000  0.999999999999999996530553048  0.000000000000000000000000000  0.000000000000000000027105054  0.000000000000000000000000000 
  3  0.000000000000000000003388132 -0.000000000000000000023716923  0.000000000000000000000000000  0.999999999999999947253564309  0.000000000000000000000000000  0.000000000000000000003388132 
  4  0.000000000000000000000000000  0.000000000000000000000000000  0.000000000000000000027105054  0.000000000000000000000000000  0.999999999999999919552198802  0.000000000000000000000000000 
  5  0.000000000000000000015246593 -0.000000000000000000006776264  0.000000000000000000000000000  0.000000000000000000003388132  0.000000000000000000000000000  0.999999999999999952349314519 

