
  0  0.250000000000001211894083350  0.249999999999997994510583972  0.250000000000001435510781425 -0.249999999999999335953274407  2.500000000000014355107814251e-01

  0  0.500000000000002423788166700  0.240783994532364641421814423 -0.743646360336815792190911373  0.372844684466390734813327421 
  1  0.499999999999995989021167944  0.695689673244365049424239866  0.501920764012361669511360501 -0.118707308934200507778938642 
  2  0.500000000000002871021562850 -0.567099064539385862564625090  0.408829814894915541644828880  0.511132892163612982889056569 
  3 -0.499999999999998671906548814  0.369374603237337103802057428  0.167104218570456594048770013  0.765270267695810942087421280 

  0  0.999999999999999973653887209  0.000000000000000000023716923  0.000000000000000000000000000  0.000000000000000000000000000 
  1  0.000000000000000000023716923  0.999999999999999973653887209  0.000000000000000000016940659  0.000000000000000000000000000 
  2  0.000000000000000000000000000  0.000000000000000000016940659  0.999999999999999926816353357  0.000000000000000000000000000 
  3  0.000000000000000000000000000  0.000000000000000000000000000  0.000000000000000000000000000  0.999999999999999948717237241 

