
  0 -0.000000000000012149745091735  0.000000000000016860954258964 -0.942809041715849393617328994  0.000000000000017054135793910 -0.240447839452614540859450715  0.230859150482304645768307644  0.942809041715895403417031784 
  1  0.000000000007052008593762097 -0.000000000009168795052159222 -0.000000000006794238256570028  0.942809041690359309235980323 -0.230859150518340455412753115 -0.240447839517963826751483121  0.942809041713374325994687086 
  2 -0.707106781521719829602511814  0.000000000013203713720189686 -0.000000000053918712865356482 -0.235702260062498447119741854 -0.461718301214068816161256378 -0.480895679385269075720903478  0.942809041651340670275958239 
  3 -0.000000000250102883238681164  0.707106780731584078666766835  0.235702260279609426067942528  0.000000000053577167725332772 -0.480895679767331211908101135  0.461718301915372556800103848  0.942809041314873528096332511 
  4 -0.000000000005062965788596820  0.707106781641510939143049214 -0.235702259976277986444148996  0.000000000052505651118839204  0.480895679329370464541622276 -0.461718301132847527867061194  0.942809041675357590130742563 
  5 -0.707106780851375193465684771 -0.000000000268369562709854556 -0.000000000027745059912286757  0.235702260295349338777731209  0.461718301816133368454175487  0.480895679678757962695594824  0.942809041442839186131577578 

 0.942809041715895403417031784 

