
  0 -0.000445376186146154669365370 -0.000558313312863993725662114 -0.202950315835317321647829868 -0.000130227855659851550054479  0.000084865033128491155362464 -0.000219281456823110938591380  0.000211819580851087139674108  0.706441297906241831962639854 -0.000604024537860950690494141 -0.000148496305576428370998869  0.249663613396621109744607896  0.264523671945457597236804614  0.388359462975488031207362341 -0.081079933418167296573680122  0.062860688785169676007441933  0.157469591804904025699927105  0.375900237209173520213853492  0.911794018010469286520010279 
  1  0.000054994231559095688595954  0.000496954338829592387364269 -0.000151384357546524247587234  0.908377718096756322043762444 -0.000108648230108233835667041  0.000373605336581906299882607 -0.000057658591725564815805291 -0.001452041501066108051376328 -0.000699304452571101388506179 -0.000126640138986315868436395 -0.017274482475136326049423765  0.129799572892358560508344577 -0.260844228051818539774759503 -0.063867632010694248580727223 -0.104335524412789247876919788  0.258805316929031547482000647  0.087838851549931218968246278  0.911898949275730712898946351 
  2 -0.000005629000055969702917461  0.000036006335417474843093051  0.911271184479205419203332039  0.000011105900692579383052246  0.000345737343644932845430783 -0.000002186964870513256317942 -0.000012290219472014742968243  0.000074241601275408728620454  0.000166949305578719792042412  0.000082840659833075430927397  0.172904380277538314528585489  0.232766764979905598000075630  0.159108195774944739217830400  0.174492220385128375646235054  0.104356699482764828355331726  0.136813398441452351323864740  0.011713056547410737094036840  0.912008171810046098149007271 
  3  0.707161657299640261577656358  0.000177472358876362855678792 -0.202697425428670588014616258  0.001031042783776499002661049 -0.000104983802977813662337069  0.000127701671743750423151100 -0.000155213017245720290107070  0.000329862133623438203025266  0.000132340873400505405516493  0.000019506598405098553903041  0.163956636610151252302211219  0.190361554391667639441702159 -0.031087796986083681267899401  0.366544150012666552107976764  0.276106611184248275191318797  0.209190891469874138105578855 -0.374698300740242313991001238  0.911937205968360085613175908 
  4  0.000000009259338517136190690  0.000000008760416949469475385  0.000000005186803942595750644 -0.000000000513181211020487409  0.707086120351481040610490403 -0.000000457189720124736608460  0.000000007489738355249592381 -0.000000005364629443510737135 -0.000000016515394975050818674 -0.204986218460624235599950096 -0.452460625274677327533169938  0.277114553016697606681751492  0.254466043815739389907749565 -0.203414416903404188610195169 -0.031085868473289845086745663  0.106529234568327195911805090 -0.240938942958294448533091564  0.912072849091328745406263845 
  5 -0.000268850661372114044666332 -0.000004924871646337955944489 -0.202833791450555318494489501 -0.000196789292698383427952729  0.000098276589435769090376384 -0.000222249682006409677285328 -0.000366081235134366336340069 -0.707757619660490247873434883 -0.000049454413113512199784083 -0.000161691013314477188202991  0.249816004278067064106974050  0.263026187763955590788976513  0.391419056985705538501867443 -0.078123906491164206203326424  0.060755676650470674728132282  0.154294046112818027357877111  0.373545623555824202150854943  0.911959728869766920989446690 
  6 -0.000069643176908999212151416 -0.000412926986746934667647977  0.035404065542656015068558950 -0.161726704998781352996860619 -0.002112219872121612152746908  0.000168639616249486554120664 -0.000874773027237012905671172 -0.003109889031148506765539933 -0.705662012921912249342314832  0.001708930186517071862499895 -0.040603456095280209404811689  0.033073746543035197687957589 -0.326587327613714145196866998 -0.344613047920319667621023851  0.408399919628062956270496409  0.258154571355685527226471107  0.114104778274919750335753953  0.911249805360279220480673734 
  7  0.707050770693798051158129175 -0.000826288819880694599468877  0.202545973907434510117718703 -0.000633808604075732451500615  0.000105039428228061786342391 -0.000128718134691841957142149 -0.000249684205417090723730607 -0.000152599466062587952931584 -0.000358144167719956498757227 -0.000012553857764135800732742 -0.163912416351276318436051144 -0.190218030170512133013977461  0.031862126599297746489626365 -0.366619651759394859857161750 -0.275173974897387327997891684 -0.209981121169039290243044961  0.375186458819402004252188329  0.912063581285072678148193731 
  8 -0.000370088559924274367942460  0.705378867924173075200020011  0.001526425853035832557996195  0.195029245655908277983707315  0.000375512873470253256867065 -0.000228889531737089269548928 -0.002907852679781694935148568  0.000735092291277277955079703  0.000633237727770268195305825  0.004566350046274200325860506 -0.138862432879642359114143180  0.051965701456641432617189350  0.090202769449435939717093363  0.063978736987862995132996056  0.453644462415161992262539400 -0.463978787893963171386820660  0.095334649949274116445465267  0.911751563143352216657660375 
  9  0.000000005283473234930844345  0.000000041018304232753134414 -0.000000019366579539889273774 -0.000000004760714840427122497  0.000001386563871797509142846 -0.707102368688686047214914110 -0.000000017724125486000462831  0.000000019672738541698612812 -0.000000027519696999733739801  0.204968964467515046796531122 -0.367635254140662418774693557 -0.271324685200637660906913817  0.138457137780612302943887212  0.296194024690818146346117309  0.100289624459432210447720497  0.292286802119225668010428151  0.216403179688981364236881333  0.912072855065705764658623433 
 10 -0.000360445133602923012035346 -0.004302545311023753721356780  0.036541495049654557093472915  0.154475511588283835059205382 -0.002377399355312555676742684 -0.000644638823802237770513586 -0.704254366848357143027388461  0.000886643610115727526557249 -0.000795150889830788905455928 -0.003642594086008289542079114  0.184989776984760652145953555 -0.418704263920286072692741181  0.318965203177474112677123111 -0.256709101514934363136820339  0.160834278577694911121186150  0.091132406741742217691872648 -0.259697522822478021783639338  0.908280790695991865684941202 
 11  0.001013135691150213165172687  0.708811792104660178827878203 -0.001040002510507371607569664 -0.193474852958976756557812719 -0.000399173480619466519947214  0.000221291824655352692281988  0.001107157984750073994946839 -0.000176785353954229329750937 -0.000448556526807715329973530 -0.004576550313321568999053591  0.139865563452429936803600267 -0.055826158555970207097697783 -0.086658097435849633998167056 -0.067162386393030390980337253 -0.449589090620971476423319013  0.462603834966739619293223801 -0.096418871970601209709500739  0.911269298749402918572229404 
 12  0.000000000000006272294233467  0.000000000000001652554123581  0.000000000000013589133590455  0.000000000000010955407457450  0.000000000000002760881557018  0.000000000000000532329417624 -0.000000000000015087605982399 -0.000000000000032613991918530 -0.000000000000007145011175541 -0.912072855442820049445308561  0.035382177493841917964963661 -0.243393812437410700602754242 -0.054833513167832041463201770  0.225069271165061121078247025  0.064584539131189146540660065  0.079535179805907583233041784  0.208496430273308787597843876  0.912072855442910627760556147 
 13 -0.000042712463473534184540064  0.002485566086228779029307460 -0.036339490159769934808376693 -0.154028643931398281360445682  0.002361216013717288603305060  0.000640411137403042872850848 -0.709939715795221436441236190 -0.000300230219813487964371271  0.000837275740554541494061233  0.003583573546499389878008880 -0.182659657619710886526588796  0.414927514744830612275928311 -0.316210416995051568232657363  0.255175590808809462235436441 -0.163046965904525116387922649 -0.088424726529292653571189507  0.256667433489378397080179356  0.910558835094079700039643860 
 14  0.000000002906593690821882720 -0.000000007009492619310235189 -0.000000011540171820322904940  0.000000011005201862822083460 -0.000000157733627013737963651  0.707110307460107995430713401 -0.000000001389665044285815907  0.000000036519678326569177533 -0.000000018156114971579035461  0.204962295271414728954758808 -0.367260265152960025286958332 -0.272032649224992835603571459  0.139636586265419977595340917  0.295782521151715481743391459  0.100671183014660295027518921  0.291914152623439376795259556  0.216262272165004620124838935  0.912072848992068035240635832 
 15 -0.000000010893088133405350284 -0.000000014747148889318398415 -0.000000001951265093191265838  0.000000026567695499953928288 -0.707112868052398751072488287  0.000000902500917561339871585 -0.000000007677067201780903635 -0.000000008886281207804913294 -0.000000002727984600161771116 -0.204959007833147534814732804 -0.453485700891177742047257609  0.279867121583759036472808732  0.254597344367549827034167068 -0.199596759708664761169658215 -0.034105556465468020792920550  0.103880119921823666929842390 -0.239573303486859187389369091  0.912072851836994410719243465 
 16  0.000156221521552780015238199 -0.000601138950901432107674852  0.035080067041916450143240400 -0.160113838764544812076260315 -0.002109690529743508166469487  0.000166886086503586961501032 -0.000819320394144717188480275 -0.002545406548792895047896836  0.708546510864947826622596561  0.001686387664260624906078556 -0.039743095436546090930886874  0.032082534000102922463435210 -0.324576266162129001952539598 -0.344331927366499188894379685  0.406160044718015276354492957  0.258240920803994016566535255  0.113589366958380877149781003  0.911825468367308616230403062 

 0.912072855442910627760556147 

