
  0  0.004171642465453373324757452 -0.000298069512448998782598091 -0.000613853218405780883378193  0.000188061198767663469904911 -0.000675318880906784454959816 -0.959277343503458578054341604 -0.026746319173924369764407268 -0.000185387467696728746504414  0.242863547409111120537221137 -0.041401892849892887847482398  0.135485789685547323415917148  0.992155995421062311505344677 
  1  0.000062274924674356028743656 -0.000098892805736487454896357  0.000128600254269728454975774  0.000300305638831248109053364 -0.000009818158881550380744659 -0.000038732203001763731521788 -0.991141547642492461069746446 -0.000127261081517330136636604 -0.104654449758299114721631778 -0.075492669530472449195587607 -0.031410147379107353491137482  0.991907432709404979567779925 
  2 -0.034386005844706429486094335 -0.000005478371795160579944820 -0.000008054433723974512780679  0.000062489595888615106931766 -0.000004960328641177101335861 -0.000005058384374930214025638  0.000043769246913875061629248  0.958007833974073284323547117 -0.124715738418795280453951931  0.068033978733569235498748837  0.246689985627531942818046161  0.992523650180117456985791347 
  3  0.010213777402904969474117856  0.000252680697734642346129904 -0.004352448036232861367625965  0.710920861260032594807108108  0.001675721822441603053379397  0.198769725286208547850941644 -0.063326898204384469997672499 -0.000043064310222592309621768  0.579541550542532590557364552 -0.103658771440574534789165213  0.323004861880588091345217414  0.989555177020162302276885813 
  4  0.081210957916035571485036722 -0.707975244701061453438985238 -0.000068427359481075878296569  0.000094161831335691985346970 -0.000118433312635497508762467 -0.000186311710241541908973114  0.000049150390887406226098963  0.202500152075870746027903661  0.293367804310809227318372280 -0.164811230581712671138102863 -0.581327830556098235699914040  0.992202839297548958247350420 
  5 -0.010158187208385049834088673 -0.000348017777591411181413368  0.001743043852049895523505151  0.703206954541024674627033159 -0.006694719800467623263231414 -0.200675824195635400148040803  0.065596479388720723589171601 -0.000145078868805988055184774 -0.588926681279274945876936465  0.093099539352019801879750335 -0.324457926399520289940285947  0.988568305632680753634693172 
  6  0.010808977263136495213283715 -0.001403471099381972872867304 -0.201416277968728595342429860 -0.008776410116259198514479468 -0.702650226224291786676634519  0.001927444743061792936792404  0.063012242305801650602708770 -0.001674980807516692056305012 -0.159054026502044495037439635 -0.651712153550952256997851053  0.107304872881726800800240938  0.991670030528178137602113296 
  7 -0.992528998284163506177386893 -0.000000000000000557612310157 -0.000000000000008997001728541  0.000000000000004672681135298  0.000000000000000462249917828 -0.000000000000015968043881812 -0.000000000000006505446382375  0.000000000000006580470244943  0.061605993284747223696928582 -0.047013115853360324171720998 -0.094237233056754849797834617  0.992528998284207265119169494 
  8 -0.081450625929896059379900237 -0.706233961218583942813249027  0.000228726918708590242486212 -0.000161036735851321740000265  0.000038228183430528288379271  0.000760131499664233393467796 -0.000228117110918492454177463 -0.202999628600690754903876530 -0.292980548395311190992395395  0.167978879804399349942719763  0.582524954829592269854240949  0.992100456197743940157419973 
  9 -0.004551785342920624025544969  0.000479539344094309954119834 -0.959161781857525443410403265  0.000665801956088403923903313  0.000256331049447726928550589 -0.000775113728877162712201784 -0.025974593169455352780153486  0.000612987764078806155310725  0.063327844039956437692030257  0.270586738659466911216143134 -0.045650449105441455491081896  0.992477934212487817764673098 
 10  0.010578127554782604309979840 -0.001470239343804122225085113 -0.198538980480817371670641466 -0.003724941467405885108849271  0.711501577580876537476584076 -0.001363177077244197287789932  0.062965024128162026000228319 -0.001604512549563046137903986 -0.163711683817668054007218002 -0.642658275957241607780762171  0.102174569751268081508114010  0.991746580182655758329765550 

 0.992528998284207265119169494 

