
  0  0.563263634528120064296104197  0.000000006641243593992460450  0.000000013373124926984443348  0.052201631922000897927750368  0.000000003680095070365980773  0.086349348249809384635723025 -0.032730514551738457633384789  0.094833119535429042772914018  0.377564988648899276982946402 -0.065002888055030766688074592  0.325191307300336115710791968  0.395265764248569440118125096  0.282012287240937262980822881 -0.417363407070543391121173610  0.701814638394393993021426470 
  1  0.604539665691105923073581097  0.000000006334619809957862636 -0.000000008889921348960034873 -0.097274949570288084055920842 -0.000000000037622229002818679  0.000000004973165598937177737 -0.047587512097959442215164587 -0.637475262277891355580401039 -0.005272832064942844003545860  0.215081299732266120121153274 -0.234861786788283643029524340 -0.233129120109705379894197465 -0.239063122030147781716205059  0.059007672081059028903077821  0.701814635496723021091964451 
  2 -0.000000000000020188769848610  0.000000000000260482892106949 -0.701814644796773994396381358 -0.000000000000001131265577609  0.000000000000005290422566391  0.000000000000001719732176741  0.034450539561633599863624614  0.148057851518829468553842092 -0.008517875448990814619483925  0.058654786865252157662225770  0.199110373226145225813640827 -0.497062183493255821701770070 -0.160835964297012824387339038 -0.410184515377235930753832896  0.701814644797062836155052135 
  3 -0.000000036119125670364622094  0.563263557873741222868039374  0.052201599062923321471188422 -0.000000007842902993420557370  0.086349407255622213885318163  0.000000001440614508567886837  0.696429578657766906615942532 -0.109224775014088460833687477 -0.122821420222967266927961271  0.040224451903998377977675740  0.295821093870652326949383104  0.135942938305855716575988937 -0.229924011500061028823215306  0.007068724925589936698082616  0.701814609594929971771691546 
  4 -0.000000000982214144686050654 -0.000000000396994998913691525  0.000000000475216652688755961 -0.000000000171562783243936088 -0.701814634563609785920454409 -0.000000002222369646523938762  0.041925021211591631631701062 -0.099183873874900179105765837 -0.469042972320211746590145827  0.322166961105659674081914609  0.110255832554952200857273110  0.040045648953183049549375090  0.379289053536569123280643503 -0.120199921030565079509882034  0.701814638811968044313123472 
  5  0.000000002381277300804191809 -0.000000009153482894776282512  0.000000000161487355306749479  0.000000000874930452173188553 -0.701814631420897023313023450  0.000000000093457049206342592  0.062774035093540454951187291  0.060700386784663198590613264  0.453516869251307728030161298 -0.317004416233461576261898340  0.007072285459068799215365302 -0.030966685173090641838752326 -0.403915452474180116222918571  0.171770517025322383747776463  0.701814644085532113846909869 
  6  0.000000000253422271479514590 -0.000000000003719704350257039  0.000000002637040010363137611  0.000000000644306988459101823  0.000000000290061532919721770 -0.701814640115672342421480195 -0.275236512355272631443316514 -0.153402160957047344570975712 -0.313459590113977098178605490 -0.312878078695485686220841351  0.183279152656077389289411735  0.240091001184145276758875528 -0.276797456996249999612797268 -0.210160592379723747526263505  0.701814643944222802209899348 
  7 -0.563263588938834280277299232 -0.000000005745623021477067854  0.000000004588867334577120270 -0.052201648942871579450150958 -0.000000007769151379969552316  0.086349360667059541810076321 -0.083805297464484074769367275 -0.589356438606074589225264360  0.371905801704484495636381103  0.165839609314708705950502932  0.073118769619956109041488974  0.145052923156776937126349707  0.025430595583787370902553488 -0.354031699129207743997286434  0.701814616652407190504521506 
  8  0.000000009314696821353129826 -0.604539743173280257461463943  0.097274847856870779686400824 -0.000000004798859964346595657 -0.000000000886143669521890267  0.000000002208525316441530577  0.504905955287529991444995386  0.087888888095780363945595456 -0.111296795522983499355130100  0.035861762332934721387949200 -0.337242147854321204335096077  0.184570187516304761127065859 -0.241963013436435691127612650 -0.377355614230306368663426381  0.701814608238376849279772235 
  9  0.000000000326239004775543725 -0.000000001862767032680400882 -0.000000000217459390137591627  0.000000000961559403303886871 -0.000000001130497185997138345  0.701814639978771344992931891 -0.260898265188296205475525918 -0.092557355275948873591024876 -0.405672428132397076952280965 -0.325284758549230779037068906  0.134272177082080871238071486  0.173611669187401478813351230 -0.314624380370527896463818049 -0.115250246361231181066702833  0.701814644477293376545815051 
 10  0.000000000000010149498264012  0.000000000000001631938088117  0.701814644797122025950044527 -0.000000000000001148749613682 -0.000000000000006952067854515  0.000000000000006292131317586 -0.075839255757405229798576596  0.128859725284098060988334511  0.015793377129801750945718329  0.050821279367751801564630741  0.272776280082268676041449065 -0.537379025607769670713070864 -0.107982463763270699302996170 -0.327756343977286769504403061  0.701814644797148252421126191 
 11 -0.000000004547236344341482156 -0.000000000936219773195953596 -0.000000000989310307755719044  0.701814634401860141697197110 -0.000000000518959038934162696 -0.000000000055037628907180044  0.180954678868932890636617855 -0.272552663503996345689727246 -0.037932158197815610103703545 -0.478501107817055561352483778 -0.127232462959852700548667517 -0.230979479229142273889784434  0.312171383378523870707078186 -0.055081012043635722015257278  0.701814641448623186632729126 
 12 -0.000000000530217748909572616 -0.000000002485873565337577468 -0.000000000161145256311752201  0.701814634072136134376653643  0.000000002179709406993023751  0.000000003444898642636608088 -0.191349520551482874008205476  0.133304787514344766130624034  0.036780389210680013005618340  0.525482718616983883756690193  0.075930084449065379090444174  0.180055579214177614565139431 -0.364391493812010799680000186  0.067970429776024697735947559  0.701814642873980798899562206 
 13  0.000000026930715841614507502  0.563263582433125766597750012  0.052201587396970452367549057  0.000000006902239488286017472 -0.086349416341396835665000613  0.000000003108786286935977865 -0.154523900756829135714077311  0.203554188903701634315497083  0.003368754775673377080186574 -0.001734729234158233016497970 -0.657776456097519905599074752  0.062152625743565564422763369 -0.029770158634159368106584121 -0.412077092699408790212609391  0.701814623113234704605400277 

 0.701814644797148252421126191 

