
  0 -0.000027707978206925395532396 -0.000216257086291446184259488  0.516806300745295996395926863 -0.000401979477711918882041102 -0.165620163386621331369020008 -0.001339097330418479964856840  0.000499756589738627533465703  0.119157282802995667239989979 -0.000018268377769141853135103  0.008441010348568172555399161  0.520561572238960806944911563  0.010914563294412891549790519 -0.025181919984140336257391873 -0.036474578946573957795919971  0.027579133572305239288915079  0.268049188945144836526213519  0.405169642651803293969961853 -0.425873021073286427124306511  0.684911262594284718724715888 
  1  0.000000000000007135708358912  0.000000000000004249792445473 -0.000000000000003687492863796 -0.685981312453570490710562380 -0.000000000000003350490206258 -0.000000000000025173013550358  0.000000000000008463279199410 -0.131111112014913643066525185  0.154560068214096883151874653 -0.287928757183715993518214118  0.007351552397828289256859349  0.187160929220317514971015128 -0.004717925593987848077101994  0.140740275321645705034943018  0.151222111041588012209611891  0.321560595133933994167405035  0.244827403033932305983599691  0.405369693261702335949610634  0.685981312453622584022865094 
  2  0.000299875959893623778138830 -0.001976035550856843338086400  0.001067558717365051471052695 -0.000150730139357954341483937 -0.000271464689869948714786581 -0.167263377795462843262140097 -0.512510606471176274445255422 -0.275539706029741760803060055  0.035880045044852706805982908 -0.110917004921911645551986167  0.066838069145573295233055122 -0.090280600155224718949588392  0.459112268509473203171363659  0.149626960557687674997166122  0.465974084698000867808126424  0.080986308108591463304065921 -0.301315423906299762976147838 -0.244062880598919609210942054  0.683539649323982574570957721 
  3 -0.000000001395642108069743497  0.685981186888369071010407990  0.000000028139837340103413852 -0.000000010448995848017348362 -0.000000031071010788823491345  0.000000007051184623333394237 -0.000000028688461832241769742 -0.423033948597806022786987565  0.238433546413846908992319705  0.207050754436588221299355567  0.087482802259581528674385782 -0.046054058553605067399252734 -0.423623010436706460445826020 -0.013742669237565621792871221  0.002460439058893155158313034  0.148238131512101695499723092 -0.186764432179893605083000063 -0.066861312797515972560684697  0.685981293683501606171012271 
  4  0.573478376185902470206414566 -0.004063909710279189822854372 -0.000391476452569922983213287 -0.004173768645400664491768023  0.025797183789387324381471686  0.072409070734450243270977510 -0.005487528390388821028032497  0.067877573988747110208586723 -0.336350094283163675437176368 -0.217638418026671739662482145 -0.308100318527889155645164976 -0.208366548899067650495739792 -0.365938252213218161764535230 -0.156839940171660080647114167  0.392224396003137246375421648  0.134064200557681763900218924  0.077822761091991167906934714 -0.159131973054989584115620840  0.685801313908378637614841195 
  5  0.000000030863869644522866711  0.514501971701542244871582787 -0.000000093200454945992690538  0.171479098161797795045989401  0.000000005744186552152645844  0.000000007392581563694983566 -0.000000093221052976936622801 -0.088625263412835229173236500 -0.539462341490369481846085808 -0.166794523175553615856295427 -0.091773837152391149864574804 -0.068642531419274977364463307  0.391783511902784090764418137  0.183583626381152691453622731 -0.232819615444873898512864741  0.092818810913280912558431801  0.304833997919935920453433226  0.152028280867861751457525456  0.685981300285485692759448323 
  6 -0.000123182502805028991452704 -0.000191043052703223422862201  0.000000686383533818763160151  0.000425016237062493040342251  0.000446696479856689256088697  0.683493449792085795539437615 -0.001298585432551591376470844 -0.314652621012666027069991717  0.126511074271484614913092261 -0.419488391219062270399899756  0.129400359436497712752804461 -0.033347819548666242895441697  0.031830662598399974311550939 -0.040842575799252419281668968 -0.017419922034914011549046808 -0.442306351028315227218081634  0.100933067760070281342218122 -0.123243939186921343931615039  0.685978659880598661425371576 
  7  0.000237276200798652619036923 -0.000119751920429253412916883 -0.000339103554670548063016355  0.000064220370266189059218006 -0.000042483523140274812112092 -0.684733498818619984135121909 -0.000260951948539925281750424 -0.212588995529768935171155593  0.133760100054140097984123163 -0.369726221586826379504001766 -0.061168543166842083685236231 -0.030471813630571818193659771 -0.156391083651164819890832386 -0.035867878551383456085685465 -0.116714207052543399173319752 -0.433468100150988897147985926  0.282647151024643363182884889 -0.139769244857066347610110787  0.685797286336464844401245716 
  8 -0.000492879279419032822318195 -0.000878300713111318334496208 -0.683282191762569370344342773  0.000195635817917400633193409  0.000170649533510633487818962 -0.000564930152788422076091848  0.000060109106953635655982926  0.017952889717645656974455317 -0.102491620775234945196036866  0.288547014215927828510461356  0.377442539182801149733048618 -0.004644361526237903188224721 -0.071855912804856715062865220  0.155439148278347312001515350  0.302965383604515009686357699 -0.132062924127720804600956764  0.393622480597662226822720452 -0.055330693182015765987680515  0.685644696366269767171582744 
  9 -0.596327724012832480508447541  0.000614149828148643194282758  0.001487414163267960589241362 -0.003968760863812491451713100  0.068112042267518975316789587  0.006034269019753484624791416 -0.002045887698304753576812666  0.216447975212486676925018568 -0.299050873526888625546053813 -0.345171793236866054655495942  0.093697670964097296975438365 -0.168561173185858187472188630 -0.403638783278817357832394391  0.332353816476738665025830038  0.133542724641608130293243643  0.034890244478248653816531083 -0.227990527029372000065131354 -0.051616088276612724288037060  0.678590247853638826218761193 
 10 -0.000257741148255727118601444  0.000030514679169251893618279  0.000058155805229710698739978 -0.000162716092091551692164129 -0.685175304076433643583367294 -0.000235561468296147687027407  0.000023187619028409813936787 -0.092395762854488699883967039 -0.254003514797879105757650794  0.019193451721934567710180176 -0.102933322442299071102086386  0.617453194842238020124958187 -0.106031911470363284926169897  0.083218397938874760810020609  0.076583854016740337252789391 -0.130895165351393892060115169 -0.135371362750220646461204836 -0.075997873442207542456021917  0.685943180888504476652115655 
 11 -0.000410186482751444921249424  0.000012685268294222650567276 -0.000218834174804530240681694 -0.000126602598023736269188749 -0.684336655499363466623099356  0.000061454267666162475947727  0.000475984107827031133615831  0.074876486859475071224318855  0.180704742381413163397900663  0.017217602610219720680014488 -0.003023568940811994929228571 -0.647398631243864726219575806  0.037682574173220485225888976  0.044126418720674671736334694  0.018106447911514391844846144 -0.039642396003675020773189238  0.025091025251867196382279468  0.260951282297476361098347714  0.685642402398730638603350368 
 12  0.001383805359242956299245453 -0.002026917294702884165969733  0.000065830655796545405389678 -0.000350231525600964078077808  0.000701959042581324880676324 -0.162119444197100278496118629  0.519319780137576890736896690 -0.173344362762714336746857832 -0.241082534921504748764184249 -0.143104891752350484908232545  0.426108624376062275192298540 -0.033131078416818043117354851  0.165242959000363372738416287 -0.444251641177283419212101431  0.225220077559651379731694293 -0.019019009518423905932479889 -0.303517752154601880510082293  0.211730313568717314602228227  0.685967968212601804096732738 
 13 -0.000557392304944152504226235 -0.000965215390851542555356093  0.515780328831770705521643505  0.000670435202277065732982314  0.165617875080336498949825329  0.000794121298746388012744487  0.000576795717346345620487868 -0.096287796403218630976342338 -0.135095606651427688793304545  0.375168690186803561510296354 -0.023844723818570623291002142 -0.017060064526296138998252708 -0.069909296076813842913842342  0.239217341339710076820513664  0.373526269364636888186629454 -0.443609803145752924075084778  0.118257695480969551473759537  0.353548767949318827895398634  0.684962163826272697579600202 
 14 -0.561704280501567363456747600 -0.004805381859296915284196033 -0.001915820988737227549495878 -0.000049294892433778770902565 -0.045313093712489246896017465  0.066591662229058007397241008 -0.001073543235020006841554812 -0.161170399842106990771209082 -0.025844966868264550431154368  0.143167420924393286486972152 -0.413831025542711742785462539 -0.033796124118116720464052253  0.056068565123166843008656497 -0.513544662381355223831382040  0.259102820726640213839283428  0.100525320293567931831564544  0.320257468759830647594922734 -0.108431221687543307282905209  0.681453077418602578435059824 
 15 -0.001110631772981095081906074 -0.000020724087749649354068345  0.000004247368282961113855631 -0.000108227477753117659322710 -0.000084845897273934322593301  0.000500320631377742133029773 -0.683814174693223589685930203  0.074663957301974100748908313 -0.206643342503449067685834112 -0.021696605277484808404792494  0.276519407461195136302281941  0.044370919008818676930607601 -0.214611759248049928082446337 -0.448144621541928832726383106 -0.181698772021283627716814295 -0.075696813495454923352058225 -0.004974353547099891570112338  0.345770133762822817953021259  0.685643171928642086189725074 
 16  0.000000007981076988440730702 -0.514458679413354779059227434  0.000000006887719154275611707  0.171522562008776377246062339 -0.000000042990156569329799054 -0.000000005152182674451862551 -0.000000007153251585773734863 -0.649479271831261816255026487 -0.217878085504127616507186530  0.109277668340375694600301749  0.028474305467604185063072828 -0.127745545801316451756677109 -0.173281158625793939065439300  0.172231419651978199134522395 -0.238778385232608135921544661  0.289499968557004430229915096  0.053127403101629353721253608  0.064875897032702680282422771  0.685981311586518127264202466 
 17 -0.000000000000007887207075258  0.000000000000002175936568352 -0.000000000000001078654998991  0.685981312453650678303239407  0.000000000000001878010736424 -0.000000000000000136227052739 -0.000000000000001372788182836  0.055320678934038377239735878  0.340008204944282628158979884 -0.277111351730507433167643647  0.022208038727011044530677201  0.234061106650643383883156866 -0.063682939043997899411292049  0.052208088298201552862718051  0.272099889944582041384751186  0.227897078016405049276675229  0.154190784720261975972578454  0.349519319281100268001797812  0.685981312453665211111789729 

 0.685981312453665211111789729 

