
  0  0.000000002223478843230946510 -0.497927303684630385180280576 -0.000000001226913427349387031 -0.016687038504629470280423722 -0.191404204654498452545328263  0.169646205666713226339610381 -0.491423393073418042362654132 -0.213861195844007916994815657  0.147751733017846013706680583 -0.230583740787415907239218081 -0.458627752976680277285535456  0.102053207322319018978209765  0.321538904234990643971579816  0.497927307135022666288162382 
  1  0.497927310943798687696429731  0.000000000000038742813622008  0.000000000000017256989913137  0.052983780591185042012873771 -0.256313542165986547888148830  0.297150966921695066481163769  0.262003926281110426435572158 -0.100295770720083188501533210  0.430850906631692504234398475  0.414378843872026903367685249 -0.007914410357948204375931427  0.398775529088067593255773069 -0.011558264336186906115136594  0.497927310943854662018829074 
  2 -0.000000000240408264627962956  0.497927305991537638403879318 -0.000000000660374932524576546  0.471288834154531882393015726  0.462655862548868880898935221  0.167444238677244851620849568 -0.095789702095364186560267229 -0.146048674436682076721019316 -0.019103328833773192250530706 -0.138499749554842549429550282 -0.389832715938492295113231706  0.292992151524222442244681924 -0.000514907702039358697992780  0.497927306892320813667962565 
  3 -0.497927310943666137177474745  0.000000000000267635739429852 -0.000000000000014076421664726  0.488287701449057753746822719 -0.282323303094350687425777985 -0.415359857177614572720921945 -0.107069335569667619050373327 -0.223827940401613517207388832  0.225403886552257878828336296  0.334140768462634335007497774  0.142058578668655021456750098  0.112956992438203197871295861  0.066735137265375215824645284  0.497927310943947869226189340 
  4 -0.000000000448981183609066890 -0.497927304541541982985152284  0.000000001656826082268377289  0.230215655595867943675864563  0.171807690234768932249754224  0.199660339053671609965711665 -0.082023666419263458118177074 -0.175375574740150701134855891 -0.457334874071285140014180709  0.187106073485860877696185765  0.146021347146945916535966219  0.228248173152561962656039926 -0.524041230897191472829638181  0.497927306647349258826454679 
  5  0.064317861327694524024704316  0.000000003477083583751163455 -0.433609428252343882912323708  0.008885183855586886278255584 -0.321936271734455093838055129 -0.273786771764105477198342209  0.410313813842826463997894015 -0.061611766083463772480282097 -0.493628985850487022875136833 -0.123442316950615470500104368 -0.279422750133251518282490738  0.291983768555817626845190829  0.186473481421073871948791527  0.497927293057121998976670765 
  6  0.497927310943635241400001892 -0.000000000000030224876599740 -0.000000000000151881275132712  0.250956824363039980889042435 -0.077468147702637599747495928 -0.338418267942833276472553231 -0.031682147471100990748592687 -0.281682385370007431894291694  0.014316462983512463837052202  0.047653378524698339447843035 -0.274520519326147337957214414 -0.580980071252679043853663077 -0.269883193843176517906111075  0.497927310943817343509001580 
  7  0.497927310943956117429741795 -0.000000000000003493312615685 -0.000000000000007813439629420  0.191404618169804800441855842  0.084079829845303982759942285 -0.319135331192344691696735973 -0.373969766070533977269946951  0.118394192891690443352240535 -0.112928437010376410839466044 -0.186760783453600806892111290  0.504601394043783496058935140  0.254738599755026899585600569  0.292401391436692341792508501  0.497927310943967398553346507 
  8 -0.064317841844077922024570503 -0.000000013873923956618542864 -0.433609448163432410262331518  0.063522182182392740287444049 -0.069392060545489616472784357  0.151673688760235465390982003  0.127134232277163565169326304 -0.369389719918593588805734093  0.333452197467735673449109116 -0.579189156300151302759256916  0.340745734960008568180563071 -0.020957034762376480411762885 -0.245319485480410468864918491  0.497927303881434263062126522 
  9 -0.000000004675765758968323837  0.064317932077695746289139334 -0.433609361377050349503278759 -0.399406432447047225287126843  0.399926104066677054482432246 -0.071115668170908404357164530 -0.166964841250499355593001766 -0.472020760395685040963905874 -0.021832191637301954297185891  0.419296657513936255528902083  0.075354688253668493605626731 -0.050163436693898181988792362  0.219454807673219719245925365  0.497927298130511867754743882 
 10 -0.000000000503487225533995802  0.497927309497880052520379923 -0.000000000765952932850490075 -0.222333206005167526096277103 -0.519670435361000218328457467  0.170457086130631865455021916 -0.487548306236413208568066316 -0.118147384776326696253763524 -0.248656015212462692444157081  0.047538763482873335335538454  0.036646288046252500683586627  0.070833462849071044583064601 -0.285326351916831208232810599  0.497927310767320213528205203 
 11 -0.000000006823348306979199785 -0.064317926387664240453186440 -0.433609310735916307107248521 -0.125142757194134279590501391  0.110248350009630903264623656 -0.314244162909203847438730992 -0.243537230316065436892293550  0.496001493870030802860052535  0.301953174710497737815492053  0.051697244853364734161265629 -0.238802010630026946338684384  0.209369726981662123826153157 -0.425726550189195018889399408  0.497927243946928850304488659 
 12 -0.000000004381327079632206825 -0.000000004298796650891398383 -0.497927301484251978030970420  0.393738030866206393290065643 -0.103494540415154895000437053  0.441921932479801950205281283 -0.110548292278912689115045499  0.354445457197967200694589673 -0.104450804118950671780423692  0.201716757987052518731282448  0.088932755261969389322298379 -0.374659259210662830079895114  0.230872102526606547305619392  0.497927310164375691201813640 

 0.497927310943967398553346507 

