
  0  0.665579065387731684912738656 -0.000000000047540851692920179  0.000000000000898136313635825 -0.000000000009711067102675565 -0.327015147094207914689207445 -0.160259291837442104517981803 -0.348229840719744210725565201 -0.039310236826581372532812093  0.091279723063463406230902235 -0.068115391894093987749990524  0.537216482924546659340377108  0.665579065445881760487798623 
  1  0.000000000000424484753840566 -0.000000000000570601603258544  0.000000000000083205328675217  0.665579065454673905071793227 -0.044889837500876910940638678 -0.130423088543333570634309010  0.551381110178046760406274374  0.195796170588611540404290132  0.098013972156879745645805327  0.283729414182249041720103658  0.324827400020277999868932930  0.665579065455752226585905279 
  2  0.000000000014434556721331741  0.000000000065598185856441568 -0.665579065279587313037207297 -0.000000000003193507517441964  0.403524615031903193836234842 -0.514441088429207945100559568  0.008821735154132877897788408 -0.055601920587711046366983765 -0.277106557368555258668435526 -0.189486393152001664829460655  0.116876967577439567709301962  0.665579065362813573122208188 
  3  0.000000000000025248195811316  0.000000000000015014701430128  0.000000000000009188229121225 -0.665579065456281825140585906  0.087374761452544361509163582  0.028054531885377519304398540  0.281815796016968032937583324  0.415145849177404391278480358 -0.126717996483701018172016335  0.400505132956602040818824134  0.346922283511468217251285523  0.665579065456331322005525952 
  4 -0.000000000018278338456598867  0.665579065178762597002320306  0.000000000023748492037406472 -0.000000000074537494616447884 -0.382824002257699572523063844 -0.413369732851018551860735814 -0.089231913893408496118845631  0.179551867357733556311940627 -0.141742494678686443474835248  0.244029731022713733957205974 -0.346024714875041221096062596  0.665579065295326966216100939 
  5 -0.527733127554108151393945370  0.000000000060681711867874989  0.000000000002454110664593901 -0.137845937754867394985894453 -0.201646794920845178074840509 -0.253758574801200985940298135 -0.094496058955037917359294063 -0.576496008455348062527595632  0.246886526646953890321858037  0.276025565778248372473353475  0.344994458525745770883065913  0.665579065372111387376835578 
  6 -0.527733127441847207851535057 -0.000000000151206561801391561  0.000000000088747710865140525  0.137845937758111047267343789 -0.210785975757661087491199280  0.051638934888531127444553448 -0.344692765544539381580456047  0.526917785526692815292054695 -0.131764186312836517373132950 -0.361932962126859871778913891  0.332545051504001824604949203  0.665579065439912514556917295 
  7  0.000000000032785405444709179 -0.527733127348360416897579683  0.000000000064321227251545007 -0.137845937811741215946268607 -0.589074449683854832612254354 -0.258680052986707893509371603  0.345109964761735376942344139 -0.044416867792961896272514385 -0.296499421459747174341370357 -0.207419286708287230227274779 -0.191216508956353290016945586  0.665579065257208256638395139 
  8  0.000000000055725002462214551  0.000000000013664892620121168  0.527733127678214143587050178  0.137845937680464315571674666  0.230683091132411275696518539 -0.092515780011708034345112913 -0.118747099530309897713945249 -0.214855229195934845472714878 -0.735085872203675338184929167  0.120105394486066600643410680  0.160256659370502531656655157  0.665579065428068340640535561 
  9  0.000000000025271973143112896  0.527733127911147587333576953 -0.000000000017680134524995225 -0.137845937486580412444439614 -0.106255334666002518606315198  0.262663455836905933526949017  0.457649599703406751409354505 -0.270868378186370666846653418 -0.117733237885787680044712838 -0.515190528578883537476340582  0.245191202117709797537472259  0.665579065440680094621096752 
 10  0.000000000052549004913170299  0.000000000121117465195518166  0.527733127454133339111035095 -0.137845937753473501657225896  0.278243717004134411425455772 -0.556299314052781643843547527  0.129873106177013199522647310  0.144729871490171097431513478  0.385598008650588486528713872 -0.359086367772170457160095178 -0.012850975050002289019388901  0.665579065381273343726675762 

 0.665579065456331322005525952 

