
  0  0.000000001624838739279747052 -0.000000000270271176047760593 -0.701814634523744365222821390  0.151668891273336120490778170  0.497811032341469153071795983  0.347902272973639037459718179 -0.340001398125237613444173806  0.701814636418854289300062188 
  1 -0.000000000000355636528249280 -0.701814640482394768773201366  0.000000000000084439961368881  0.609862571646756597561981478  0.098314027838554625613452266 -0.350017510102197147562642920  0.057844175687702880354510923  0.701814640482834801332202856 
  2  0.563263633907141442799110242  0.052201571749270255432250629 -0.086349424876759031080748763 -0.102190534824526930291052271 -0.215620324930793787405244183 -0.449558341107269493128455878 -0.643051412764155587084569099  0.701814630533170689952182641 
  3 -0.604539644470434651773137202  0.097274896505454771027077924 -0.000000043559447942149986187  0.316214834916148733104509713 -0.519914119601596423538968778  0.129252908170290364478624209 -0.487914526244898481816382810  0.701814584535337339821648578 
  4 -0.000000000000020288222777470  0.701814640483079972565778198 -0.000000000000028578821302664  0.540789724012351329454628690  0.211882186755546959240127138 -0.378251097991299561228888473  0.164422415169933169883770795  0.701814640483128821565710076 
  5 -0.000000002689665230794756540  0.000000000194235216571149278  0.701814632926411129435449732  0.084765130631351933096777514  0.513408778642567919495067613  0.220209055031094213611625801 -0.433809280369237644167657031  0.701814635810311555680265222 
  6 -0.563263612335540568955630225 -0.052201640059781630501359621 -0.086349386808019366043099371 -0.441577638617770418906017041  0.342393160961708785524834631 -0.588282936776790294527809955 -0.119382468932184264385500637  0.701814639203341555928616913 

 0.701814640483128821565710076 

