
  0 -0.000000006262523161516052034 -0.074165696760618035491066657  0.500000035228755438916712489  0.302762535076637785881213324 -0.109457981724863891428100281  0.060006825638161146233267446  0.073925531127944062538060507  0.652430156392094923287379438  0.442310968686737175067967900  0.102388019415416623790861857  0.574165738251896659929962574 
  1  0.074165761826049417334454691 -0.000000009352109246675974631  0.499999969026007319263449000 -0.108074617787766819644059129 -0.518806756095582929531797450 -0.387869997461196977517339235  0.091876400785284554981614379 -0.011620936044980701661225963 -0.527982186968645728064857686 -0.160854759655401708900545991  0.574165740204165962691420372 
  2 -0.000000000000063334720920639  0.574165741941962925554230474 -0.000000000000081605501967449 -0.171753375442541729984746550 -0.382311399789448321656897684  0.307472658539875931321336266  0.086481106197671460518395983 -0.062846786883751968696607514  0.011467446846292714666275291  0.623356105254311847749856129  0.574165741942107844028152924 
  3  0.000000000000001070915501273  0.574165741942139606218686865  0.000000000000000457002750432  0.362642768361780768940480155 -0.055785044339922497502168080  0.275402704887539694804995255 -0.389078491707936853884804845  0.077220912009276697742302109 -0.128184127283163161486372397 -0.534872872610812092166246434  0.574165741942141179233408815 
  4 -0.574165734240966860321090520  0.000000001566278500768452367 -0.000000005835784422295101661  0.002673758599731326267524769  0.271061726155695570600681621  0.296302271217613802617267538  0.392329463916275162244659894  0.314495486877937108953842693 -0.506134578227422321386550635  0.007418525620817205994470120  0.574165741643029763801361204 
  5  0.000000000000000610313246042  0.574165741942112381088984124  0.000000000000033691263998016 -0.082313114310419501393439705  0.399574268489019412471012840 -0.622579720982416334133097147  0.291114850917065982654954176  0.105120973419221843172253247  0.139597167478646393912948380 -0.031741177205224050091925993  0.574165741942146641389743689 
  6  0.074165765850561790282493516 -0.000000002914208432006344375 -0.499999971124701978592280022 -0.343110386656705514411749153 -0.439497165601453344206108950  0.039521307058886096987427704  0.328621354712029601686552882  0.368148837177285421438628979  0.179506773191707973735321315 -0.395356542410230591072864414  0.574165739889472186662216363 
  7  0.574165737181351906552855685  0.000000002785789848688604817 -0.000000000994778486936150765  0.430510535169212873052996260  0.075547841357840496435678643  0.222580563338503366753082756  0.614502844848761956985001842 -0.188595602756902926827597966 -0.119847106196141781921365305 -0.046898030612673472236016101  0.574165740961920222963383448 
  8  0.574165738109726818275482807 -0.000000000768304401841161896  0.000000002201514057029464925 -0.369556593035677167504663571  0.319299292610983340764008870  0.118718374598293547388604650 -0.276489646303979455261440323  0.457037903686075163523861234 -0.341274427794270903866683670  0.126163124605692676812821601  0.574165741079545278655049678 
  9 -0.000000002511190861089692015 -0.074165704772105210062463788 -0.500000024620531526985556942  0.537798283161010006554400564 -0.188767565786254051175721384 -0.367384433631966947732868517 -0.162819403305345701007088299  0.272660436409986416318078709 -0.265177899534595275883499393  0.336889780490107804394178670  0.574165731903827575592549198 

 0.574165741942146641389743689 

