
  0 -0.499999307535072713768852654 -0.488995288273135313232000895 -0.499605096606635816546080481  0.422390973314994013052166288 -0.499646790661241008114305112 -0.499996910647483614468155819  0.499999996438255220787723332  0.288480659844722019883710845  4.999999964382552207877233319e-01
  1 -0.499999486432451401197616866  0.474114408377367615245222623 -0.499679910165514463700302261  0.227097114867723370222564114 -0.499646402598918608285900878 -0.499991700142982175891813793  0.499999996438254099099260733  0.473629290534103653334541129  4.999999964382540990992607327e-01
  2 -0.499998747795322464221616163 -0.496982034622034711399607074 -0.496906254255596161503293756  0.401591138671225642345612855  0.499909079352749096704627146 -0.499992956803644176194201601  0.499999996438254580701865751  0.308085702975089126672220488  4.999999964382545807018657508e-01
  3 -0.499998926692701151677485430  0.466127662028468217077616445 -0.496981067814474808657515537  0.206297280223954999488905626  0.499909467415071496533031381 -0.499987746299142737617859575  0.499999996438253459013403152  0.493234333664470760123050772  4.999999964382534590134031516e-01
  4 -0.499998891027440700178313335 -0.464811960094970089688764039  0.496372919699333808483347058  0.485121180614126040617694810 -0.499675712573601765698842053 -0.499989416755230355081992405  0.499999996438255101389959087  0.229253319259044489636552300  4.999999964382551013899590869e-01
  5 -0.499999069924819387634182602  0.498297736555532838788459479  0.496298106140455161329125278  0.289827322166855397788092635 -0.499675324511279365870437819 -0.499984206250728916505650379  0.499999996438253979674391433  0.414401949948426123114487638  4.999999964382539796743914334e-01
  6 -0.499998331287690450658181898 -0.472798706443869487856370218  0.499071762050373463526133783  0.464321345970357669911141377  0.499880157440388339120090205 -0.499985462911390916808038187  0.499999996438254461276996451  0.248858362389411596452166997  4.999999964382544612769964515e-01
  7 -0.499998510185069138086946111  0.490310990206633440620853301  0.498996948491494816371912002  0.269027487523087027054434148  0.499880545502710738948494440 -0.499980252406889478231696161  0.499999996438253339588533852  0.434006993078793229902997280  4.999999964382533395885338523e-01
  8  0.499997626768160567461377758 -0.488331785221482131750933217 -0.499827261806179906427575338  0.424117735549288532153353395 -0.499573562890715483833774940 -0.499973774695654544857580104  0.499999996438253592478690585  0.286851492859091239677644947  4.999999964382535924786905845e-01
  9  0.499997447870781880032613545  0.474777911429020796726290302 -0.499902075365058553581797118  0.228823877102017889296646166 -0.499573174828393084005370706 -0.499968564191153106281238078  0.499999996438252470763122931  0.472000123548472873128475230  4.999999964382524707631229310e-01
 10  0.499998186507910817008614249 -0.496318531570381529918539396 -0.497128419455140251384788613  0.403317900905520161419694908  0.499982307123274620985157318 -0.499969820851815106556520832  0.499999996438252952392833003  0.306456535989458346466154590  4.999999964382529523928330034e-01
 11  0.499998007610532129552744982  0.466791165080121398558684123 -0.497203233014018898539010394  0.208024042458249518590092733  0.499982695185597020813561553 -0.499964610347313667980178806  0.499999996438251830677265350  0.491605166678839979916984873  4.999999964382518306772653499e-01
 12  0.499998043275792581051917077 -0.464148457043316908207696361  0.496150754499789718601852201  0.486847942848420559718881917 -0.499602484803076241418311881 -0.499966280803401285471416690  0.499999996438253473053821285  0.227624152273413709430486401  4.999999964382534730538212853e-01
 13  0.499997864378413893596047810  0.498961239607186020269527157  0.496075940940911071447630420  0.291554084401149916862174688 -0.499602096740753841589907647 -0.499961070298899846895074664  0.499999996438252351365358686  0.412772782962795342908421739  4.999999964382523513653586861e-01
 14  0.499998603015542830572048513 -0.472135203392216306375302540  0.498849596850829373644638925  0.466048108204652188985223429  0.499953385210913863400620377 -0.499962326959561847170357418  0.499999996438252832967963704  0.247229195403780816246101099  4.999999964382528329679637041e-01
 15  0.499998424118164143143284300  0.490974493258286622101920979  0.498774783291950726490417145  0.270754249757381546155621255  0.499953773273236263229024612 -0.499957116455060408621120446  0.499999996438251711252396051  0.432377826093162449696931382  4.999999964382517112523960506e-01
 16 -0.499998244399096438892165367 -0.488485647384157988692325938 -0.499597585370824804793746937 -0.264289987178655451632164342 -0.499673545568879270495701861 -0.499999914956824547410335971  0.499999996438255817993384991 -0.438478072119674561408272234  4.999999964382558179933849912e-01
 17 -0.499998423296475126320929580  0.474624049266344939784897580 -0.499672398929703451947968718 -0.459583845625926094461766516 -0.499673157506556870667297626 -0.499994704452323108833993945  0.499999996438254696277817338 -0.253329441430292927957441951  4.999999964382546962778173377e-01
 18 -0.499997684659346189344928876 -0.496472393733057386859932117 -0.496898743019785149750960213 -0.285089821822423822338717775  0.499882324445110834323230398 -0.499995961112985109109276699  0.499999996438255177880422356 -0.418873028989307454619762591  4.999999964382551778804223558e-01
 19 -0.499997863556724876800798144  0.466637302917445541617291402 -0.496973556578663796905181993 -0.480383680269694465195425004  0.499882712507433234151634632 -0.499990750608483670560039727  0.499999996438254056191959757 -0.233724398299925821168932308  4.999999964382540561919597566e-01
 20 -0.499997827891464425301626048 -0.464302319205992765149089083  0.496380430935144820235680602 -0.201559779879523424066635820 -0.499702467481240028080238802 -0.499992421064571288024172557  0.499999996438255698568515692 -0.497705412705352091628325725  4.999999964382556985685156919e-01
 21 -0.499998006788843112757495316  0.498807377444510163328134436  0.496305617376266173081458821 -0.396853638326794066896237995 -0.499702079418917628251834567 -0.499987210560069849447830531  0.499999996438254576852948038 -0.312556782015970458177495442  4.999999964382545768529480384e-01
 22 -0.499997268151714175781494612 -0.472289065554892163316695261  0.499079273286184475278467326 -0.222359614523291794773189253  0.499853402532750076738693457 -0.499988467220731849750218340  0.499999996438255058482658111 -0.478100369574984984839816082  4.999999964382550584826581108e-01
 23 -0.499997447049092863210258825  0.490820631095610765160528258  0.499004459727305828124245546 -0.417653472970562437629896482  0.499853790595072476567097691 -0.499983256716230411173876313  0.499999996438253936767090457 -0.292951738885603351388985799  4.999999964382539367670904573e-01
 24  0.499998689904136842338065044 -0.487822144332504807211258260 -0.499819750570368894675241794 -0.262563224944360932530977235 -0.499600317798353746215171689 -0.499976779004995477772655202  0.499999996438254189657247190 -0.440107239105305341614338133  4.999999964382541896572471896e-01
 25  0.499998511006758154909300831  0.475287552317998121265965258 -0.499894564129247541829463575 -0.457857083391631575387684464 -0.499599929736031346386767454 -0.499971568500494039196313176  0.499999996438253067968784590 -0.254958608415923708163507849  4.999999964382530679687845904e-01
 26  0.499999249643887091885301535 -0.495808890681404205378864439 -0.497120908219329239632455070 -0.283363059588129303264635722  0.499955552215636358603760570 -0.499972825161156039498700984  0.499999996438253549571389608 -0.420502195974938234825828490  4.999999964382535495713896084e-01
 27  0.499999070746508404429432268  0.467300805969098723098359080 -0.497195721778207886786676850 -0.478656918035399946094237897  0.499955940277958758432164804 -0.499967614656654600922358958  0.499999996438252427855821955 -0.235353565285556601374998206  4.999999964382524278558219549e-01
 28  0.499999106411768855928604363 -0.463638816154339583668021404  0.496158265735600730354185744 -0.199833017645228904965448713 -0.499629239710714503799708630 -0.499969285112742218386491788  0.499999996438254070232377890 -0.499334579690982871834391624  4.999999964382540702323778903e-01
 29  0.499998927514390168472735096  0.499470880496163344809202114  0.496083452176722083199963964 -0.395126876092499547822155942 -0.499628851648392103971304395 -0.499964074608240779837254816  0.499999996438252948543915291 -0.314185949001601238383561340  4.999999964382529485439152911e-01
 30  0.499999666151519105448735800 -0.471625562503238981835627583  0.498857108086640385396972469 -0.220632852288997275699107201  0.499926630303275601019223628 -0.499965331268902780112537571  0.499999996438253430146520309 -0.479729536560615765045881981  4.999999964382534301465203092e-01
 31  0.499999487254140418019971587  0.491484134147263946641595936  0.498782294527761738242750689 -0.415926710736267918528709375  0.499927018365598000847627863 -0.499960120764401341536195544  0.499999996438252308458057710 -0.294580905871234131595051697  4.999999964382523084580577100e-01
 32 -0.499999603091706120870565261 -0.488963312950669263271192069 -0.499615785730867634282896528  0.422474176912849046716062068 -0.499643233840806195642219451 -0.499995789823841116198983175 -0.499999996438251582096812253  0.288402088383672835711357685  4.999999964382515820968122533e-01
 33 -0.499999781989084808299329474  0.474146383699833665206031449 -0.499690599289746281437118308  0.227180318465578403886459893 -0.499642845778483795813815216 -0.499990579319339677622641149 -0.499999996438252703785274852  0.473550719073054469162187968  4.999999964382527037852748525e-01
 34 -0.499999043351955871323328770 -0.496950059299568661438798248 -0.496916943379827979240109803  0.401674342269080676009508635  0.499912636173183909176712808 -0.499991835980001677897923903 -0.499999996438252222182669834  0.308007131514039942499867328  4.999999964382522221826698344e-01
 35 -0.499999222249334558779198037  0.466159637350934267038425271 -0.496991756938706626394331584  0.206380483821810033152801406  0.499913024235506309005117043 -0.499986625475500239348686932 -0.499999996438253343871132434  0.493155762203421575950697611  4.999999964382533438711324336e-01
 36 -0.499999186584074107280025942 -0.464779984772504039727955213  0.496362230575101990746531011  0.485204384211981074281590590 -0.499672155753166953226756392 -0.499988295931587856812819762 -0.499999996438251701494576498  0.229174747797995305491304194  4.999999964382517014945764983e-01
 37 -0.499999365481452794735895209  0.498329711877998888749268305  0.496287417016223343592309231  0.289910525764710431451988415 -0.499671767690844553398352157 -0.499983085427086418236477736 -0.499999996438252823210144152  0.414323378487376938942134477  4.999999964382528232101441518e-01
 38 -0.499998626844323857759894505 -0.472766731121403437895561392  0.499061072926141645789317736  0.464404549568212703575037156  0.499883714260823151592175867 -0.499984342087748418538865544 -0.499999996438252341607539134  0.248779790928362412279813837  4.999999964382523416075391337e-01
 39 -0.499998805741702545188658718  0.490342965529099490581662127  0.498986259367262998635095955  0.269110691120942060718329927  0.499884102323145551420580102 -0.499979131583246979962523518 -0.499999996438253463296001733  0.433928421617744045730644120  4.999999964382534632960017329e-01
 40  0.499997331211527160359665151 -0.488299809899016081790124391 -0.499837950930411724164391385  0.424200939147143565817249175 -0.499570006070280671361689279 -0.499972653872012046561302406 -0.499999996438253210405845001  0.286772921398042055505291786  4.999999964382532104058450007e-01
 41  0.499997152314148472930900938  0.474809886751486846687099128 -0.499912764489290371318613165  0.228907080699872922960541946 -0.499569618007958271533285044 -0.499967443367510607984960380 -0.499999996438254332121412654  0.471921552087423688956122070  4.999999964382543321214126542e-01
 42  0.499997890951277409906901641 -0.496286556247915479957730570 -0.497139108579372069121604660  0.403401104503375195083590687  0.499985863943709433457242980 -0.499968700028172608287348189 -0.499999996438253850491702582  0.306377964528409162293801429  4.999999964382538504917025818e-01
 43  0.499997712053898722451032374  0.466823140402587448519492949 -0.497213922138250716275826441  0.208107246056104552253988513  0.499986252006031833285647215 -0.499963489523671169711006163 -0.499999996438254972207270235  0.491526595217790795744631713  4.999999964382549722072702353e-01
 44  0.499997747719159173950204469 -0.464116481720850858246887535  0.496140065375557900865036154  0.486931146446275593382777697 -0.499598927982641428946226220 -0.499965159979758787175138993 -0.499999996438253329830714300  0.227545580812364525285238295  4.999999964382533298307142999e-01
 45  0.499997568821780486494335202  0.498993214929652070230335983  0.496065251816679253710814373  0.291637287999004950526070468 -0.499598539920319029117821985 -0.499959949475257348625902021 -0.499999996438254451519176899  0.412694211501746158736068579  4.999999964382544515191768991e-01
 46  0.499998307458909423470335906 -0.472103228069750256414493714  0.498838907726597555907822878  0.466131311802507222649119209  0.499956942031348675872706039 -0.499961206135919348901184775 -0.499999996438253969916571881  0.247150623942731632073747938  4.999999964382539699165718811e-01
 47  0.499998128561530736041571693  0.491006468580752672062729805  0.498764094167718908753601098  0.270837453355236579819517034  0.499957330093671075701110273 -0.499955995631417910324842749 -0.499999996438255091632139535  0.432299254632113265524578222  4.999999964382550916321395346e-01
 48 -0.499998539955729845993877974 -0.488453672061691938731517112 -0.499608274495056622530562984 -0.264206783580800417968268562 -0.499669988748444458023616199 -0.499998794133182049114058274 -0.499999996438250984891150594 -0.438556643580723745580625395  4.999999964382509848911505940e-01
 49 -0.499998718853108533422642187  0.474656024588810989745706406 -0.499683088053935269684784765 -0.459500642028071060797870737 -0.499669600686122058195211965 -0.499993583628680610564821302 -0.499999996438252106606718247 -0.253408012891342112129795111  4.999999964382521066067182475e-01
 50 -0.499997980215979596446641484 -0.496440418410591336899123291 -0.496909432144016967487776260 -0.285006618224568788674821995  0.499885881265545646795316059 -0.499994840289342610840104056 -0.499999996438251625004113229 -0.418951600450356638792115752  4.999999964382516250041132294e-01
 51 -0.499998159113358283902510751  0.466669278239911591578100228 -0.496984245702895614641998040 -0.480300476671839431531529224  0.499886269327868046623720294 -0.499989629784841172263762030 -0.499999996438252746692575829 -0.233802969760975005314180414  4.999999964382527466925758286e-01
 52 -0.499998123448097832403338656 -0.464270343883526715188280257  0.496369741810913002498864555 -0.201476576281668390402740040 -0.499698910660805215608153140 -0.499991300240928789754999914 -0.499999996438251104316019893 -0.497783984166401275800678886  4.999999964382511043160198932e-01
 53 -0.499998302345476519859207923  0.498839352766976213288943262  0.496294928252034355344642774 -0.396770434728939033232342215 -0.499698522598482815779748906 -0.499986089736427351178657888 -0.499999996438252226031587547 -0.312635353477019642349848602  4.999999964382522260315875468e-01
 54 -0.499997563708347582883207219 -0.472257090232426113355886435  0.499068584161952657541651279 -0.222276410925436761109293474  0.499856959353184889210779118 -0.499987346397089351453940642 -0.499999996438251744401877474 -0.478178941036034169012169243  4.999999964382517444018774744e-01
 55 -0.499997742605726270311971432  0.490852606418076815121337084  0.498993770603074010387429499 -0.417570269372707403966000703  0.499857347415507289039183353 -0.499982135892587912877598616 -0.499999996438252866117445128 -0.293030310346652535561338959  4.999999964382528661174451279e-01
 56  0.499998394347503435236352437 -0.487790169010038757250449434 -0.499830439694600712412057841 -0.262480021346505898867081455 -0.499596760977918933743086027 -0.499975658181352979503482559 -0.499999996438252613227288396 -0.440185810566354525786691293  4.999999964382526132272883956e-01
 57  0.499998215450124747807588224  0.475319527640464171226774084 -0.499905253253479359566279622 -0.457773879793776541723788684 -0.499596372915596533914681793 -0.499970447676851540927140533 -0.499999996438253734915750995 -0.255037179876972892335861010  4.999999964382537349157509948e-01
 58  0.499998954087253684783588928 -0.495776915358938155418055613 -0.497131597343561057369271117 -0.283279855990274269600739943  0.499959109036071171075846231 -0.499971704337513541229528341 -0.499999996438253253313145977 -0.420580767435987418998181650  4.999999964382532533131459768e-01
 59  0.499998775189874997327719661  0.467332781291564773059167906 -0.497206410902439704523492897 -0.478573714437544912430342117  0.499959497098393570904250466 -0.499966493833012102653186315 -0.499999996438254375028713630 -0.235432136746605785520246312  4.999999964382543750287136303e-01
 60  0.499998810855135448826891756 -0.463606840831873533707212579  0.496147576611368912617369697 -0.199749814047373871301552933 -0.499625682890279691327622968 -0.499968164289099720117319145 -0.499999996438252732652157695 -0.499413151152032056006744784  4.999999964382527326521576949e-01
 61  0.499998631957756761371022489  0.499502855818629394770010940  0.496072763052490265463147917 -0.395043672494644514158260162 -0.499625294827957291499218734 -0.499962953784598281540977119 -0.499999996438253854340620294 -0.314264520462650422555914501  4.999999964382538543406202941e-01
 62  0.499999370594885698347023192 -0.471593587180772931874818757  0.498846418962408567660156422 -0.220549648691142242035211421  0.499930187123710413491309290 -0.499964210445260281843364927 -0.499999996438253372738015276 -0.479808108021664949218235141  4.999999964382533727380152760e-01
 63  0.499999191697507010918258979  0.491516109469729996602404762  0.498771605403529920505934642 -0.415843507138412884864813596  0.499930575186032813319713525 -0.499958999940758843267022901 -0.499999996438254494426477875 -0.294659477332283315767404858  4.999999964382544944264778752e-01

  0  0.000000178897378687434849871 -0.000000559739750249534062451 -0.000000416507632013571427983 -0.999996934303233281230230411 -0.000001063135976274854698344  0.000000295556633407077708937 -0.000000115837565702844691986 -0.002476162834935976368651943 
  1 -0.963109696650502928477223519  0.007986746348899398168453211 -0.024183328178165223519519933 -0.000663503051653181493349656 -0.000509640888977324513999271 -0.000031975322466049957860754  0.002520821196594683357910131  0.267888102025267145977430877 
  2  0.000074813558878647133224628 -0.002698842351039655042998483 -0.995978016305969625029427539  0.000222165199544089876187666 -0.000007511235811011774867184  0.000010689124231817721801065 -0.000833491203105896062592212 -0.089553098508559352634839611 
  3  0.195293858447270642843154702  0.020799834643768370716717829 -0.062730207299132027572304785 -0.001726762234294519093775569  0.686680960493649464684330630 -0.000083203597855033670976446  0.006547466176581128193705440  0.697076751423622175470474344 
  4 -0.000000388062322399836221583 -0.999555870013990104818932259  0.000028921912360757602746495 -0.000073227770525524286267497  0.000026754907638262406857368 -0.000003556820434812478097197  0.000283784524791805218828591  0.029798913730348048342145336 
  5 -0.000005210504501438573388991 -0.000003953843839438281980351 -0.000007493892253259382735164 -0.000023135951829069620692134  0.000003004309340932934210060 -0.000001120823642498277044921 -0.999955910588242457735178720  0.009390220186119500250084490 
  6  0.000000000000001121700690807  0.000000000000000640091691428  0.000000000000000119416337571  0.000000000000001628321405555 -0.000000000000000597185782419  0.999999992876506802884535585  0.000000000000000726354994304  0.000119360740539104278786300 
  7 -0.185148630689381633450830283 -0.019605043130367106805450302  0.059227340585677530226829755  0.001629166985630780210301063  0.726958731964396581291983079  0.000078571461049184145294428 -0.006178817487561295877341265 -0.658268875795811815533533501 

  0  0.999999999999999998970007936 -0.000000000000000000000052940  0.000000000000000000000000000 -0.000000000000000000000105879  0.000000000000000000000006617 -0.000000000000000000000001654  0.000000000000000000000000000  0.000000000000000000000000000 
  1 -0.000000000000000000000052940  0.999999999999999927900555530 -0.000000000000000000001694066  0.000000000000000000000000000  0.000000000000000000000000000  0.000000000000000000000000000  0.000000000000000000000000000  0.000000000000000000000000000 
  2  0.000000000000000000000000000 -0.000000000000000000001694066  0.999999999999999972623895145  0.000000000000000000000000000  0.000000000000000000000211758 -0.000000000000000000000052940  0.000000000000000000000000000 -0.000000000000000000006776264 
  3 -0.000000000000000000000105879  0.000000000000000000000000000  0.000000000000000000000000000  1.000000000000000040223900599 -0.000000000000000000001694066  0.000000000000000000000847033  0.000000000000000000000000000 -0.000000000000000000027105054 
  4  0.000000000000000000000006617  0.000000000000000000000000000  0.000000000000000000000211758 -0.000000000000000000001694066  0.999999999999999956957173752  0.000000000000000000000000000 -0.000000000000000000000000414 -0.000000000000000000001694066 
  5 -0.000000000000000000000001654  0.000000000000000000000000000 -0.000000000000000000000052940  0.000000000000000000000847033  0.000000000000000000000000000  0.999999999999999997452124895  0.000000000000000000000000000 -0.000000000000000000000423516 
  6  0.000000000000000000000000000  0.000000000000000000000000000  0.000000000000000000000000000  0.000000000000000000000000000 -0.000000000000000000000000414  0.000000000000000000000000000  1.000000000000000038597597340  0.000000000000000000000000000 
  7  0.000000000000000000000000000  0.000000000000000000000000000 -0.000000000000000000006776264 -0.000000000000000000027105054 -0.000000000000000000001694066 -0.000000000000000000000423516  0.000000000000000000000000000  0.999999999999999898030785678 

