
  0  0.000008844492695013291051375  0.000001503567649908659032119 -0.000017316546119155967388618 -0.000001303069614870340177508 -0.000003007920146653365061583  0.000001909593944899954369220  0.000004065024853864891708801 -0.000001206285455091534179900  0.999888100154979058277297799 -0.000000969910056022763743064  0.000008189927991895654478894  0.000001031048082521162183345 -0.000003161327659433230899883 -0.000018545085645970410004588 -0.000008380800501122077387461  0.000027512884718332722060745  0.001381815719434252667958037  0.011609223276736100409806834 -0.008800692976971946751880310 -0.003106417375412445958854423  0.999995047640113843029786161 
  1 -0.000993371450947964700288344  0.742602214590756939515542312 -0.004470010561088575850682727 -0.011310954215482136098257053  0.001840786215877629668561680  0.053677060344275769348967951 -0.163387139596959108121592905 -0.000308139631729761531215731  0.006022653649196238792512195  0.002909090919486746984255309  0.001613581565524056386679628 -0.002306755592733181131496331  0.000680863276773322077202712  0.001381189685557160683902409  0.001557775582560895127942639  0.002177657763301587438735518  0.169150085850362034739675920 -0.579033830239360572281030748  0.029109531463921264206844283 -0.232403710820291823711098399  0.997239244642251055879625388 
  2 -0.043008935085199562207335317 -0.016667036440753419981774717  0.169387151295821259037554900 -0.006428727699257796974213226  0.000425452848321091298337153 -0.000265324926252383328618876 -0.010554376160520189036962687 -0.690402176076527140707785740 -0.004858481810187165231099837  0.003508041032328746308382368  0.000912002500096002582050921  0.024881642780770470162508097  0.000117805048582049126306065  0.001455745959664660362719459 -0.001861481121702326977854852 -0.012301229312195920553307002  0.305545942877364707068168700  0.295427637024679911313153335  0.080137538884397152403769524 -0.551816727050601313917053276  0.987035610098180150851453207 
  3 -0.000000000000006630874167823  0.000000000000018699680848509  0.000000000000006623075832200  0.000000000000000420516538531 -0.000000000000006140276849771  0.000000000000035322573427140  0.000000000000002146681527374 -0.000000000000000409197287315 -0.000000000000009349169665205  0.000000043652217742208617719 -0.000001886989815794840207201 -0.000000000000006941896826817  0.999993780123945649501888966 -0.000000000000016794460355609 -0.000000000000015070016054598 -0.000000000000008414295997024 -0.003231961482046408532485537  0.000708349966478248278726130  0.000466288785103118197293895 -0.001129136808211342062805838  0.999995710766112185570887033 
  4 -0.998096422148769001558236275 -0.000121562852383299520074791  0.000082194571943361377200535 -0.000046037000782760597458085  0.000039856329018779357597929 -0.000006784632983143744764695  0.000017050065953998881861922 -0.000345713748591717845624483  0.000445718923314825289683125 -0.000296104963191643810223824 -0.000082196595711440477356717  0.000045328431452077189267048 -0.000020734951804679090622282 -0.000059276849088896727137655  0.000175318653403694493976135 -0.000084074730610597768893514 -0.029472711186382468041182817 -0.026227450500300952828286764 -0.006175699096766359850948651  0.046993520517228243250831138  0.999964375449003951899611120 
  5 -0.000830622763457582147554335 -0.001156999104192412921307980 -0.000087932214705073897499193 -0.000495526725072463706138993  0.000588997789210114570950383  0.020326692496510450616089920  0.969297331891201499609600489  0.000316017975750650048171452  0.002341168810444680995332887  0.001160686155497705022519303  0.000584752105755189767593167  0.001014619438652142968719564  0.000226256777706175622971598 -0.000141891674909873160533821 -0.000112485482438949675480562 -0.000386017139713323087774637  0.060423842331802378037255074 -0.215248094709051269578931054  0.026159578390572503748414779 -0.096805165856580751234414066  0.999067998545218274311034007 
  6 -0.002235424746616202003088761  0.000485460983817995667179888 -0.003127824215615338332313632 -0.179736226344388675936697766 -0.003269690311394330132260103 -0.001617715947280477092444314  0.011216099016702876720482350  0.001186019892510278551085606 -0.006371951342640417974017155  0.000535950213663452164894523  0.001638418740102135368141965 -0.722921718172735012532259535  0.000395921273803999723567183  0.051609558716154508554199406 -0.000556070245080180856109011 -0.002637214379081679061591592  0.061351482768838307915325227  0.021781728228730212544282945 -0.656634550979067971006666871 -0.082471960994780662155471777  0.989541264541587541525482358 
  7  0.000780321904575495233883835 -0.005290004751429966020051434 -0.000934532160200692534124353 -0.001713199169540856688661554 -0.180915418301327582625858716  0.004231655618005697137207395 -0.005232266718458373588700183  0.005812079829533448896062864 -0.000186539488284589116607766  0.002752166230039692840118336  0.000013758483640146159423739  0.007049240898077969472339737 -0.002175080245955183874841918  0.001736938645706168959035488 -0.048012119933941152319920639  0.727007345723218012739988425 -0.559278550522022615295973658 -0.026748651104069216217709462 -0.018423371472082491463685607 -0.349858320775069890276728554  0.993842668101935042485398086 
  8 -0.000903488581498246255757467  0.001714358554765628968139301 -0.003887615398849053308120624  0.965310414500108081509773678 -0.001176620729123112306784873  0.000463700511298026447968568  0.000497351948312462314869464  0.000340588135793121824543280 -0.002334519394356109931287142  0.000280402889510684307655457  0.000680317769204601237621371  0.000443579704466844346848327  0.000171755716546398502414662  0.019833309163500430002884480 -0.000319508595365386308672297 -0.001394479437302420107629516  0.028026865273595282761011946 -0.006247224247056104533113206 -0.255940794590895683295779517 -0.037724317581639001114522094  0.999752011030000652027499575 
  9 -0.000143225444786023510984541 -0.000122221692135629306181181 -0.000041177096638519046105566 -0.000339333923491610039095826  0.000160451480843959082148194  0.000041899910373213162339657  0.000379567670062928073025196  0.000111762893390894529418914 -0.000726929310190156493385385  0.000075209835250178815266411  0.000196025139953206396013698 -0.000069346369823222656921916  0.000044724600086623916456941 -0.997010313619099830550508712  0.000030772717023739134515277  0.000362095298145674776049875  0.006419081738989815949943910 -0.000379934543909881746101000 -0.076274266675748586850414404 -0.010501146806185849033324017  0.999855057001295442786238665 
 10  0.001508644535994233649696651 -0.669058672804639766658763717 -0.013827812623155839311750264 -0.012917776183344575000428399  0.002463172106395155372476227  0.059982057716220826395288508 -0.182101971720535250209458897 -0.006634432403895070644024405  0.006838681936927733839857774  0.003009926481433187204051646  0.001768004680182324941185561  0.006752780341064947380179298  0.000775618173741381004819307  0.002588825564863603949834769  0.002084832751974707304787392 -0.002049520704770679928929185  0.176349406518054543354994887 -0.658286936448430311154961236  0.015371117656145243036047623 -0.224485192873866840299079163  0.974362730729139326735048499 
 11  0.000000000000000070720359015  0.000000000000004237898625763 -0.000000000000000093099469358  0.000000000000014491597593297  0.000000000000001044459432007  0.000000000000006428440610718 -0.000000000000011658778192833  0.000000000000003594443237245 -0.000000000000058273407152413  0.000000003218492001847420717 -0.999993168678262784080604947  0.000000000000023105364422046  0.000002538869213183106378891 -0.000000000000002766666144687  0.000000000000006682028868980 -0.000000000000000867026872675  0.001417624119748281811758993 -0.001651971224543180348812349 -0.002158069125767501927003382 -0.002065589731380579956573830  0.999995710766101321539858077 
 12 -0.014526349308767737565683056 -0.000590911710066043195993561 -0.971911807334899640936545090 -0.001963170960010202427139823 -0.000498478068160274041156467 -0.001183537771843617382656107 -0.000803376825044575645782270 -0.000036030511362043889057932 -0.001607609323801838656740379  0.001073169371909782783930388  0.000237326562076716613659265 -0.001241185490976575892201858  0.000046175435391053782605910 -0.000689411834089558650431027 -0.000230292419465070207603115  0.000850941752172534476452577  0.105194719580265390628979420  0.109644790403007642574429760  0.041870327978820795842955244 -0.174133006030803282163143056  0.997489774680037306030244704 
 13 -0.000000000000098452846770554  0.000000000000045021469925436 -0.000000000000049427380943689  0.000000000000065420331422228 -0.000000000000036948115762053 -0.000000000000011805178297762 -0.000000000000016293447484793 -0.000000000000080070236092662  0.000000000000096835393833921  0.999969683235856072111777393 -0.000018608720833343283829613  0.000000000000024949042084365  0.000007418808796199970333158  0.000000000000028669515660031 -0.000000000000022328342552325 -0.000000000000037075378607562  0.000124980501000724524044234  0.002042570554561132802312128 -0.000048018504041572697064139  0.007512801573691635030114821  0.999995710766098950443916960 
 14  0.001488359627503628767747786 -0.001011768670992938177347378 -0.004421415947182089139640376 -0.004072115147566005358645573 -0.188219433510137375872416782  0.005121314555998174655125068 -0.005916122169023661124669946  0.022410280651840637506359193 -0.000107635853948647995698691  0.002872021504362761370094558  0.000004353084739132143719946  0.013813540450776051159255734 -0.002306809192018216893707705  0.001360626252989891624204997 -0.051306556384122968226955052 -0.686480580076084085869043278 -0.596678880386041240232314342 -0.031759727989500236769985662 -0.021409493772567215941253710 -0.363845704381501117413016955  0.990912933079286205643142205 
 15  0.000238100192165559612653041 -0.000112149289466901868872298 -0.000266154669021108265127855  0.000131360744987344331862301 -0.000210618436836308136141640  0.000145784065610643487521064  0.000134858097066033046497337 -0.000201194311858834159883740 -0.000035920963648048975390730  0.000294527242205557588782635 -0.000004513920512585743838068  0.000009869951183288351849507 -0.000242318638484965689849380  0.000177880124555586978373375  0.997345011442458604788031257 -0.000301597368706990900683268 -0.062045185116941680265417692 -0.000429183957006757929735146 -0.001903192154497955706224893 -0.038065282059484545470941924  0.999851859458768330382334028 
 16 -0.000076655388813681187752568 -0.010674160490140660894925907  0.014346230778201016975022491  0.188408864778482103573319442 -0.002871849218706657851993275  0.002205973759574080548339668 -0.012367898108543730430963434 -0.010363891009834989964683981  0.006454316662747825896618545 -0.000261442511384494470910657 -0.001652182632577699763524441 -0.690113372739298109475626630 -0.000468167101014168444390779 -0.053817955043588231876967864 -0.000945133970450057846558003 -0.003951500109174428605292908 -0.062942026580136249511068357 -0.012225020912591203123830649  0.691869770823824476607428330  0.043587848750098010706482922  0.998979594302531887872829280 
 17  0.000739923692780956331773484 -0.000780851056240411412404875 -0.002559354525831627672572349  0.000092534855071899838264272  0.965285287984329036612297231  0.001670645106924968963151738 -0.001866727427313586947498941  0.001215666975014313732953204 -0.000059110366240675989967349  0.001041814021564855172772409 -0.000008796001585581075902011 -0.000603616185040940175070408 -0.000862085952482602388562131  0.000781282347870312044140375 -0.018800914642551712329385846  0.002363249269893633845605131 -0.223999436020560474151297817 -0.010060842457788533087177435 -0.008774367427801085181258642 -0.132261179146839330744928401  0.998731860410737076500387738 
 18  0.041587512667969406815465924  0.021819240320739666462969354 -0.161945889960074662904674150  0.003581707112086379574873740 -0.006059947108561153512309907  0.000250357244593525693888559  0.012211141612743721847954910 -0.722948099892521673487909284  0.004464214456716960917308918 -0.003260940945655514051326729 -0.000860699130502920889776006 -0.014630771511920754613296513 -0.000202755975665250095992963 -0.000645761478447535423475600 -0.000515274020494373887484994 -0.003614012350942136848701473 -0.315786458523101219562521577 -0.276905092642915308013369310 -0.088627081339436406327879966  0.514007608587432245647683843  0.998598325789635595721265016 
 19  0.000081575235984461369064704 -0.000337349463386727672509941 -0.000002356197974679995025301 -0.000261974146196397023199778  0.000139502762111447694911220 -0.996519729082508898417545884 -0.000084589361757132213507876 -0.000290094412246989199999673  0.000812095322868193183445259  0.000385439685374555990267281  0.000198594011233472518808023  0.000040072405177107455078270  0.000063668628302085534248992  0.000007693236464126119439124 -0.000146764276298559058686352 -0.000454536209462981861466633  0.014621399315408621427661768 -0.075840575381039246369936548  0.005205455061282915961295715 -0.030892933897330973946879543  0.999826034437347770838025451 

 0.999995710766112185570887033 

