
  0  0.000000000037540533109511065 -0.000000000012527837628397146  0.000000000034261113131439596 -0.000000000029267166692219457 -0.000000000009042169273354273 -0.942809042416944386062749306  0.000000000164447903351049577 -0.000000000081653019250417705  0.000000000007559919869058566  0.000000000020438199720036533  0.000000000397934689037775390 -0.000000000036848895187051762  0.142642311304906615281018999  0.094029487002831481349163396 -0.132585937649742612829155061 -0.144266300902397913471088102 -0.199614243094262515683238492 -0.060704972216489793883045139  0.942809043248465855797946222 
  1 -0.000000000117732329245141002  0.707106782144875507160972777  0.000000000054339666376187527 -0.000000000067164749048814336  0.000000000156249431120354315 -0.235702258414662989231412767  0.000000000322624197789069695 -0.000000000076530150514157949 -0.000000000677252165257108157  0.000000000133649663131261626 -0.000000000284470622006370792  0.000000000046488992392977465 -0.285284624453033814348371089 -0.188058975165538432334382847  0.265171876371892085722794738  0.288532604223066924960900900  0.399228488516641048257892199  0.121409946757706206405154348  0.942809042496040508401188018 
  2  0.000000000394461136638255021  0.707106780228219504794151540  0.000000000146855007519137688  0.000000000407169003929169746 -0.000000000327008669692380845  0.235702259036844517358505469 -0.000000000163397723565006570 -0.000000000499687358454441931 -0.000000000106736741909623289  0.000000000058753104415004622  0.000000000147549522017017644 -0.000000000354662060273374789  0.285284624027261358183938864  0.188058975509091837907032010 -0.265171877467871756428683533 -0.288532604936235592853329898 -0.399228490263766957292035711 -0.121409947347369790723132718  0.942809041871344342402791461 
  3 -0.000000000068918858977554675 -0.000000000018086633381357138 -0.000000000158512118811756325  0.942809042540744827315402077  0.000000000080084052711054433 -0.000000000015857284930829031  0.000000000115631369049206502 -0.000000000159640494984359243 -0.000000000039109968001726867 -0.000000000009017333661072495 -0.000000000214932211534596811  0.000000000132878852161967897  0.114161055539152602849575432  0.229795405412362741814371291  0.165793396588831044074423098  0.005659472647158688683144650  0.036656578759392089468803792  0.128098593292469292413975242  0.942809043553414002068226163 
  4  0.000000000578698785679617473  0.000000000562163934353961840 -0.000000000806644694852031690  0.000000000410116886157496739 -0.000000000286078967010150164 -0.000000000104335105217844154  0.000000000268209932405000095  0.707106780732647410272692645  0.000000000053231532835481164 -0.235702258717956576985672577  0.000000000051068208346039850  0.000000000931249391984352663  0.200278717067292108501216918 -0.366627750499160179879125712  0.361619304765824569312688413 -0.371620805781681545895342444 -0.010501446495971433192527435  0.030596546918205735669321838  0.942809043502401452848706020 
  5  0.000000000438221505422219167  0.000000000319746584530405193 -0.000000000065054452930719772 -0.235702258116166367741032249 -0.000000000272202034369728372  0.000000000221694062752992493 -0.000000000105240866052085517  0.000000000458505227796058083 -0.000000000141115486430136250 -0.000000000464788346174048880 -0.000000000019605135732631875 -0.707106782006749282022337044  0.228322113618884003710066827  0.459590813513056199897388598  0.331586796212822591177439221  0.011318944873859937824782916  0.073313157209546531384129764  0.256197189622054821879623340  0.942809042629089339142972603 
  6  0.000000000328755985657266829 -0.000000000014053573779740859  0.000000000401690669029587406  0.000000000133190857848267053  0.000000000003573579211039652 -0.000000000136516814438133709  0.000000001229187469274676244 -0.707106781640447637244262930  0.000000000661357911468759252 -0.235702258703516340273133138  0.000000000035234905689627198  0.000000000206455039631908596  0.200278717187813614552171701 -0.366627750074902131834000268  0.361619304505136597018780803 -0.371620804725042853282942351 -0.010501445928813008663718620  0.030596546453887110486388073  0.942809043493980761566856247 
  7  0.000000000133196756469841443  0.000000000627919652844464708 -0.000000000472178967044771346 -0.235702258840139351706998057 -0.000000000027014790515155070  0.000000000306279219310763349 -0.000000000485382574784032305 -0.000000000266289123723460182  0.000000000116466206747729617 -0.000000000498684525398166199 -0.000000000248969487705619700  0.707106780366345745436878339  0.228322114092924922045500791  0.459590815534561200318914090  0.331586796165386196873735292  0.011318945238347514998600643  0.073313157693350064149264821  0.256197189341543382092546144  0.942809042388866426725839431 
  8 -0.707106782397203710739935073 -0.000000000375353117376867242 -0.000000000048609645730322217 -0.000000000086966546606547151 -0.000000000442158477867397654  0.000000000200665054336675996 -0.000000000371176282124798010 -0.000000000396393176737647239 -0.235702258273510936145743802 -0.000000000553945339942386113 -0.000000000186028506214916224  0.000000000178292938881992210 -0.434085755856041394836874331  0.049804561376829329276611554 -0.006662691611450284186514301 -0.252288563580294692990360281 -0.215187072392792630090574413  0.378858969886807498274154671  0.942809043510303723483433058 
  9  0.000000000288462554791020810  0.000000000371987644432289658 -0.707106780434421292806223408 -0.000000000118722412818992132  0.235702259614444904758869155  0.000000000142939113100827413  0.000000000990195296923104113 -0.000000000566249681310357016 -0.000000000175456285593194978  0.000000000095855377516700711  0.000000000364496554917905749 -0.000000000408798242150848247  0.069015285602372931069781788  0.052904754901841482456518410 -0.309473823032134109326397181 -0.319408005640413744354250483  0.473292903652713741445307721  0.122803620797526233068179893  0.942809043572029394986774159 
 10  0.000000000453646794698912623  0.000000000007625724834509910 -0.000000000033683707975572699  0.000000000103594973651628084 -0.942809042109181081692346332 -0.000000000036592039857785571  0.000000000207066314057470974 -0.000000000198280409607903783  0.000000000052703648701757256  0.000000000049073583549198860  0.000000000165640136438729134  0.000000000081272440773003660  0.034507642560075343503528215  0.026452377218153025366435783 -0.154736910492891535092796831 -0.159704001527019735158269449  0.236646450709960277591589230  0.061401809870506976639565645  0.942809043498360813280977089 
 11 -0.707106779975891319321365525  0.000000000652081926777163616 -0.000000000144140918223981662 -0.000000000195398017228141142 -0.000000000034645733654230459 -0.000000000079987945141369474 -0.000000000265297411863793602  0.000000000646335977279563984  0.235702259114766444746146869  0.000000000166943066080522431  0.000000000075470512901715955 -0.000000000483317689460229611  0.434085757899213618585341351 -0.049804561351507914965849183  0.006662691958220155990469147  0.252288563383049420845794311  0.215187073322743601462743446 -0.378858971141967533534725132  0.942809041834276973100773672 
 12  0.000000000152414739246794766  0.000000000284998431130222785 -0.000000001119658834009416843  0.000000000471138710377374656 -0.000000000214423196814115075  0.000000000389239042342170644 -0.707106780890840434274091653 -0.000000000504234232888379704 -0.000000000271619730479404160 -0.000000000082529385650742860  0.235702256509184240960280698  0.000000000153926299412116333  0.278605496138602930840822564 -0.241162260957338499243215839 -0.193885423874354153412832846  0.239357988997735772354700373 -0.096251287464883476916073513  0.452234533488270152407854235  0.942809041044207298812220713 
 13  0.000000000095711991101551180  0.000000000170792971841034599  0.707106781938673697627487785 -0.000000000086450724975739114  0.235702259068115825831426537  0.000000000157782151280798326  0.000000000257632444290558719  0.000000000642085681692094431 -0.000000000018475235636996827  0.000000000130600314185924042  0.000000000866777144559663841 -0.000000000001673726667951522  0.069015286368255490231557979  0.052904754401816115878635916 -0.309473822223977077146023912 -0.319408004632819941012548959  0.473292902585692109749745948  0.122803621739280005730377172  0.942809043434771913998106857 
 14 -0.000000000063388014566005588 -0.000000000007274486498085236 -0.000000000127297208509902840 -0.000000000096023947183219798 -0.000000000078166685695560414 -0.000000000021050640255672689 -0.000000000063720994132081203 -0.000000000216119890790840730  0.000000000018563335553809737  0.942809042424453066372214138 -0.000000000083169198762541199  0.000000000309848239156797992  0.100139357533756501395178287 -0.183313873052935843679283126  0.180809651349422413296286032 -0.185810401357629145736513609 -0.005250723266142748169106781  0.015298273534747583641411797  0.942809043509075710891645383 
 15 -0.000000000484058955875328349  0.000000000125771955757641519 -0.000000000387095982827197286  0.000000000120089072143400236 -0.000000000354277356868779961  0.000000000770510219451547287  0.707106781482254583589934505  0.000000000456743305433754724 -0.000000000485430548005625673  0.000000000501564402519739326  0.235702256312045047454426308  0.000000000534068006849267157  0.278605495669644940236447245 -0.241162259640436591286898407 -0.193885423772180565544489758  0.239357990008048601520123516 -0.096251288451720289892970736  0.452234532956496723920787953  0.942809042013909448282267534 
 16 -0.000000000025613533212559578 -0.000000000331132921525889171  0.000000000093852969844858199 -0.000000000060055515854720561  0.000000000000691656424127785  0.000000000064905684686349010 -0.000000000133888395737756767 -0.000000000195412497403009059 -0.942809042432751909159228260  0.000000000020138075445427384 -0.000000000123926664360054228  0.000000000027783613808540508  0.217042876757157438531329816 -0.024902280484109363793099822  0.003331346176626349994141015  0.126144280119437246037738566  0.107593535293634083187036196 -0.189429484166334068968992263  0.942809043510153404219018697 
 17  0.000000000000007443047237977  0.000000000000001769893775104  0.000000000000021745441431468  0.000000000000018386821991020  0.000000000000003150782119480  0.000000000000007656362715807 -0.000000000000000849830036890  0.000000000000002245706637343  0.000000000000038852454879066  0.000000000000013775598679138 -0.942809043574513954528385634 -0.000000000000024690426430608  0.139302745599976294960131197 -0.120581127867651422394589065 -0.096942710790309372521607670  0.119678991868129427206517840 -0.048125642655517116306812184  0.226117262219477113747816144  0.942809043574654571592819075 

 0.942809043574654571592819075 

