1.09637631717731280407593110691352379019653849694351551829755249652953194001541404061962888189803456979440155104641789101987972701670252194647658748210549801429835209995270560344362508090122088919787792
1.01210208988013396760609175074316248638235708410450383663641536666868947145802439983633452935251399387279851620244016914335102305788455897267376019870669786672241403058092640651625300999148356687229933
1.00137549790499744527189608197269111538311783541064518677444648221741012555006458680324712826927230313786355950957949911863272654930855070827885985556320374896192562557814962804026102929735331125716500
1.00015331701224930298463545010553221943871726254171681757653714920259220726578030198540895754227777247976920866921007308624853949822482559870193122036145739105426888416531427891574949459671361827726710
1.00001704226894751076528697201275048899724942877821785392413516089286277444732857062073888035214947708270313832944933162964615320336873596962400470119372759602778759978725423421641546767661436865913020
1.00000189368523762561468357623839453330838018134027022886343457960934139538494789382054602714988643100047768361822982789474246254905466315664139294218646969125153790009857916699188917720492737668797249
1.00000021041086046751760419449892197587260473485377690586203212663178256093687060542638910909677623632117830747424449146978516298625919095187587633574443911564562507346554742471156321725785071405097501
1.00000002337900359578693158270080930154102658099689785825294979080371123396793101246142777928679201575183950383008317565977999050016417456792744058979525305770002628422387718667236327860131918985784284
1.00000000259766732598634656283362802471559356692369326113618008363566943716419747556205821299074874186356787799633628999503871522143040689293711462182253898006549687481512987713420861305232391117066087
1.00000000028862970639083221849119529386431073620588521573425760257251476878183263055622322415474454598704790655538530583863880493339779448424657641628467933277393178483690092822101357889559897200815506
1.00000000003206996742366856132228825133003178174465841873733422002346206575083476382332746067847316318416495531893339415346588114289433653727157399413706218148916958430742207449026717912969411853866025
1.00000000000356332971436522599659414305679536546325070227576224071623045437868276498748718024193163987052143848042937281291233677994311566220667408039708553467820291124563911009231629551429630737905870
1.00000000000039592552382662289790092640983465208424873234812329491339748473521643302549222214719645924998037565893484417372779362382364428535698807767359519684876384228777914752705106983926664818956264
1.00000000000004399172486973367769430073454872357000223111549167556207990562458781077386684124869626800157368484273320439376824104576959524890837239415886389295457044999182119183116460719696434686683309
1.00000000000000488796942997183816637252164068627430167204113029188899898339057727173997264066562670533454929055679517007575809624710208199218248851074107847248563222805907571862123820000298770200692387
1.00000000000000054310771444133404915098897987776219456101131800202155182413665459592194840586947827147685449232333843781948919710488939024653219004872885759794442507599939288141155921058910186866545674
1.00000000000000006034530160459291590689732524026152381791092616465426891683372812864736818183967575960929481311278646943625321675318319342484404985216195274716081891488144647043763388575283199767569602
1.00000000000000000670503351162143827023257052913276705983682586112026296615664259035046467243328955120475301851513426100859951750624832192699291823290443780538479530789672996271653019871300727215815652
1.00000000000000000074500372351349318223960658837398994175348461212524780219449859660304022037492972236614380600673595671062567844863825337309470255113947022777202175187852672281066639664632459920588646
1.00000000000000000008277819150149924300287105618942850827926739700285057106923790383739497486748118855262229608458721262297342051028899472090960230219826830475391635241120117341174750138384062083119932
1.00000000000000000000919757683349991589607415609917539103269088344153328823778638690679546639114545553385114961883469756164754838653289489962806528875948828279681797626591973231110864981974522600600441
1.00000000000000000000102195298149999065520783271078712892127275573635779947774190923552934943915997430563521748166876614139659335452117605387164153899736018177432006117463700975168904604337064342640686
1.00000000000000000000011355033127777673946867518283175707397767942556341041723429439233328783639865561357268528594714790349162462080381375657952775594825740032438039650851963438070225898406274215989093
1.00000000000000000000001261670347530852660764519388444234994194584682355102824187716984579301980961017446211676633685249877959277110441596939596362086484354136531270933972301704186171591954764767188999
1.00000000000000000000000140185594170094740084965344385002071932722264140526245716165701584113882280916319294620225553016825668275990346605473150349726127413967882997624578376444144739882498678015292596
1.00000000000000000000000015576177130010526676107500541627176382648203623548314274408004506976969991587150252558962853144563742607304573117544619456408451601111295189951326708703823872321911554496351771
1.00000000000000000000000001730686347778947408456392019202987486767854194628687163293437602028909211668987230287441655642030690625774911865786441566486978030733080571984408313485302643778616809334776569
1.00000000000000000000000000192298483086549712050710263573566217326141039326535655062939953595885036056457990070014570550349281016013152565607853221820627363999618974934990523918612311689291865643731396
1.00000000000000000000000000021366498120727745783412252008574976932440348366635517520947964537068022597769325640630174463464383355087751264256997388314004004004452239012841533123936493609019588841089903
1.00000000000000000000000000002374055346747527309268028007330960801118340531115534557033324364000702230204207128664542396417365271068608403785979114230761383647733995429617723995731213267444262284723605
1.00000000000000000000000000000263783927416391923252003112006879368423628074779375325879017977462745610869412766959468395805661834247764485066791146265394863334180021716149166959542311868127088380572700
1.00000000000000000000000000000029309325268487991472444790224019819731583560249990513747343551170505649291319843106893676028463286617425045822653500862650577708042787835891923667731286168655843613119413
1.00000000000000000000000000000003256591696498665719160532247126446226494039008086780192235948127911142113939956206574837718992156178769089187619944622045231237776144415449576726590553408044988548104845
1.00000000000000000000000000000000361843521833185079906725805236438593110442819994900639073021726612793886210646102060373582222209511540014411418612674570133946634467896448360185389930509604464938363692
1.00000000000000000000000000000000040204835759242786656302867248495293623156088391103309549722382269960149701169929833494412785384780690938556469511346325071525075752525376981292706040439096458088909361
1.00000000000000000000000000000000004467203973249198517366985249832837243114989070047184714219936244287351034073632508394353107589043781162744853623208949502029627949296678863702531291554302545750042502
1.00000000000000000000000000000000000496355997027688724151887249981426700470623533977283424433947452114757144940359413844086066275509660095938241140140957018305429632768531755054360210248252762067787671
1.00000000000000000000000000000000000055150666336409858239098583331269637692838542166283434164066079069974754130291315004971104465070012277282144675032949938139919324938526112471944607240583706529467773
1.00000000000000000000000000000000000006127851815156650915455398147918848687048224938463963448960368676773330051124248133780706089964982840237243477570687813376826434372205295678963247547075495259138683
1.00000000000000000000000000000000000000680872423906294546161710905324316521472589690004662891489980259618188342598098721601826757288100932527515438445565717326866286167554144920720118409292788386298702
1.00000000000000000000000000000000000000075652491545143838462412322813812946839003011089710874210401441806296256131353629447768912917318708893285565698323364761105941678694901567207341453784304729190835
1.00000000000000000000000000000000000000008405832393904870940268035868201438537777109415503363465890750158796132049230032343391993905932378731640273557625628331279803374069168083047893607129057904041603
1.00000000000000000000000000000000000000000933981377100541215585337318689048726421069200097979221231337689615873451657082068431411636549357290373238327971100865728522409513992476205924926703309055081326
1.00000000000000000000000000000000000000000103775708566726801731704146521005414046803014727164407468325968224387320438130031220022685334163975374512041295395817574237724048596424865954688695110623493841
1.00000000000000000000000000000000000000000011530634285191866859078238502333934894089445228469242495619535376142588264140522138157837545457775642997017773984536419045961691502124470322706680764547525982
1.00000000000000000000000000000000000000000001281181587243540762119804278037103877121052261153410237540358876603042506170802108699722783932373526182648225172384912448285275852767792580628806930860666084
1.00000000000000000000000000000000000000000000142353509693726751346644919781900430791228064198345791386027252796555446904329672902201905370489040330433955752979624573372441475351324421692840330879409378
1.00000000000000000000000000000000000000000000015817056632636305705182768864655603421247563131937390861839670572788708503696133864302226799411033162593696354088570854685239523150040709983540376179128178
