
  0  0.000000000006183903507223556 -0.000000000000341186308435086 -0.401543576176687763473662635 -0.059585880166338169535881564  0.155304555631824953292898471  0.123584589337297981986700263 -0.023480459706065229110534456  0.458187700989348320419541558  0.208637603877447362876436723 -0.084583007016743331449868185  0.072130624297714949646846954 -0.477449424279300160454085622  0.304909555576079035305817749  0.025978940240843567366878491  0.117274131036020218543929495  0.030678557532679019784430260  0.158570833410557486780993741  0.268423509901422418719163510  0.115379325591040402363308005  0.287472069885387560245031124  0.401543576183212878503124565 
  1  0.000000000000056664315516733 -0.401543576183436782433460246  0.000000000000258511323355241 -0.336726802200918614563131953  0.367942348848472061049975565 -0.270901762693810447651639531 -0.321098747565350481445334979  0.037002307692412434891491516 -0.148662432435206669510728908  0.323740480974717337103252826 -0.130830961229900655164604811 -0.077046711689881253521034778  0.243881706172390721321227222  0.109963396833352766251935481 -0.210551913951511246198434330  0.108209301951725186885717219 -0.257271770859398520139892444 -0.062646378834507020920191380  0.167795826371503031720412193 -0.190507691556127919688622650  0.401543576183751954556885866 
  2  0.401543576161738638609236332  0.000000000007719958134267059 -0.000000000013195237460212267 -0.004455254105762149746497479  0.170708419481232436912027280 -0.041245822192520727863602114  0.174046808171551293400558351  0.074891775490534554342845520 -0.095749218366438390170772375 -0.300732865370131218678631524 -0.300990463642982373945440958 -0.235471796240473423692039605 -0.221820363270800315831404910  0.236348820801288876414540316 -0.031727938529665006340191096 -0.566787871435444576674687195 -0.015388570886446275184912763 -0.090147496309154794377109868  0.207352883278650586059842394 -0.218334767819471531214033620  0.401543576182653831255610702 
  3 -0.000000000002575931843975955 -0.000000000022367137863933388 -0.401543576145141845875697131  0.409659698507009306406734944  0.054407318931628039878392036 -0.338743376408885502938141132  0.122703362688514252309469367 -0.027646904608388752689314221 -0.089549007955163472851484435  0.474805615115301317841894901 -0.361125944772648486144964175  0.052317011252693759427122560 -0.061382045642312501527765485  0.029761968320383503063328431  0.252326738015225700761598460 -0.105094913102441927134757336  0.010588807020099330818564795 -0.108804395554636735929810842 -0.181419229424023993347278930  0.215812106687735728388849790  0.401543576170084925866477985 
  4 -0.000000000000003189978344390  0.401543576183582586890292998  0.000000000000017779982281233 -0.323536518315184778928246534 -0.213423521336458531989809830  0.242539748118511814896814012 -0.294851652919734749343835117  0.027194086327027925192880938 -0.165199828483183679350915565  0.212954675232891837161216218 -0.147716273103981551832069620 -0.154867209451990040194771341 -0.018396897060601607540460643  0.068166651183003743547453041  0.014100384923797860814087481 -0.033495787529740456772914866  0.120471290286229733891034104 -0.564258556731805759260674898  0.141139057440939354339361558  0.253895441887163331271416028  0.401543576183603576691986611 
  5 -0.000000000000988858918506413  0.401543576181880485241647641  0.000000000000812368304926084  0.197702073595685179656020192  0.002041970241893188210763674 -0.115567497549192539663955818 -0.099722951089832916074192672 -0.335863810152801342887160171 -0.411189863669716977606508404 -0.019516247231899208530226698  0.186173911738222835771387927 -0.009230167502842365516675454  0.433766722114372563635486396  0.056412920202488793850305673 -0.085121985969446012818234552 -0.226827749046070777449806387 -0.160766891742391135203607555  0.317285677821681079332225353  0.256418681979556189201802444  0.130630214115511173844207810  0.401543576183681695518498320 
  6  0.401543576167771776547037177 -0.000000000005011858308861951  0.000000000010629140442899517 -0.009709427309201829816143311 -0.062737312222456995316609719 -0.503185315695668733643013126 -0.219031646956868405792654732 -0.205053544413933134336739707  0.364849825033529758048491884 -0.088224341348973911719878824  0.247147129285897663804783160 -0.085229197153553273119360508 -0.203227235466800658307659662 -0.034128452757616479252422573 -0.261115564922375532891504410  0.049289022261015548098867824  0.052204143489340734882717988 -0.068471974002051721745385447  0.045347086479404987413284554  0.399654520036887285489154639  0.401543576183412752854135636 
  7  0.000000000000202666749810391 -0.090244859329217313923768729 -0.311298716854262174210049921  0.381913254051205413306443320  0.313657316905127936200849484  0.292167972351612389883372678 -0.384481832269348197949091969 -0.314215830555462955419546850  0.179231239446633921943551754 -0.285143781950211464844930839  0.063308364753869312272676131  0.016330281395939179046907495  0.104549934524880142354061330 -0.111375150896099220066109547  0.102291964452665147526806960  0.030618704963403711460402917 -0.075942100332910961342763184 -0.367143049946006818983834999  0.030922112202454809455799559 -0.157579291147676542607608367  0.401543576183682175386379862 
  8  0.000000000011647026217194899 -0.090244859380013230984029105  0.311298716784115778302482677  0.229091607029940349355649071  0.206202269189864148860816956  0.245039887142279774262998079  0.230055038402844953739512929 -0.195548368563786239263850922  0.080294752902897307387142418  0.382256099716578564808510884  0.101116736240396234646995478 -0.329133161264109645190818407 -0.270156495463738172992367720 -0.109705761470538531674736530  0.094732927654582968811987787  0.146410168731962780219865369 -0.034455393052320798001554765  0.039453588616600339505891513  0.498977103128538258526537483  0.102300229088114317936054898  0.401543576175776055318944469 
  9 -0.000000000000059991235001882 -0.401543576183449234359885971 -0.000000000000133387586961146  0.074225225006396307164387247 -0.519887435027584882260218158 -0.092578759413484057787734841 -0.136920194973984046306076517 -0.028969908255616422908596051 -0.125614592436247835897087689  0.080907083562967281564184876  0.113081269081831144370788814 -0.285194189780065009132397486  0.141405280071396050181132056 -0.463635490386481196456577511  0.090139604784455904114802427 -0.311913288328356397787312695  0.181086317252715107555547172 -0.059700773801167066847284028  0.058891966197978928551691555 -0.195376699193086012307295045  0.401543576183642592249264588 
 10  0.000000000003597666976039820  0.000000000001478545239565972  0.401543576178293387446199478  0.019013502279916873223875365 -0.119423690383955371180715616 -0.208450691964882552456063414 -0.146185128641917277657617975  0.043687050558496161258606157  0.323777374465035936763500010 -0.057728607695772768578624081 -0.033235258992358535252569255  0.043390616660538931937524370  0.265334450595431673651080490  0.300430676916856701744607677  0.670939396188108115582065388 -0.044781394979081918266463616 -0.140117559817939900954422705 -0.062042796111066012741891776  0.098454168838875093846402242 -0.015990754736550326618206835  0.401543576183369605429483370 
 11  0.000000000001662331603214106 -0.000000000002896974304105145  0.401543576177737905895685430  0.116542011035910246978606741  0.330359972694274282189368444 -0.075217176084952445670435764 -0.220808393315332320445141048  0.133157775425967914278957936 -0.141679237154743242277712967 -0.181474516434284092772605095 -0.393024563016758025804468779  0.157795264770868534122405524  0.080943375022844277933569985 -0.388507571154317210196773094  0.002209984687230194880162799  0.016223487748158611405788427  0.436453383727743806475658436  0.085007549284751111401880683  0.024300692866479518504927750  0.235495160247692913416291127  0.401543576182297199024268802 
 12  0.000000000000136797834864149  0.401543576182558235442444233 -0.000000000000375394888551012 -0.079521765737920021115668102 -0.035984051014154786136343663 -0.019195607191272317281816907 -0.276319202004294830587582260 -0.022464303870269014723243164  0.244985974228342684645047880  0.079184920528049593928547525 -0.316775087025132432274124317 -0.249226371203880042891538361 -0.203332329844288023276135599 -0.379926250580876919608983716  0.035734756236860753084605847  0.011291686205398330291833160 -0.390127844616881316338165633  0.316691199605580692551460090 -0.152811074238446711906166432 -0.249466257914989931570833373  0.401543576183070452176315790 
 13  0.401543576168974951286780653 -0.000000000008646739576700183  0.000000000003889818245462789  0.053903907335084198086287222  0.082752124696655047055363075  0.281158323855226062362288458 -0.369123964593133681321747430  0.263412364290755381763739496 -0.016261143716396084335458266  0.374690757413976700948218812  0.316250034747005840556673822  0.354630465603910616174997486 -0.162481680454593134464691927  0.050983577730004464107155596  0.107277663567260716812414890 -0.258257212819749873905028972  0.089069807347900331163470609  0.234517308999013329004934732 -0.058441422365902329330887089 -0.065833787642376633794964388  0.401543576181511516117730518 
 14 -0.000000000000204112679172575  0.401543576183222584877283851 -0.000000000000345375544798083  0.008140805717623843215317696  0.282376636744070889353721426 -0.366239567204397183092364973  0.176738694551332243520814190  0.221595086795968736716384330 -0.025966305376259223260378768  0.086747765690614503141040847  0.384392299716041563014453514 -0.061978372844980902328599964  0.046520950054687378215291689 -0.209978520161509514885332488  0.092665578919822296746940105  0.079416346180365243349408635  0.229679661458473336721713802 -0.279903500041977995176642816  0.022288916764304345385927248 -0.438115066548074235405849791  0.401543576183772049647841690 
 15 -0.000000000013289303524039701  0.000000000000945563225009342  0.401543576167768224592299897  0.332994070678189806343277510  0.082080669147200338448271302  0.105045370826098077786619860 -0.010206435821672472370980024  0.161698411846528919007227008  0.013691477228684477759184377  0.112020551046564900522849000  0.107953367661913940555207421 -0.358495988817971099511805466  0.187742765898864731342128749  0.142523600075087793339961503 -0.297688329780031745445045485 -0.135626374476511433943715784 -0.159338966087934844406757799 -0.178561768202996002736148914 -0.551656797707604638360788518  0.082306840123409340176710829  0.401543576182003068147929881 
 16  0.311298716836290675192373475 -0.090244859331930647638650954 -0.000000000004247647590129120  0.051459292603680264733639850 -0.028609736528356546857900368 -0.045619128034071570042154269 -0.076923147901944578898661680  0.139981691490218255390044419 -0.571167388336681697324007101 -0.246283540742189950445580580  0.117617584782120069993277111 -0.180902479475042972240626284 -0.217626801604806385809090866 -0.052515522816344162814177626  0.326712068420038568905333295  0.417075272443741434805555834 -0.266973854075030492911599356 -0.020600871631019168795658598 -0.130074302304117221304718272  0.104934529361061023500147505  0.401543576172468972629650552 
 17 -0.401543576180061402949080657 -0.000000000002607815618686624 -0.000000000000012476198257966  0.295056769432478521839220698 -0.112229433955191550947709002 -0.143722232870146307833034323 -0.159239663457201286841566877  0.508955976535261188169710633 -0.012501155231689508834501021 -0.130917542616832296300893000  0.078416852915709652097422683  0.176211575614215654110952282 -0.241314606989125705744617285 -0.033792763940846386138924014 -0.183669895802236818801718259 -0.128587703289405592456135646 -0.341428873672595721924533790 -0.122734744944123709831367442  0.354890815625578906017346600  0.111062008555725096582635254  0.401543576182681715200763553 
 18 -0.401543576165381298377892588  0.000000000008739355793779540 -0.000000000003202615342559253  0.072951287376485624098176007  0.016713564905933561659511508 -0.136067487172186600818133209 -0.369208089475705511864084968 -0.148298509735036733819227468 -0.132432973534296532703191836 -0.033746589072586657285710270  0.066697029133633568060335241 -0.275271773012138992644658869 -0.374885793710956122790946277  0.419322985073259361108247156  0.044130646898066403266452018  0.019165801814264435073037777  0.397445016914445861568993407  0.215644157749845079565203902 -0.090686009375614723515925987 -0.161446184140422815953062712  0.401543576177323248519324822 
 19  0.311298716804281445967930719  0.090244859361576735923380233  0.000000000001959582104125908  0.371973998922472224047458197 -0.340609492636051187740417120  0.024314004847772593289034196 -0.070562428554012944627120679  0.153349965449671392204804808  0.058080048470666576647164405  0.052285878790736438100474146 -0.268913350546810090774740507  0.009359377507286315868700183  0.180643980812923585520029732  0.223202913944426444865917411 -0.267342463205705870379642192  0.442427794135313404188299818  0.176849668983801500647809121  0.042544066164807909881444238  0.220297838093995576732534586 -0.318890082879963354976294090  0.401543576167817769677131565 

 0.401543576183772049647841690 

