
  0 -0.000000000000199788541306075 -0.707106781186214906984727202 -0.000000000000338857685851286 -0.000000000000006227016901097 -0.000000000000184410247076606  0.380674327484575047438703985  0.080335728667749213534950582  0.279143183568643332286311406 -0.517398780548072697823332872 -0.054870867029678513168027866  0.707106781186944233414705396 
  1  0.000000000000022839961736229  0.000000000000631331092336717 -0.000000000000029317258599260 -0.707106781186604422336124121 -0.000000000000223948202261571  0.405679188128672308055700998 -0.075974330220862399678464355  0.141741119278368148869063844  0.403749870929554845655398004 -0.382815613966770371178003490  0.707106781187511852662750528 
  2  0.000000000000080431369406920  0.000000000000189268844929172 -0.000000000000129913478901535  0.000000000000365079674651843 -0.707106781186539921305739265  0.323714159667110117112650419  0.064425849569368164058492162  0.059673684055895287009870691  0.218555985867533577386950631  0.582864293992143751919725314  0.707106781187304605574336230 
  3  0.000000000000050229489607737 -0.000000000000011660122077365  0.000000000000028662477102896  0.000000000000172164090788226  0.707106781186555084632062995  0.323714159667064394003107089  0.064425849569387027834593221  0.059673684056604458809253133  0.218555985867668561682284831  0.582864293992025517395991208  0.707106781186817838426479643 
  4 -0.707106781186572740484971161  0.000000000000336465353694815 -0.000000000000077196236571898  0.000000000000122226001570193 -0.000000000000310867968944960 -0.267234453956159276241102626  0.346913421166975316874874283  0.535604038217978082052524169  0.146167557706312611220814471  0.000429129012018532285210936  0.707106781187419530354098390 
  5  0.000000000000368182651039174 -0.000000000000052215588419220 -0.707106781186506795351502663 -0.000000000000204266769562816  0.000000000000232770719140700  0.119609122409241074036240909  0.602722539788063998468514715 -0.333999856061129981823652410  0.012364049791511606391439932 -0.103491179778142926129252867  0.707106781187364263310986268 
  6  0.707106781186522284805839877  0.000000000000110875608840555  0.000000000000122207565419143 -0.000000000000187368685542013 -0.000000000000280666092289127 -0.267234453956439143028399677  0.346913421166588401602917310  0.535604038218256360429428420  0.146167557705943096404391408  0.000429129012168287190604314  0.707106781187223377635464594 
  7 -0.000000000000025801197570812 -0.707106781186880135165427619  0.000000000000057428727252012 -0.000000000000261856112384695 -0.000000000000016518736624267 -0.380674327483799341658712509 -0.080335728667873745647003570 -0.279143183567645270952211831  0.517398780548294466227754462  0.054870867029291592305653442  0.707106781187241689322266897 
  8  0.000000000000168778844235393 -0.000000000000333644541834507  0.707106781186588230481409462 -0.000000000000271398394908500  0.000000000000074194765782772  0.119609122409499115840582090  0.602722539788027588520107763 -0.333999856060962286511805547  0.012364049791237352276538416 -0.103491179778073712573467722  0.707106781187436223489687498 
  9 -0.000000000000332434660351782 -0.000000000000363247958451754 -0.000000000000037814365206633 -0.707106781186490615423011902  0.000000000000031032613942792 -0.405679188128409900907823948  0.075974330220515218403578694 -0.141741119278069382662519314 -0.403749870929662632779892986  0.382815613967324600176852720  0.707106781187255147903304719 

 0.707106781187511852662750528 

