
  0 -0.353553390593238125576844647 -0.045436892677039577351081516 -0.345736421774495395728464889 -0.218136924311774675280676053  0.065477708676824625471204252 -0.116431732492966744981898342 -0.633980859010349786944547162 -0.534829589157019099970521991  0.353553390593238148209564997 
  1 -0.353553390593356119678747004  0.081682134640435169696656616 -0.460548334601759459068157088  0.502136660326563528846787604  0.408218383447618998462148518  0.448397075224328925353379019  0.182364625121607918363064553  0.055883741661509917780380381  0.353553390593356109405931420 
  2 -0.353553390593252151466669223 -0.298307381530787364269955916 -0.273343826211863563939614974 -0.483539332305098644784746575 -0.417267982246866002361742470  0.335925923380034301390364634  0.065085075139985481823404808  0.431614076342490674784721852  0.353553390593252137019675274 
  3  0.353553390593354476868510200 -0.184403016444251671758784890 -0.184498919871928663541046922  0.511254695359803862429824012 -0.635082199534155784133738348  0.246060571670615338933651994 -0.242821087970294110226191116 -0.150788019105501940853009644  0.353553390593354499582545714 
  4  0.353553390592988030384892853  0.181480812799913763527109335 -0.112807991301787154921141675 -0.414636984276302015769467835  0.024611026053229220731340446  0.493167816849103217516922873  0.357159257851086934870080830 -0.534819884920663532338128143  0.353553390592988014962116949 
  5 -0.353553390593346599733151278 -0.240365162640385526202904329 -0.095574811688311563001086736  0.138600253392105040995524977 -0.287611734197791966283078505 -0.422688484168319987023532125  0.605324127932786610728054660 -0.401343555529219341064745344  0.353553390593346616999070875 
  6 -0.353553390593341201544744581  0.821070491737432086546289584  0.162910604317602248112617849  0.051052766455485497809792250 -0.409157688925800541794282686  0.062512148182739094953415740 -0.019228700673198003344197102 -0.003077601178964600118057561  0.353553390593341176906250212 
  7  0.353553390593313438542344071  0.321565393174294313641476198 -0.714985878785125076109729925 -0.106504287526454140422750138 -0.029870139764943396187900186 -0.431513458393491618387844549  0.085226098630597358439390555  0.233854976164496257401556253  0.353553390593313421330634583 

 0.353553390593356109405931420 

