
  0  0.000041377725908795861269846 -0.235329872232333403710927838  0.000000417835231624496170248 -0.000038724056301801737343777 -0.000036601789300497893749977  0.000008856897774502053533692 -0.000014689716691829867980537 -0.000021489331956064070947646  0.000006253431266024901936006  0.707262876475741882325177362 -0.000017292069528557755093078  0.000012253384074591217122377  0.000008926158411949915162633 -0.041557692245023335767201492  0.342321508270777100248595873 -0.058998279980261752628386716  0.291621151746156411670770486  0.302704182600272554291755828  0.263617605049908446210749774 -0.275391094748954466707793753  0.942799631104521568443488366 
  1 -0.004758571111560039570600984 -0.001817164835287794236147403 -0.000164213800131861782369286 -0.038608946700432707553705004 -0.707994742025361310257518949  0.185645125699986178940742096  0.000293551882257426542604657  0.001465227361247969683373312  0.000031782331053623200943707 -0.000071384304151512390154669  0.000038192153509623967718509 -0.000027030467987634280954040  0.000504662443148388120702800  0.033569675460026948418201884  0.117813599574351307376119963  0.463951207982805378926809831 -0.358317194607850499234570976  0.304470906967776150863717183 -0.076503531668407427046812823 -0.074538489812141413082887276  0.941420595116116036733810990 
  2 -0.000000004569121649657819250  0.000000015567923645898910367 -0.000000007644122392565717926  0.000000000935811371664759381  0.000000002245354112642077249 -0.000000028056463465290126907  0.000000000268361315501544726  0.000000007923151585057755216 -0.000000014017216745788395197 -0.000000002616385503639580066  0.000000001210235121975267393 -0.000000004524673992837379220 -0.942808869056960195318122658  0.021486607703395622953300979  0.139086364569284220887358285  0.027207294110685247475679336  0.136523785691512336323946882  0.029417194731630609026771898 -0.244172559118681576959095265  0.106958657541232956345110105  0.942808958635781055150366231 
  3  0.000270309130551538446100111 -0.000069221691030747008057743 -0.000118305934365147703202711 -0.941460010158855583066363909 -0.000166420240060850860736721  0.000088741153017896088142143  0.000027073198707367993291104  0.000102575181002245090575945  0.000049521289686833029470931  0.000006209399671861291436082 -0.000188918646748147555239350 -0.000019918476888055815208700 -0.000225498465195104881127221 -0.196631813699193323319910215  0.174513174674143460002166163 -0.128894232382450914166805572 -0.120301443050390674900293735 -0.087272420180522623541342995  0.022763384126871126868747546  0.072890983996059919093385340  0.942792722965781404857385506 
  4  0.000000002016314250750447128 -0.000000003659117398457199555 -0.000000000003142146787982977 -0.000000006942754087615689839  0.000000004967590915546136522  0.000000000179656610613146841 -0.000000002041799760505279113 -0.000000001333259258245471343  0.235702061031965963715153339 -0.000000002856862928769815985 -0.000000002895142033514495315 -0.707106879434684207591348126  0.000000002508608548478707956  0.152883388805366217155822309  0.051292953976116256088220577 -0.260331538884229499435790656 -0.193568577097665496858629880 -0.058551687499922942503187981 -0.305432483179043346208482793 -0.465275720099132488485850143  0.942808969870898114229440523 
  5  0.000000002925540469209959415 -0.000000001883788800954903892  0.000000002386534396668654427 -0.000000000886116789916305714 -0.000000000343016914791935016  0.000000001194201986894410766  0.000000000009122646353191784 -0.000000001991948897837760184  0.235702382284720623784350299 -0.000000002529803539686647299  0.000000000217662770197090659  0.707106575194181096442359868 -0.000000000267536257175756304  0.152557249158124102241798278  0.051095712050202918691466352 -0.260473531139852652118186691 -0.193649190509135268398600675 -0.058219659498879963171352227 -0.305577896652480926416349874 -0.465237942517401625554729003  0.942808972114175168849434933 
  6 -0.000001711549260532274280123  0.942713733416461664379754765  0.000006835995949200353998270 -0.000017042617100292078393285  0.000000239604626193924882067  0.000002790415449836108275912  0.000010588573650678472552143  0.000001773198384545173141485 -0.000005399427921051575431278  0.000016879752505447978849339  0.000012881495049818981462706  0.000014881491856006803450647  0.000002061284126754139349379 -0.009081106715856833287910945  0.182348345151558074135416353 -0.020966525475519886111282729  0.143683061647588490895312806  0.137702184570525010593356093  0.137084886946538534989730070 -0.138270947493614248372298912  0.942806818822342054407965872 
  7  0.004775921748289267993032821  0.001767692693861658851448247  0.000164760472789145467852241  0.039071535961915209303946033 -0.706216936608990761509250383 -0.185341610648255697961104757 -0.000285937449080067975199997 -0.000630613255179096084275537 -0.000032075154198474601206626 -0.000121359535532408032960533  0.000300079758175423053300354  0.000027340451206046725757896 -0.000506353779995536028325979 -0.033502001648963953569062071 -0.117620152324384328694484563 -0.465142214376715062052088101  0.359233797942269066907558517 -0.305750950306949186138696234  0.076940385043351791977063632  0.074740786749221733997489842  0.939242217517468789720821998 
  8  0.000000021209890856194424078 -0.000000007877480400737893144  0.707106885376702734005358031 -0.000000049525691660155021682 -0.000000000641394394638314134  0.000000039741667658543330310 -0.000000010382743785338172927  0.000000008488558853735877367  0.000000079015047623529145366 -0.000000025653846225988587819 -0.000000220565991467786416329  0.000000007423100520116109156  0.235701592419538764053895535  0.042134454634883063938171222  0.278789724281312561017607404  0.053090988611307898167439865  0.273117525904908008891865470  0.057830045315709783375378913 -0.488088995359628252028536682  0.214379504129779579796495625  0.942808948321654942013522738 
  9  0.000289929418511565251784233 -0.002172261156916589605759817  0.000301171994040260088370585 -0.231886524838404159190303859  0.000030031754082213513479002 -0.000644960474113784356151087 -0.000014281231298731096715102  0.000026539134181377276494980 -0.000147944605953315963116744 -0.000017245317584671160271901  0.706761133518705578757980457  0.000089424616298974911589463  0.000336321802858253967545992  0.443315163493622873029046533 -0.312064871620332628823855231  0.207967840458654338456410786  0.299393767732471165605957417  0.044860557034330975625317350 -0.002663799311731613750325171 -0.133761917884541307381088444  0.942717769862949519165361278 
 10  0.000000000000005593150250233 -0.000000000000011993987787807  0.000000000000011033726600973 -0.000000000000015467053447276  0.000000000000000372102000977 -0.000000000000000894908125005  0.000000000000009720144855230  0.000000000000006105514108072 -0.942808972115869090653474810  0.000000000000001396596945407 -0.000000000000005663593393383  0.000000000000004375609699738  0.000000000000007519056533486  0.076061588911045827622278183  0.025521681360332721053628771 -0.130329142944590989461697318 -0.096898227352160963398851768 -0.028950181291539107297132796 -0.152844285077339456674913945 -0.232594239241663919282032680  0.942808972115949250490576222 
 11 -0.000223253585231186617665547  0.014712912463787026087980647 -0.000187681202464936069647391 -0.041461971772942407773353745 -0.000873092390946283000722680 -0.172624952734874112264974039 -0.000470121735421934300557925 -0.707043205658017759492311310  0.000237916535166154539860873 -0.000264850391379538829233811 -0.001754935657754758887937815 -0.000252017128160932207003038  0.000214177635233031755269511 -0.278399188404035281780906849 -0.355854662878795521650928876 -0.134097345989392485659055278  0.030347583749883450272353375  0.463173385214972874065987238 -0.175085457108339475549825884 -0.011151525672504176838153891  0.940321088891380105928043120 
 12 -0.001814884999655533608295863 -0.006161399425149149196898301  0.000003944584544787764305891 -0.000074311126180732826575565 -0.000415153366881337949263563 -0.933457888295304786488871401  0.000285858373720917721014496 -0.000135560650464596528262511 -0.000075365464416207120827915  0.000112032437040551770154099  0.000037609595345867930313048  0.000082516420265242493844584  0.000121621252272257514580529  0.116234203060061788614280680  0.178917001224290022159371834  0.234429191440598423966422750 -0.154213700711627646591827048 -0.050244784787083065508833928  0.034353373712328982111550383 -0.025485439808503929186493209  0.942778145991241920884345235 
 13  0.235672455553950094587242585 -0.000001076369307253635396035  0.000001834205331891034654020 -0.000002745645771953301768219 -0.000000204552019055126499143  0.000000044676836666307877532 -0.707117856910843286784643102 -0.000000341603896093650784844  0.000000418972115862009242301 -0.000004687020399192048723391 -0.000002152023892783868907783  0.000000188730874931816112562  0.000004359167845907267514455 -0.386511478317035573069914214 -0.079074906200543479794086259  0.305086515563796668219862657  0.187580829842212181663243555 -0.261463948510595343873970722 -0.097622217396148391307985140 -0.287473517055508640162400993  0.942808365433084951962982440 
 14 -0.000208798440968599631732684  0.014677336909336989766265973 -0.000187285006526779347062324 -0.041173742676751635421084248 -0.000035774679370755306139238 -0.173323222267234784701940738 -0.000463394773380031110909937  0.707168522747711410280160860  0.000237779282362436138258496 -0.000327041999745814373480572 -0.001717287305136694028302857 -0.000251882408626932604835553  0.000212696639241758092632862 -0.278466084763679690562525326 -0.356042394046222570962428183 -0.135417462741600421846275247  0.031400190330779427181631062  0.462226749304646771285666820 -0.174786103718491219206616731 -0.010971148272122198854874853  0.939984765136394571851015389 
 15 -0.000291680384983002062570655  0.002199576334148403403361452 -0.000301751525178554296557029  0.231192719053597037025911051  0.000305513631822480819742888 -0.000086375852882596012416067  0.000008225235570444505108691 -0.000063620461663508575327509  0.000148999131902341369938867 -0.000025265893921083405140734  0.707447905343839176899034538 -0.000090596297481744283050473 -0.000334724412329877384881692 -0.444302061914523668253659827  0.310128970751908594939314986 -0.208307721812116418245866903 -0.299079795511671850269603060 -0.042423593417969149997934870  0.001803844110177217821831614  0.133543920523797708169969241  0.942496953559320237907379753 
 16  0.235683219092475008490830506  0.000000098333108248758844450  0.000001718493489353436919835  0.000003235997762814028803483  0.000007707105571873166187202 -0.000002979346572427658529704  0.707095219627497010390568266 -0.000007798688077372826540826  0.000000731649967243112598052  0.000000200575160444837926738  0.000001697032366239948414517 -0.000000153203608098457257687  0.000004209688902062666940076 -0.386945770782525440311446635 -0.079723882516298562839163980  0.304452949897855658503232137  0.188005986484914514226640496 -0.261078372263677622989140603 -0.097801427098688095668850215 -0.287440355939107588330218984  0.942808968834558173987853841 
 17  0.000000010516695697885533312 -0.000000059087429797816812613 -0.707106450549744056576981222  0.000000020916826222986731318  0.000000015509905136232934906  0.000000005914691595962236677 -0.000000025878270664095072000 -0.000000095305063275678277012 -0.000000196515762835851041651 -0.000000001506969629804478603 -0.000000079309696835550398307  0.000000236769164492137892980  0.235701723723144977753183628  0.042675642263562216139770236  0.278632088040600706157004507  0.053148527657482600679631195  0.273545767737148005666492773  0.057494201671484081866969618 -0.487965352378377626373865544  0.214290206751576619125377980  0.942808921503365255430573894 
 18  0.000037353653803042325321349 -0.235424770861830876141334440  0.000000542298973327377701694 -0.000017856683780494502644918  0.000156370136952091306532386  0.000018876961419905418816705 -0.000009351676833421500013274 -0.000083815176365738376913988  0.000006044207742212115006662 -0.706950502367871720546359249 -0.000058422926597175714548668  0.000012482412570673985591621  0.000008802933392963762093900 -0.041317015170596679157245801  0.342810254258813652030726468 -0.058842181753988798571650869  0.291678965091774127632844732  0.302468665794406805960147649  0.263884507560374870915745685 -0.275515540092640981114681387  0.942785192298133649954714613 
 19 -0.942795220577307318979374401  0.000000272500888504842780503  0.000002789986358617431393829 -0.000000766397857077078637979 -0.000001262723408455910369182 -0.000000597670871029157550386 -0.000000852703024045115521217 -0.000001498148103127851446907 -0.000000074822300167309924840  0.000001578929555876328592708  0.000000354788536954183690043  0.000000291930365379049281708 -0.000003146575431780982190036 -0.193568448326355931993171186 -0.041181531669118135278870796  0.147370362630856959702059690  0.097973590765957820391326028 -0.133797963668135717264675959 -0.048034724706386551599255133 -0.142991017772569784069665311  0.942808707754008373227907341 

 0.942808972115949250490576222 

