
  0 -0.000000011183387034597652664 -0.000000007165812180721300725 -0.707106784323756184661331770  0.230963436275512901555491581 -0.000000000644177670528329259  0.422007543929754118334834664 -0.518152012753266431519232754 -0.009165763101854081053212336  0.938070239592645974829616257 
  1 -0.000000009433912851537572212  0.000000007445190772382410333  0.707106778049338698436364348  0.230963437549483468317636746 -0.000000004175252102788289202  0.422007542085071821311072909 -0.518152022400926836405606057 -0.009165754587302505008174463  0.938070236653177953517392801 
  2 -0.707106774311464886695766802  0.000000003634272939752052502 -0.000000005010078073690786081 -0.057740775927015691625429758 -0.173222666768377247023926249 -0.248957816762915138308811386 -0.238929748321031638864453753  0.589569759295474869276523777  0.938070225651208803457643121 
  3 -0.000000002889589820495957443 -0.000000025468946854154416293 -0.000000000068558666685801235 -0.000000000573490623065744051 -0.938070212431983871859044605  0.260907143760364802862351113  0.213888389993908361330914210 -0.078762272113201651801181035  0.938070241432569816369350241 
  4 -0.000000043474468532446891156 -0.707106739497944976628653752  0.000000008442093907966119414 -0.057740815137441933375305131  0.173222569785762986076032774  0.457500998611364093901021990  0.340216238259185009665296409  0.376305389324997155306657196  0.938070176337712352207260508 
  5  0.000000000000024886511099194  0.000000000000001920343980121  0.000000000000004463372286068 -0.938070245064849437708828783 -0.000000000000002381019282578  0.182133162165166675452391415 -0.267618644388962213386158606 -0.123417939292084040849419111  0.938070245064883135146030502 
  6  0.707106788061625776036552699  0.000000023020706987567846547 -0.000000006759552263441034175 -0.057740776753028635531815420 -0.173222641184004564726315288 -0.248957729751574261692153266 -0.238929706746689071562394883  0.589569803830935840020799343  0.938070235778918202443777546 
  7 -0.000000062860896688330944603  0.707106822875146653699894583 -0.000000006168908934569716125 -0.057740806243704571604490354  0.173222522102405550325793931  0.457500963281398874654519460  0.340216215058534849973673891  0.376305319896035208937024388  0.938070220251062439256045655 

 0.938070245064883135146030502 

