
  0  0.000000000265237879873843186 -0.000000000130544109242140439 -0.000000000450288635135742259  0.685994338121830457392653219 -0.000000000167884420414989680 -0.000000000771022813780946495 -0.000000000586956434325299014  0.000000000303798723886818717  0.011866541693516024167204769 -0.466586780952069582202156733  0.150378684174197882220612964  0.342383625602460077381799727 -0.007316366446130291413599945 -0.112310960818919921130811402  0.143685806734276061132158514  0.239979819818648361224558592 -0.119982734218157133170381580 -0.253145772174674570212426009 -0.040650478113381218009891004  0.026327312677655895126776933  0.685994340797563432533031497 
  1  0.000000000332549327992718413 -0.000000000266688545163155217 -0.000000000385367690686149578 -0.514495756383136125197176602 -0.000000000109863700900231138 -0.000000000978971719612196790 -0.171498582585262950096272917  0.000000000225029418583873983  0.100318870040396145138059288 -0.186943953676120947981977201  0.060993241861679298922990300  0.726396934734494572239067722 -0.220138184792571982750959692  0.200853719499293625845364950  0.058395782650324444090468926 -0.034060144835786102671598219 -0.069763499160963305769961491 -0.054199910547765514910620267 -0.021987666463856335299849624  0.166842804625013461602457687  0.685994341266869522887386634 
  2 -0.000000000007816249382102819 -0.685994339629660431010681892 -0.000000000139390160331480285  0.000000000622124515297157231 -0.000000000031282376041253030  0.000000000596982675752119024  0.000000000041852491450928904 -0.000000000234142832200909534 -0.373868698240115307718451146 -0.162957298987079956474046880 -0.163125299418952890919570255  0.138360477953845886062416576  0.275561641209172719473030622 -0.165827293083142840378579712 -0.266570592203757668922463331 -0.140206175876554440601828508  0.227764554876659147734886332  0.084734664277077255039119247 -0.083248443077410527057456366  0.239139865616157967629544848  0.685994341303251688396827590 
  3  0.000000000017364338826633136  0.000000000072605315920514674  0.000000000004298732552639705 -0.000000000047670111545564057 -0.685994340957204934807519420 -0.000000000003101400625889599 -0.000000000099385377914573035 -0.000000000131475063281102936 -0.064177120078306259645163113  0.215697388095718755162007695  0.091884106356573543666844874 -0.074515681513048919083633606  0.027104919509803474599683574  0.042525156560423415558105497 -0.035945222436121643567346652  0.083339458564734565698868280 -0.080763739379187575258734096 -0.368596178244489479727558773  0.299289863146170637445923207  0.471202171090664766119233964  0.685994341333105247312130343 
  4 -0.000000000050444042797583985  0.000000000316190336164265131  0.000000000206600853741930811 -0.000000000564078699732153747 -0.171498583716195249836513649  0.514495754911599531935314372  0.000000000291482599614579248  0.000000000565640410131128523  0.048066548066027281407315954 -0.026719207848270623441419482  0.426263163118932451525625385  0.012657512703765924201702745 -0.104618633797050467714839350 -0.384550188840128243160203236 -0.021467025949309420084710662 -0.569341672598270555577613244 -0.099035804387050230806349444 -0.001274365952676712109053453 -0.123595004941682550069338795 -0.111702410671864226619103867  0.685994340622231684064229879 
  5 -0.685994340671340485995899350  0.000000000103623733735990042 -0.000000000091505762474090138 -0.000000000069346811016716852 -0.000000000024455092735111993 -0.000000000115846179402718110  0.000000000063223303030201873 -0.000000000204055393791043330  0.163199575077883590640032314 -0.076680308715978923219118608 -0.216506743303829817201577347 -0.177206468987632297627538708 -0.187782117775575446851727898 -0.014311070260440458604191149  0.214158666533327001713581626 -0.103670080292216564846945279  0.157421647965940886032716606 -0.158254671226776030758427727 -0.434055321424545413556885659  0.297173353804876606208641363  0.685994341343396739579894167 
  6  0.171498584030415213971592844  0.000000000085156677914324526  0.000000000108864908208363207  0.000000000014178382226387568 -0.000000000179410117470660006 -0.000000000019273428369743865  0.000000000093272990785786909 -0.514495756323726657237901255  0.228769560929908734027383652 -0.038162100711576545013177303 -0.405116771186316531564320514  0.044831773676827518531511681  0.416323787975879313293624262 -0.007257259115481832563470570  0.352116544942967423827140383 -0.344718515935289680562425910 -0.212213966973186325389120338 -0.143323908826944697056751145  0.063923098849543830927283361  0.010161414867213050180282216  0.685994340854298395452129378 
  7 -0.000000000001814781376536450  0.000000000000676387596783562  0.000000000000080471066814153 -0.000000000000638764138648368  0.000000000001394301170346342  0.000000000001878028568289960  0.685994341356585828561008567  0.000000000002960726548593836 -0.059890076634797307227427903  0.286762112264874136649756356 -0.180936744073555886989012817  0.234171367833326563115967436 -0.096482836201223791328313636 -0.172550228842650043133361351 -0.145857953123904074622030000  0.117269287319224195046134425 -0.449279180705542101375215766  0.048253321441315300413744038 -0.273051811378681765862894842  0.056316020032146954064509927  0.685994341366029339855138469 
  8 -0.000000000021090872484693386  0.000000000005790653374859416 -0.685994341112415207176427473 -0.000000000082032876827167901 -0.000000000003526837319108104 -0.000000000017379650288868910  0.000000000049858437685313630 -0.000000000039438729199562675  0.414484571343206257187843228 -0.218868473534794411949986476 -0.122148485112375671150591015 -0.079044412661979105028532255 -0.092927466073676141499458093 -0.213805061485353888194754259 -0.258541656800130144577528138  0.045018090136673292288310580 -0.070441580013838564176007016  0.256509813813968926991598493  0.222733883939612728491324115  0.212024538541455863526375043  0.685994341331533252878634166 
  9 -0.000000000244986769798301622  0.514495756500865889556794314  0.171498583527977506687557142  0.000000000219381268802553608  0.000000000137620691079607535  0.000000000513284055622256338 -0.000000000002825783544177102  0.000000000102650855219572835  0.156264675810362669211356010  0.019623662700608375698959826  0.109015766071647958992605048  0.176280606475128962209899912  0.537669105075658458213396645 -0.149420978663470295567700270 -0.316061380344174586647749622  0.059707059537597504503308099  0.287397317092689902047562139  0.130723204064335050720115951 -0.230936407508209954464592148  0.265004722765739787889664042  0.685994341249592804203236152 
 10  0.000000000123177157039758808 -0.000000000636189153289688335  0.000000000044076722740286926 -0.514495757736189989731048072  0.000000000226538693345879021 -0.000000000456811270078100107  0.171498581350768965967908478  0.000000000334545192171458202 -0.084496814693979609426006169 -0.435171749865869318994000478  0.139511668394556505198812399 -0.269885435482855948473605509  0.210383029888155118747707431 -0.350601665214627555340219309  0.133185291294198919460163230  0.354033235790983417652730975 -0.090213478332040442377016097 -0.283327782852194186633118175 -0.032212970695519918186585078 -0.131739720356851665149103617  0.685994340908297081725424060 
 11  0.171498583856784007120035648 -0.000000000267706614770963127  0.000000000399816104374965026  0.000000000034816136101743862 -0.000000000339133422854073425 -0.000000001012088955228948366  0.000000000183423669628243373  0.514495755085275968991002232  0.202685128662404428259149677 -0.183964944175239338960341044 -0.228047983654123997772811445 -0.109210677665092838274142097  0.115707161706780344512734363  0.299048770410258860465765179 -0.360943769530579026456494282 -0.264318213686888526679687889 -0.160955145153258297790392455 -0.436425856837400712417681173 -0.171062642792157577025088586 -0.135741609217561815512766155  0.685994341179044925358061768 
 12  0.000000000000005669146793303  0.000000000000007845475873275  0.000000000000005649495736282 -0.000000000000011839744196049 -0.000000000000001116811720635 -0.000000000000003298317970231  0.685994341370731283171174181 -0.000000000000006068167134639  0.106093996869300996261969907 -0.224705165303479724250054587  0.161307138264134694452880958  0.014899220431594537687103243 -0.011147465184018858823899979  0.310414072503867042142691735  0.127160576809427895304729222 -0.214292629537723826771856289  0.454391674958924980540437080  0.009028645281743788951569249  0.275608137443959491891080915  0.018329610117031459297234994  0.685994341370772718125600059 
 13 -0.685994341068184810650092131 -0.000000000006073909266508825  0.000000000028306769926420140  0.000000000005038454688141895 -0.000000000060545708882198858  0.000000000029323872856633359 -0.000000000048201292901834944 -0.000000000018122859997265721 -0.055335903815028634763573210  0.021148547561802468311745965  0.058215555335601756566029112  0.161111743529337361603248450  0.320789853783725116537607971  0.087258947357163097763722414 -0.216365472088598114383506919 -0.048589100915027509678875955 -0.250713925215700908407647982  0.013317230534292698722861664  0.407270435683592071305888019 -0.328568401994081650823072149  0.685994341263797667129342023 
 14  0.000000000264909027896743262  0.000000000176740814649539363 -0.000000000054371068044291598 -0.000000000001237185696172607 -0.000000000420230575150168877  0.685994340115262174505713494 -0.000000000001048002705562475  0.000000000180794069869534256  0.076080271669816594463464730  0.146929957004937572693473342 -0.406994829457040691066734700  0.147194149916949957936931036 -0.052216534626057112397287674 -0.067728981217941449261563461 -0.040167270147301245093236126  0.324320624452607230212399306  0.332248325365875914584948281 -0.192453051487245203800963145  0.136517113397531070920014849 -0.185873959836485546303578437  0.685994341214592912980146933 
 15 -0.000000000074343609368776348 -0.000000000064014720465799285 -0.000000000052704348471326342  0.000000000157975699927198237  0.171498583720439214255772641  0.514495756549817678576676933 -0.000000000466638383814542590 -0.000000000050561314452601151 -0.149506909139796819675142896 -0.169187402956514405279317068  0.116396609129613416515856839 -0.208916377705303401380925940  0.174240678234141250718485482  0.474855496421607283939660821  0.075023386054975900404085364  0.136914172813079309528683583 -0.343961963091890084913502396  0.257878432042439557366582045 -0.058427812906307677764705969  0.359534355647377734828667312  0.685994341136495012437729324 
 16 -0.000000000067974312963503887  0.000000000202742157536828077 -0.000000000003072982862337987 -0.000000000027206954798588512 -0.685994340894961535787504453 -0.000000000004391671215010906 -0.000000000004651084949593243 -0.000000000093895884461664281  0.014783755741756378823699013 -0.251314436699960149483199998 -0.169350743875942548997710208  0.019122209081145015542927117  0.042609907826041931207120342  0.172326262532336297442540039  0.060067825290804281453631687  0.093224501219204424152424762  0.019532200235191626378419166  0.433384377624139455800192020 -0.282998065269950166314254225 -0.353392980368442200791653796  0.685994341298896633831155140 
 17 -0.000000000043843046529049921  0.000000000122778503994181180  0.685994340675057989785510376  0.000000000027767012523845032  0.000000000106753653652429949 -0.000000000258036271866630011 -0.000000000011661424493762313  0.000000000082096213408924418  0.211729335584404676815590760 -0.282999404644616733774283024 -0.231031467159228209271330454 -0.121064555604429795242302920 -0.269908137134879753862154450 -0.194370336850414032108056578 -0.189367830704899375995420643 -0.031570830388014074547773594 -0.138218719882511490362341118  0.219393100324158904761845390  0.310452606316201975287030757  0.159235466537972942169167773  0.685994341327994171741110063 
 18 -0.000000000217657825288173974 -0.000000000030842933898956181  0.000000000391186532195025224 -0.000000000100403922000906913 -0.000000000048471960765550014 -0.000000000177508254686066222  0.000000000097946609715270088 -0.685994340154573122286113529 -0.019563324330967304272763086 -0.109352132883928451478883475  0.132801591930970375808715618 -0.115531838228465421902237380 -0.225462470504746694083763291  0.229729521622467363698425792 -0.534795236363203964141069952  0.060300227270119728884218216  0.038444116577997920118045820 -0.219826461011766121516654293 -0.176239306340000994108426977 -0.109427268405461293136326107  0.685994341218591206375734121 
 19 -0.000000000425481515776660571 -0.514495755608020327858277004  0.171498584167430042206358744  0.000000000118700806319448468 -0.000000000314534456613637988  0.000000000205137193052600171 -0.000000000180883660297725213  0.000000000103101916859857670  0.654756273019537053908627200  0.236900061760577713772962273  0.326516164865876441628957105 -0.008200030217359479115774132  0.170253584716595398327373262  0.071682078030399290416842337  0.039366074793502995909547744  0.246648626516419159257725684 -0.016288754737458975033759516  0.017743652818529962977337996 -0.119938483932223984655663328 -0.053848430377499071866647566  0.685994341123289900357968413 

 0.685994341370772718125600059 

