
  0 -0.082120021975477830450266051 -0.000000461029740552472830236  0.000000239728231345362937816 -0.000000299987536624924465929  0.000000270973441437004489740  0.203387883703828927848384321  0.000001412392661222112743025  0.707109272541822565024283859 -0.000000093587762679107170488  0.589480749484027314970529393  0.271433056460619251941011540  0.175278890013480763413107090  0.992619955920503159202839677 
  1 -0.000000060446228363342889318  0.034879268209423810736012151 -0.000000032581223342756262926  0.000000037066431723088645874  0.000000056993055133655584880  0.000000429896933840716263068 -0.000000061792556132394554881 -0.000000115138444497058419213  0.957740583188685630088195222 -0.027535494454803201431122568 -0.109531501399521491435778281  0.262223299324556990708970025  0.992620645312982444012639416 
  2  0.000000009316112646102391672  0.000000028961837888581194269 -0.992620412919255923800583574  0.000000082246150854782227652  0.000000034119522236726607451 -0.000000011824376585923537052  0.000000070181944571133143321  0.000000057104235740205226055 -0.000000014776255267827804624  0.057100492966923477734363795 -0.100712726035932061932794135 -0.036072099652417962701715952  0.992620721449691747887474763 
  3  0.000000025775375176622129893 -0.000000080491175168863126767  0.034879362696293922697378907  0.957740597608996050457523530 -0.000000051661378961729976793  0.000000009417793548949698463  0.000000042456512744959461945 -0.000000243775872984400666884 -0.000000112000887391418857746  0.134441625506080650231314870 -0.237125789747555210440813599 -0.084930482850745644199657192  0.992620525884286001921594234 
  4  0.000000137777551230007588045 -0.082122315151695690639262280  0.000000035267347383663689699  0.000000122905343336162189138 -0.000000328599142052535359217 -0.000001257396645578278617544 -0.707105933858734740302121047  0.000002043508543467489455963  0.203387732602002844551399713  0.064831842968279342020695207  0.257888901961903425078459148 -0.617398331921319835555433259  0.992619907067006354995514217 
  5  0.000000322958550216620396295 -0.082122156132035366296541452  0.000000157878293569068840651  0.000000000546970040258002934 -0.000000132516508557336732881 -0.000000780583799323590740161  0.707107628511605607046774935  0.000000544179249419342098069  0.203387328858292711669295515  0.064830442615573692814799449  0.257887506544658542977825968 -0.617397275107529702254435117  0.992619052165304796737921311 
  6 -0.082120553685085569351137860 -0.000000647845718920052517150 -0.000000339023792598575273056  0.000000574880110393317069353  0.000000997259226472401292796  0.203390606447960127479111792 -0.000000086929143119996380451 -0.707104289812240456971140223  0.000000494770927139322459285  0.589482892189971863130659030  0.271439162651412606091453489  0.175278920559909274370729258  0.992618590654204823256218787 
  7 -0.000000067213808873368545175 -0.000000074239718654280695760  0.082122104204273392940812738 -0.203387097258762580123995188 -0.707108291804644430915503112  0.000000376038311292841765037 -0.000000014695050176294058275 -0.000002457902226021177148680 -0.000000142422660279052146235  0.316539376549369338986750222 -0.558304600656212936520429030 -0.199965767831558652564195346  0.992620625779455678411485053 
  8 -0.000000063792573160182403037  0.000000205713014251161443313 -0.082122505531453320126256210  0.203387896296133314835426036 -0.707105270564295376321990727  0.000000435815297577764544258  0.000000210777733242390164857  0.000001731629270166103273873  0.000000086985687650313133722 -0.316539839302760970575229688  0.558307258125466008668712908  0.199967321632770705068385744  0.992618407105458093117600349 
  9  0.992620768278160680306906188  0.000000000000021258990103196 -0.000000000000014660637206389 -0.000000000000012879160588474  0.000000000000004126567044919 -0.000000000000014227447376270  0.000000000000001839690041503  0.000000000000015969530821044 -0.000000000000001078937004164  0.106334020051330188303946676  0.048963039915885690737278914  0.031618148029142267120750924  0.992620768278246744329568196 
 10 -0.000000053200301350783277948  0.992620427693706333096765326  0.000000072075711910905409383  0.000000029211874598157675104  0.000000053505090724268129291 -0.000000003294752798004769478  0.000000029095375293079303272  0.000000085053742171362398910 -0.000000013323657891142187313  0.011695647128356692377046063  0.046520526069638535151054559 -0.111372074675820457297320629  0.992620766454213024202520715 
 11 -0.034878747625695620993864889 -0.000000048495357338665341434 -0.000000013615598736927658860  0.000000080490816733759669264 -0.000000330069471876835800423 -0.957739855059035314569643171  0.000000633511187129573088709 -0.000000952075286684170309377  0.000000082305188136608241065  0.250368992640738670488491022  0.115285826065978904583189842  0.074447221751218529088968759  0.992620743247637619488619315 

 0.992620768278246744329568196 

