
  0  0.125596154896220842654176730 -0.000000000027833330427173725 -0.433242648149683511949771531 -0.295264015361627364664176554  0.340123092815505993974974780  0.192549211402298794831877173  0.133217110509199970658114447 -0.458888734176426154676500802 -0.021890178984661432526879522 -0.229876286939622570047020954  0.524345975224792681652994514  0.558838803073737661389602110 
  1 -0.558838803089521476616646084  0.000000000000033890315320479  0.000000000000628262261456296 -0.148393766472224916493278558 -0.179733819372264513528200322  0.401223500057981073349533396  0.211964227114704075025011093 -0.122781816408518043946135074  0.632329962132625051978926378  0.076513955067166131236082276 -0.081817877393409785320862147  0.558838803090183648973523350 
  2 -0.000000000006156509724409360 -0.558838803069614196798991362  0.000000000012153324414498295 -0.580964406595604089262718100  0.324532001582211510596785373  0.043433391610989167763392420 -0.209626255890326924517580096  0.213805409561737095873348684 -0.023522130037911353433283893  0.357768060878882082122016267 -0.157368594681193044263487271  0.558838803087924032488714721 
  3 -0.125596154874203558065789976  0.000000000008721257851755855 -0.433242648195093223964687035  0.491938856912563293689519273  0.154968331630190574884600903  0.288661880392704484792672920 -0.256752380759514053774244038  0.374798515399329944085141456  0.017161961204323830420796922  0.384061338736344404720061269  0.304939916589530022743596491  0.558838803078018043482208532 
  4  0.558838803089177162250131281  0.000000000000077701222461751  0.000000000000943835812900644 -0.030923743611180562824216353  0.083821637484506470040085662  0.036519128037462961984039624  0.465952461569629448878953476  0.496225153981144740609468199  0.448284979778103015625326591 -0.091574258491042972654553114  0.075411092158108617801491689  0.558838803090198753319248898 
  5 -0.125596154899574704384614815 -0.433242648158552979393252913  0.000000000023268840744455181  0.207004371151969604491517585  0.098450990655040997345706210 -0.172758506482539553556019435 -0.402587022727467204718512436  0.107974214113285438259171988  0.319539345299068111171027912 -0.658577722113287701056778128  0.067622140249445132405162282  0.558838803081396505163629118 
  6 -0.000000000021240088409917352  0.558838803031193895028225921 -0.000000000022166577548289633 -0.175614952691868920432098460  0.416673330934977616019261604  0.354350630656081664926525601 -0.294542272763061828373459469  0.195800369363220969361302944 -0.024934958154301158612069353 -0.292709512024359795172865142 -0.382470914977836757740140700  0.558838803074600597360112320 
  7 -0.000000000007838944948792231  0.000000000005462378837784332  0.558838803077008707475507171 -0.172776248964110067701436223 -0.241410562308215122443561494  0.424641488739683644004991106 -0.155290930793313765545483537  0.222146029643852649818687624 -0.199809846838818958256211479 -0.111770374210493032503027557  0.541633993854002353588155544  0.558838803090310051605374420 
  8 -0.125596154855026363700949352  0.433242648208769591132352023  0.000000000015052371372410150 -0.315855057891743178696136729 -0.020401921019046404614808647 -0.573810015183719209419174745 -0.293054026746492454020762142  0.131198878504101947744305695  0.321361749339939187973752902  0.180471964651802513685181252  0.357981161346941899781444463  0.558838803078848307182881217 
  9 -0.000000000022966509761630109 -0.000000000020410650865727750 -0.558838803041278146821208700 -0.325249428610856999112338137 -0.625232728297328512639171455  0.051580121827955394571272501 -0.059519578967465122340698260  0.287337403009933461110097033 -0.196144271745453848662709209 -0.231303126419560272112804777 -0.101274146862958200966979214  0.558838803084655358799793384 
 10  0.558838803090390930105885864  0.000000000000004823287421855  0.000000000000032774162026314  0.034986151771526737897562848 -0.287626911736231983824762376  0.218517755154705393667944474 -0.497973635739609512201398270 -0.377887110823401405702891623  0.336860984593604432992680620  0.198615729251978583399422876 -0.110887196763621608966508391  0.558838803090428509528966167 

 0.558838803090428509528966167 

