
  0 -0.577350269189889868403676998 -0.000000000000159861322786382  0.186595482384628260933627335  0.732655146986508227168431728 -0.181016229005785578772837717 -0.249596380283674424836910799  0.577350269190049714444160772 
  1  0.000000000000660678344173046 -0.577350269188993313058521489 -0.414798522045951961251990595  0.255671329908608881457347112  0.654276036455639166606376017 -0.034115860806276246236219771  0.577350269189654026350325133 
  2 -0.000000000000047755058060202  0.577350269190055289465941801 -0.513496958991433581805108322  0.332969813889741803568378398  0.081665770000089123969143085  0.534274596833167749528482188  0.577350269190103031387035354 
  3  0.577350269189810769783662014  0.000000000000037989958718534  0.594443860946727966937299520  0.445740645044175240940473315  0.216266020761571239341101991  0.260475427763845730256848238  0.577350269189848795193305969 
  4 -0.000000000000175481899512343 -0.577350269189828693000825915 -0.098698436946532578667868729  0.077298483981626518492518297 -0.572610266454737600299706307  0.568390457639394535511914025  0.577350269190004161744093902 
  5 -0.577350269189176662596330730 -0.000000000000335100173195881  0.407848378562119880824145268 -0.286914501942506942644721055  0.397282249768733940285120321  0.510071808047858564786822266  0.577350269189511746011338883 

 0.577350269190103031387035354 

