
  0  0.000000000000046881278373922 -0.000000000000038351093995701  0.000000000000005337528438560  0.000000313199120838678776103  0.000000000000072863676486827  0.707106548287424216978156594 -0.000000000000022405556558591 -0.000000201329111769846206131  0.000000338638659596961675014 -0.066109837741493514467539579  0.073300312350022373155235614  0.147707986129969182420899020 -0.322853172339941654013289671  0.092709581322770352186082767 -0.390580563667602105750288957  0.004718396696720595561854133 -0.403582203288325410078882932 -0.145329501923385345844809066  0.137968465541033548742958122  0.707107401454502297122664545 
  1  0.000000000000077856685596575 -0.000000000000164785920682432  0.000000000000127263973837934 -0.000000117978878627508937131 -0.000000000000255019903255874  0.000000351741716462326496127  0.000000000000121361488689349 -0.707105751231881902768485609 -0.000001180501313337944689407 -0.053809772655144092148074000  0.075142604457915063704393464  0.378573740926922705746053566 -0.064781758846332804601775117  0.040887316612431475838838977 -0.079932243111832302773364037 -0.375866339016184196575266416  0.195653763998795522676852829 -0.089238539593422028683067284 -0.385181057513180362682258043  0.707107401454536622909235327 
  2 -0.000036890862543327112556933  0.000012357444911192342207522  0.000066563640336073584950708  0.000010400126424153402908738  0.706855461510449561979285704 -0.000023746176851213504744836  0.000009768636014133245239779 -0.000002472533488357938294324  0.000069701328681140293056134  0.460268477647555487359707846 -0.226463537077477251413352988 -0.018782752094941877029143982  0.028212415959666371910750720  0.422713786063677645081677892 -0.130033768524243091850751963 -0.082213314108816441280844656  0.003369491147964772340085696  0.182485769093822073968363430 -0.020165399337206330767813972  0.707087362259699125628751443 
  3 -0.704544004197443527153909421  0.000041051205593039076355153  0.000090173902040329983959848  0.000050798350786560951581117 -0.000125847724654293826570248 -0.000049276977991777659542979 -0.000139402403788185228929758  0.000313157509428199228660120  0.000550694668869947933185281  0.007424112555286798893206793 -0.014734519589905186569662131 -0.254486469837347516827381899  0.232499463833222440442213830  0.010745033128929280295620584 -0.340583475800105784628193234 -0.135618801442585169527354702  0.242274518454084163349756403 -0.417562392335653935661202510  0.130251273999574676855091153  0.705904406940595896904639545 
  4  0.000000000000054670677556495 -0.000000000000127200971760994  0.000000000000005960920814301 -0.000002294074465263624647552  0.000000000000007776270227274  0.000001567428905710425385929 -0.000000000000006223096542326  0.000000955038441663175634259  0.707102584912396826322990295  0.088982658993331742887909503 -0.073149546900163974117890439  0.114955013362336248719606374 -0.381157099860157644246206471  0.126914523239238847149789290  0.294313906144284577904440825  0.032632594273480668700795687  0.260354771579693180827723073 -0.289238928991541517361622826  0.270194655426333447679728209  0.707107401454411327898323669 
  5 -0.000000000000118081624802794  0.000000000000073973385726545  0.000000000000009653000395696  0.000000092023132516646704031 -0.000000000000254517652945780 -0.000000001165503453555692066  0.000000000000041334509983757  0.707107218648217233892497996  0.000000089617083589162609445 -0.053260413390319152321909649  0.075111360456499974073128235  0.379359330503160942102630973 -0.064528574063213633806089346  0.040436835529140093134574082 -0.079498176033357947060540780 -0.375746514179285442572948581  0.195136406061759178041394545 -0.089172583476276830617007763 -0.385062394331535368335959341  0.707107401454434359062972693 
  6  0.000038606933677021991686122 -0.000028733257834533391880963  0.706520148523905340022781968  0.000012159256789004657961345 -0.000397957034984887579113505  0.000002073253703846894109388 -0.000010231010314814272803446 -0.000048742790059449753220039  0.000002464078087326224625884  0.181851305318869904936165613  0.203424489556729466054269331  0.197176441894394240128551843 -0.061194929642397102054906946 -0.171076183011833397889676564 -0.294888543755483037065411034  0.355008668104133129388632825  0.332703422004939828102295860  0.169714876469327494658734419  0.044745426419381420944025411  0.707061116139356207266689069 
  7 -0.700812367207108315874958954 -0.000392901800995248202776386 -0.000149127065064135286746884 -0.000317348561199719562326284  0.000193315735566253306821960  0.000137543971096374600962365 -0.004305257672908950311541440 -0.000273528290928958192217701 -0.000523670134476784338970481 -0.076011820699718632571848572  0.025230591277496755184026164  0.280027978078327970665791641 -0.183757587565612032223729029  0.091951367711864778527067286  0.338021127223442526422286791  0.207991036549535758941342246 -0.226976660013185733963717548  0.388934071235305048634071229 -0.146574845160931549126128066  0.707105060439344690727606069 
  8  0.077270820195539760479475772  0.557590448899064667362748815 -0.033972798219100348800269032 -0.000569467781260882028029436 -0.011711853984327172094947003  0.000086207965604769312304051 -0.019386269044106720659713860 -0.000170780136152464279547662  0.001284478422841040859941565 -0.124891198227099308705673793  0.050631269388238068105355903  0.368220238161076834736270755  0.452758624939105995695597107  0.362603151082864726947657327  0.042792472671788629720915874  0.345709463492837669918063270 -0.044569867441422166822947992 -0.257077115520047742126341986  0.042575948200921106628441494  0.702043124647997766603173264 
  9 -0.000000000000007503092312260  0.000000000000029670001201758 -0.000000000000015799580479441  0.000001230761064032380234038 -0.000000000000007522192053505 -0.000000175457216135214614467  0.000000000000051119910683786 -0.000000014477861720466709326 -0.707105980758281307601773036  0.090271885650776795888771374 -0.073238803776067266208273619  0.116586987197175669216250241 -0.378880139035895040336464692  0.126433707505302627899300243  0.294376171469260884797124536  0.032658794490631414978381404  0.259686789294579593016408167 -0.290952741809657657864407812  0.271192505126066220875503954  0.707107401454534852298667441 
 10 -0.000034663429925743170668651  0.000045167035686814047037810  0.000034711693981365636287713 -0.000039013528828946253422262 -0.706864391815443594922069304  0.000000998736375676192986014 -0.000021827620029903346370023  0.000026203414005569215736365 -0.000025289171888679008146040  0.446273093619751036632966809 -0.226283230920892206592190399 -0.039632694948687526186791247  0.008786203632028069995277503  0.429575074013292841927560278 -0.135797342620344153326468126 -0.083686435859264402289503081  0.013843405000266311091495488  0.193145749171515564184724648 -0.029240364822971011864169498  0.707092266446166279215013867 
 11  0.000000000000013708777570245 -0.000000000000030434028316367 -0.000000000000068955834753489 -0.707104228377399857694354801 -0.000000000000041353021718871 -0.000001379775908126464498508  0.000000000000202965777231995 -0.000001636192357283858893584  0.000000157108403652731734068  0.258952143181408401861930482  0.542056022579825212562645853 -0.195009977787318112814416576 -0.034491130260833268458240146  0.110113647283298485227023920  0.142976524471165199919094752  0.026289835533736852449400966 -0.105827945824864434059848356 -0.154200263856567861044393093 -0.177956185108556381717251176  0.707107401454426315475475240 
 12 -0.000000000000082660128140805 -0.000000000000120768005221633 -0.000000000000107626804582968 -0.000000391216480234892508397 -0.000000000000085136492284254 -0.707106481656498572015319415  0.000000000000073533728675115  0.000000275296793722231682971 -0.000000253284001859316407581 -0.066800312684512843369049901  0.073355069770877457990864226  0.147382390026422439038996347 -0.323151882135180772333011429  0.093361767991326702006722044 -0.390663655328967594228782578  0.005105924728693491347332424 -0.403296232986222864596789761 -0.145131478967581356386397709  0.137611366655659965549819007  0.707107401454244128256605012 
 13 -0.000065884577881756760156242 -0.000020304878232804707671862  0.000026387194142785299174099 -0.000004829394409386029551188 -0.000007703474931143983909489 -0.000032896976824876360480641 -0.706778021058784503905577518  0.000053038183283661838186325 -0.000035367544964487779976096 -0.127856890269889936237002019  0.306104565638314770031468831  0.063613631679147741134676495  0.099794723556475710537832721  0.141165583608050277904851638  0.010726616583023993315184859 -0.312759026993561691534729771  0.081112474995053519175286071  0.277973907370925493341348722  0.417973718967226430591422812  0.707024433283455414089337110 
 14  0.000014903305776125242696489  0.000188642052727381745179925 -0.703842110290797138617314987 -0.000121252668107791405690862  0.002387537678868909439090161  0.000069542820284437581103424 -0.000089501858118410660578349  0.000031241243100120040682644 -0.000261990039831198872755080  0.143290083913253627699016177  0.202878022015293738966167786  0.137438162594059166201091934 -0.115539924646519426724229802 -0.152820729294539465328915499 -0.310252560683321718771427930  0.348044223832922084473908905  0.360672189634761361119383305  0.198621721927370401222876645  0.019737338492906207255378850  0.707006721957611504285334814 
 15 -0.080661228827055163501330657  0.549990310191278556999332910 -0.030640249866229601055639528  0.001746708354369208395207308 -0.011395323475432872311554776 -0.000671361312055122876539296  0.020814610269252307222435754 -0.000510035876843706378534225  0.000929575679820075374505054  0.469464342257270484835493529 -0.042002243447420224068381998  0.133504804232770353696058141 -0.008818846340331931099330094 -0.542764646694498611415209688  0.076749062518460596857413844 -0.291928800295348446827963657 -0.182505948241238624625863360  0.025856660291476477512266499  0.172488602264802492363467840  0.697359403852336586925216022 
 16  0.001658147518661286421479034  0.621774360041605016419588581  0.057814797940839709643260887 -0.001034529767882508609575326  0.020619291077477727634919050  0.000516612104743394411711499 -0.001064354443064329685883332  0.000604096636369097738171216 -0.001974429213072571300930616 -0.303392311115056253773957645 -0.008261278065616995695766170 -0.448136310440013619835458031 -0.398320076001415650902110974  0.154987563747609998916743811 -0.105934304233550011702178883 -0.051743656148894889474395935  0.201151288831189638874616735  0.207875976606962532239439474 -0.190851741549788639893976000  0.707060618743715651557217583 
 17  0.000000000000001478118152695  0.000000000000005216115755571  0.000000000000024176730587020 -0.707106101792355647367785410  0.000000000000000596175766869 -0.000000475847458052418023050  0.000000000000035648359916526 -0.000000029463759526540201522  0.000000794350902862442487897 -0.257235653592632408951865197 -0.542256466831416313306019061  0.195527941796716532820896682  0.034793374750731570432083850 -0.112026659296087035637401724 -0.142790182790053764833970544 -0.027333484383866693169523468  0.105170973952669862425623147  0.153892442554392834379046323  0.178653303516346594870234897  0.707107401454543224887314135 
 18 -0.000023671832359531243934065 -0.000010657709566089305740220 -0.000004170994163276445032002  0.000075379837919678744104929 -0.000007543076561433085821373  0.000009144571471866204448402 -0.706849387992908105517089051 -0.000062677485489782257103698  0.000033597581735725637244950  0.145983763556827181615905067 -0.308862232945570504988059418 -0.070774709687403616686441135 -0.110773047923685977510851065 -0.167860146491543776799430440 -0.011425320191477681493618811  0.293439555650942502051893232 -0.084275226381674954124415943 -0.272764384541746624451103928 -0.412868020660892901370570343  0.707076231082175467638172017 

 0.707107401454543224887314135 

