
  0  0.000000292574056403927632333  0.999455678347627243210578307 -0.000000548861020537724419234  0.000000143576878090870588608 -0.000450114499036885902960167 -0.032987034046947993518950418  0.999906777858619192700991712 
  1 -0.960551146149572129427293699 -0.009132842275050797796184592  0.026428666143887403020831198  0.000016725253879381604893463 -0.003775193083715659597333309 -0.276668321399512289637161525  0.999904572906105396285815490 
  2  0.196660069931626637853737047 -0.022308463835746648225581874  0.064556091819252331735160683 -0.707025377956498454778445917 -0.009221262023035250009516458 -0.675788238723473345286648500  0.999771265566159304458149215 
  3 -0.000000657046604013071714965  0.003135729706538844696819558  0.995474021412970992185587082 -0.000000107398424510399192355  0.001295931507742065747516940  0.094973472360334472754659404  0.999906447072280466859331427 
  4 -0.000000000000331335969892215  0.000000000000410435961379061  0.000000000003832433104006027 -0.000000000002280286258058955  0.999906917330443630476805028 -0.013643924462167305513127355  0.999906917337298169928035824 
  5 -0.196637515557722878363033740  0.022303314802064073684662797 -0.064540756940600281502313541 -0.707188174848607184648507928  0.009219049684079094074726874  0.675626105767738141148152226  0.999888811833073517035264111 

 0.999906917337298169928035824 

