
  0  0.000000000008405395255064858  0.000000000000699036701185506  0.000000000005254977560880169  0.000000000016161890786992577 -0.699849154067961332569784011 -0.328728293226612337888650414 -0.349096149539100886942475516  0.022919874152421009368165426  0.105675117297460896542823580  0.206095963335689908699265363 -0.449974466335998656008055008  0.153738842375709508898890335  0.699849154098482632412742133 
  1 -0.000000000013511569878857855  0.554453916068579543189286107 -0.044344945783869015279752635  0.000000000003218562450865244 -0.101050292227245764585280997 -0.369014903342448929578385741  0.638870700995536716778819275  0.053758552181071195560062162 -0.097810066288910565954792080  0.170296451251645841073372248  0.089425689066194869470132096  0.294314154479785537033139850  0.699849154096424433207056237 
  2  0.000000000008517230242487873  0.554453916132430928034955514 -0.044344945680753222540156902 -0.000000000000265349960042862  0.101050292268212493482280965 -0.132441148365916928940962810 -0.236142714651239363714925121  0.099590018315254777078997933 -0.357595811113455624448810924 -0.302147752188814434914920781 -0.281291801361211389631046542 -0.546706413084244172248971766  0.699849154090179186049093529 
  3 -0.000000000000000952838106654 -0.000000000000000126389978368  0.699849154104595072177150139  0.000000000000000616215879154 -0.000000000000000632182468987  0.332796331970397224871366718  0.182106990216608874565856237  0.461650603613689659832607093 -0.102862911012199051428767007 -0.027822671657606582429730002 -0.352640500486643611332583659  0.132148874834236477486732776  0.699849154104597355777975937 
  4  0.000000000000000033799663865  0.000000000000000059080322263  0.699849154104597576142067494  0.000000000000000139848758665 -0.000000000000000001435207925 -0.389611951986189862360719302 -0.099339486858743554065882212 -0.410497997108981324147552669  0.034453702028551539079969691  0.121774977864553186516572217  0.319722253596405748366860236 -0.248592491492798940179442813  0.699849154104597815804957722 
  5 -0.101050292265309624761327779  0.000000000077561096475098391  0.044344945751138067648158868 -0.554453915894003026697701292 -0.000000000027451003193368985 -0.078198955814289424828269440  0.226386048977912946993259168 -0.231699459059416375055710097  0.464025418085255851493838367 -0.532943450702975416854046548 -0.264571828919474375430183344  0.002509431079284628701504521  0.699849154015462843832131451 
  6 -0.000000000010510238561319939 -0.620613978122977647975885840 -0.079235175763030475583770934 -0.000000000025632329263030383  0.000000000056598169899334927 -0.447998726146847570995547516  0.359795488043527971188393147  0.137000967468387702035488747 -0.406857694144808053039958154 -0.117795397438609339566732790 -0.171412377288699589456943267 -0.225486181654014932238374105  0.699849153978748908934252870 
  7 -0.699849154042535433282307133 -0.000000000012918416367794814 -0.000000000007538136286869028  0.000000000006584127963514469  0.000000000014340885939131400  0.236298360639316754717260613  0.066950174939855947583240616 -0.480927248400399746941242390 -0.364514802451177425210047597  0.135291968252853165406105612 -0.234871511079752809178088253  0.110730833872157636747031104  0.699849154083917015037319409 
  8 -0.101050292231936178149825055  0.000000000027523706864404019 -0.044344945710809194977465499  0.554453916101589650640597828 -0.000000000027980859421901985  0.077897783920677499946700999  0.326768439727116566856151766 -0.074111899646607890450127325  0.503599216978969046803679688  0.170006147688878534316911893 -0.272802505290401097089170168 -0.452912242108908515928616945  0.699849154099839609931375112 
  9 -0.000000000011341727049193925 -0.000000000009214092164965051  0.000000000005914661132838738  0.000000000024049121292979290 -0.699849154049396574277935867  0.362886864266691122783833542  0.222754121626924508155122989 -0.016302329463591324314734226 -0.143185236946079945933750152 -0.274311556056871714350279753  0.396447059000063240950459398 -0.275172687990401795040795035  0.699849154099916228384710426 
 10  0.699849154074564352241618476 -0.000000000003108902051563697 -0.000000000002083057108952540  0.000000000002463811927106088  0.000000000000220111665104599  0.236254874813340938103463015  0.146819418810036963257063640 -0.525082945346444490057700311 -0.224800763222597064361482286  0.082887931846110240199877392 -0.312462279297433953768360626  0.045697768651214151742296840  0.699849154082440266246793042 
 11 -0.000000000008630566056751440 -0.000000000016432476347195750 -0.079235175725143404641475590 -0.620613978306497043511101575 -0.000000000046385474757084552  0.139456170279248942137540097  0.089681205458536675186086498  0.140788062215105486501523675  0.035355065532611262846002936  0.628012212365548602786662069 -0.007353251708409765061236836 -0.406871805984243011840425716  0.699849154103088930774147908 

 0.699849154104597815804957722 

