
  0  0.24999973878017745  0.25000027239434236 -0.24999824493122605  0.25000031315689275 -0.25000156258620021  0.25000188076558705 -0.25000038541483571  0.24999905254234156 -0.25000129325682791  0.24999952890407592 -0.25000018049811762  0.24999897070844546  0.24999872579430144  0.25000103129509732 -0.24999726374111322 -0.25000155578220434  2.50001880765587050e-01
  1 -0.25000104255689642 -0.25000108518511194  0.25000028025396420  0.25000001805497485 -0.25000133578328143  0.24999822895791199 -0.25000013782460206  0.25000157061428985 -0.24999954035803754  0.25000155804740687 -0.25000134677317215 -0.25000036543992527  0.24999531838239153  0.24999849951001615 -0.24999811274161721 -0.25000156003195589  2.50001570614289850e-01
  2  0.25000029433857174  0.25000004503093481 -0.25000081369040078 -0.25000133926464435 -0.25000192590409509 -0.24999536913198692  0.25000056816257821  0.24999915359720593 -0.25000026413256715 -0.25000061547759495 -0.24999959617184617  0.24999823909108546  0.24999979308059941  0.25000179897050340 -0.24999851836755374 -0.25000166610959401  2.50001925904095090e-01
  3 -0.25000048699843525 -0.25000131254828567  0.24999771149469280 -0.25000163436652084 -0.25000169910099218 -0.24999902093971776  0.25000081575289096  0.25000167166919229 -0.24999851123380246 -0.24999858633424063 -0.25000076244693753 -0.25000109705696394  0.24999638566858398  0.24999926718542548 -0.24999936736799591 -0.25000167035932203  2.50001699100992180e-01
  4  0.24999980378846043  0.25000119349951327 -0.24999911293331367  0.25000190400154965  0.25000105715981435  0.24999968967400094 -0.25000027991827245 -0.24999967966364342  0.24999742688574464  0.25000003171486379 -0.25000082406506702  0.24999911002575478  0.24999996864367469 -0.24999889688323146 -0.24999995758426932 -0.25000106412766038  2.50001904001549650e-01
  5 -0.25000097754868617 -0.25000016407978548  0.24999941225184985  0.25000160889973333  0.25000128396296251  0.24999603786621144 -0.25000003232799278 -0.24999716159148702  0.24999917978454392  0.25000206085841831 -0.25000199033993198 -0.25000022612233419  0.24999656123157005 -0.25000142866832131 -0.25000080658470886 -0.25000106837731684  2.50002060858418310e-01
  6  0.25000035934703552  0.25000096613614620 -0.25000168169239367 -0.24999974841975800  0.25000069384182266 -0.24999756022363123  0.25000067365928291 -0.24999957860863942  0.24999845600997897 -0.25000011266677352 -0.25000023973876589  0.24999837840860159  0.25000103592987016 -0.24999812920787501 -0.25000121221065191 -0.25000117445502340  2.50001681692393670e-01
  7 -0.25000042199012984 -0.25000039144315539  0.24999684349267381 -0.25000004352160476  0.25000092064509399 -0.25000121203152481  0.25000092124928669 -0.24999706053683271  0.25000020890883529 -0.24999808352348182 -0.25000140601371224 -0.25000095773960773  0.24999762851783272 -0.25000066099299595 -0.25000206121121732 -0.25000117870487287  2.50002061211217320e-01

