
  0 -0.45605177572914718  0.25105416771050970  0.45604483208889424 -0.25105187627549619  0.45604200892298546  0.45604839073078873  0.45605145223049598 -0.25106736380953687 -0.45604908859916593 -0.25106111272898257  4.56051775729147180e-01
  1 -0.45604999370975480  0.25105001394046084  0.45604805536903792 -0.25105576647733346 -0.25105788544794083  0.45605237488908112  0.45605087619094392  0.45604630459442913 -0.45604679333206311 -0.25105841223311481  4.56052374889081120e-01
  2 -0.45605091610525572  0.25105676681543748  0.25106320218039879 -0.25105077276328275  0.25105602194272653  0.45604808614972331 -0.45604902978111445 -0.45604838360132405 -0.45604948714447852 -0.45604591584610354  4.56050916105255720e-01
  3 -0.45604913408530967  0.25105261304551274  0.25106642546029745 -0.25105466296530426 -0.45604387242889860  0.45605207030806860 -0.45604960582052440  0.25106528480257528 -0.45604719187684395 -0.45604321535003228  4.56052070308068600e-01
  4  0.25106354573439726  0.25106237794019981  0.45604629377772443  0.45604636496015910  0.45604353776149326  0.45604631802292972  0.45605005345758087 -0.25106372687932055 -0.45604954465468789 -0.25105474407629491  4.56050053457580870e-01
  5  0.25106532775405072  0.25105822416998647  0.45604951705787483  0.45604247475828430 -0.25105635661030401  0.45605030218127729  0.45604947741834251  0.45604994152474176 -0.45604724938713309 -0.25105204357984773  4.56050302181277290e-01
  6  0.25106440535880786  0.25106497704477249  0.25106466386949494  0.45604746847189853  0.25105755078065006  0.45604601344212986 -0.45605042855399097 -0.45604474667094314 -0.45604994319924747 -0.45603954719287404  4.56050428553990970e-01
  7  0.25106618737846426  0.25106082327477086  0.25106788714947531  0.45604357827034470 -0.45604234359095525  0.45604999760045056 -0.45605100459376557  0.25106892173344447 -0.45604764793174085 -0.45603684669698558  4.56051004593765570e-01
  8 -0.45605210534198282  0.25105512864150947 -0.25106844872645140 -0.25105645364845292  0.45604388077138514  0.45604422235255809  0.45605095467898371 -0.25106496915270493 -0.45605144667744346  0.45603916925248011  4.56052105341982820e-01
  9 -0.45605032332220768  0.25105097487216993 -0.25106522544632087 -0.25106034385063453 -0.25105601360018170  0.45604820651103634  0.45605037863908676  0.45604869925140390 -0.45604915141003760  0.45604186974807309  4.56050378639086760e-01
 10 -0.45605124571752942  0.25105772774683777 -0.45605007863492281 -0.25105535013674951  0.25105789379076948  0.45604391777200826 -0.45604952733300519 -0.45604598894428028 -0.45605184522250769  0.25105436613508553  4.56051845222507690e-01
 11 -0.45604946369779181  0.25105357397669170 -0.45604685535431677 -0.25105924033872623 -0.45604200058051342  0.45604790193023581 -0.45605010337243651  0.25106767945975217 -0.45604954995458286  0.25105706663140531  4.56050103372436510e-01
 12  0.25106321612183963  0.25106333887151716 -0.25106698703712088  0.45604178758663283  0.45604540960904261  0.45604214964472833  0.45604955590555785 -0.25106133222227339 -0.45605190273238383  0.45604553790544866  4.56051902732383830e-01
 13  0.25106499814146410  0.25105918510150360 -0.25106376375724698  0.45603789738471739 -0.25105448476205677  0.45604613380316500  0.45604897986634690  0.45605233618201613 -0.45604960746536677  0.45604823840149095  4.56052336182016130e-01
 14  0.25106407574624967  0.25106593797621762 -0.45604861694565701  0.45604289109874574  0.25105942262838310  0.45604184506419071 -0.45605092610592551 -0.45604235201413029 -0.45605230127728935  0.25106073478892510  4.56052301277289350e-01
 15  0.25106585776556400  0.25106178420594394 -0.45604539366536562  0.45603900089693328 -0.45604047174307266  0.45604582922231840 -0.45605150214521489  0.25107131639059271 -0.45605000600953283  0.25106343528467423  4.56051502145214890e-01
 16 -0.45604838028347494 -0.45604761444893865  0.45604643889877527 -0.25104913424190317  0.45603846119913344 -0.25106338993415034  0.45605130474127392 -0.25107108101244602 -0.45604885362405490 -0.25106271336042812  4.56051304741273920e-01
 17 -0.45604659826351190 -0.45605176821893345  0.45604966217914428 -0.25105302444408140 -0.25106143317191471 -0.25105940577605523  0.45605072870192970  0.45604258739191678 -0.45604655835709484 -0.25106001286469071  4.56051768218933450e-01
 18 -0.45604752065904552 -0.45604501534404729  0.25106480899065964 -0.25104803073000009  0.25105247421830218 -0.25106369451503902 -0.45604917727007821 -0.45605210080453656 -0.45604925216912640 -0.45604751647713132  4.56052100804536560e-01
 19 -0.45604573863953113 -0.45604916911388776  0.25106803227091995 -0.25105192093214956 -0.45604742015293964 -0.25105971035654429 -0.45604975330962388  0.25106156760005677 -0.45604695690160535 -0.45604481598150282  4.56049753309623880e-01
 20  0.25106694118021045 -0.45603940421936379  0.45604790058784372  0.45604910699321299  0.45603999003709472 -0.25106546264170498  0.45604990596862721 -0.25106744408206855 -0.45604930967934237 -0.25105634470714683  4.56049905968627210e-01
 21  0.25106872319949541 -0.45604355798956564  0.45605112386844648  0.45604521679140070 -0.25105990433412850 -0.25106147848332294  0.45604932992898978  0.45604622432180986 -0.45604701441207168 -0.25105364421118392  4.56051123868446480e-01
 22  0.25106780080422325 -0.45603680511479711  0.25106627067961607  0.45605021050499278  0.25105400305635783 -0.25106576722310853 -0.45605057604303240 -0.45604846387390136 -0.45604970822412561 -0.45604114782379784  4.56050576043032400e-01
 23  0.25106958282397812 -0.45604095888404128  0.25106949395975825  0.45604632030324549 -0.45604589131511153 -0.25106178306424981 -0.45605115208243840  0.25106520453010533 -0.45604741295632634 -0.45603844732789184  4.56051152082438400e-01
 24 -0.45604870989598484 -0.45604665351765100 -0.25106684191614942 -0.25105371161513329  0.45604033304744029 -0.25106755831201777  0.45605080718970276 -0.25106868635554036 -0.45605121170250545  0.45603756862125100  4.56051211702505450e-01
 25 -0.45604692787654372 -0.45605080728726438 -0.25106361863586973 -0.25105760181710823 -0.25105956132386037 -0.25106357415373054  0.45605023115027299  0.45604498204845068 -0.45604891643465817  0.45604026911716333  4.56050807287264380e-01
 26 -0.45604785027201800 -0.45604405441296841 -0.45604847182442121 -0.25105260810358571  0.25105434606595034 -0.25106786289292859 -0.45604967482203695 -0.45604970614698692 -0.45605161024713697  0.25105276550422623  4.56051610247136970e-01
 27 -0.45604606825218030 -0.45604820818229502 -0.45604524854430545 -0.25105649830540200 -0.45604554830476107 -0.25106387873462910 -0.45605025086138645  0.25106396225699945 -0.45604931497974871  0.25105546600018774  4.56050250861386450e-01
 28  0.25106661156736287 -0.45603844328798149 -0.25106538022712654  0.45604452962032782  0.45604186188506823 -0.25106963102003255  0.45604940841676789 -0.25106504942518626 -0.45605166775756423  0.45604393727468795  4.56051667757564230e-01
 29  0.25106839358710775 -0.45604259705803130 -0.25106215694682427  0.45604063941826989 -0.25105803248637559 -0.25106564686157706  0.45604883237763316  0.45604861897898291 -0.45604937248974869  0.45604663777062376  4.56049372489748690e-01
 30  0.25106747119171929 -0.45603584418331572 -0.45604701013542964  0.45604563313168134  0.25105587490424724 -0.25106993560048474 -0.45605107359509389 -0.45604606921684049 -0.45605206630231560  0.25105913415773612  4.56052066302315600e-01
 31  0.25106925321138801 -0.45603999795302336 -0.45604378685525737  0.45604174292971744 -0.45604401946722817 -0.25106595144259464 -0.45605164963424594  0.25106759918725657 -0.45604977103520122  0.25106183465396847  4.56051649634245940e-01

