
  0 -0.28867405643867033  0.28867543709005594 -0.28867521382058614 -0.28867269980278742  0.28867703481661161  0.28867684488240808 -0.28867507038091955 -0.28867662497222524 -0.28867655921567570  0.28867476909110157 -0.28867390017701322 -0.28867340511194384  2.88677034816611610e-01
  1 -0.28867623206038057  0.28867684064760213 -0.28867641220171963 -0.28867316945449423  0.28867670637511150  0.28867561995121677 -0.28867507008010468  0.28867345660973631  0.28867403325284824 -0.28867536476762828 -0.28867373565587978 -0.28867497475168452  2.88676840647602130e-01
  2 -0.28867302282982998  0.28867533070813312  0.28867392847952211 -0.28867522711019850  0.28867586410431489 -0.28867408165392960 -0.28867504928658211 -0.28867617919140398 -0.28867625848633544  0.28867570667766979  0.28867683889567469 -0.28867412839286327  2.88676838895674690e-01
  3 -0.28867519845124562  0.28867673426524831  0.28867273009832661 -0.28867569676159632  0.28867553566281307 -0.28867530658490226 -0.28867504898552981  0.28867390239038071  0.28867433398230619 -0.28867442718100667  0.28867700341669311 -0.28867569803277132  2.88677003416693110e-01
  4  0.28867529767656624 -0.28867648882838082 -0.28867479534230522 -0.28867210284692246  0.28867566964705543  0.28867673249572645 -0.28867675399760667 -0.28867367121012161 -0.28867407638706549  0.28867505686398576 -0.28867484775442237  0.28867612275236032  2.88676753997606670e-01
  5  0.28867312205503842 -0.28867508527100594 -0.28867599372355113 -0.28867257249849382  0.28867534120543897  0.28867550756458127 -0.28867675369715201  0.28867641037183184  0.28867651608126776 -0.28867507699448269 -0.28867468323355200  0.28867455311261103  2.88676753697152010e-01
  6  0.28867633128551273 -0.28867659521079325  0.28867434695773436 -0.28867463015421052  0.28867449893472680 -0.28867419404060740 -0.28867673290329487 -0.28867322542944474 -0.28867377565765606  0.28867599445046610  0.28867589131807986  0.28867539947127918  2.88676732903294870e-01
  7  0.28867415566402932 -0.28867519165332373  0.28867314857665866 -0.28867509980577211  0.28867417049325672 -0.28867541897202526 -0.28867673260250482  0.28867685615255673  0.28867681681068325 -0.28867413940827791  0.28867605583909406  0.28867382983138395  2.88676856152556730e-01

