
  0 -0.28653911605953203 -0.28654386542614846 -0.22587967299868125  0.22587759356050768  0.28654470664337506  0.20071907835164829  0.28654566363923023  0.28653488486901896 -0.28654306869294804 -0.28653798442351769  0.28654258187508719  0.28654519660121697  0.28654556598264130 -0.28654509743410389 -0.28652700830433880 -0.28654588587069713  0.20072490289112102  2.86545885870697130e-01
  1 -0.28652664498582631 -0.28654366976141399  0.28651095148105959  0.22587900041881689  0.28654443668585095 -0.28654093386430823  0.28654481221245842 -0.22587893727416208 -0.28654404666020050  0.20076644131849553  0.28654219301719241  0.28654501726379411  0.28654099587162812 -0.28654330890649654 -0.28652757765490805 -0.28654396178216268  0.20073684198709296  2.86545017263794110e-01
  2 -0.20078051751770384  0.28654297036441673 -0.22587648796543724  0.22585586035486976  0.28654438961364231  0.20074020340975732  0.28654386031530099  0.28652747663542244  0.28654180868453544 -0.28653675170629955  0.28654542836707297  0.28654482609786858 -0.28654120813430300 -0.28654603432690673 -0.28651801707784458 -0.28654548867379032  0.28652824405820204  2.86546034326906730e-01
  3 -0.20076804644367194  0.28654316602895530  0.28651413651465113  0.22585726721288035  0.28654411965594545 -0.28651980880622541  0.28654300888863143 -0.22588634550808412  0.28654083071778169  0.20076767403576795  0.28654503950948257  0.28654464676058394 -0.28654577824560262 -0.28654424579946625 -0.28651858642818273 -0.28654356458531971  0.28654018315381397  2.86545778245602620e-01
  4 -0.28654288066937972 -0.28654256449686732 -0.22586717859014027  0.22587821271413103  0.28654570273615720  0.28650015662943551  0.28654457069626998  0.28653517168252784 -0.28654336089278021 -0.20078033174826526 -0.28654324298177625 -0.28654486864401851  0.28654517152320857  0.28654097475036566 -0.28653742683886035 -0.28654459616733829  0.20071973750846811  2.86545702736157200e-01
  5 -0.28653040959523302 -0.28654236883247952  0.28652344588978113  0.22587961957210845  0.28654543277865130 -0.20075985558664686  0.28654371926958178 -0.22587865046069699 -0.28654433886011188  0.28652409399358364 -0.28654363183923898 -0.28654504798128000  0.28654060141204513  0.28654276327797290 -0.28653799618950071 -0.28654267207870676  0.20073167660416164  2.86545432778651300e-01
  6 -0.20078428212711938  0.28654427129352450 -0.22586399355659217  0.22585647950809057  0.28654538570641186  0.28652128168741164  0.28654276737252837  0.28652776344927428  0.28654151648479992 -0.20077909903087654 -0.28654039648989643 -0.28654523914749291 -0.28654160259378642  0.28654003785758059 -0.28652843561216595 -0.28654419897043215  0.28652307867516624  2.86545385706411860e-01
  7 -0.20077181105325234  0.28654446695779512  0.28652663092331943  0.22585788636619386  0.28654511574893543 -0.20073873052870572  0.28654191594575856 -0.22588605869443731  0.28654053851760142  0.28652532671091657 -0.28654078534725008 -0.28654541848493614 -0.28654617270483296  0.28654182638513565 -0.28652900496260780 -0.28654227488173128  0.28653501777118623  2.86546172704832960e-01
  8 -0.28653062545464725 -0.28654224523505079 -0.28652624458311959  0.28654166874075793 -0.28654329949861201  0.20071605369472723 -0.28654076354186225  0.22589135726981577 -0.28654436723465132 -0.28654438062938409  0.28654227363085449  0.28654610546931819  0.28654583466952716 -0.28654208433667105 -0.22589652759513323  0.28654246224252572  0.20070527644850772  2.86546105469318190e-01
  9 -0.28651815438094036 -0.28654204957064100  0.22586437989679398  0.28654307559896852 -0.28654356945605569 -0.28654395852127523 -0.28654161496856012 -0.28652246487373190 -0.28654534520199321  0.20076004511252979  0.28654188477324471  0.28654592613190827  0.28654126455825346 -0.28654029580910867 -0.22589709694566099  0.28654438633090096  0.20071721554418576  2.86545926131908270e-01
 10 -0.20077202691270418  0.28654459055546705 -0.28652305954971841  0.28651993553504423 -0.28654361652827726  0.20073717875276123 -0.28654256686581869  0.22588394903602024  0.28654051014295734 -0.28654314791203617  0.28654512012297167  0.28654573496592434 -0.28654093944779463 -0.28654302122939757 -0.22588753636851780  0.28654285943919022  0.28650861761509999  2.86545734965924340e-01
 11 -0.20075955583899058  0.28654478621988189  0.22586756493016366  0.28652134239297622 -0.28654388648581058 -0.28652283346329016 -0.28654341829253160 -0.28652987310755390  0.28653953217590356  0.20076127782993572  0.28654473126532171  0.28654555562866618 -0.28654550955867319 -0.28654123270192799 -0.22588810571909437  0.28654478352781454  0.28652055671097676  2.86545555628666180e-01
 12 -0.28653439006459319 -0.28654094430599192 -0.28651375017433195  0.28654228789417491 -0.28654230340588893  0.28649713197276255 -0.28654185648472819  0.22589164408329521 -0.28654465943461593 -0.20078672795396799 -0.28654355122573866 -0.28654395977628561  0.28654544020972067  0.28654398784792279 -0.22590694612951123  0.28654375194580278  0.20070011106554370  2.86545440209720670e-01
 13 -0.28652191899060081 -0.28654074864145407  0.22587687430528389  0.28654369475224784 -0.28654257336301681 -0.20076288024346486 -0.28654270791146413 -0.28652217806005892 -0.28654563740179956  0.28651769778797948 -0.28654394008340145 -0.28654413911358090  0.28654087009869089  0.28654577637528239 -0.22590751548015037  0.28654567603445980  0.20071205016128565  2.86545776375282390e-01
 14 -0.20077579152216396  0.28654589148473281 -0.28651056514107359  0.28652055468849968 -0.28654262043538470  0.28651825703071043 -0.28654365980855162  0.22588423584987966  0.28654021794327433 -0.20078549523670575 -0.28654070473374704 -0.28654433027969367 -0.28654133390703707  0.28654305095515853 -0.22589795490311562  0.28654414914264942  0.28650345223231949  2.86545891484732810e-01
 15 -0.20076332044862605  0.28654608714873847  0.22588005933888433  0.28652196154631765 -0.28654289039281167 -0.20074175518549564 -0.28654451123542862 -0.28652958629372588  0.28653923997613978  0.28651893050538851 -0.28654109359120805 -0.28654450961666172 -0.28654590401826807  0.28654483948255116 -0.22589852425370902  0.28654607323121728  0.28651539132817433  2.86546087148738470e-01

