
  0  0.28846845083360989  0.28845780466403659  0.28837779057063606  0.28846731658136027 -0.23334387584362704  0.27508768269350903 -0.28846818500332111  0.28846189118207366 -0.28846903705244864  0.28846306750762096 -0.28846603758750133 -0.28846856141425486 -0.28846864784621862 -0.19535084417306858 -0.28846888066724963 -0.28846776392229539  2.88469037052448640e-01
  1  0.28846802184502995 -0.28845745360482922  0.28831090287513556  0.28846590780177667 -0.25067754349102228  0.24554574793445352 -0.28846836155175409 -0.28846818498383681 -0.28846768461416983  0.28846410369479109 -0.28846534042305744 -0.28846185960130033 -0.28846603168595258 -0.21259592661278567 -0.28846887305280677  0.28846368177321247  2.88468873052806770e-01
  2  0.28846425742363585  0.28845699549901649  0.28837408517992974 -0.28688617039402992 -0.16871346064641377  0.27505395476254074 -0.28846722786086243  0.28846538285593520 -0.28846857625061761 -0.28412572612030113 -0.28846588511828841  0.28837586804564291 -0.28846858477201620 -0.26003354097538450 -0.28846912518395890 -0.28846552526623986  2.88469125183958900e-01
  3  0.28846382843498763 -0.28845826276951836  0.28830719748399097 -0.28688757917352747 -0.18604712829372724  0.24551202000323621 -0.28846740440933061 -0.28846469330975161 -0.28846722381194850 -0.28412468993297002 -0.28846518795419385  0.28838256985836919 -0.28846596861155377 -0.27727862341498621 -0.28846911756942845  0.28846592042918834  2.88469117569428450e-01
  4  0.28846916698516611  0.28846067082680393  0.28837520877937267  0.28689067320771561 -0.25994593641260921  0.27512375163165576 -0.28846793917228641  0.28846349805401711 -0.28846750310494973  0.28412047066015605  0.28846604617748406 -0.28838388567694373  0.28846602552017969 -0.16871042528429442  0.28846874142530249 -0.28846770039823194  2.88469166985166110e-01
  5  0.28846873799660494 -0.28845458744181390  0.28830832108390558  0.28688926442824897 -0.27727960406006730  0.24558181687244343 -0.28846811572062742 -0.28846657811171228 -0.28846615066662035  0.28412150684740378  0.28846674334213662 -0.28837718386406080  0.28846864168067460 -0.18595550772397632  0.28846874903965214  0.28846374529711516  2.88468749039652140e-01
  6  0.28846497357535195  0.28845986166197535  0.28837150338880996 -0.28846281376738020 -0.19531552121531817  0.27509002370036234 -0.28846698202993010  0.28846698972782725 -0.28846704230326303 -0.28846832296764890  0.28846619864664508  0.28846054378292385  0.28846608859457573 -0.23339312208694121  0.28846849690853582 -0.28846546174230864  2.88468496908535820e-01
  7  0.28846454458672344 -0.28845539660686226  0.28830461569294480 -0.28846422254707188 -0.21264918886264508  0.24554808894137736 -0.28846715857813598 -0.28846308643774921 -0.28846568986471405 -0.28846728678019878  0.28846689581098761  0.28846724559568454  0.28846870475477793 -0.25063820452647584  0.28846850452291201  0.28846598395314266  2.88468704754777930e-01
  8 -0.28846381793863229  0.28845134450348253  0.25655007474831260  0.28846712317392398 -0.24453055022614550  0.28843295765550214  0.28846726412269813  0.28846149580229152  0.28846586512919298  0.28846627909684930 -0.28846899061603493 -0.28846850815038699 -0.28846822159044733 -0.20650979633847311 -0.28846890695401822 -0.28846621741357870  2.88468990616034930e-01
  9 -0.28846424692718087 -0.28846391376523972  0.25648318705254269  0.28846571439439705 -0.26186421787337194  0.25889102289641186  0.28846708757441958 -0.28846858036374895  0.28846721756761518  0.28846731528398700 -0.28846829345161057 -0.28846180633771085 -0.28846560543025990 -0.22375487877811490 -0.28846889933961301  0.28846522828177973  2.88468899339613010e-01
 10 -0.28846801134855338  0.28845053533855530  0.25654636935745601 -0.28688636380133620 -0.17990013502856533  0.28839922972449461  0.28846822126508920  0.28846498747579785  0.28846632593125876 -0.28412251453110926 -0.28846883814717572  0.28837592130916750 -0.28846815851603491 -0.27119249314060107 -0.28846915147074575 -0.28846397875739738  2.88469151470745750e-01
 11 -0.28846844033734698 -0.28846472293021175  0.25647948166155565 -0.28688777258094256 -0.19723380267630231  0.25885729496525206  0.28846804471681370 -0.28846508868998172  0.28846767836932719 -0.28412147834377433 -0.28846814098252599  0.28838262312196733 -0.28846554235604632 -0.28843757558029115 -0.28846914385657219  0.28846746693799857  2.88469143856572190e-01
 12 -0.28846310178693801  0.28845421066639959  0.25654749295711504  0.28689047980037707 -0.27113261079478956  0.28846902659370482  0.28846750995363191  0.28846310267399117  0.28846739907655461  0.28412368224955137  0.28846309314893009 -0.28838383241337190  0.28846645177588914 -0.17986937744959242  0.28846871513818273 -0.28846615388947838  2.88469026593704820e-01
 13 -0.28846353077564163 -0.28846104760261487  0.25648060526136285  0.28688907102085714 -0.28846627844257539  0.25892709183424273  0.28846733340566805 -0.28846697349205530  0.28846875151490181  0.28412471843684767  0.28846379031358144 -0.28837713060052367  0.28846906793612254 -0.19711445988947410  0.28846872275254326  0.28846529180592606  2.88469067936122540e-01
 14 -0.28846729519703646  0.28845340150133891  0.25654378756653751 -0.28846300717493611 -0.20650219559781119  0.28843529866249490  0.28846846709640850  0.28846659434784749  0.28846785987852969 -0.28846511137826247  0.28846324561801034  0.28846059704623750  0.28846651485007963 -0.24455207425198286  0.28846847062138126 -0.28846391523351056  2.88468470621381260e-01
 15 -0.28846772418572225 -0.28846185676721059  0.25647689987078398 -0.28846441595442568 -0.22383586324529428  0.25889336390309914  0.28846829054809109 -0.28846348181809589  0.28846921231700035 -0.28846407519112599  0.28846394278234333  0.28846729885899630  0.28846913101035965 -0.26179715669170794  0.28846847823593036  0.28846753046196277  2.88469212317000350e-01

