
  0 -0.28867598260888899  0.28867706159896778 -0.28867507839357648  0.28867663756263462  0.28867374937062606  0.28867540592681484  0.28867376636392927  0.28867549404475079 -0.28867804126622387  0.28867538283983607 -0.28867697866694081  0.28867594777183259  0.28867435968980065 -0.28867615869532398 -0.28866697484705972  2.88678041266223870e-01
  1 -0.28867565494169617  0.28867651993584054 -0.28867420777638575  0.28867647139918234  0.28867336935391474  0.28867504149520756 -0.28867663904876362  0.28867586929961730 -0.28867709652478613 -0.28867301857787003 -0.28867510185489348  0.28867605420357084 -0.28867764138468016 -0.28867486600395259 -0.28866946790538939  2.88677641384680160e-01
  2 -0.28867656475547365  0.28867618250806465 -0.28867769126394160  0.28867483265439964  0.28867730198794533 -0.28867681899552644  0.28867249322892891  0.28867229011564377 -0.28867583949654946  0.28867747736517513 -0.28867781548900001 -0.28867464853825192  0.28867508899933314  0.28867182793779278 -0.28867014632834892  2.88677815489000010e-01
  3 -0.28867623708837298  0.28867564084453146 -0.28867682064688205  0.28867466649134949  0.28867692197095585 -0.28867718342758736 -0.28867791218386574  0.28867266537063241 -0.28867489475475505 -0.28867092405266059 -0.28867593867714875 -0.28867454210668075 -0.28867691207523238  0.28867312062920397 -0.28867263938676130  2.88677912183865740e-01
  4 -0.28867668103930905  0.28867808000571604 -0.28867381444392781 -0.28867193824077081 -0.28867771500292339  0.28867837311044625  0.28867350668208447 -0.28867527366640849 -0.28867581875259080  0.28867583329822311 -0.28867725272543876  0.28867801094104634  0.28867433985393331 -0.28867258453615824 -0.28866779730437103  2.88678373110446250e-01
  5 -0.28867635337186864  0.28867753834205256 -0.28867294382743913 -0.28867210440431790 -0.28867809502018577  0.28867800867865456 -0.28867689873073227 -0.28867489841150296 -0.28867487401083386 -0.28867256811925701 -0.28867537591341419  0.28867811737263949 -0.28867766122047595 -0.28867129184496376 -0.28867029036244113  2.88678117372639490e-01
  6 -0.28867726318562814  0.28867720091453908 -0.28867642731443960 -0.28867374314865812 -0.28867416238576732 -0.28867385181222072  0.28867223354713900 -0.28867847759541421 -0.28867361698277649  0.28867792782362589 -0.28867808954758722 -0.28867258536910850  0.28867506916368391  0.28867540209705822 -0.28867096878562915  2.88678477595414210e-01
  7 -0.28867693551844692  0.28867665925117092 -0.28867555669753575 -0.28867390931215281 -0.28867454240294632 -0.28867421624395706 -0.28867817186566219 -0.28867810234075780 -0.28867267224085102 -0.28867047359409376 -0.28867621273556149 -0.28867247893746861 -0.28867693191084287  0.28867669478812663 -0.28867346184390508  2.88678171865662190e-01
  8 -0.28867658874394808 -0.28867354926971478  0.28867502586729377  0.28867658593249990  0.28867411420079736  0.28867509044176454  0.28867477297690219  0.28867764888216252  0.28867205149833108  0.28867414142370479 -0.28867718494588929  0.28867465712533075  0.28867695151330003 -0.28867823283483862 -0.28867042403804150  2.88678232834838620e-01
  9 -0.28867626107669764 -0.28867409093324797  0.28867589648460784  0.28867641976902159  0.28867373418389736  0.28867472600993777 -0.28867563243607652  0.28867802413725407  0.28867299623997733 -0.28867425999391511 -0.28867530813390069  0.28867476355694643 -0.28867504956136220 -0.28867694014359768 -0.28867291709652582  2.88678024137254070e-01
 10 -0.28867717089048023 -0.28867442836102530  0.28867241299709917  0.28867478102451938  0.28867766681815443 -0.28867713448088195  0.28867349984225843  0.28867444495339428  0.28867425326808793  0.28867623594872621 -0.28867802176817181 -0.28867593918482037  0.28867768082293743  0.28866975379832377 -0.28867359551948452  2.88678021768171810e-01
 11 -0.28867684322308029 -0.28867497002431658  0.28867328361366940  0.28867461486093143  0.28867728680115501 -0.28867749891267941 -0.28867690557102110  0.28867482020801299  0.28867519800978542 -0.28867216546872687 -0.28867614495622035 -0.28867583275309550 -0.28867432025149553  0.28867104648975106 -0.28867608857798260  2.88677498912679410e-01
 12 -0.28867728717415259 -0.28867253086326000  0.28867628981690086 -0.28867198987088233 -0.28867735017290869  0.28867805762521620  0.28867451329489663 -0.28867311882897473  0.28867427401206003  0.28867459188240419 -0.28867745900431596  0.28867672029454028  0.28867693167758102 -0.28867465867587899 -0.28867124649540077  2.88678057625216200e-01
 13 -0.28867695950703015 -0.28867307252682167  0.28867716043374214 -0.28867215603440743 -0.28867773018987575  0.28867769319335579 -0.28867589211811240 -0.28867274357388567  0.28867521875385194 -0.28867380953536259 -0.28867558219234485  0.28867682672633171 -0.28867506939696697 -0.28867336598448606 -0.28867373955377412  2.88677730189875750e-01
 14 -0.28867786932074369 -0.28867340995442392  0.28867367694672968 -0.28867379477880933 -0.28867379755570610 -0.28867416729741324  0.28867324016013757 -0.28867632275785987  0.28867647578164174  0.28867668640742916 -0.28867829582656207 -0.28867387601550437  0.28867766098730657  0.28867332795738310 -0.28867441797677817  2.88678295826562070e-01
 15 -0.28867754165320775 -0.28867395161780846  0.28867454756335886 -0.28867396094222864 -0.28867417757240144 -0.28867453172939483 -0.28867716525272324 -0.28867594750322317  0.28867742052345913 -0.28867171501028627 -0.28867641901450880 -0.28867376958386182 -0.28867434008749432  0.28867462064873600 -0.28867691103508519  2.88677541653207750e-01

