
  0 -0.35355315178676250 -0.35355379144884486  0.35355115106409135  0.35355173725949190  0.35355181995869517 -0.35355445704521760  0.35355433202158865  0.35355320980080790 -0.35355048422485763  0.35355533717287407 -0.35355476397310365 -0.35355645261458241  3.53556452614582410e-01
  1  0.35355461160358242 -0.35355665021859534  0.35355073750306881  0.35355267571545429  0.35355186271613276 -0.35355583269783591 -0.35355146737466425  0.35355348576273160 -0.35354961421546366  0.35355533725307975 -0.35355573417021258 -0.35355267911162735  3.53556650218595340e-01
  2 -0.35355269783223137 -0.35355228032588315 -0.35355111486760638  0.35355269374355897  0.35355264475821047 -0.35355556306024027  0.35355519944914016  0.35355194323105149 -0.35355069797955491 -0.35355595966682762 -0.35355318150665549 -0.35355671193910310  3.53556711939103100e-01
  3  0.35355506555808325 -0.35355513909535047 -0.35355152842885634  0.35355363219975156  0.35355268751584840 -0.35355693871302407 -0.35355059994703936  0.35355221919310237 -0.35354982796987000 -0.35355595958628749 -0.35355415170461563 -0.35355293843613300  3.53556938713024070e-01
  4 -0.35355481739613220  0.35355320656402228  0.35355065312188255  0.35355292546667461  0.35355612764003136 -0.35355250064829058  0.35355358113241953  0.35355438552081858 -0.35355290099029696  0.35355708690513959 -0.35355239082362194  0.35355011214878823  3.53557086905139590e-01
  5  0.35355294599418430  0.35355034779424488  0.35355023956058951  0.35355386392241989  0.35355617039743403 -0.35355387630061397 -0.35355221826390049  0.35355466148282150 -0.35355203098063515  0.35355708698562099 -0.35355336102097423  0.35355388565183610  3.53557086985620990e-01
  6 -0.35355436344183239  0.35355471768692420 -0.35355161281002229  0.35355388195079768  0.35355695243944590 -0.35355360666316465  0.35355444855953433  0.35355311895093383 -0.35355311474501039 -0.35355420993399717 -0.35355080835764363  0.35354985282426898  3.53556952439445900e-01
  7  0.35355339994840440  0.35355185891751484 -0.35355202637143113  0.35355482040659286  0.35355699519711720 -0.35355498231598387 -0.35355135083632211  0.35355339491302207 -0.35355224473550367 -0.35355420985385877 -0.35355177855561765  0.35355362632704324  3.53556995197117200e-01
  8 -0.35355268238810922 -0.35355353182550392  0.35355237598635303  0.35355040961351109  0.35355138387175727 -0.35355088863401307  0.35355470122181437  0.35355425062705831  0.35355644031244682  0.35355548095999823  0.35355187428371970 -0.35355666862531643  3.53556668625316430e-01
  9  0.35355508100186717 -0.35355639059515392  0.35355196242520420  0.35355134806923283  0.35355142662944150 -0.35355226428669051 -0.35355109817430513  0.35355452658898806  0.35355731032246601  0.35355548104059398  0.35355090408617201 -0.35355289512233684  3.53557310322466010e-01
 10 -0.35355222843437772 -0.35355202070238129 -0.35354988994563191  0.35355136609779175  0.35355220867150278 -0.35355199464927684  0.35355556864928778  0.35355298405741598  0.35355622655810648 -0.35355581587932872  0.35355345674953881 -0.35355692794992272  3.53556927949922720e-01
 11  0.35355553495630543 -0.35355487947220793 -0.35355030350703243  0.35355230455387110  0.35355225142929747 -0.35355337030205874 -0.35355023074674347  0.35355326001914217  0.35355709656765821 -0.35355581579898232  0.35355248655205695 -0.35355315444711372  3.53557096567658210e-01
 12 -0.35355434799805863  0.35355346618719191  0.35355187804384874  0.35355159782046475  0.35355569155307198 -0.35354893223698414  0.35355395033253839  0.35355542634723125  0.35355402354766347  0.35355723069246064  0.35355424743277086  0.35354989613819954  3.53557230692460640e-01
 13  0.35355341539240409  0.35355060741775546  0.35355146448251340  0.35355253627671740  0.35355573431048154 -0.35355030788973951 -0.35355184906378262  0.35355570230888528  0.35355489355714481  0.35355723077323870  0.35355327723533242  0.35355366964121421  3.53557230773238700e-01
 14 -0.35355389404354653  0.35355497731047891 -0.35355038788804349  0.35355255430498583  0.35355651635265362 -0.35355003825253278  0.35355481776040515  0.35355415977742249  0.35355380979239426 -0.35355406614672591  0.35355582989907153  0.35354963681361790  3.53556516352653620e-01
 15  0.35355386934670135  0.35355211854096996 -0.35355080144936135  0.35355349276094622  0.35355655911034684 -0.35355141390478056 -0.35355098163576837  0.35355443573930145  0.35355467980202782 -0.35355406606633044  0.35355485970123057  0.35355341031651166  3.53556559110346840e-01
 16 -0.35355204845940741 -0.35355196403026162  0.35354914403512844  0.35355353400334022 -0.35355669127430511  0.35355059450599047  0.35355401693750949  0.35355210028637851 -0.35355413841919514  0.35355541338337554 -0.35355511426053127 -0.35355592874564901  3.53556691274305110e-01
 17  0.35355571493080723 -0.35355482279989309  0.35354873047380447  0.35355447245920829 -0.35355664851698704  0.35354921885309787 -0.35355178245874025  0.35355237624825259 -0.35355326840989476  0.35355541346412378 -0.35355608445799491 -0.35355215524291422  3.53556648516987040e-01
 18 -0.35355159450508006 -0.35355045290736192 -0.35355312189676807  0.35355449048745435 -0.35355586647443593  0.35354948849050971  0.35355488436513960  0.35355083371686052 -0.35355435217397030 -0.35355588345576694 -0.35355353179433058 -0.35355618807048722  3.53556188070487220e-01
 19  0.35355616888528107 -0.35355331167711529 -0.35355353545823687  0.35355542894349357 -0.35355582371690031  0.35354811283771198 -0.35355091503095637  0.35355110967835401 -0.35355348216496341 -0.35355588337550575 -0.35355450199215288 -0.35355241456717601  3.53556168885281070e-01
 20 -0.35355371406896086  0.35355503398238092  0.35354864609258563  0.35355472221049500 -0.35355238359336250  0.35355255090279181  0.35355326604820086  0.35355327600670555 -0.35355655518483575  0.35355716311654956 -0.35355274111124135  0.35355063601768361  3.53557163116549560e-01
 21  0.35355404932133377  0.35355217521271043  0.35354823253117024  0.35355566066668348 -0.35355234083586884  0.35355117525002039 -0.35355253334795528  0.35355355196854737 -0.35355568517542119  0.35355716319653857 -0.35355371130862190  0.35355440952030898  3.53557163196538570e-01
 22 -0.35355326011477656  0.35355654510557727 -0.35355361983930800  0.35355567869491722 -0.35355155879395900  0.35355144488760309  0.35355413347589393  0.35355200943692605 -0.35355676893972299 -0.35355413372317868 -0.35355115864526721  0.35355037669318112  3.53556768939722990e-01
 23  0.35355450327588112  0.35355368633555417 -0.35355403340067931  0.35355661715069253 -0.35355151603609597  0.35355006923456522 -0.35355166592044285  0.35355228539867439 -0.35355589893014389 -0.35355413364275956 -0.35355212884269765  0.35355415019597913  3.53556617150692530e-01
 24 -0.35355157906147305 -0.35355170440701539  0.35355036895715269  0.35355220635758139 -0.35355712736119033  0.35355416291681446  0.35355438613793866  0.35355314111282621  0.35355278611867608  0.35355555717104648  0.35355152399651490 -0.35355614475653757  3.53557127361190330e-01
 25  0.35355618432904318 -0.35355456317677864  0.35354995539596351  0.35355314481323269 -0.35355708460336283  0.35355278726397937 -0.35355141325841699  0.35355341707468491  0.35355365612767664  0.35355555725149318  0.35355055379885880 -0.35355237125355893  3.53557084603362830e-01
 26 -0.35355112510688996 -0.35355019328411391 -0.35355189697503825  0.35355316284171484 -0.35355630256131876  0.35355305690179328  0.35355525356555106  0.35355187454311371  0.35355257236329130 -0.35355573966865095  0.35355310646225308 -0.35355640408122085  3.53556404081220850e-01
 27  0.35355663828344791 -0.35355305205373799 -0.35355231053598185  0.35355410129769127 -0.35355625980389638  0.35355168124912950 -0.35355054583082529  0.35355215050520650  0.35355344237303588 -0.35355573958794323  0.35355213626447662 -0.35355263057824210  3.53556638283447910e-01
 28 -0.35355324467049520  0.35355529360583382  0.35354987101455720  0.35355339456450408 -0.35355281968019936  0.35355611931398739  0.35355363524850564  0.35355431683269056  0.35355036935258644  0.35355730690347242  0.35355389714549679  0.35355042000697501  3.53557306903472420e-01
 29  0.35355451871943588  0.35355243483598053  0.35354945745330568  0.35355433302057576 -0.35355277692252873  0.35355474366128664 -0.35355216414746526  0.35355459279493123  0.35355123936233829  0.35355730698414645  0.35355292694752377  0.35355419350990153  3.53557306984146450e-01
 30 -0.35355279071646123  0.35355680472865592 -0.35355239491744411  0.35355435104889471 -0.35355199488031730  0.35355501329878070  0.35355450267627725  0.35355305026319250  0.35355015559783426 -0.35355398993611248  0.35355547961137279  0.35355016068226797  3.53556804728655920e-01
 31  0.35355497267394032  0.35355394595889428 -0.35355280847884163  0.35355528950492793 -0.35355195212245960  0.35355363764608744 -0.35355129672014429  0.35355332622483654  0.35355102560745000 -0.35355398985518649  0.35355450941365285  0.35355393418524172  3.53555289504927930e-01

