
  0  0.27703308459556142 -0.27703805017985861  0.27703743833435690  0.27703605475498422  0.27703535157988879  0.27703554991221774 -0.27703786998898955 -0.16230200082279983 -0.16228772637537328 -0.16228494731917303  0.27703848180700263 -0.27703338094407587 -0.27703892406084668 -0.27702594290067262  0.27703646894003242  2.77038924060846680e-01
  1  0.27703316236910952 -0.27703858764162209  0.27703547225598418  0.27703815283283389  0.27703575880787285  0.27702976226260784 -0.27703775383802764  0.27703598902526699 -0.16229292373363818 -0.16228757028198559  0.27703851573740190  0.27703906769829778  0.16227915639582552  0.27703675821312174  0.27703641875477070  2.77039067698297780e-01
  2  0.27703747945527224 -0.27703766115701939  0.27702877589828567 -0.27703830154716791 -0.27703595606390102 -0.16228384437648419 -0.27703905432140580 -0.16230390914261439 -0.16228794661261411  0.27703846851958758  0.27703838283376248 -0.27703339444685060 -0.27703228784768225 -0.27702968204568051  0.27703655293369878  2.77039054321405800e-01
  3  0.27703755722886209 -0.27703819861873769  0.27702680982002847 -0.27703620346905788 -0.27703554883612402 -0.16228963202591085 -0.27703893817048564  0.27703408070526059 -0.16229314397075492  0.27703584555668437  0.27703841676436419  0.27703905419507957  0.16228579260935092  0.27703301906788452  0.27703650274877456  2.77039054195079570e-01
  4  0.27703286643777497  0.27703747550821550  0.27703642496100744  0.27703574831254046  0.27703369349317269  0.16228733579925425  0.27703903092494020 -0.27703618962996407 -0.27703158493523850 -0.27703597781671968 -0.27703883095564036 -0.27703793850646868 -0.16229057938520949 -0.27703086006504746  0.16229671968776962  2.77039030924940200e-01
  5  0.27703294421105812  0.27703693804651908  0.27703445888254485  0.27703784639045914  0.27703410072104917  0.16228154814967466  0.27703914707612692  0.16230180021827631 -0.27703678229342615 -0.27703860077974851 -0.27703879702526857  0.27703451013604358  0.27702750107148588  0.27703184104842365  0.16229666950243371  2.77039147076126920e-01
  6  0.27703726129744616  0.27703786453115559  0.27702776252482580 -0.27703860798954105 -0.27703761415067407 -0.27703205848954959  0.27703784659237835 -0.27703809794989764 -0.27703180517239734  0.16228743802187870 -0.27703892992896950 -0.27703795200947623 -0.16228394317192940 -0.27703459921035706  0.16229680368162072  2.77038929928969500e-01
  7  0.27703733907098327  0.27703732706947015  0.27702579644660319 -0.27703650991152345 -0.27703720692275874 -0.27703784613929339  0.27703796274341835  0.16229989189826680 -0.27703700253057267  0.16228481505925241 -0.27703889599851489  0.27703449663292068  0.27703413728462095  0.27702810190344140  0.16229675349662165  2.77038895998514890e-01

