  1   2      1        1.4142135623730943    1.4142135623730949     2.657801
  1   3      2        1.7320508075688763    1.7320508075688770     5.400212
  1   4      3        1.9999999999999871    1.9999999999999996    10.364286
  1   5      4        2.2360679774997791    2.2360679774997894    20.169775
  1   6      5        2.4494897427831739    2.4494897427831774    31.922063
  1   7      6        2.6457513110645836    2.6457513110645898    52.507820
  1   8      7        2.8284271247461796    2.8284271247461890    79.004124
  1   9      8        2.9999999999999911    2.9999999999999982   115.999854
  1  10      9        2.2360679778643355    3.1622776601683777   167.885772
  1  11     10        3.0000000017460127    3.3166247903553980   237.005796
  1  12     11        3.4641016151377406    3.4641016151377526   333.921232
  1  13     12        2.4494897430133822    3.6055512754639865   470.672649
  1  14     13        3.7416573867739000    3.7416573867739382   631.427443
  1  15     14        2.2360679776198360    3.8729833462074130   873.391549
  1  16     15        1.0000000000090767    3.9999999999999956  1073.054489
  1  17     16        2.4494897452538575    4.1231056256176561  1523.104716
  1  18     17        1.7320508076281094    4.2426406871192803  1880.454609
  1  19     18        1.7320508075861489    4.3588989435406678  2471.400596
  1  20     19        4.1231056806999371    4.4721359549995725  3014.109536
