  3   4      6        0.8284271247461898    1.0074347568842787    68.662930
  3   5      9        0.9999999999999971    1.0963763171773124   174.506231
  3   6     12        0.9999999999999867    1.4142135623730943   232.745253
  3   7     15        0.9999999999999394    1.4248776678703070  1553.213092
  3   8     18        0.9999999999999827    1.4839275686054494  1276.134835
  3   9     21        0.9999999999999687    1.7320508075688761  1382.421390
  3  10     24        0.9999999999999636    1.7416573867739251  8426.280640
  3  11     27        0.9999999999998606    1.7894247759733470  4680.270476
  3  12     30        0.9999999999999827    1.9999999999999982  4783.232580
  3  13     33        0.9999999999999853    2.0083252856308080 12516.958896
  3  14     36        0.9999999999999580    2.0498880527646435 14493.962100
  3  15     39        0.9999999999999547    2.2360679774997871 12777.878016
  3  16     42        0.9999999999999856    2.2435174287052093 19546.059107
  3  17     45        0.9999999999999782    2.2807983314767504 26985.700283
  3  18     48        0.9999999999999722    2.4494897427831748 26589.134949
  3  19     51        0.9999999999999780    2.4556621038724291 38095.419222
  3  20     54        0.9999999999999085    2.4903897343321937 47480.040257
