  5   6     15        0.8284271247457135    1.0000934735763352  2653.328499
  5   7     20        0.8965754721680502    1.0121020898801296  2405.429460
  5   8     25        0.9999999999485194    1.0660182716672424  3502.742755
  5   9     30        0.9999999998451032    1.1402620906641932  4560.363243
  5  10     35        0.9999999999813884    1.4142135623730936  6456.775398
  5  11     40        0.9999999999358469    1.4142135623731020 11088.790787
  5  12     45        0.9999999997974922    1.4285177018004371 15223.008023
  5  13     50        0.9999999999383187    1.4611824744875328 20475.482015
  5  14     55        0.9999999988607828    1.4885661922396056 28161.793748
  5  15     60        0.9999999985232628    1.7320508075686243 37953.377655
  5  16     65        0.9999999999638400    1.7320508075688750 45156.189920
  5  17     70        0.9999999991029809    1.7437496449759964 61698.805905
  5  18     75        0.9999999993831845    1.7677669529663356 81429.280143
  5  19     80        0.9999999998695923    1.7328236049919274 105299.408651
  5  20     85        0.9999999998001254    1.7677669529663462 116174.946608
