  2   3      3        0.9999999999999991    1.0606601717798212    15.316694
  2   4      5        0.9999999999999996    1.4142135623730945    26.364726
  2   5      7        0.9999999999999998    1.4577379737113243   136.171111
  2   6      9        0.9999999999999998    1.7320508075688763   122.643531
  2   7     11        0.9999999999999996    1.7677669529663633   533.892267
  2   8     13        0.9999999999999993    1.9999999999999991   379.469525
  2   9     15        0.9999999999999987    2.0310096011589813  1542.742212
  2  10     17        0.9999999999999993    2.2360679774997880   957.562159
  2  11     19        0.9999999999999996    2.2638462845343468  3736.476502
  2  12     21        0.9999999999999993    2.4494897427831761  2064.787685
  2  13     23        0.9999999999999996    2.4748737341529017  6805.187711
  2  14     25        0.9999999999999996    2.6457513110645881  4184.392874
  2  15     27        0.9999999999999984    2.6692695630078083 12335.359322
  2  16     29        0.9999999999999996    2.8284271247461867  6820.176980
  2  17     31        0.9999999999999989    2.8504385627478270 24420.024528
  2  18     33        0.9999999999999993    2.9999999999999960 11946.098999
  2  19     35        0.9999999999999993    3.0207614933986213 35902.972448
  2  20     37        0.9999999999999993    3.1622776601683746 19459.028340
