 0.7071068  0.0000000 -0.2049888  0.0000000  0.0000000  0.0000000  0.0000000  0.0000000  0.0000000  0.0000000  0.0000000  0.0000000 -0.1709579 -0.2547705  0.1571386 -0.0484055 -0.4660025  0.1960226  0.1415623 -0.2473586 
 0.7071068  0.0000000  0.2049888  0.0000000  0.0000000  0.0000000  0.0000000  0.0000000  0.0000000  0.0000000  0.0000000  0.0000000  0.1709579  0.2547705 -0.1571386  0.0484055  0.4660025 -0.1960226 -0.1415623  0.2473586 
 0.0000000  0.7071068 -0.2049888  0.0000000  0.0000000  0.0000000  0.0000000  0.0000000  0.0000000  0.0000000  0.0000000  0.0000000 -0.2326271 -0.4484733  0.0425122 -0.2332648  0.2353257 -0.1664927 -0.1332684  0.2136767 
 0.0000000  0.7071068  0.2049888  0.0000000  0.0000000  0.0000000  0.0000000  0.0000000  0.0000000  0.0000000  0.0000000  0.0000000  0.2326271  0.4484733 -0.0425122  0.2332648 -0.2353257  0.1664927  0.1332684 -0.2136767 
 0.0000000  0.0000000  0.9120956  0.0000000  0.0000000  0.0000000  0.0000000  0.0000000  0.0000000  0.0000000  0.0000000  0.0000000 -0.1814073 -0.3161009  0.0897410 -0.1266079 -0.1036868  0.0132734  0.0037280 -0.0151397 
 0.0000000  0.0000000  0.0000000  0.7071068  0.0000000 -0.2049888  0.0000000  0.0000000  0.0000000  0.0000000  0.0000000  0.0000000  0.2066115 -0.2325503  0.2928199  0.3633017  0.1511263 -0.1418118  0.3170399 -0.0040025 
 0.0000000  0.0000000  0.0000000  0.7071068  0.0000000  0.2049888  0.0000000  0.0000000  0.0000000  0.0000000  0.0000000  0.0000000 -0.2066116  0.2325503 -0.2928199 -0.3633017 -0.1511263  0.1418118 -0.3170399  0.0040025 
 0.0000000  0.0000000  0.0000000  0.0000000  0.7071068 -0.2049888  0.0000000  0.0000000  0.0000000  0.0000000  0.0000000  0.0000000  0.2734298 -0.1283044  0.0654180 -0.0898191  0.1359759  0.0819205 -0.3957567 -0.4154311 
 0.0000000  0.0000000  0.0000000  0.0000000  0.7071068  0.2049888  0.0000000  0.0000000  0.0000000  0.0000000  0.0000000  0.0000000 -0.2734298  0.1283044 -0.0654180  0.0898191 -0.1359759 -0.0819205  0.3957567  0.4154311 
 0.0000000  0.0000000  0.0000000  0.0000000  0.0000000  0.9120956  0.0000000  0.0000000  0.0000000  0.0000000  0.0000000  0.0000000  0.2157736 -0.1622005  0.1610243  0.1229276  0.1290495 -0.0269205 -0.0353824 -0.1885311 
 0.0000000  0.0000000  0.0000000  0.0000000  0.0000000  0.0000000  0.7071068  0.0000000 -0.2049888  0.0000000  0.0000000  0.0000000  0.1881748 -0.0554252 -0.1132707  0.0161316 -0.3533241 -0.5115021 -0.1371007  0.0337419 
 0.0000000  0.0000000  0.0000000  0.0000000  0.0000000  0.0000000  0.7071068  0.0000000  0.2049888  0.0000000  0.0000000  0.0000000 -0.1881748  0.0554252  0.1132707 -0.0161316  0.3533241  0.5115021  0.1371007 -0.0337419 
 0.0000000  0.0000000  0.0000000  0.0000000  0.0000000  0.0000000  0.0000000  0.7071068 -0.2049888  0.0000000  0.0000000  0.0000000  0.2227405 -0.2898964 -0.4473978  0.1144905 -0.0120209  0.2979316  0.0649098  0.1339120 
 0.0000000  0.0000000  0.0000000  0.0000000  0.0000000  0.0000000  0.0000000  0.7071068  0.2049888  0.0000000  0.0000000  0.0000000 -0.2227405  0.2898964  0.4473978 -0.1144905  0.0120209 -0.2979316 -0.0649098 -0.1339120 
 0.0000000  0.0000000  0.0000000  0.0000000  0.0000000  0.0000000  0.0000000  0.0000000  0.9120956  0.0000000  0.0000000  0.0000000  0.1847022 -0.1552185 -0.2520147  0.0587133 -0.1642188 -0.0959977 -0.0324491  0.0753587 
 0.0000000  0.0000000  0.0000000  0.0000000  0.0000000  0.0000000  0.0000000  0.0000000  0.0000000  0.7071068  0.0000000 -0.2049888 -0.3338577 -0.0296179 -0.0806624  0.4972951 -0.0067852 -0.0045034 -0.2989131 -0.0491648 
 0.0000000  0.0000000  0.0000000  0.0000000  0.0000000  0.0000000  0.0000000  0.0000000  0.0000000  0.7071068  0.0000000  0.2049888  0.3338577  0.0296179  0.0806624 -0.4972951  0.0067852  0.0045034  0.2989131  0.0491648 
 0.0000000  0.0000000  0.0000000  0.0000000  0.0000000  0.0000000  0.0000000  0.0000000  0.0000000  0.0000000  0.7071068 -0.2049888 -0.1494465 -0.0104765 -0.3152664 -0.0935990  0.1761335 -0.2159787  0.3025597 -0.3977056 
 0.0000000  0.0000000  0.0000000  0.0000000  0.0000000  0.0000000  0.0000000  0.0000000  0.0000000  0.0000000  0.7071068  0.2049888  0.1494465  0.0104765  0.3152664  0.0935990 -0.1761335  0.2159787 -0.3025597  0.3977056 
 0.0000000  0.0000000  0.0000000  0.0000000  0.0000000  0.0000000  0.0000000  0.0000000  0.0000000  0.0000000  0.0000000  0.9120956 -0.2172403 -0.0180220 -0.1779660  0.1814572  0.0761203 -0.0991045  0.0016391 -0.2008636 
