 0.7071067 -0.2033894  0.0821239  0.0000000  0.0000000  0.0000000  0.0000000  0.0000000  0.0000000  0.0586938  0.3505087  0.5706025 
 0.7071068  0.2033894 -0.0821239  0.0000000  0.0000000  0.0000000  0.0000000  0.0000000  0.0000000 -0.0586938 -0.3505086 -0.5706024 
 0.0000000  0.9577398  0.0348803  0.0000000  0.0000000  0.0000000  0.0000000  0.0000000  0.0000000  0.0249289  0.1488708  0.2423508 
 0.0000000  0.0000000  0.9926201  0.0000000  0.0000000  0.0000000  0.0000000  0.0000000  0.0000000 -0.0105880 -0.0632296 -0.1029331 
 0.0000000  0.0000000  0.0000000  0.7071068 -0.2033894  0.0821239  0.0000000  0.0000000  0.0000000  0.5489494 -0.3532371  0.1605193 
 0.0000000  0.0000000  0.0000000  0.7071068  0.2033894 -0.0821239  0.0000000  0.0000000  0.0000000 -0.5489495  0.3532372 -0.1605194 
 0.0000000  0.0000000  0.0000000  0.0000000  0.9577398  0.0348803  0.0000000  0.0000000  0.0000000  0.2331541 -0.1500297  0.0681770 
 0.0000000  0.0000000  0.0000000  0.0000000  0.0000000  0.9926201  0.0000000  0.0000000  0.0000000 -0.0990270  0.0637218 -0.0289567 
 0.0000000  0.0000000  0.0000000  0.0000000  0.0000000  0.0000000  0.7071068 -0.2033894  0.0821239  0.3835335  0.4519465 -0.3170723 
 0.0000000  0.0000000  0.0000000  0.0000000  0.0000000  0.0000000  0.7071068  0.2033894 -0.0821239 -0.3835335 -0.4519465  0.3170723 
 0.0000000  0.0000000  0.0000000  0.0000000  0.0000000  0.0000000  0.0000000  0.9577398  0.0348803  0.1628974  0.1919543 -0.1346694 
 0.0000000  0.0000000  0.0000000  0.0000000  0.0000000  0.0000000  0.0000000  0.0000000  0.9926201 -0.0691871 -0.0815283  0.0571979 
