 0.5833524 -0.0539153 -0.0512220  0.0000104  0.0000062  0.0000034 -0.0000015 -0.0000095  0.0000028  0.0165010  0.0225936  0.0969190  0.1549708  0.0445548 -0.0858579 -0.0351040 -0.2029173 -0.1447549  0.6638152  0.0798974 -0.1893645 -0.2533523  0.0133595 
 0.5833771  0.0538990 -0.0512104 -0.0000131 -0.0000035  0.0000058 -0.0000076  0.0000098  0.0165204  0.0000120 -0.1568462 -0.1149269  0.0563391 -0.1478590  0.2473630 -0.1064801  0.0327573 -0.0397635 -0.4339179  0.3776946 -0.1915201  0.3543926  0.1504416 
 0.5651293  0.0000186  0.1057384 -0.0000083 -0.0000024 -0.0000080  0.0000190 -0.0000063 -0.0000094 -0.0340896  0.1385683  0.0186199 -0.2181046  0.1066430 -0.1667392  0.1461773  0.1756541  0.1904766 -0.2373047 -0.4723412  0.3931839 -0.1043357 -0.1690894 
-0.0000022  0.7050496 -0.0000013 -0.0000002  0.0000009  0.0000007 -0.0000006  0.0000022 -0.0000017 -0.0000001 -0.2972175 -0.4194929 -0.0977503  0.2385800 -0.1991783 -0.0505191  0.0174877 -0.0591645 -0.0498842  0.0416818 -0.1582493 -0.2681627 -0.1578183 
-0.0000012  0.7050483 -0.0000013  0.0000001  0.0000018  0.0000012  0.0000010  0.0000000 -0.0000024 -0.0000004  0.3109493  0.4356679  0.1053076 -0.2238717  0.1737163  0.0559802 -0.0355250  0.0511208  0.1338270 -0.0644541  0.1583857  0.2217168  0.1473358 
 0.0000001 -0.0000004  0.7012674  0.0000005  0.0000005  0.0000033 -0.0000003  0.0000002  0.0000025  0.0037838 -0.0565083 -0.1194657 -0.3023805 -0.4504377  0.0504707  0.3051208  0.1499859  0.0633049  0.1716598  0.1230055 -0.1598300 -0.0636561  0.0084845 
-0.0000007 -0.0000020  0.7012826 -0.0000022 -0.0000005 -0.0000012  0.0000011  0.0000000  0.0000047  0.0037652  0.0258085  0.1153498  0.3507227  0.4268007 -0.0135672 -0.3374627 -0.1888933 -0.1055052 -0.1190856 -0.0183476  0.0727331  0.0867629  0.0289578 
 0.0000069  0.0000061  0.0000036  0.5833857 -0.0538841 -0.0512379  0.0000009 -0.0000160 -0.0000106  0.0164999 -0.0589296  0.1565747 -0.2880595 -0.1726681 -0.2740090 -0.2881083 -0.4289630  0.2637835 -0.0279302  0.1053155 -0.0143241  0.1314017 -0.2684361 
 0.0000036  0.0000120  0.0000203  0.5833836  0.0538922 -0.0512214  0.0000041  0.0000174 -0.0000017  0.0165022 -0.1226810  0.0827003 -0.1446954  0.1349017  0.3513132 -0.2046822  0.3779363 -0.0767996  0.0528624 -0.0486364  0.0852249 -0.3113279  0.4116309 
 0.0000001 -0.0000162 -0.0000212  0.5650882 -0.0000113  0.1057800 -0.0000185 -0.0000015  0.0000120 -0.0340712  0.1874896 -0.2470233  0.4467631  0.0389895 -0.0797998  0.5087460  0.0526868 -0.1930380 -0.0257677 -0.0585088 -0.0731877  0.1857585 -0.1478334 
 0.0000002 -0.0000010 -0.0000007  0.0000018  0.7050486  0.0000001 -0.0000035 -0.0000002 -0.0000020 -0.0000006  0.1826141 -0.3159539  0.1784256 -0.2234359 -0.1098649 -0.0852673 -0.2305869  0.2034411 -0.0624031  0.0691121  0.2123258 -0.2027948  0.2814148 
-0.0000002 -0.0000014 -0.0000001  0.0000007  0.7050522  0.0000006 -0.0000002 -0.0000016  0.0000029 -0.0000001 -0.1777372  0.3215929 -0.1893715  0.1999254  0.0620563  0.0788961  0.1689309 -0.1774153  0.0562215 -0.0573346 -0.2199224  0.2366432 -0.3333974 
 0.0000002  0.0000011  0.0000021 -0.0000047  0.0000002  0.6993257 -0.0000021  0.0000006  0.0000006  0.0057219  0.2367558  0.0194668 -0.2327357  0.0433408  0.2302793  0.0037716 -0.1695878 -0.2901012 -0.1009664  0.2821700  0.2153141 -0.2302414 -0.2080561 
-0.0000007  0.0000006  0.0000027  0.0000021  0.0000002  0.7032106  0.0000000 -0.0000032  0.0000024  0.0018378 -0.2768895  0.0352515  0.1327284 -0.0517197 -0.2114136 -0.1161751  0.1570245  0.3311637  0.1060944 -0.2676554 -0.1979214  0.1879143  0.2395636 
-0.0000317  0.0000198 -0.0000251  0.0000018 -0.0000027 -0.0000252  0.5392117 -0.0972771  0.0348666 -0.0335959 -0.2910517  0.4050560  0.2059132  0.0182886 -0.2107685  0.3003095  0.0337211  0.1363916 -0.1898805  0.3288896  0.1218826 -0.3023849  0.0326116 
 0.0000070  0.0000001 -0.0000020  0.0000042 -0.0000111 -0.0000097  0.5393397  0.0972582  0.0348521  0.0335751  0.1922060 -0.2119173 -0.0658309 -0.0927607 -0.2751205 -0.3439101  0.3866259 -0.2297208  0.2201915  0.1333014  0.2250851  0.2913637 -0.0670443 
 0.0000122 -0.0000166  0.0000178  0.0000067  0.0000152  0.0000348  0.6468102 -0.0000040 -0.0581295  0.0000109  0.0823659 -0.1609809 -0.1167459  0.0620982  0.4051191  0.0364271 -0.3505042  0.0778404 -0.0253091 -0.3853104 -0.2893079  0.0091424  0.0287181 
 0.0000007 -0.0000014 -0.0000024  0.0000005  0.0000010  0.0000011  0.0000017  0.6991215  0.0000003 -0.0059265 -0.0243712  0.1337722 -0.1780389 -0.0248373 -0.3022337  0.1331707 -0.1844629 -0.3736077 -0.1692101 -0.1154125 -0.0948200 -0.0096130  0.3559018 
-0.0000013  0.0000005  0.0000000 -0.0000008 -0.0000006 -0.0000003 -0.0000012  0.7016460 -0.0000007 -0.0034070 -0.0427056 -0.0477529  0.2150700  0.0401360  0.3100412 -0.0433846  0.1348614  0.4230243  0.1117652  0.1421076  0.0801746 -0.0727286 -0.3408265 
-0.0000028 -0.0000003 -0.0000024 -0.0000002  0.0000004 -0.0000004  0.0000024 -0.0000002  0.7050508  0.0000001 -0.0401916  0.0791081  0.2204632 -0.3745257  0.0436812 -0.2242625  0.0534205 -0.2060546 -0.1652039 -0.2469546 -0.1392888 -0.2312330 -0.2179298 
 0.0000003  0.0000014  0.0000006  0.0000010  0.0000000 -0.0000007 -0.0000009  0.0000031  0.7050489  0.0000025  0.0518771 -0.1019302 -0.2370347  0.3833256  0.0137350  0.2294069 -0.1031030  0.2170959  0.1616250  0.1923238  0.0982955  0.2325277  0.2219952 
 0.0000000  0.0000000  0.0000000  0.0000000  0.0000000  0.0000000  0.0000000  0.0000000  0.0000000  0.7050603 -0.4367186 -0.0786136  0.0574701 -0.1070267  0.1304019  0.0995079 -0.1779757 -0.1565593  0.1174961 -0.1247919  0.3996448  0.1357306 -0.0248892 
 0.0000000  0.0000000  0.0000000  0.0000000  0.0000000  0.0000000  0.0000000  0.0000000  0.0000000  0.7050603  0.4354074  0.0924657 -0.0274606  0.1225646 -0.1474234 -0.0209742  0.1776621  0.1744395 -0.1563252  0.0939721 -0.3829895 -0.1574211  0.0093339 
