12 35
 0.000000 -0.000000 -0.000000  0.000000  0.000000  0.000000 -0.000000 -0.544914 -0.000000  0.000000 -0.092374 -0.000000  0.212405  0.292811 -0.155796  0.060623 -0.129496  0.255148  0.107490  0.092124  0.200483 -0.133572  0.270434  0.053197  0.019100  0.145683 -0.149285  0.186786  0.114790  0.102365 -0.233867  0.014612 -0.150849  0.054154 -0.341774
-0.000000  0.000000  0.000000 -0.000000 -0.000000  0.000000  0.000000 -0.637289 -0.000000 -0.000000 -0.000000  0.000000 -0.159183 -0.359567  0.018423 -0.093841  0.181204 -0.302056 -0.083622 -0.007608  0.185423  0.043784  0.013055 -0.152750  0.137510 -0.126803  0.030694  0.032897 -0.222516 -0.124906 -0.070203  0.212342  0.257851  0.044575  0.136185
-0.000000 -0.000000  0.000000 -0.000000 -0.000000 -0.000000  0.000000  0.000000  0.000000 -0.000000  0.637289  0.000000 -0.111213 -0.027079 -0.200677 -0.018502 -0.004320  0.011161  0.078447  0.093470 -0.330971  0.154890  0.179147 -0.170999  0.256655  0.128353  0.122813  0.262767  0.303833 -0.084518 -0.081495  0.119550 -0.054290  0.178393  0.092782
-0.000000 -0.000000  0.000000  0.000000  0.000000 -0.000000  0.000000  0.000000  0.000000 -0.637289 -0.000000 -0.000000  0.144054 -0.213780 -0.187060 -0.207387 -0.173396 -0.127650  0.228740 -0.047263  0.048327  0.275461 -0.056637 -0.035488 -0.074434  0.236252  0.057626 -0.311146  0.045241 -0.045735 -0.169080  0.052499 -0.117479 -0.209416 -0.105753
-0.000000  0.544914  0.000000 -0.000000 -0.000000  0.000000 -0.000000  0.000000 -0.000000 -0.000000 -0.092374  0.000000 -0.057237  0.281353  0.059846 -0.184996  0.122738 -0.073430 -0.006917  0.048305 -0.090879  0.058938  0.125824  0.151847  0.208501 -0.010118 -0.115343  0.112083 -0.089797 -0.361157 -0.201193 -0.110739 -0.135312 -0.407970  0.235383
 0.000000  0.000000 -0.000000  0.000000  0.000000 -0.637289  0.000000 -0.000000 -0.000000 -0.000000  0.000000 -0.000000 -0.184472  0.170702  0.157865  0.041205  0.105029  0.180086  0.184341 -0.053578 -0.009917  0.239395 -0.076984  0.110676  0.224490  0.209515 -0.277428 -0.215017 -0.031654 -0.010224  0.061940  0.161460  0.278893  0.120716 -0.085555
-0.000000 -0.000000  0.000000 -0.000000 -0.000000  0.000000 -0.544914 -0.000000 -0.000000  0.000000 -0.092374  0.000000 -0.029490  0.014797 -0.312953  0.068121 -0.077584 -0.158909 -0.241451  0.142337 -0.236517  0.030745  0.093810  0.219255  0.148782 -0.090919  0.039343 -0.011229  0.047955  0.107011  0.228505  0.160917  0.242881 -0.301923 -0.305275
 0.000000 -0.000000 -0.000000 -0.000000  0.000000 -0.000000 -0.000000 -0.000000 -0.544914  0.000000  0.092374 -0.000000  0.343119 -0.041421  0.047679  0.125591  0.096483  0.251883  0.052573 -0.155193  0.175782  0.092849  0.102344  0.231383 -0.045992 -0.193896  0.161256 -0.011319  0.124418 -0.143369  0.151335  0.416089 -0.008216 -0.129901  0.197624
-0.544914 -0.000000  0.000000 -0.000000 -0.000000 -0.000000  0.000000  0.000000 -0.000000  0.000000 -0.092374 -0.000000  0.179104  0.045575 -0.087575  0.337660  0.000169 -0.105768 -0.098503  0.291728  0.103567  0.038019 -0.163855 -0.043254 -0.034977  0.481796  0.026498  0.131196  0.000868  0.034551  0.026488  0.019090  0.133738 -0.065735  0.340702
-0.000000  0.000000  0.000000 -0.544914 -0.000000 -0.000000  0.000000 -0.000000 -0.000000  0.000000 -0.092374  0.000000 -0.143267  0.311037 -0.236016 -0.232656  0.189134 -0.202123 -0.092252  0.015799  0.053286  0.010698  0.137519  0.225496 -0.191223  0.100579  0.206128 -0.184188  0.008190  0.045235  0.030249  0.160940 -0.116501  0.350957  0.143404
-0.000000 -0.000000 -0.000000  0.000000  0.000000  0.000000  0.637289 -0.000000 -0.000000 -0.000000 -0.000000  0.000000 -0.075064 -0.039194 -0.325620  0.333895  0.022461 -0.160741 -0.068346 -0.158957 -0.037796 -0.207809  0.029578  0.195413  0.283141  0.042668  0.093140 -0.160853 -0.004357 -0.161729  0.151773 -0.045984  0.002227 -0.111003 -0.221436
-0.000000 -0.000000 -0.000000  0.000000  0.637289  0.000000 -0.000000  0.000000 -0.000000 -0.000000  0.000000  0.000000  0.501127  0.094312  0.074084 -0.091776  0.177093 -0.124792 -0.048261  0.194186 -0.148229 -0.033951 -0.100329 -0.142974  0.263856 -0.097529 -0.020130 -0.194485 -0.068574 -0.063935  0.042002 -0.020518 -0.050699  0.196597 -0.098826
-0.000000 -0.000000 -0.637289  0.000000 -0.000000  0.000000 -0.000000 -0.000000  0.000000  0.000000 -0.000000 -0.000000  0.086774  0.275493 -0.087250 -0.206953  0.013460 -0.007133 -0.033800 -0.381803  0.092958 -0.079005 -0.008361 -0.387699  0.025073  0.125735  0.100257  0.076679  0.051083  0.011226  0.206690 -0.016277  0.217890 -0.148381 -0.000686
-0.000000  0.000000 -0.000000 -0.544914  0.000000 -0.000000 -0.000000 -0.000000  0.000000 -0.000000  0.092374  0.000000  0.164687 -0.123092  0.448060  0.122266 -0.235992 -0.210007 -0.105673 -0.200284  0.042171  0.243104  0.059109  0.096414  0.111556  0.125964 -0.005441  0.298102 -0.053751 -0.052193  0.095950 -0.129113 -0.032553 -0.041718 -0.245594
 0.000000  0.000000 -0.000000 -0.000000  0.000000 -0.000000 -0.000000 -0.000000  0.000000  0.000000 -0.000000 -0.637289  0.195394 -0.181300 -0.201400 -0.060161  0.105919  0.239604 -0.162005 -0.239415 -0.199882  0.104827  0.166745  0.153990 -0.012851  0.106993 -0.045593  0.036978 -0.284046  0.110400 -0.130906 -0.226469  0.156388  0.097203  0.117137
 0.544914  0.000000  0.000000 -0.000000  0.000000 -0.000000  0.000000 -0.000000 -0.000000 -0.000000 -0.092374 -0.000000  0.059075  0.148823 -0.031852  0.169065 -0.225450 -0.009029  0.160587  0.064701 -0.167104 -0.082526 -0.278417  0.000004  0.067380  0.204365  0.280595  0.198870 -0.410052  0.068735 -0.109883  0.279286  0.011542 -0.000791  0.136022
-0.000000 -0.000000 -0.000000 -0.000000 -0.000000 -0.000000 -0.000000 -0.000000 -0.544914 -0.000000 -0.092374  0.000000 -0.170413  0.028032 -0.014401  0.001682 -0.207058  0.017169  0.063503  0.276464 -0.133399  0.016030  0.260799 -0.254011 -0.184174  0.102147  0.049947 -0.078581 -0.241883 -0.353714  0.144233 -0.262698  0.141281  0.146378 -0.149775
-0.000000  0.000000  0.000000  0.000000  0.544914  0.000000  0.000000 -0.000000 -0.000000 -0.000000 -0.092374  0.000000 -0.271634 -0.156574 -0.075847 -0.162060 -0.522865  0.139297 -0.149640 -0.146670  0.095379 -0.162239 -0.003220  0.173991  0.011884  0.107839 -0.170786  0.085805  0.163508 -0.110489  0.047947  0.104501  0.035831  0.047229  0.240507
-0.000000  0.000000 -0.000000  0.000000  0.000000  0.000000 -0.000000  0.000000 -0.637289 -0.000000  0.000000 -0.000000 -0.147673  0.011448 -0.028455 -0.108824  0.094547 -0.230054 -0.099251 -0.103693 -0.036240 -0.093097 -0.310506  0.019348  0.196803  0.078450 -0.180590  0.076868  0.100439  0.425031 -0.252725 -0.131158 -0.113777 -0.014089 -0.040913
-0.000000  0.000000 -0.000000 -0.637289  0.000000 -0.000000  0.000000  0.000000  0.000000  0.000000  0.000000  0.000000 -0.018316 -0.160702 -0.181308  0.094389  0.040066  0.352392  0.169236  0.157744 -0.081621 -0.217014 -0.168126 -0.275249  0.068119 -0.193706 -0.171597 -0.097402  0.038957  0.005950 -0.107906 -0.027214  0.127449 -0.264416  0.087377
-0.000000 -0.000000  0.000000 -0.000000  0.000000  0.000000  0.000000 -0.000000 -0.000000  0.000000 -0.092374 -0.544914  0.005408  0.131048  0.031902  0.159049 -0.061325 -0.421285  0.334426 -0.032635 -0.116810 -0.105208 -0.081177 -0.080132 -0.234649 -0.155409 -0.286906  0.100502  0.264589 -0.165825  0.037002  0.216408  0.011723  0.035554 -0.020245
 0.000000  0.000000  0.000000  0.000000 -0.000000  0.000000  0.000000  0.000000  0.000000  0.000000  0.092374 -0.544914 -0.233925  0.080986  0.203640 -0.088689 -0.062550  0.141063 -0.144958  0.312637  0.350575 -0.017389 -0.113835 -0.099963  0.249679  0.030279  0.340228 -0.143749  0.067608  0.036710  0.116095  0.048453 -0.194622 -0.149235 -0.116749
-0.000000 -0.000000  0.000000  0.000000 -0.544914  0.000000  0.000000  0.000000 -0.000000 -0.000000 -0.092374  0.000000  0.314444 -0.046274  0.010796 -0.269394 -0.315751 -0.006649 -0.206082  0.080435 -0.077978 -0.201945 -0.120557  0.006780  0.320468 -0.006223 -0.194328 -0.141650  0.083309 -0.185262  0.097069  0.080505 -0.023463  0.277153  0.124928
 0.000000 -0.000000 -0.000000 -0.000000 -0.000000  0.000000 -0.544914  0.000000  0.000000  0.000000  0.092374 -0.000000 -0.058299 -0.060635 -0.067865  0.322376  0.103853 -0.029081  0.161519 -0.328241  0.192314 -0.273782 -0.059219  0.009285  0.182357  0.140820  0.069587 -0.176891 -0.053050 -0.296156 -0.051003 -0.214697 -0.240276  0.172103  0.046301
 0.000000 -0.544914 -0.000000 -0.000000  0.000000  0.000000  0.000000  0.000000  0.000000 -0.000000 -0.092374 -0.000000 -0.074135  0.090243 -0.040510 -0.080674  0.224169  0.129349 -0.328375 -0.036970 -0.120043  0.115358 -0.262213 -0.010430 -0.103755  0.088400 -0.091589  0.172248 -0.000660 -0.473325 -0.189421  0.116036 -0.172601 -0.130892 -0.151797
-0.000000  0.637289 -0.000000  0.000000  0.000000  0.000000  0.000000 -0.000000  0.000000  0.000000 -0.000000 -0.000000 -0.014449 -0.163409 -0.085810  0.089201  0.086728  0.173387 -0.274862 -0.072914 -0.024937  0.048242 -0.331791 -0.138755 -0.266995  0.084238  0.020311  0.051444  0.076217 -0.095909  0.010066  0.193904 -0.031884  0.236916 -0.331058
-0.000000 -0.000000 -0.000000 -0.000000 -0.000000  0.544914  0.000000  0.000000  0.000000 -0.000000 -0.092374  0.000000 -0.097080  0.147738 -0.165383 -0.017718  0.016577  0.130586  0.269445  0.013742  0.182273  0.428075 -0.289038  0.152714  0.240380 -0.098071 -0.102525  0.095414  0.013853 -0.080493  0.145747 -0.132659  0.212366  0.207335 -0.039388
-0.000000  0.000000 -0.544914 -0.000000  0.000000 -0.000000  0.000000 -0.000000  0.000000  0.000000 -0.092374  0.000000 -0.087942  0.006906  0.018032  0.396181 -0.205835 -0.015855 -0.207892  0.110117 -0.059564  0.317991  0.090433  0.005320  0.050072 -0.281967 -0.060301 -0.228403 -0.004084  0.042588 -0.340522  0.043075 -0.174565  0.135731  0.110811
-0.000000  0.000000  0.544914  0.000000  0.000000  0.000000 -0.000000  0.000000 -0.000000  0.000000 -0.092374  0.000000  0.013542  0.329100 -0.084009  0.154145 -0.190093 -0.024197 -0.247422 -0.336410  0.049152  0.225592  0.080655 -0.448102  0.079395 -0.134917  0.056952 -0.138725  0.055658  0.055717 -0.098794  0.024039  0.080262 -0.037803  0.110009
 0.000000  0.000000  0.000000 -0.000000 -0.000000 -0.000000  0.000000 -0.000000  0.000000 -0.544914  0.092374  0.000000 -0.118122  0.109436 -0.038221  0.136380  0.113529  0.072729 -0.151983  0.032872  0.030332 -0.062492  0.081775 -0.101818  0.046333 -0.130554 -0.346278  0.223803 -0.306338  0.127125  0.421381  0.081314 -0.288742  0.073486  0.110324
 0.000000  0.000000  0.000000 -0.000000 -0.000000 -0.000000 -0.000000 -0.544914  0.000000 -0.000000  0.092374 -0.000000 -0.026237  0.127711  0.134249  0.049126 -0.082426  0.098112 -0.009692 -0.083227 -0.417339  0.082367 -0.285702  0.125447 -0.179920  0.002616  0.113388 -0.225260  0.145447  0.043716  0.315971 -0.262950 -0.150714 -0.106286  0.182502
 0.000000 -0.000000  0.000000 -0.000000 -0.000000 -0.000000 -0.000000  0.000000 -0.000000 -0.544914 -0.092374 -0.000000 -0.050352  0.140585  0.256991  0.106164  0.089262  0.076560 -0.115533  0.022403 -0.086851 -0.259665 -0.015537  0.143323  0.040718 -0.145747  0.278883  0.140090  0.253428 -0.073637 -0.223638 -0.142713  0.426136  0.171430  0.013356
-0.000000  0.000000 -0.000000 -0.000000  0.000000  0.000000 -0.000000  0.000000 -0.000000  0.000000  0.637289  0.000000  0.089452  0.261942 -0.075353 -0.014513 -0.188833 -0.108837 -0.151871  0.066453  0.246180 -0.099849 -0.199152  0.179483 -0.249157 -0.129932 -0.172606 -0.143560 -0.247852 -0.079574 -0.152815 -0.074613  0.246172 -0.072796 -0.044495
-0.000000 -0.000000  0.000000 -0.000000 -0.000000 -0.544914 -0.000000  0.000000  0.000000  0.000000 -0.092374 -0.000000  0.118663 -0.051902 -0.350009 -0.065909 -0.106256 -0.080028  0.053855  0.076402  0.193870  0.148097 -0.199003  0.023276 -0.022166 -0.343103  0.221933  0.346881  0.050873 -0.068535  0.073306 -0.321490 -0.113804  0.066155  0.060671
 0.637289  0.000000  0.000000 -0.000000  0.000000 -0.000000  0.000000  0.000000 -0.000000  0.000000  0.000000  0.000000  0.102631 -0.088282 -0.047646  0.144158  0.192916 -0.082717 -0.221535  0.194119  0.231438  0.103072  0.097957 -0.036988 -0.087520  0.237218 -0.217266 -0.057865  0.351357 -0.029228  0.116604 -0.222481  0.104484 -0.055530  0.175012
 0.637289
