9 37
-0.000001 -0.499977 -0.000005 -0.000007  0.000001  0.000000 -0.000007  0.000000 -0.000001  0.194973  0.021847 -0.226246 -0.055239  0.009695  0.006042 -0.078700  0.012370  0.183151  0.069254 -0.004852 -0.115139 -0.058101 -0.185976 -0.334617 -0.057082  0.201413  0.019851 -0.135145  0.094865 -0.042145  0.188091  0.351489 -0.390272  0.021898 -0.032399  0.188840 -0.166071
-0.000002  0.000009  0.000007 -0.000003  0.000001  0.000003  0.000000  0.499973  0.000000  0.148664  0.033157 -0.176464  0.166749 -0.051381 -0.159979  0.148432 -0.220556  0.257272  0.012656 -0.090721 -0.077365  0.199500 -0.228961  0.343114  0.232339 -0.152783  0.104102 -0.204957  0.111533  0.214128  0.020480  0.028755  0.002135 -0.110352  0.185126 -0.163273 -0.125054
 0.000001 -0.000000  0.000010 -0.000004  0.000003  0.000010  0.000008  0.000008 -0.499956 -0.066072 -0.099678 -0.077892  0.006149  0.319325  0.202754  0.115014 -0.006200 -0.082877 -0.048786  0.077600 -0.022323 -0.207438 -0.153564  0.070292 -0.063462 -0.216341 -0.297159 -0.088992  0.077700  0.223884  0.023644 -0.069229 -0.084299 -0.022403  0.317125  0.361167  0.196942
 0.000002 -0.000005 -0.000002 -0.000000 -0.000004 -0.000003  0.000000  0.499982 -0.000001 -0.017042  0.142586  0.359936 -0.074331  0.166932  0.146815  0.155087 -0.015044 -0.141345  0.068792 -0.077729 -0.135526  0.174632 -0.072768 -0.337584  0.158594  0.194389  0.078951  0.291114 -0.045739  0.141555  0.006868 -0.253275 -0.059009  0.081942 -0.116698  0.233722 -0.055302
-0.000008 -0.499961  0.000002 -0.000001 -0.000012 -0.000000  0.000004  0.000008 -0.000003 -0.035056  0.076039  0.024090  0.157045  0.202288  0.029617  0.113551 -0.045550 -0.187331 -0.317462  0.221520  0.220841  0.303855  0.138734  0.100679 -0.005341 -0.011424 -0.210677  0.044691  0.015317  0.082826 -0.027965  0.101084  0.237778 -0.332151 -0.255750 -0.015177 -0.091943
-0.000012 -0.000015 -0.499769  0.000005 -0.000020  0.000076  0.000019  0.000057  0.000005  0.253365 -0.193995 -0.140483 -0.311454  0.077787 -0.250474  0.041581 -0.119817 -0.166326 -0.056735 -0.195416  0.099609 -0.172779  0.092531 -0.073756  0.259652 -0.118974 -0.047387  0.081081  0.330719 -0.157897  0.155284 -0.161865  0.131055 -0.079447 -0.112905  0.086319 -0.072418
 0.000000 -0.000000 -0.000000 -0.000000 -0.500000  0.000000  0.000000 -0.000000 -0.000000  0.103663 -0.095817 -0.012400 -0.221579  0.045561  0.335599  0.043719 -0.205489 -0.066796  0.189117  0.148091  0.228840 -0.008582  0.354509  0.148648  0.071476  0.073313  0.351263 -0.081690  0.031715  0.100780 -0.203993  0.081881 -0.188985 -0.090540  0.077181  0.064955 -0.074158
-0.000002 -0.000001 -0.000000  0.000002  0.000004  0.000004  0.000004 -0.499977  0.000004 -0.161542  0.018208  0.064184 -0.057766 -0.028047  0.102005  0.374546 -0.023195  0.006413  0.005649 -0.177607 -0.297636  0.138041 -0.151015  0.163786  0.186767  0.141465  0.075456  0.058028  0.342252  0.304247 -0.054609  0.128685  0.082094  0.195874 -0.135964  0.026630 -0.133165
-0.000004  0.000005 -0.499754 -0.000011  0.000054 -0.000017  0.000058  0.000075 -0.000018  0.181761  0.322273 -0.033474  0.016088  0.009654  0.331243  0.005172  0.395192  0.101540 -0.013669  0.137047 -0.089095  0.080914  0.022821  0.192773  0.175392 -0.053739  0.040375  0.141667 -0.130567  0.005546  0.195362  0.143141 -0.088669  0.049007 -0.008042 -0.147602  0.318286
-0.499964 -0.000001  0.000014  0.000005  0.000001 -0.000005 -0.000003 -0.000003 -0.000001 -0.253781  0.008918  0.037280  0.313738  0.174091  0.022196 -0.294285 -0.113554 -0.021478 -0.304978 -0.183665  0.146283 -0.187149  0.045334 -0.020075  0.296259  0.057091  0.218296  0.201557  0.095678  0.000692  0.071298  0.193761 -0.076638  0.086750  0.155676 -0.023895  0.007098
 0.000026 -0.000221  0.000005 -0.000012  0.000045  0.000037 -0.499630 -0.000008  0.000005  0.060005  0.053345 -0.027473  0.137781 -0.211548 -0.101734 -0.061585  0.134863 -0.065438 -0.223598 -0.111384  0.016831  0.010748  0.016956  0.151172 -0.242702 -0.022844  0.143751  0.075926  0.258419  0.140598 -0.119602 -0.280457 -0.429144 -0.160271 -0.205150  0.124727  0.154982
-0.000019 -0.000093  0.000017  0.000006 -0.000002 -0.499703 -0.000016 -0.000039 -0.000098 -0.109069 -0.116261 -0.026593 -0.087469  0.441801  0.101544 -0.060380 -0.054327  0.063524 -0.048596  0.029450 -0.330152  0.149789 -0.150890  0.054135 -0.125100 -0.076858  0.217545 -0.020942  0.120181 -0.415887 -0.139940 -0.068270 -0.059020 -0.132754 -0.079012 -0.157361  0.083343
 0.005852 -0.000132  0.015212  0.439154 -0.000054  0.028127 -0.000847  0.002467 -0.008068  0.027665 -0.127092 -0.181600 -0.026900  0.121141 -0.116479 -0.257553 -0.068294 -0.074910 -0.002516 -0.029473 -0.108089  0.498469  0.321615 -0.085246 -0.094881 -0.058459 -0.008077 -0.075229  0.075866  0.193885  0.152074 -0.015571  0.012991  0.384093  0.058127  0.018015  0.206278
 0.010856 -0.007478  0.000148 -0.454139  0.000225 -0.000500  0.024563 -0.001545 -0.000004 -0.113724 -0.188727 -0.031419 -0.180441 -0.224891  0.261504  0.043579 -0.256697  0.227303 -0.206283 -0.085457  0.106175  0.224977 -0.003373 -0.253683 -0.157683 -0.385370  0.005259  0.201243 -0.000848  0.099681  0.186292  0.034180 -0.047066  0.063339 -0.031551 -0.129223  0.112784
-0.499919 -0.000001 -0.000018 -0.000001  0.000002 -0.000007 -0.000016 -0.000028  0.000004  0.163727  0.210802  0.189124 -0.310146 -0.055665  0.184254 -0.334184 -0.126048  0.102506  0.087426 -0.012528 -0.019216 -0.010566 -0.165046  0.052928 -0.195145  0.137248 -0.159115 -0.268067  0.174311  0.180102  0.033051 -0.130819  0.238097 -0.116228 -0.129410 -0.071844  0.078749
-0.009493 -0.008013 -0.000422  0.452577  0.000619  0.000065  0.027620  0.000853 -0.000042  0.004848 -0.186586 -0.129152 -0.260087 -0.266668  0.078390 -0.111381 -0.051433 -0.103974 -0.186566  0.166961  0.104067  0.032743 -0.520174  0.077482  0.045968 -0.046751  0.149023  0.312475 -0.200122  0.014144 -0.150329  0.092766  0.078474 -0.048570 -0.020262  0.127404  0.006600
-0.000017 -0.000020 -0.000003 -0.000006  0.000014  0.499827 -0.000073 -0.000010  0.000013  0.068684  0.120753 -0.022528  0.148128  0.053378  0.242568 -0.134214  0.158365 -0.018658  0.133171 -0.034841  0.015090  0.209569 -0.104217 -0.032970 -0.139735 -0.269233  0.066454  0.106544  0.357558 -0.347666 -0.201604 -0.025213  0.129900  0.045866  0.163994  0.087663 -0.277338
 0.000006  0.499969  0.000012 -0.000002 -0.000000 -0.000001 -0.000002 -0.000000 -0.000005  0.205237 -0.043712 -0.029045  0.020333 -0.012659 -0.009427  0.109985  0.056566 -0.075162 -0.265707  0.095482 -0.099141  0.172410  0.050283 -0.257991 -0.146552  0.307955 -0.032356  0.045349  0.170507  0.045273  0.083477  0.311189  0.043952 -0.406435  0.270335 -0.017576 -0.018174
 0.000023  0.000404  0.000006 -0.000033 -0.000020  0.000052  0.499410 -0.000020  0.000026 -0.023235  0.181573  0.005938  0.096122 -0.158314 -0.016827  0.119600 -0.047331 -0.474819  0.000234 -0.142579  0.161482  0.079436 -0.190633 -0.141998  0.011718 -0.085286  0.091030 -0.297385  0.148593 -0.063600 -0.105001  0.025099 -0.237327 -0.020063 -0.072398 -0.123887  0.334681
 0.000002 -0.000000 -0.000000 -0.000012  0.000002  0.000014  0.000002  0.000000  0.499961 -0.024624 -0.038174 -0.210241  0.120602  0.104083  0.254618  0.163097 -0.166823 -0.151832  0.059560 -0.220352  0.114808 -0.009993 -0.118510  0.271447 -0.267482  0.218261 -0.055295  0.044679 -0.082524 -0.111658  0.391955 -0.144521  0.041929  0.015982  0.129765  0.206757  0.057783
 0.499906 -0.000009 -0.000012  0.000002  0.000007  0.000011  0.000019 -0.000004 -0.000028 -0.189402  0.091691 -0.065739 -0.101992  0.089865  0.142595 -0.375173 -0.085140  0.022294  0.003587 -0.083301  0.185407 -0.013221 -0.114659  0.024048  0.161623  0.296656 -0.296066  0.137561  0.219755  0.107254 -0.057089 -0.110403 -0.151855 -0.037447  0.121398 -0.350258 -0.033518
-0.000010  0.000168  0.000012 -0.000025  0.000006  0.000002  0.499717  0.000041 -0.000010  0.108106 -0.346889 -0.000574  0.265570 -0.110805  0.151423 -0.181703  0.141555  0.006364 -0.073102  0.244735 -0.244578 -0.137215  0.073645  0.085044 -0.041293  0.012800  0.064331  0.076152  0.113082  0.192168  0.194030 -0.318896 -0.098591 -0.073218 -0.157389 -0.048721 -0.244546
 0.000036 -0.000068  0.000005 -0.000005 -0.000004  0.499608 -0.000007  0.000004  0.000232 -0.099842 -0.038441  0.000046 -0.270784  0.086608  0.082077 -0.018441 -0.073672 -0.090301 -0.394688 -0.190490 -0.373495  0.002661  0.084630  0.113884  0.103951  0.039098 -0.045045 -0.261017 -0.340267 -0.125737 -0.019434 -0.067798 -0.203800 -0.105144 -0.037121 -0.082785 -0.076676
 0.000002  0.499973 -0.000004 -0.000000  0.000002  0.000005  0.000005  0.000004 -0.000003 -0.046982  0.135850 -0.176135  0.074396  0.217099  0.050031 -0.076677 -0.094485  0.072809  0.011260  0.122870  0.207698  0.077507 -0.105753  0.021708  0.082546 -0.124220 -0.155904 -0.127565 -0.063574 -0.002911  0.076854  0.143212 -0.195712  0.096548 -0.559203  0.191778 -0.237987
-0.499857  0.000007  0.000028 -0.000020 -0.000009 -0.000002 -0.000006 -0.000050  0.000002 -0.104136 -0.127674 -0.288995 -0.103249 -0.028556 -0.056463  0.259639  0.146463 -0.046458  0.219825  0.104688  0.058628  0.190054  0.021974 -0.020793  0.053624  0.090002 -0.360144  0.201067 -0.043499 -0.071157 -0.149955 -0.175585 -0.317640 -0.005202  0.094469 -0.263454 -0.115778
-0.000006 -0.000002 -0.000001 -0.000001  0.000002  0.000008 -0.000002 -0.000007  0.499970  0.052863  0.047361 -0.273929 -0.048404  0.286681  0.048708  0.040482  0.229484  0.044489 -0.143468 -0.003345 -0.001969 -0.224924 -0.041199 -0.304888 -0.010598 -0.207619  0.060159 -0.104120 -0.031243  0.397422 -0.340430 -0.084202  0.112576  0.021520  0.044229 -0.078945  0.005005
-0.000001 -0.000012  0.000021 -0.000003 -0.000013 -0.000037 -0.499874  0.000015  0.000000  0.019692 -0.237994  0.023495  0.200386 -0.083520  0.253023 -0.004997 -0.055834 -0.397881  0.130162  0.219415 -0.089267 -0.056028 -0.163519 -0.215523  0.208433 -0.070293  0.020372 -0.269450 -0.008219 -0.006457  0.208845 -0.006637  0.095667  0.067276 -0.027273 -0.295772 -0.059027
 0.007069  0.000526 -0.028393  0.452828 -0.000369 -0.000974 -0.001371 -0.008196  0.000078  0.066982 -0.193013  0.427627  0.012484  0.152343  0.096720  0.188121  0.138092  0.151653  0.048893 -0.347701  0.229301 -0.090658 -0.010558 -0.024464 -0.191652 -0.207321 -0.069554 -0.020062 -0.020022  0.061044  0.137687  0.136030 -0.175537 -0.117064 -0.044462 -0.282822 -0.146355
 0.000000  0.000000  0.000000 -0.000000 -0.500000 -0.000000 -0.000000  0.000000  0.000000 -0.369574  0.032675  0.037273 -0.129382 -0.018759 -0.189109  0.041398  0.391880  0.137436 -0.169924  0.105927  0.168947  0.131276 -0.189136 -0.080793  0.043374  0.029912  0.101782 -0.240361  0.086699 -0.061132  0.327356 -0.208146  0.081330  0.005717  0.093922  0.056254 -0.066925
 0.000003  0.000002  0.000000 -0.000000 -0.000002  0.000002 -0.000001  0.000006  0.499982 -0.090198 -0.115957  0.405828 -0.067994 -0.065955 -0.105586 -0.096545 -0.065146  0.018864  0.036114  0.298633 -0.134813  0.039022  0.007786  0.106135  0.211803 -0.226789 -0.301172 -0.030443  0.190281 -0.056075 -0.026404  0.162233 -0.239114 -0.051157  0.144693  0.233711  0.136185
 0.000002 -0.000002 -0.000002  0.000002  0.000000  0.000003  0.000005  0.499979 -0.000002 -0.290863 -0.162488 -0.110215 -0.150846 -0.140188  0.116516  0.074156  0.216415 -0.107705 -0.074809 -0.016202 -0.079404 -0.237965  0.148268  0.159060 -0.207895  0.096083 -0.108449 -0.027753  0.275138 -0.049998 -0.079882  0.356767  0.135441  0.221771 -0.205310 -0.049330  0.043780
 0.000000 -0.000000  0.000000  0.000000  0.500000  0.000000 -0.000000 -0.000000  0.000000 -0.379191 -0.053900 -0.110374 -0.183607 -0.035166  0.075487 -0.114079  0.200629 -0.037798  0.316120 -0.078291  0.076702  0.116753  0.139191  0.001494  0.128850 -0.072169  0.262094 -0.113910 -0.009879  0.139599  0.133651  0.031274  0.001974 -0.424320  0.021244  0.163292 -0.041964
 0.000073 -0.000001 -0.000015  0.000001 -0.000009  0.499295  0.000034  0.000008  0.000548 -0.091856 -0.174051 -0.001907  0.041904  0.282136 -0.204704  0.119803 -0.151336  0.192020  0.209215  0.263056  0.027740 -0.102095 -0.137019 -0.035259 -0.079931  0.151636  0.192753  0.136918  0.106846  0.037505  0.076131  0.015612  0.015886 -0.103612 -0.210807 -0.163679  0.428998
-0.000000  0.000000 -0.000000  0.000000 -0.500000  0.000000  0.000000 -0.000000  0.000000 -0.113366  0.009168 -0.135733  0.166962 -0.062555 -0.070795 -0.199441  0.014016 -0.108518  0.296546 -0.331868 -0.321096 -0.005798 -0.026837 -0.066309  0.014117 -0.175487 -0.190690  0.208685 -0.128513  0.099963  0.010086  0.157554  0.109789 -0.339487 -0.149870  0.042393  0.099284
-0.007886 -0.000109 -0.014702 -0.437060 -0.000029  0.027821  0.000757 -0.003527 -0.008076  0.220377 -0.324790  0.159515 -0.095956  0.237131 -0.207399 -0.224512  0.287904 -0.261953  0.069278 -0.128186  0.126409  0.207051 -0.222900  0.232823 -0.082435  0.078480  0.068677  0.018102 -0.150870  0.169118 -0.053790  0.185864 -0.038593  0.148548  0.024144 -0.008712 -0.054731
-0.000031  0.000010  0.499696  0.000009 -0.000004 -0.000003  0.000017 -0.000199  0.000009  0.297888 -0.232213 -0.078335  0.004827 -0.022653  0.210711  0.032528  0.252016  0.196118 -0.062938 -0.204248  0.115574  0.061931  0.045230 -0.003092  0.421593  0.078334 -0.105097 -0.043064  0.083174 -0.184954 -0.013750 -0.059700  0.101676 -0.050065 -0.154149  0.106623  0.314614
 0.000030 -0.000005  0.499526  0.000003  0.000019 -0.000002  0.000054 -0.000317  0.000001  0.146839  0.343897 -0.061226 -0.301832  0.121930 -0.127064  0.026030  0.041818 -0.257932 -0.002661  0.123435 -0.084966 -0.168155  0.052766  0.130364  0.003152 -0.258759  0.096554  0.267817  0.108997  0.035132  0.365996  0.054736 -0.070699  0.005599  0.029575 -0.184683 -0.084968
 0.500000
