10 35
-0.000000  0.000000  0.424264  0.000000 -0.000000  0.000000  0.000000 -0.000000 -0.000000  0.141421  0.032314 -0.303020 -0.086909  0.171498 -0.154214  0.222918 -0.135763 -0.027484 -0.270551  0.137052 -0.059267 -0.005791 -0.419319  0.116001 -0.087071  0.162232 -0.126965  0.185179 -0.097377  0.098731  0.021780 -0.157974  0.329299  0.008369  0.234983
-0.000000  0.000000 -0.000000 -0.000000  0.000000  0.000000  0.000000 -0.000000  0.000000  0.565685  0.242319 -0.199915  0.007417  0.148290  0.111765  0.085724  0.100763 -0.008197  0.077476 -0.109518 -0.130034  0.065906  0.303960 -0.047530  0.078787 -0.162190 -0.235999  0.066827 -0.178456 -0.447653  0.068279  0.056460  0.144933 -0.182954 -0.089828
-0.000000  0.000000 -0.000000  0.000000 -0.000000  0.000000 -0.000000 -0.000000  0.565685  0.000000 -0.163435 -0.118607 -0.139849 -0.068138 -0.476524 -0.133623  0.207178  0.106843  0.022967 -0.290100 -0.076894 -0.042644  0.210283 -0.231509  0.126088  0.045656  0.048028  0.065965 -0.068966  0.174271  0.028838 -0.162110  0.194797 -0.019210 -0.018107
 0.565685  0.000000  0.000000  0.000000 -0.000000  0.000000  0.000000  0.000000  0.000000  0.000000  0.072515 -0.056955 -0.436763 -0.003582  0.195192 -0.364277 -0.157013 -0.043197  0.223003  0.249732 -0.052865 -0.040588 -0.015696 -0.137807 -0.002503  0.065180  0.037642 -0.043153  0.020478 -0.003210 -0.243930 -0.166922  0.180222 -0.132776 -0.046831
 0.565685 -0.000000 -0.000000  0.000000 -0.000000  0.000000 -0.000000  0.000000  0.000000 -0.000000  0.049039  0.147489  0.193163  0.018917  0.139626  0.159885  0.109394 -0.057769 -0.329124 -0.266691 -0.231669  0.088315  0.215844  0.223005  0.148807 -0.001927 -0.113988 -0.092616  0.071725  0.217956  0.082427 -0.195387 -0.112688 -0.002297  0.257936
-0.000000 -0.000000 -0.000000 -0.000000 -0.000000  0.000000  0.000000 -0.000000 -0.565685 -0.000000 -0.145331  0.046076 -0.106787 -0.056564 -0.227126 -0.155371  0.133784  0.161445  0.078400 -0.049005 -0.039291 -0.077182  0.235686  0.148306 -0.061261 -0.187396  0.256005  0.145789 -0.014334  0.101389  0.171394  0.136548  0.342514 -0.170308  0.313660
 0.000000  0.000000 -0.000000 -0.565685  0.000000  0.000000  0.000000 -0.000000  0.000000 -0.000000  0.269088  0.036004 -0.125150 -0.174120  0.040863  0.149275 -0.039027  0.318918 -0.136485 -0.234457  0.370413 -0.232532 -0.093389  0.039756  0.001445 -0.077196 -0.033495 -0.062197  0.143122  0.037514 -0.070065 -0.087761  0.036871 -0.320060 -0.093283
 0.141421 -0.000000  0.000000  0.000000 -0.000000 -0.424264  0.000000 -0.000000 -0.000000 -0.000000 -0.162979  0.072393  0.116242  0.068452  0.089374 -0.087245  0.101979 -0.048099  0.263249 -0.231045  0.031740 -0.209619 -0.165248  0.219548  0.066836  0.442393 -0.213306  0.255297 -0.027719  0.053872  0.133261  0.279359  0.062107 -0.160934 -0.196130
 0.000000  0.000000  0.000000  0.000000  0.424264  0.000000  0.000000 -0.000000  0.141421 -0.000000  0.136362 -0.148239 -0.022307  0.392540  0.157495 -0.021769  0.114688 -0.085429  0.231870  0.034618  0.323945  0.040166 -0.024632 -0.182862  0.055603 -0.157192  0.008786  0.036995  0.018412  0.304629  0.209501  0.126425 -0.183945 -0.123724  0.363529
-0.000000 -0.000000  0.000000  0.000000 -0.000000 -0.000000 -0.565685 -0.000000  0.000000  0.000000 -0.156594 -0.060901 -0.132783 -0.101898 -0.039685  0.273136  0.000569 -0.253712 -0.002090  0.094551 -0.191615 -0.005947  0.102023 -0.115408 -0.377493 -0.065162 -0.097173 -0.020098  0.153866  0.189018  0.116966  0.052649 -0.104697 -0.373414 -0.175881
 0.000000 -0.000000  0.000000 -0.000000 -0.000000 -0.000000 -0.000000  0.000000 -0.000000  0.565685 -0.183456  0.288401  0.239885 -0.049683 -0.038006 -0.193088  0.150584 -0.171693 -0.002304  0.101253  0.065382 -0.342073 -0.266613 -0.029277 -0.043786 -0.239512  0.023148 -0.206983 -0.101171  0.243538 -0.094112 -0.159414  0.013331  0.009919 -0.045118
-0.000000 -0.565685  0.000000 -0.000000  0.000000 -0.000000 -0.000000  0.000000  0.000000  0.000000 -0.103710  0.063043 -0.031110 -0.154329 -0.143061 -0.220021 -0.356669 -0.264631 -0.159052 -0.206375  0.079544  0.030576 -0.075759 -0.073577  0.067588 -0.076696 -0.082843  0.168896 -0.162275 -0.188585 -0.053491  0.069341 -0.242996 -0.230290  0.246122
 0.141421  0.000000  0.000000 -0.000000  0.000000  0.424264  0.000000 -0.000000 -0.000000  0.000000  0.074210 -0.002769 -0.044402  0.149113 -0.279039 -0.016017 -0.113870  0.053216  0.153450 -0.068597 -0.251294 -0.100148 -0.328655  0.111460  0.238514  0.043540  0.103854 -0.365122  0.091248 -0.130322  0.374554  0.207266 -0.100084 -0.142761 -0.112478
-0.000000  0.000000 -0.000000  0.000000 -0.424264  0.000000  0.000000 -0.000000  0.141421  0.000000  0.219513  0.066860  0.241580  0.073814 -0.141939  0.165118 -0.203811 -0.026260  0.127900  0.411260 -0.020814 -0.292194  0.238467 -0.011588  0.313157  0.006740  0.077323  0.259608  0.112027  0.141781 -0.087818  0.083268 -0.055494 -0.163597  0.130239
-0.000000 -0.000000 -0.000000 -0.000000 -0.000000  0.000000  0.000000  0.565685  0.000000  0.000000 -0.112954  0.021613 -0.123576  0.057962  0.088836  0.219288 -0.360136  0.193261  0.210848 -0.155729 -0.115060 -0.033445  0.044439  0.093016  0.026896 -0.219977 -0.050673 -0.012919 -0.409610  0.274425 -0.081235  0.054317 -0.031297  0.126574 -0.099681
 0.000000 -0.000000 -0.000000  0.000000 -0.000000  0.565685  0.000000 -0.000000  0.000000 -0.000000 -0.189438  0.199513 -0.082843 -0.162626  0.020507  0.123171  0.273056  0.011643  0.279112  0.071928  0.140600  0.213772 -0.093270  0.183085  0.127825  0.013028 -0.344203  0.338171  0.012351  0.005046 -0.144296 -0.115638 -0.014761 -0.067575  0.038048
-0.000000 -0.000000 -0.000000 -0.141421  0.000000 -0.000000 -0.424264 -0.000000 -0.000000  0.000000 -0.121140 -0.028751 -0.037551  0.181607  0.096762 -0.011821  0.141259 -0.066859 -0.204143 -0.098450 -0.041830  0.118677 -0.146503 -0.030546  0.434436 -0.138412  0.173578  0.022576  0.079478 -0.006056 -0.426232  0.395772  0.176154  0.107830 -0.027049
 0.000000 -0.141421 -0.000000 -0.000000 -0.000000  0.000000 -0.000000 -0.424264  0.000000  0.000000  0.036586 -0.113450 -0.098636 -0.011962  0.223013  0.108561  0.088014  0.085600  0.048209 -0.071384 -0.218885 -0.072821 -0.148989  0.088182  0.081471 -0.171311  0.436060  0.370691 -0.259429  0.096038  0.108641 -0.218972 -0.226449  0.001877 -0.240022
-0.000000  0.565685 -0.000000 -0.000000  0.000000 -0.000000 -0.000000 -0.000000 -0.000000 -0.000000  0.213163 -0.046231 -0.151224 -0.340616 -0.047270 -0.004056  0.005204 -0.256751  0.082260 -0.239870 -0.166596 -0.239230 -0.152262 -0.076353 -0.051668 -0.055942 -0.011293  0.151324 -0.068990 -0.109420 -0.116854  0.150719 -0.215639  0.116998  0.323909
 0.000000  0.000000 -0.000000  0.565685 -0.000000  0.000000 -0.000000 -0.000000 -0.000000  0.000000 -0.107810  0.250339 -0.319388  0.179601  0.092425  0.266920 -0.059616  0.066391 -0.142090 -0.192911  0.218519 -0.361292 -0.004128 -0.108221  0.078213 -0.085500  0.012480  0.063940  0.262835 -0.187046  0.027791 -0.093141  0.067405  0.014953 -0.017921
 0.565685  0.000000  0.000000 -0.000000  0.000000  0.000000  0.000000  0.000000 -0.000000 -0.000000 -0.099362 -0.107940  0.225640 -0.069726 -0.287401  0.230207  0.050592  0.099687  0.001946  0.091870  0.339423  0.029715 -0.076673 -0.167951 -0.222642 -0.184737  0.103708  0.163226 -0.108085 -0.195633  0.034549  0.240652 -0.058040  0.210996 -0.133953
 0.000000  0.000000  0.000000  0.000000 -0.565685  0.000000 -0.000000  0.000000  0.000000 -0.000000  0.128599  0.241525 -0.056294 -0.039743  0.224972  0.014349  0.067545 -0.042985  0.018061 -0.144191  0.080302  0.310210 -0.208564 -0.418300 -0.027177  0.003223  0.016741 -0.021353 -0.139155  0.135056  0.326982  0.085730  0.203236 -0.001906  0.078850
 0.000000 -0.000000  0.000000  0.141421 -0.000000 -0.000000 -0.424264  0.000000  0.000000 -0.000000  0.354083  0.205315 -0.230574  0.016792 -0.165114 -0.191912  0.154974  0.118924 -0.216612  0.182857  0.219703 -0.058148  0.098853  0.219165  0.027975  0.175326 -0.089420 -0.032797 -0.432053  0.025722  0.119692  0.036092 -0.157196  0.132823 -0.032449
 0.000000 -0.141421  0.000000  0.000000 -0.000000 -0.000000  0.000000  0.424264  0.000000  0.000000 -0.165146 -0.152499  0.012248 -0.187807  0.198192  0.170958  0.390740  0.089165 -0.058216  0.178632 -0.038478 -0.162065 -0.055373 -0.161609  0.102507  0.318512  0.285443 -0.122626 -0.151468 -0.227042  0.009060 -0.070080 -0.138776 -0.189499  0.222625
-0.000000 -0.000000 -0.000000 -0.000000  0.565685  0.000000  0.000000  0.000000 -0.000000  0.000000  0.190962  0.402849  0.141621 -0.278788  0.000396  0.154514 -0.171328  0.001391 -0.059916  0.138290 -0.178267  0.060940 -0.011239 -0.289844  0.165989  0.126172  0.068143  0.145607 -0.068943  0.012919  0.103993  0.053362  0.299574 -0.031811 -0.096118
-0.000000 -0.000000 -0.000000  0.000000 -0.000000 -0.000000 -0.000000 -0.565685  0.000000 -0.000000 -0.264253 -0.007674 -0.040413 -0.073922  0.070220  0.266086 -0.133092  0.195934  0.131029  0.031783  0.020245 -0.100378  0.114650 -0.094328  0.042672  0.147390 -0.163636 -0.382906 -0.328639  0.032115 -0.155921  0.165986  0.034458 -0.016957  0.247304
-0.000000  0.000000  0.565685  0.000000  0.000000  0.000000 -0.000000 -0.000000  0.000000 -0.000000 -0.079346  0.120934  0.037977  0.006629  0.100482 -0.262983  0.071450  0.473969 -0.082489  0.059269 -0.248346 -0.060144  0.029597 -0.247069 -0.061320 -0.115417 -0.210195  0.110104  0.143790 -0.001210  0.002547  0.178540 -0.291646  0.002107 -0.006882
-0.000000 -0.000000 -0.000000 -0.000000  0.000000 -0.000000  0.000000  0.000000  0.000000 -0.565685  0.023017 -0.070378  0.195429  0.069611  0.072795 -0.079993  0.191790 -0.145389 -0.056383  0.079106 -0.082361 -0.303409 -0.083132 -0.055703  0.069862 -0.382566 -0.315442 -0.064207 -0.267382 -0.143286  0.064541 -0.114316  0.243015 -0.122029 -0.074159
 0.000000 -0.000000 -0.000000  0.000000 -0.000000  0.000000  0.565685 -0.000000  0.000000 -0.000000  0.018114  0.071522 -0.333878  0.046902 -0.090949  0.120336  0.222744 -0.214664 -0.317656  0.157856 -0.058210  0.039449  0.066285  0.026056 -0.030685 -0.037476 -0.034055 -0.027763 -0.110565  0.203767 -0.112939  0.376547 -0.090479 -0.192924 -0.220505
-0.000000 -0.565685  0.000000  0.000000 -0.000000 -0.000000 -0.000000 -0.000000 -0.000000 -0.000000  0.349013 -0.042787 -0.098517 -0.136344 -0.009509  0.146085  0.242185 -0.035811  0.243813 -0.060307 -0.181800 -0.211084 -0.025412  0.015581 -0.165250 -0.016046 -0.108826 -0.079588  0.196009  0.111916 -0.092788  0.153641  0.118663  0.394194  0.082137
-0.000000  0.000000  0.000000  0.565685  0.000000 -0.000000  0.000000 -0.000000  0.000000  0.000000  0.258092 -0.272852  0.242494 -0.312517  0.013907 -0.072623  0.017161  0.206081  0.008723 -0.111872  0.086511  0.172966 -0.150599  0.085550  0.024847 -0.070131  0.019774 -0.112294  0.008169  0.216615 -0.234337  0.095300  0.052803 -0.341262 -0.074011
 0.000000 -0.000000 -0.000000 -0.000000 -0.000000 -0.000000  0.000000 -0.000000  0.565685  0.000000 -0.070864  0.185028 -0.021756 -0.105015  0.245508 -0.057585 -0.051113  0.082524 -0.034509  0.129625 -0.038180  0.028469 -0.028056  0.428427 -0.279539 -0.195440  0.186449  0.005674  0.022022 -0.184485  0.112136  0.246234  0.207577 -0.079268  0.208325
 0.000000 -0.000000  0.000000 -0.000000 -0.000000 -0.565685  0.000000 -0.000000  0.000000  0.000000 -0.011546  0.143141 -0.203326 -0.102130 -0.255803  0.176593  0.111169  0.087629  0.196762  0.193764 -0.071675  0.295875 -0.215825  0.102019  0.256584 -0.286111 -0.106333 -0.127143  0.101576 -0.133100  0.036674 -0.169708 -0.136404 -0.053946  0.100787
-0.000000 -0.000000 -0.424264  0.000000 -0.000000  0.000000  0.000000 -0.000000 -0.000000  0.141421 -0.175696 -0.332436 -0.120583 -0.287481  0.150362 -0.113433 -0.102465  0.165490 -0.255674  0.212431 -0.011567 -0.103181 -0.062599 -0.031587  0.226518 -0.085688 -0.283402  0.118620  0.146355  0.144585  0.339717  0.112527  0.009704  0.195659  0.008170
-0.000000  0.000000  0.565685 -0.000000 -0.000000 -0.000000  0.000000  0.000000 -0.000000 -0.000000 -0.076661 -0.142996 -0.063232 -0.350863  0.127949  0.010720 -0.046477 -0.329239  0.093647 -0.002736  0.284121 -0.012899  0.237943  0.136378  0.296512 -0.070523  0.092867 -0.160024  0.039009  0.035600  0.235906  0.024335  0.051949  0.138361 -0.163228
 0.565685
