5 30
-0.000000 -0.000000  0.408248 -0.000000  0.000000 -0.079027 -0.247852 -0.369620  0.116785 -0.179717  0.170975  0.183908 -0.068403 -0.173000 -0.431076 -0.197199 -0.399098 -0.127688 -0.020668  0.058204  0.050677  0.181537  0.007659 -0.091191  0.133301 -0.050025 -0.101989  0.058363  0.006921 -0.057451
 0.408248  0.000000 -0.000000  0.000000 -0.000000 -0.353507  0.134698 -0.199419  0.190444  0.089058  0.033858 -0.054857 -0.169017 -0.132197  0.142028  0.042296  0.178342  0.165024  0.006916  0.086302 -0.225611  0.178690 -0.058421 -0.563434 -0.156766 -0.095501 -0.066447 -0.118764 -0.097250  0.046745
 0.000000 -0.000000  0.000000  0.000000 -0.408248  0.028042 -0.087014  0.204123  0.132965 -0.177615  0.090859 -0.415065  0.365356 -0.141747 -0.181905  0.093756  0.122089 -0.217366  0.197626 -0.169772 -0.007042  0.108595  0.251540 -0.261428  0.000987  0.110755  0.011767 -0.047395  0.229082 -0.132168
 0.408248  0.000000  0.000000  0.000000  0.000000 -0.069109 -0.119234  0.091136 -0.131833 -0.150486  0.111160 -0.020834  0.018701 -0.027339  0.125592 -0.040619  0.014864 -0.044325 -0.099408  0.075085  0.431609  0.278949 -0.418031  0.129070 -0.017615  0.257954  0.192409 -0.127156  0.340120  0.160507
 0.000000  0.000000  0.000000  0.000000  0.408248 -0.052321  0.281044 -0.157857 -0.015070 -0.254094 -0.082035  0.147732  0.295377  0.083236 -0.105835  0.385204  0.097846 -0.055139 -0.233147  0.208564  0.052532  0.047779  0.204775 -0.124873  0.125301 -0.061239  0.310949  0.066539  0.195802 -0.218267
-0.408248 -0.000000  0.000000 -0.000000  0.000000 -0.070888  0.076717 -0.339497 -0.006009 -0.187091  0.255910 -0.168726 -0.018930  0.200600 -0.035823  0.159676  0.089113  0.453368  0.048509 -0.141811  0.174718  0.203833  0.103440  0.074701 -0.223605  0.082086 -0.126391 -0.132470  0.081304  0.299362
 0.000000 -0.000000 -0.000000 -0.408248 -0.000000 -0.252005 -0.270218  0.040626  0.300855 -0.129454 -0.117073 -0.161190  0.148508  0.254555 -0.071574  0.214378  0.068143 -0.064933 -0.209618 -0.208998 -0.007842 -0.028922 -0.336660  0.134610  0.132355 -0.336765 -0.040596 -0.048562 -0.212552  0.036242
 0.000000 -0.000000  0.000000 -0.408248  0.000000  0.102455  0.307668  0.169402  0.061660  0.030400  0.091654  0.030384 -0.057401 -0.227027  0.033619  0.264305 -0.154795 -0.239022  0.001973  0.103313  0.081391  0.245692  0.050381  0.032491 -0.187177  0.020071 -0.207827  0.456792 -0.092119  0.318556
-0.408248 -0.000000  0.000000  0.000000  0.000000  0.154841  0.216013  0.052995 -0.047164 -0.219101  0.104283 -0.181449 -0.304295  0.149458  0.155360 -0.170279  0.008483 -0.310218  0.041694  0.162922 -0.180753  0.153249 -0.319516 -0.258512  0.245492 -0.194387  0.123991 -0.108152  0.138048  0.062833
 0.000000  0.408248  0.000000  0.000000 -0.000000 -0.081892 -0.214148 -0.150619 -0.274814  0.141766  0.323297  0.095819  0.204567  0.079020  0.376659  0.029111  0.127103 -0.173284  0.034855  0.034889 -0.093181  0.246643  0.078781  0.126281  0.018979 -0.247268 -0.279411  0.088777  0.099447 -0.245604
-0.000000 -0.000000 -0.408248 -0.000000 -0.000000  0.126869 -0.032479  0.049398  0.123532  0.355157  0.581884 -0.045020  0.056941 -0.012946 -0.374973  0.039194  0.017286  0.087354 -0.045401  0.280370  0.064885 -0.017977 -0.123125 -0.012986  0.063525 -0.095716  0.192948 -0.043515 -0.148288 -0.058409
-0.000000 -0.000000 -0.000000 -0.000000 -0.408248 -0.217249  0.176073  0.113824  0.099185 -0.060439 -0.043887  0.303517 -0.194641  0.013924  0.007987 -0.126778  0.217963  0.147883  0.168769 -0.006684  0.348675  0.169006  0.226884  0.122250  0.240010 -0.361255  0.237050  0.134360 -0.038203 -0.046331
-0.000000  0.000000  0.000000 -0.000000 -0.408248 -0.036640  0.076594 -0.059415  0.097715 -0.018725  0.271706  0.250016 -0.049131  0.280124  0.239379  0.173369 -0.212830 -0.034670 -0.353763 -0.107380  0.070669 -0.379127 -0.004067 -0.252741  0.136696  0.261120 -0.076036  0.103645  0.090233 -0.027976
-0.000000 -0.408248 -0.000000 -0.000000 -0.000000  0.274341 -0.381781  0.065539 -0.209059  0.045916  0.022908  0.143797  0.081182  0.075488  0.070670 -0.119645  0.104109 -0.006324 -0.339450 -0.120771 -0.026696  0.165279  0.219500 -0.271108 -0.166009 -0.280239  0.162120  0.091853  0.014000  0.279276
 0.000000  0.000000  0.000000  0.408248 -0.000000 -0.144506  0.285484  0.123132 -0.033534  0.223829 -0.102931 -0.316359 -0.006096  0.061219 -0.081548 -0.068064 -0.196535 -0.102077 -0.499387 -0.137616  0.185630  0.291024  0.098731  0.065656  0.081484 -0.089532 -0.214171 -0.071380 -0.137388 -0.061153
 0.408248 -0.000000 -0.000000  0.000000  0.000000 -0.055906  0.160641  0.167497 -0.192026 -0.359788  0.239682 -0.066869 -0.064202  0.339258 -0.123275 -0.054851 -0.213696 -0.091773  0.102822  0.102119 -0.179549 -0.185335  0.268527  0.181033 -0.163148 -0.239677 -0.053821 -0.214200 -0.046941  0.170542
 0.000000  0.000000 -0.000000 -0.408248  0.000000 -0.100137  0.042507 -0.137107 -0.045353  0.065586  0.128307 -0.157070 -0.330489 -0.310375 -0.029730 -0.158395  0.235965 -0.089431 -0.389076 -0.099536 -0.155562 -0.121703  0.277527  0.259966  0.059379  0.096233  0.105288 -0.172575  0.239170 -0.065138
 0.000000  0.000000  0.000000  0.408248 -0.000000 -0.035479 -0.154927  0.117638  0.168441  0.081173  0.016788  0.121109 -0.334776 -0.115785 -0.146034  0.479228  0.024429 -0.072851  0.026596 -0.145324 -0.214075 -0.033200 -0.087557  0.164740 -0.082410 -0.217135 -0.031334  0.054202  0.433115  0.113767
-0.000000 -0.000000  0.000000  0.000000 -0.408248  0.017765  0.050928 -0.296284  0.058117  0.207686 -0.332756 -0.010614  0.244672  0.142995 -0.101683 -0.055866  0.052951 -0.063664 -0.104445  0.520634 -0.178081  0.006485 -0.028119  0.175027 -0.035170 -0.035147 -0.059063 -0.051097  0.219166  0.287934
-0.000000  0.408248 -0.000000 -0.000000 -0.000000  0.260845 -0.083741  0.054495  0.466446  0.005768 -0.050613  0.120227 -0.015545  0.044382  0.225008  0.005359 -0.245612 -0.014777 -0.077626 -0.045965 -0.122538  0.275892  0.216645  0.080604 -0.121730  0.098340  0.353470 -0.289879 -0.124851  0.074339
 0.000000 -0.408248  0.000000 -0.000000  0.000000  0.079730  0.147715 -0.219524  0.076444  0.106585  0.093335  0.052577  0.207835 -0.328384  0.325697  0.169594 -0.201152 -0.151128  0.179454 -0.074027  0.171475 -0.111629  0.011329  0.106372  0.140171 -0.244585 -0.058559 -0.448708 -0.024941  0.057104
-0.000000 -0.000000 -0.408248 -0.000000  0.000000 -0.108620 -0.047104  0.091748  0.013375 -0.257973 -0.031468 -0.059696  0.170600 -0.280763  0.151322 -0.153492 -0.372993  0.426487 -0.100097  0.016290 -0.269856  0.057275 -0.007069  0.042609  0.277229 -0.099847 -0.052512  0.202865  0.201370  0.068348
-0.408248 -0.000000  0.000000  0.000000  0.000000 -0.562476 -0.116624  0.345716 -0.080241 -0.015023  0.024507  0.207615  0.108708 -0.170336  0.024807 -0.042570 -0.118085 -0.114223 -0.079874  0.242395  0.032484 -0.084777  0.008150 -0.069519 -0.359417  0.035078  0.074541 -0.219497 -0.023423  0.015599
-0.000000  0.408248 -0.000000  0.000000  0.000000  0.064706 -0.177670  0.077097 -0.307096 -0.024648 -0.125324 -0.007772 -0.081933 -0.204104 -0.107729  0.257523  0.067351  0.038095 -0.041999  0.099761  0.167601 -0.138615  0.134771 -0.225977  0.407487 -0.006443 -0.103298 -0.234008 -0.171933  0.399180
-0.000000 -0.000000  0.000000  0.408248  0.000000 -0.069702 -0.050600 -0.167849  0.182255 -0.338471  0.189032 -0.092627  0.101490 -0.228281  0.159896 -0.090876  0.321420 -0.218457 -0.123930  0.077720 -0.053568 -0.162758 -0.019926  0.196671  0.005483  0.086206  0.102370  0.252832 -0.361228  0.237047
-0.000000  0.408248  0.000000 -0.000000  0.000000  0.110411  0.241493 -0.134958 -0.017152  0.029616 -0.031117 -0.011900  0.181929 -0.172193 -0.097572 -0.242043 -0.045885 -0.007486 -0.075227 -0.283484  0.192898 -0.330270 -0.199369 -0.145645 -0.330574 -0.369453  0.132800  0.078256  0.186397  0.108466
-0.000000 -0.000000 -0.408248 -0.000000 -0.000000 -0.276242 -0.171073 -0.366664 -0.173766  0.119975 -0.157854 -0.209722 -0.181922  0.131206  0.035035  0.076715 -0.280833 -0.309344  0.209274 -0.123406  0.105748 -0.007101  0.143368 -0.047143 -0.036703  0.053082  0.330036  0.186394 -0.043370  0.071372
-0.000000  0.000000  0.000000  0.000000 -0.408248  0.155761  0.064464 -0.120105 -0.403052 -0.205001 -0.067957  0.019878 -0.070879 -0.212060 -0.069613  0.300723 -0.082327  0.112678 -0.141334 -0.028235 -0.181690  0.142820 -0.241463  0.092019 -0.217222 -0.036713  0.197231 -0.072974 -0.304477 -0.299726
-0.000000 -0.000000 -0.408248  0.000000  0.000000 -0.042566  0.179804 -0.065580 -0.046158 -0.086602 -0.041683  0.482187  0.131372  0.032156 -0.263798 -0.132121  0.175666 -0.247715  0.022420 -0.363422 -0.186819  0.208444 -0.089851 -0.002592  0.067598  0.194131 -0.185939 -0.194678 -0.035998  0.135744
-0.000000 -0.000000 -0.408248 -0.000000  0.000000  0.221532 -0.177000 -0.078521  0.199803 -0.310274 -0.179905  0.016159 -0.245395 -0.042653  0.021337 -0.027495  0.061776 -0.084469 -0.106864  0.248372  0.336719 -0.059103  0.084336 -0.071079 -0.238347 -0.101676 -0.386523 -0.092703  0.033207 -0.274506
 0.408248
