14 25
 0.000000 -0.000000 -0.000000 -0.000000  0.000000  0.000000  0.888464  0.000000 -0.000000 -0.000000 -0.000000 -0.000000  0.000000  0.000000 -0.208082 -0.129563  0.106408  0.083191 -0.192804 -0.114223  0.003542 -0.049406  0.278514 -0.016497 -0.042285
 0.000000  0.000000 -0.000000  0.000000  0.000000  0.707107 -0.000000 -0.000000  0.000000 -0.040759 -0.000000  0.000000 -0.140598  0.000000  0.267036  0.286202 -0.176898 -0.115747  0.091627 -0.028667  0.013533 -0.241319  0.408478 -0.078655 -0.199963
-0.000000  0.000000 -0.000000  0.000000 -0.000000  0.000000  0.181357 -0.000000  0.000000 -0.000000 -0.000000  0.707107  0.000000 -0.000000  0.182735 -0.029046 -0.164182 -0.194032  0.086514  0.103275 -0.535967 -0.057172 -0.228131  0.084958  0.018137
 0.707107 -0.000000 -0.000000 -0.000000  0.000000  0.000000 -0.140598  0.000000  0.000000  0.040759 -0.000000 -0.000000  0.000000 -0.000000 -0.378149  0.269673 -0.088674  0.153748 -0.151253 -0.150682 -0.359737  0.054974  0.123743 -0.188316  0.050586
-0.000000 -0.000000 -0.000000 -0.000000  0.000000  0.000000 -0.000000  0.707107 -0.000000 -0.181357  0.000000 -0.000000  0.000000 -0.000000 -0.239216 -0.029197 -0.034120 -0.197613 -0.128407  0.243313  0.095979 -0.304128 -0.216232 -0.310685 -0.219412
-0.000000  0.000000 -0.000000 -0.000000  0.000000  0.000000  0.181357 -0.000000 -0.000000 -0.000000 -0.000000 -0.707107  0.000000 -0.000000  0.182735 -0.029046 -0.164182 -0.194032  0.086514  0.103275 -0.535967 -0.057172 -0.228131  0.084958  0.018137
-0.000000  0.000000 -0.000000 -0.000000  0.000000 -0.000000 -0.181357 -0.000000  0.707107 -0.000000 -0.000000 -0.000000  0.000000  0.000000 -0.073196 -0.486451  0.052330  0.078753  0.082729 -0.085579 -0.197576 -0.074174  0.217762  0.037790 -0.329580
 0.000000 -0.000000  0.707107  0.000000  0.000000  0.000000  0.000000 -0.000000 -0.000000 -0.181357  0.000000  0.000000  0.000000 -0.000000  0.017360  0.033258  0.122523  0.104709  0.125918 -0.462587 -0.000128 -0.394157 -0.203500  0.049508  0.103256
-0.707107 -0.000000 -0.000000 -0.000000  0.000000  0.000000 -0.140598  0.000000 -0.000000  0.040759  0.000000 -0.000000  0.000000 -0.000000 -0.378149  0.269673 -0.088674  0.153748 -0.151253 -0.150682 -0.359737  0.054974  0.123743 -0.188316  0.050586
-0.000000  0.000000 -0.000000  0.000000 -0.000000  0.707107 -0.000000  0.000000 -0.000000  0.040759  0.000000 -0.000000  0.140598  0.000000 -0.267036 -0.286202  0.176898  0.115747 -0.091627  0.028667 -0.013533  0.241319 -0.408478  0.078655  0.199963
-0.000000  0.000000 -0.000000 -0.000000 -0.000000  0.000000 -0.000000  0.000000  0.000000 -0.181357 -0.000000 -0.000000  0.000000 -0.707107 -0.306910  0.156251 -0.042681  0.040552  0.167941  0.208150  0.018049 -0.091394  0.052348  0.507280 -0.068939
 0.000000 -0.000000  0.000000 -0.000000  0.707107  0.000000  0.000000  0.000000 -0.000000  0.000000 -0.000000  0.000000 -0.181357 -0.000000  0.117722 -0.099103 -0.391071  0.412520 -0.278216  0.070617  0.059023 -0.118988 -0.113087  0.086455 -0.004975
 0.000000  0.000000 -0.000000 -0.707107 -0.000000  0.000000  0.140598  0.000000 -0.000000  0.040759  0.000000  0.000000 -0.000000 -0.000000 -0.050818  0.089035 -0.145600  0.242765  0.453046 -0.033386  0.065561  0.189146 -0.181093 -0.197033 -0.264330
-0.000000 -0.000000 -0.000000  0.000000 -0.707107 -0.000000 -0.000000  0.000000 -0.000000  0.000000 -0.000000 -0.000000 -0.181357  0.000000  0.117722 -0.099103 -0.391071  0.412520 -0.278216  0.070617  0.059023 -0.118988 -0.113087  0.086455 -0.004975
 0.000000  0.000000  0.000000 -0.000000 -0.000000  0.000000 -0.000000  0.707107 -0.000000  0.181357  0.000000 -0.000000 -0.000000 -0.000000  0.239216  0.029197  0.034120  0.197613  0.128407 -0.243313 -0.095979  0.304128  0.216232  0.310685  0.219412
 0.000000 -0.000000  0.707107 -0.000000 -0.000000  0.000000 -0.000000 -0.000000 -0.000000  0.181357 -0.000000 -0.000000 -0.000000  0.000000 -0.017360 -0.033258 -0.122523 -0.104709 -0.125918  0.462587  0.000128  0.394157  0.203500 -0.049508 -0.103256
 0.000000 -0.000000 -0.000000  0.000000  0.000000  0.000000 -0.000000  0.000000  0.000000 -0.000000  0.707107 -0.000000 -0.181357 -0.000000 -0.211293 -0.201609 -0.398591 -0.294910  0.146026 -0.179924  0.130032  0.058899  0.060313 -0.017737  0.240722
-0.000000  0.707107  0.000000  0.000000  0.000000  0.000000 -0.000000 -0.000000  0.000000  0.040759 -0.000000  0.000000 -0.140598 -0.000000 -0.006030  0.116435 -0.018484 -0.212506 -0.251539 -0.292579  0.051451  0.209723 -0.184843  0.195970 -0.389102
-0.000000  0.000000 -0.000000 -0.707107 -0.000000  0.000000 -0.140598 -0.000000  0.000000 -0.040759 -0.000000  0.000000 -0.000000  0.000000  0.050818 -0.089035  0.145600 -0.242765 -0.453046  0.033386 -0.065561 -0.189146  0.181093  0.197033  0.264330
 0.000000  0.000000  0.000000 -0.000000 -0.000000 -0.000000  0.000000 -0.000000 -0.000000  0.000000  0.707107  0.000000  0.181357 -0.000000  0.211293  0.201609  0.398591  0.294910 -0.146026  0.179924 -0.130032 -0.058899 -0.060313  0.017737 -0.240722
 0.000000  0.707107 -0.000000  0.000000 -0.000000 -0.000000  0.000000  0.000000 -0.000000 -0.040759  0.000000 -0.000000  0.140598  0.000000  0.006030 -0.116435  0.018484  0.212506  0.251539  0.292579 -0.051451 -0.209723  0.184843 -0.195970  0.389102
-0.000000 -0.000000  0.000000  0.000000 -0.000000  0.000000  0.181357  0.000000  0.707107  0.000000 -0.000000 -0.000000  0.000000  0.000000  0.073196  0.486451 -0.052330 -0.078753 -0.082729  0.085579  0.197576  0.074174 -0.217762 -0.037790  0.329580
-0.000000 -0.000000  0.000000  0.000000  0.000000 -0.000000  0.000000  0.000000 -0.000000 -0.000000 -0.000000  0.000000  0.888464 -0.000000  0.044407  0.004668 -0.384216 -0.055877 -0.104578 -0.146297  0.097749 -0.034531  0.049235  0.065184 -0.090194
-0.000000  0.000000  0.000000 -0.000000  0.000000 -0.000000  0.000000 -0.000000  0.000000  0.888464 -0.000000 -0.000000  0.000000 -0.000000 -0.151455  0.048112  0.025627 -0.048876  0.071342  0.036562  0.070011 -0.386167 -0.090284  0.110631 -0.038599
 0.000000  0.000000 -0.000000 -0.000000  0.000000 -0.000000 -0.000000  0.000000 -0.000000 -0.181357  0.000000  0.000000  0.000000  0.707107 -0.306910  0.156251 -0.042681  0.040552  0.167941  0.208150  0.018049 -0.091394  0.052348  0.507280 -0.068939
 0.888464
