14 32
-0.000000 -0.000000 -0.000000 -0.098705 -0.000000 -0.000000  0.000000 -0.000000  0.033446  0.000000 -0.000000  0.035677  0.000000  0.537403  0.423699 -0.307192  0.304819  0.011431  0.044388 -0.196950  0.073819  0.258147  0.083720  0.090259 -0.120208 -0.217335  0.114218  0.217757 -0.096227 -0.066898 -0.224930 -0.132854
-0.033446  0.098705 -0.000000 -0.000000 -0.000000 -0.537404 -0.000000 -0.000000  0.000000  0.035677  0.000000 -0.000000 -0.000000 -0.000000 -0.051071 -0.221877  0.186707  0.048917  0.131611  0.167827 -0.068478  0.322075 -0.545797 -0.037025  0.087538  0.108952 -0.269198  0.094423  0.056517 -0.017737  0.222404  0.053947
 0.000000  0.000000 -0.000000  0.000000  0.000000  0.000000  0.705232  0.000000 -0.000000  0.000000  0.000000 -0.000000 -0.000000 -0.000000  0.003498  0.254842  0.312840  0.098946  0.047924 -0.047690  0.231608 -0.033546  0.050296 -0.071239  0.022547 -0.023912 -0.157344 -0.139903 -0.401780 -0.030036  0.207930 -0.110065
 0.000000  0.000000 -0.000000 -0.000000  0.000000 -0.000000  0.000000 -0.000000 -0.000000  0.000000  0.000000 -0.000000  0.705232 -0.000000 -0.047223  0.049061 -0.029652 -0.113120  0.151085 -0.071060  0.123782 -0.196478 -0.233697  0.207802 -0.197284 -0.260947  0.184124  0.123696 -0.089806 -0.101593  0.146393  0.329703
 0.000000  0.000000  0.000000 -0.000000  0.000000 -0.000000 -0.000000 -0.000000  0.705232 -0.000000 -0.000000 -0.000000 -0.000000 -0.000000  0.150272 -0.110449 -0.010136  0.245366  0.117803 -0.053978 -0.022886 -0.116132 -0.057682  0.036348  0.327943 -0.003323  0.322156 -0.266148  0.118227 -0.142801  0.225893 -0.067350
 0.000000  0.000000 -0.000000 -0.695099  0.000000 -0.000000  0.000000 -0.000000  0.000000 -0.000000  0.000000 -0.010132 -0.000000 -0.000000  0.060987  0.157135  0.050455 -0.496259 -0.152775 -0.158833 -0.125099  0.001838 -0.097908 -0.163662  0.172691 -0.041634  0.114351  0.023974  0.066574  0.136710  0.240927 -0.111975
 0.000000 -0.000000 -0.000000  0.000000  0.000000 -0.000000 -0.000000  0.000000  0.000000  0.000000  0.000000  0.000000 -0.705232  0.000000 -0.024876  0.006689 -0.049392 -0.130915  0.126697 -0.076564  0.124924 -0.238330 -0.233507  0.232711 -0.162207 -0.241702  0.142542  0.130373 -0.124024 -0.108489  0.145522  0.330198
-0.705232 -0.000000 -0.000000 -0.000000 -0.000000 -0.000000 -0.000000 -0.000000  0.000000  0.000000  0.000000 -0.000000 -0.000000  0.000000 -0.093531 -0.062829  0.155716 -0.213313  0.284300  0.110262 -0.033599  0.139678  0.374288  0.124656  0.201111  0.151992  0.059412  0.021841 -0.036890  0.008312  0.051972  0.281539
-0.000000 -0.000000  0.000000  0.000000  0.000000  0.000000 -0.000000 -0.649919 -0.000000  0.000000  0.000000 -0.000000 -0.055312 -0.000000 -0.164577  0.312050  0.145372  0.131051  0.179609  0.040532 -0.008410  0.308216 -0.001404 -0.183442 -0.258326 -0.141731  0.306234 -0.049173  0.251999  0.050786  0.006414 -0.003648
-0.000000  0.695100  0.000000  0.000000  0.000000  0.000000 -0.000000  0.000000  0.000000 -0.010132  0.000000  0.000000  0.000000  0.000000  0.305183  0.207947 -0.099699 -0.064240  0.090613 -0.280007  0.149028  0.059430 -0.008071 -0.032639 -0.009257  0.095482 -0.213376 -0.258258  0.194417 -0.059949 -0.148424  0.260675
 0.000000  0.000000  0.000000  0.000000  0.000000 -0.000000  0.000000 -0.000000 -0.000000 -0.000000  0.000000  0.705232 -0.000000 -0.000000  0.041813  0.052599  0.027866  0.057110  0.281906 -0.057192  0.162112 -0.291165  0.005175 -0.256965  0.057621  0.191916 -0.024336  0.396266  0.165624  0.029098  0.011556 -0.089752
-0.000000  0.000000  0.000000  0.000000  0.000000 -0.000000  0.000000 -0.000000 -0.000000 -0.000000 -0.000000 -0.705232 -0.000000  0.000000  0.050533  0.027581  0.070589  0.047150  0.289356 -0.069072  0.194739 -0.280695 -0.012138 -0.218028  0.048029  0.205805  0.001938  0.389613  0.162413  0.025486 -0.042665 -0.117990
 0.000000 -0.000000 -0.000000  0.000000  0.000000  0.000000 -0.000000 -0.000000  0.705232  0.000000  0.000000 -0.000000 -0.000000 -0.000000 -0.187045  0.146540  0.034795 -0.250559 -0.137747  0.088542  0.016777  0.075572  0.041430 -0.024202 -0.303505  0.015045 -0.330988  0.245844 -0.086300  0.111208 -0.243294  0.075822
-0.000000 -0.000000 -0.000000 -0.098705 -0.000000 -0.000000  0.000000 -0.000000 -0.033446  0.000000 -0.000000  0.035677  0.000000 -0.537403  0.096182  0.014252  0.524442 -0.034814 -0.133239  0.110894  0.019409 -0.103103 -0.061027  0.198442  0.097444 -0.112935  0.035555  0.036912  0.188128 -0.348285 -0.379911 -0.057395
 0.000000 -0.000000  0.000000  0.000000 -0.000000 -0.000000  0.000000  0.000000 -0.000000  0.705232  0.000000 -0.000000  0.000000  0.000000 -0.150908  0.051865  0.157687  0.173045 -0.066198 -0.451505 -0.360801 -0.049781  0.004931  0.102987 -0.067756  0.218997  0.022058  0.081380 -0.053257 -0.014339  0.005718  0.090091
-0.000000 -0.000000  0.000000 -0.000000 -0.000000 -0.000000 -0.000000 -0.000000  0.000000  0.705232 -0.000000 -0.000000  0.000000 -0.000000  0.159710 -0.040939 -0.159902 -0.162061  0.007537  0.430785  0.404754  0.035623  0.039937 -0.102435  0.059111 -0.204446  0.007180 -0.079709  0.067956  0.024918 -0.003729 -0.062187
 0.033446  0.098705  0.000000 -0.000000 -0.000000  0.537403 -0.000000  0.000000 -0.000000  0.035677 -0.000000  0.000000 -0.000000  0.000000 -0.108112  0.163908 -0.136165  0.058064  0.236653  0.048839 -0.124278  0.303417 -0.332219  0.059397  0.445521 -0.131072 -0.064837  0.229027 -0.218268 -0.033730 -0.187916 -0.048842
 0.000000  0.000000 -0.000000  0.000000 -0.000000 -0.000000 -0.695099 -0.000000 -0.000000 -0.010132 -0.000000 -0.000000 -0.000000  0.000000 -0.006396  0.262041  0.309882  0.143226 -0.064783 -0.061988  0.312381  0.012159  0.050579 -0.063667  0.071781  0.009218 -0.111884 -0.077773 -0.381788 -0.005452  0.218610 -0.041458
-0.000000  0.000000  0.537404  0.000000 -0.033446 -0.000000  0.000000 -0.000000  0.000000  0.000000 -0.098705 -0.035677  0.000000  0.000000  0.336232  0.115722  0.061278  0.191982 -0.103881  0.245866 -0.374520 -0.117385  0.097327 -0.312710  0.042967 -0.205886 -0.078911  0.144255 -0.067426  0.011185  0.078519  0.342570
-0.000000 -0.000000  0.649919 -0.000000  0.055312 -0.000000 -0.000000 -0.000000  0.000000 -0.000000  0.000000  0.000000 -0.000000 -0.000000 -0.285329 -0.075595 -0.144514 -0.091815  0.005976 -0.236764  0.200675  0.166711  0.135307  0.096393  0.000171 -0.074219 -0.140719  0.059401  0.162899 -0.414178  0.165773 -0.227923
-0.000000  0.000000  0.000000 -0.000000  0.000000  0.000000  0.098705  0.537404  0.000000 -0.035677 -0.000000 -0.000000 -0.033446 -0.000000 -0.134534  0.200962  0.061434  0.230081 -0.290706 -0.023391  0.267438  0.349026 -0.002434 -0.080604  0.015996  0.032181  0.353319  0.196213  0.243395  0.118815  0.030811  0.245015
-0.055312 -0.000000  0.000000 -0.000000  0.000000  0.649919 -0.000000 -0.000000  0.000000 -0.000000  0.000000  0.000000  0.000000 -0.000000  0.047167 -0.318997  0.266976 -0.007563 -0.086857  0.098388  0.046139  0.015428 -0.176603 -0.079729 -0.296008  0.198470 -0.168981 -0.111300  0.227214  0.013224  0.339284  0.084994
-0.000000 -0.000000 -0.000000 -0.000000 -0.705232  0.000000 -0.000000  0.000000 -0.000000  0.000000  0.000000 -0.000000 -0.000000  0.000000  0.257981  0.269364 -0.111887 -0.001003 -0.009643  0.166013 -0.066867  0.096210  0.025705  0.349675 -0.135287  0.242910  0.028516  0.157188  0.027488 -0.128768  0.190806 -0.173579
 0.000000  0.000000 -0.000000 -0.000000 -0.000000  0.000000  0.098705 -0.537403  0.000000 -0.035677 -0.000000 -0.000000  0.033446 -0.000000  0.064500 -0.176422 -0.114375  0.071592 -0.507919 -0.072409  0.277608 -0.023722 -0.000737  0.141245  0.328407  0.203586 -0.017031  0.255681 -0.061364  0.057397  0.023054  0.249427
 0.000000  0.000000 -0.000000  0.000000 -0.000000 -0.000000  0.000000  0.000000  0.000000 -0.000000  0.705228 -0.000003  0.000000 -0.000000  0.036148 -0.039255 -0.085911 -0.105938 -0.055173  0.068778 -0.036671  0.062385 -0.069411 -0.329436 -0.097904  0.247384  0.211350 -0.015601 -0.249396 -0.400104 -0.092391  0.091272
-0.000000  0.000000  0.000000 -0.705232  0.000000 -0.000000 -0.000000 -0.000000 -0.000000 -0.000000  0.000000 -0.000000 -0.000000  0.000000 -0.132873 -0.113877 -0.165794  0.492402  0.163015  0.168596  0.110254 -0.023511  0.093326  0.120904 -0.167024  0.087260 -0.133671 -0.059274 -0.078480 -0.076636 -0.152812  0.136993
 0.000000  0.000000 -0.000000  0.000000  0.000000  0.000000 -0.000000 -0.000000 -0.055312 -0.000000  0.000000 -0.000000 -0.000000  0.649920 -0.270816  0.265794  0.181601 -0.038239 -0.146876  0.254549 -0.044990 -0.298709 -0.119688  0.089455  0.179971  0.086326 -0.065045 -0.149536  0.235127 -0.232672 -0.128150  0.062395
 0.000000  0.000000  0.000000  0.000000  0.705232  0.000000  0.000000  0.000000 -0.000000  0.000000  0.000000 -0.000000  0.000000 -0.000000  0.296725  0.279629 -0.092264  0.011464 -0.010454  0.198162 -0.094116  0.073573  0.007332  0.336586 -0.135310  0.252988  0.047624  0.149123  0.005369 -0.072528  0.168296 -0.142630
 0.000000  0.000000  0.000000  0.000000  0.000000 -0.000000  0.000000 -0.000000 -0.000000  0.000000 -0.695103  0.010129  0.000000  0.000000 -0.009816 -0.059710 -0.079748 -0.146237 -0.027501  0.040614  0.034696  0.068002 -0.121299 -0.261979 -0.111562  0.322204  0.261005 -0.066998 -0.261854 -0.337982 -0.144504  0.034453
-0.000000 -0.000000 -0.537404  0.000000  0.033446  0.000000  0.000000 -0.000000  0.000000  0.000000 -0.098704 -0.035677 -0.000000 -0.000000 -0.008836  0.024299 -0.113493  0.080944 -0.096654 -0.040470 -0.131830  0.084230  0.260962 -0.196135  0.043173 -0.295644 -0.249092  0.216093  0.129579 -0.489709  0.279000  0.066927
-0.705232  0.000000 -0.000000 -0.000000  0.000000  0.000000 -0.000000  0.000000 -0.000000 -0.000000 -0.000000 -0.000000 -0.000000  0.000000  0.087126  0.106144 -0.191968  0.214340 -0.272506 -0.123622  0.027334 -0.141773 -0.350308 -0.113830 -0.160918 -0.178941 -0.036467 -0.006728  0.006038 -0.010107 -0.098042 -0.293080
 0.000000  0.705231  0.000000  0.000000  0.000000 -0.000000 -0.000000  0.000000  0.000000 -0.000000 -0.000000 -0.000000 -0.000000 -0.000000 -0.278519 -0.196846  0.091193  0.048344 -0.140854  0.245660 -0.119909 -0.146121  0.130842  0.029039 -0.065484 -0.091015  0.257062  0.209278 -0.168986  0.066291  0.141465 -0.257645
 0.705232
