11 27
 0.000000 -0.000000 -0.000000 -0.000000 -0.697005 -0.000000  0.000000 -0.000000  0.000000  0.000000  0.000000 -0.107171 -0.024714 -0.012418  0.412439  0.027567  0.171112  0.032980 -0.204864 -0.090679 -0.179456  0.321677  0.104857 -0.281319 -0.139501 -0.049574 -0.052676
 0.639070  0.000000 -0.000000  0.000000 -0.000000 -0.000000  0.000000 -0.000000  0.000000  0.057935 -0.000000 -0.028949  0.032680  0.051864 -0.160832 -0.092100 -0.045729 -0.442586  0.099756  0.276749 -0.218301  0.358466  0.002627 -0.084604  0.245711  0.033710  0.141226
 0.000000  0.639070  0.000000 -0.000000  0.000000 -0.000000 -0.000000  0.000000  0.000000  0.057935  0.000000 -0.043568 -0.019548 -0.171028  0.033455  0.207912  0.132310 -0.275520  0.156785 -0.258639 -0.281528 -0.278884 -0.354008 -0.148305  0.052648 -0.109673 -0.091174
 0.000000 -0.000000  0.000000  0.000000  0.000000  0.000000  0.000000 -0.000000 -0.697005  0.000000  0.000000  0.008645  0.031536  0.109409  0.098442  0.064808  0.121176 -0.071238 -0.246976  0.049946  0.298828  0.003370 -0.385687 -0.049200  0.012275  0.034428  0.402719
-0.000000  0.000000 -0.000000  0.000000  0.000000  0.000000 -0.000000 -0.000000 -0.000000 -0.697005  0.000000 -0.161707  0.232196 -0.286042  0.136411  0.134542  0.027215 -0.117960 -0.045051  0.054166  0.187284  0.183740 -0.120392  0.280331  0.229217 -0.062374 -0.278612
-0.543870  0.000000  0.000000 -0.000000 -0.000000 -0.000000 -0.000000  0.000000  0.119097  0.034038  0.000000 -0.136254  0.229762 -0.042277 -0.065403 -0.079393  0.036550 -0.364478  0.064580 -0.171358  0.056645  0.121425  0.267875 -0.169335  0.382854  0.157163  0.384399
 0.000000 -0.000000  0.000000 -0.000000  0.119097 -0.000000  0.000000  0.000000 -0.000000 -0.034038  0.543870  0.211208  0.059454  0.142532 -0.172597  0.137823 -0.383809 -0.109444 -0.358376 -0.413361 -0.014793  0.258023 -0.042983 -0.118056 -0.062559 -0.087015 -0.137716
-0.000000  0.000000 -0.639070 -0.000000  0.000000 -0.000000  0.000000 -0.000000  0.000000 -0.057935  0.000000  0.225931 -0.317077 -0.098919  0.168404  0.048964 -0.068861  0.015690 -0.132195 -0.034743 -0.165414 -0.037051 -0.023523  0.119576  0.211134  0.533118  0.007662
-0.000000  0.000000  0.000000  0.000000  0.000000 -0.000000  0.000000  0.000000  0.000000 -0.697005  0.000000  0.123272 -0.121953  0.280880 -0.181163 -0.120941  0.065770  0.020651  0.156130 -0.028529 -0.228289 -0.150081  0.058802 -0.320523 -0.267234  0.059877  0.268329
-0.000000  0.000000 -0.543870  0.000000 -0.000000 -0.000000 -0.000000 -0.119097  0.000000  0.034038  0.000000 -0.330139  0.119555 -0.358506 -0.388092 -0.263737  0.069871  0.111075 -0.094602 -0.059799 -0.018115  0.126573 -0.096157 -0.041916 -0.271796 -0.264390  0.126514
-0.000000  0.000000  0.000000 -0.000000  0.000000  0.000000  0.000000 -0.000000 -0.697005  0.000000  0.000000 -0.049396  0.040421 -0.134270 -0.088501 -0.073448 -0.099504  0.035544  0.249017 -0.164071 -0.235640 -0.033847  0.476703  0.008318  0.069228  0.012512 -0.299710
 0.000000  0.000000 -0.000000  0.000000  0.000000  0.000000  0.000000 -0.697005  0.000000 -0.000000 -0.000000  0.442445  0.113391 -0.085902  0.089269 -0.313429  0.082520  0.077368  0.066102  0.028084  0.121424 -0.008660 -0.092534 -0.259363  0.224397 -0.104379 -0.148761
 0.000000 -0.000000  0.543870 -0.000000 -0.000000 -0.000000 -0.000000 -0.119097  0.000000 -0.034038  0.000000 -0.064661 -0.253023 -0.474741 -0.190210 -0.206202 -0.011043  0.129512 -0.249937 -0.100624 -0.212484  0.083037 -0.123797  0.098591 -0.023704  0.362045  0.135518
-0.000000 -0.000000  0.000000  0.000000  0.697005  0.000000  0.000000 -0.000000  0.000000 -0.000000 -0.000000 -0.200607 -0.079276 -0.027389  0.484439 -0.050347  0.196441  0.080551 -0.095088 -0.010395 -0.178378  0.253806  0.087834 -0.246665 -0.081882 -0.062920 -0.002149
-0.000000  0.000000  0.000000  0.000000 -0.000000 -0.000000  0.000000 -0.000000 -0.000000 -0.057935 -0.639070 -0.105880 -0.170557  0.168034  0.064830 -0.153474 -0.527113  0.050654 -0.063229 -0.303706 -0.019809  0.101137 -0.157942 -0.028339  0.180496 -0.214578  0.017256
 0.000000  0.000000  0.000000 -0.697005  0.000000 -0.000000 -0.000000  0.000000 -0.000000  0.000000 -0.000000  0.020632 -0.183047 -0.254097 -0.043689  0.328214 -0.182965  0.110127  0.275785  0.081534  0.235232  0.163084  0.004819 -0.298535 -0.038112  0.031374  0.065047
 0.000000 -0.000000  0.000000 -0.000000 -0.000000  0.000000 -0.000000  0.697005  0.000000 -0.000000  0.000000  0.374986  0.090585 -0.228279 -0.009545 -0.393727  0.092572  0.118477  0.007231  0.000673  0.082021  0.027156 -0.130117 -0.249679  0.173905 -0.087693 -0.103988
 0.000000  0.000000 -0.000000  0.000000  0.000000 -0.000000 -0.639070 -0.000000  0.000000  0.057935 -0.000000 -0.080987  0.283870  0.151540  0.042100 -0.123519 -0.020758  0.091873  0.338614 -0.174088  0.022761  0.224061 -0.268437  0.038089 -0.177307  0.376730 -0.098320
 0.000000  0.000000  0.000000  0.000000  0.000000 -0.697005 -0.000000  0.000000  0.000000 -0.000000  0.000000 -0.239494 -0.084275  0.025403 -0.010189 -0.178044 -0.107890 -0.253250 -0.146949  0.124390  0.228438 -0.204541  0.005974 -0.270105 -0.104782  0.204036 -0.291221
-0.000000 -0.000000 -0.000000  0.000000  0.119097 -0.000000  0.000000  0.000000  0.000000  0.034038 -0.543870  0.335622  0.259866 -0.054915 -0.248775  0.318162  0.235571 -0.168965 -0.284080 -0.056494  0.008483  0.139183  0.142606 -0.084757 -0.274649  0.165123 -0.157992
 0.000000 -0.000000  0.000000  0.119097  0.000000 -0.000000  0.543870  0.000000  0.000000  0.034038 -0.000000 -0.204868 -0.047032  0.268904 -0.249633  0.062591  0.262837  0.270343  0.207414 -0.177155  0.105191  0.269011 -0.211984 -0.123664  0.182074  0.252224 -0.221661
 0.000000  0.543870  0.000000  0.000000 -0.000000 -0.119097  0.000000 -0.000000 -0.000000 -0.034038  0.000000 -0.042708  0.364211  0.104307 -0.046244  0.049032 -0.243076  0.470689 -0.219291  0.349514 -0.099379  0.051473  0.147339 -0.067353  0.146602  0.118227  0.117657
 0.543870 -0.000000 -0.000000 -0.000000  0.000000 -0.000000 -0.000000  0.000000  0.119097 -0.034038  0.000000 -0.102238  0.191362 -0.103220  0.123581  0.028828  0.090284  0.155579 -0.052638 -0.496550  0.313158 -0.299787  0.264789 -0.069923  0.094133  0.117553  0.218453
 0.000000 -0.543870  0.000000  0.000000 -0.000000 -0.119097 -0.000000  0.000000 -0.000000  0.034038  0.000000 -0.093902  0.341242 -0.096658 -0.006934  0.293337 -0.087606  0.146942 -0.035061  0.045602 -0.430185 -0.276226 -0.268635 -0.241617  0.208466 -0.010643  0.010523
-0.000000 -0.000000 -0.000000  0.000000  0.000000 -0.697005  0.000000  0.000000 -0.000000 -0.000000  0.000000  0.262837 -0.036265 -0.026710  0.019275  0.119543  0.164394  0.147716  0.190410 -0.191903 -0.137951  0.242944  0.014752  0.322898  0.044112 -0.222419  0.269319
-0.000000  0.000000  0.000000  0.119097  0.000000  0.000000 -0.543870  0.000000 -0.000000 -0.034038 -0.000000 -0.109704 -0.380591  0.090838 -0.299102  0.207731  0.287228  0.162388 -0.190472  0.027405  0.078446  0.005730  0.103441 -0.168420  0.390417 -0.190449 -0.106131
-0.000000 -0.000000 -0.000000 -0.697005  0.000000 -0.000000  0.000000 -0.000000 -0.000000  0.000000 -0.000000 -0.074383  0.109979  0.315566 -0.050073 -0.282024  0.276954 -0.036186 -0.272890 -0.107121 -0.203855 -0.116139 -0.023366  0.248626  0.135934 -0.020818 -0.121057
 0.697005
