20 24
 0.000005 -0.999678  0.000015 -0.000014 -0.000050 -0.000004  0.000014 -0.000001  0.000038  0.000004  0.000008 -0.000011 -0.000004 -0.000000  0.000003 -0.000038  0.000018 -0.000000  0.000058 -0.000018 -0.008556 -0.002354 -0.020589  0.011887
 0.000010 -0.000011 -0.999652 -0.000008  0.000009 -0.000001  0.000004  0.000213  0.000000  0.000007 -0.000020 -0.000011  0.000002  0.000000 -0.000008  0.000002 -0.000007 -0.000004 -0.000001  0.000006  0.002403 -0.022377  0.007861  0.011298
 0.002809  0.016765  0.000151 -0.185262  0.002059  0.000614  0.001105 -0.000029  0.001575  0.000085  0.001791 -0.725283 -0.002063 -0.052066  0.000065  0.002719 -0.000150 -0.000105 -0.003074 -0.000420 -0.248751 -0.057063 -0.521549  0.315378
-0.000000 -0.000003 -0.000002 -0.000000  0.000001 -0.000001  0.000000 -0.000000  0.000002  0.000007 -0.000001  0.000001 -0.000000 -0.000000  0.000001 -0.000001 -0.000001 -0.999973 -0.000001 -0.000002  0.003386  0.003717  0.001317  0.005192
-0.000204 -0.001990 -0.000009  0.000169 -0.000048 -0.000103 -0.000104  0.000004 -0.000104 -0.000010 -0.000046 -0.000019  0.000050 -0.996914 -0.000008  0.000055  0.000028  0.000014 -0.000011  0.000049  0.029303  0.006727  0.062320 -0.037026
 0.007045  0.000108  0.017648 -0.001717 -0.717101 -0.057062 -0.001738  0.005390 -0.000331  0.000210 -0.182197 -0.000224  0.001569  0.000085 -0.000207 -0.001283  0.000497 -0.000009  0.004178 -0.000551  0.099459 -0.565182  0.187489  0.290553
 0.000212  0.000022 -0.000010 -0.000103  0.000011 -0.000002 -0.996015 -0.000015 -0.000004 -0.000081 -0.000098  0.000022 -0.000148 -0.000050 -0.000006  0.000059  0.000071 -0.000654  0.000002  0.002355 -0.037922 -0.043420 -0.018780 -0.065354
-0.008890 -0.000219  0.000555  0.000257  0.000380 -0.001746  0.060758  0.000080  0.000627 -0.000617 -0.001323 -0.001560 -0.187835  0.000266 -0.000058  0.707390  0.000275 -0.004981 -0.001347  0.017865 -0.293242 -0.344739 -0.113618 -0.492389
-0.001330 -0.000168  0.000156  0.000373 -0.002129  0.000544 -0.000460 -0.000048  0.020496 -0.000114  0.000915 -0.001295  0.000146 -0.000135 -0.000014  0.000614 -0.004966 -0.000053  0.965604 -0.000039 -0.211163  0.046671  0.128848  0.061523
 0.000000 -0.000000  0.000001 -0.000002 -0.000002 -0.000002 -0.000002  0.999968 -0.000003 -0.000002  0.000003  0.000001  0.000001 -0.000002  0.000003 -0.000002 -0.000000  0.000000  0.000000  0.000002 -0.001130  0.006818 -0.002324 -0.003407
-0.000126 -0.000078  0.000097 -0.000193  0.000037 -0.000062 -0.000079 -0.000003 -0.996881 -0.000035 -0.000378 -0.000227 -0.000057 -0.000021 -0.000005 -0.000160 -0.001493 -0.000023 -0.000016  0.000013 -0.064743  0.012200  0.038761  0.019588
-0.001886  0.006742  0.000107  0.963581  0.000446  0.000061  0.000393  0.000007  0.000464  0.000034 -0.000199 -0.001691 -0.000710 -0.020826  0.000025  0.000733 -0.000097 -0.000047 -0.001562 -0.000143 -0.101264 -0.024929 -0.209230  0.127943
 0.000017 -0.000026  0.002231  0.000005 -0.000167  0.996405 -0.000014  0.000683 -0.000068  0.000024  0.000095 -0.000001 -0.000067 -0.000005 -0.000026 -0.000077  0.000049 -0.000019 -0.000001  0.000004  0.011558 -0.072421  0.024480  0.034556
-0.000908 -0.000055  0.006846  0.000331 -0.000045 -0.022234 -0.000696  0.002093 -0.000113  0.000078  0.965212 -0.000064  0.000444  0.000239 -0.000081  0.000134  0.000108 -0.000012 -0.000108 -0.000190  0.035344 -0.219081  0.077943  0.111793
 0.000000 -0.000000 -0.000000 -0.000000 -0.000000  0.000000 -0.000000  0.000000  0.000000  0.999999  0.000000 -0.000000  0.000000 -0.000000 -0.000000  0.000000  0.000000  0.000000 -0.000000  0.000000 -0.000738 -0.000118  0.000076 -0.000748
 0.000248  0.000040  0.018205 -0.002901  0.696566 -0.058451 -0.002107  0.005549  0.002242  0.000205 -0.187472  0.005512  0.002901 -0.000081 -0.000214  0.001006 -0.000130  0.000008 -0.001175 -0.000655  0.077309 -0.574850  0.208653  0.309593
 0.703167  0.000662 -0.000618  0.004152  0.019533 -0.000751  0.002728  0.000059 -0.054197  0.000285  0.000860 -0.004580 -0.004599 -0.000008  0.000038 -0.003151  0.013075  0.000028  0.185667  0.000531  0.548639 -0.123714 -0.346874 -0.175736
 0.000026  0.000001  0.000000  0.000018  0.000020  0.000004 -0.000008 -0.000005  0.000017 -0.000008 -0.000016 -0.000014  0.000006  0.000020 -0.000001  0.000002  0.999817 -0.000001  0.000004 -0.000009 -0.015394  0.003817  0.009577  0.004843
 0.710823 -0.000955  0.000466  0.001972 -0.012392  0.001222 -0.001092 -0.000108  0.053476 -0.000299  0.002173 -0.002537  0.001420  0.000661 -0.000038  0.005664 -0.012979 -0.000134 -0.181924 -0.000121 -0.546041  0.121522  0.348555  0.154857
 0.006247 -0.000059 -0.000555  0.001242 -0.002460  0.001813 -0.060733 -0.000073 -0.001563  0.000620  0.001024 -0.002022  0.187578  0.000536  0.000058  0.706755 -0.000109  0.004988  0.002826 -0.017882  0.304092  0.344135  0.116659  0.486520
-0.010248 -0.017663 -0.000002  0.192758  0.003567 -0.001098 -0.001191  0.000075 -0.001185 -0.000089 -0.003434 -0.688401  0.001869  0.054929 -0.000070 -0.006538  0.000107  0.000106  0.000845  0.000406  0.261487  0.055866  0.552301 -0.330009
 0.000627 -0.000044 -0.000128  0.000224  0.000267  0.000347 -0.023530 -0.000002 -0.000027  0.000240  0.000030  0.000163 -0.964101  0.000235  0.000021 -0.000307 -0.000150  0.001941 -0.000183 -0.006968  0.114379  0.132407  0.050333  0.191717
-0.000000  0.000000 -0.000000 -0.000000  0.000000  0.000000  0.000000 -0.000000 -0.000000  0.000000 -0.000000 -0.000000  0.000000 -0.000000 -1.000000 -0.000000  0.000000 -0.000000 -0.000000 -0.000000  0.000005  0.000285 -0.000183 -0.000042
-0.000004 -0.000001  0.000009 -0.000003 -0.000000 -0.000011  0.000007  0.000003  0.000012  0.000024  0.000005 -0.000027 -0.000004  0.000008  0.000002  0.000004 -0.000007  0.000191 -0.000010  0.999653  0.011087  0.012645  0.004521  0.019778
 1.000000
