3 44
-0.000000 -0.265353  0.000000  0.116104  0.074289  0.046894  0.222827  0.156901 -0.095779  0.044219 -0.180921  0.273849 -0.043700 -0.210444 -0.026738  0.099258 -0.002357 -0.014428  0.085200  0.032802 -0.154415 -0.174227  0.054984  0.277230  0.145206  0.011021 -0.201886  0.146437  0.115596 -0.169985 -0.071630 -0.001824 -0.151580  0.239327  0.392153  0.137824  0.007656  0.162675  0.238006 -0.077645  0.076153  0.130842 -0.033573 -0.137105
 0.265353 -0.000000  0.000000 -0.009961  0.037518  0.018603  0.175260 -0.122481 -0.158587  0.229305 -0.019581 -0.072146  0.116430 -0.030834 -0.142063  0.063469  0.051495 -0.097170  0.146301  0.123394 -0.054366  0.191313  0.076858  0.021186  0.205872  0.076600 -0.048253 -0.278779  0.075430  0.121871  0.213217  0.302030 -0.158148  0.102893 -0.229426  0.266499 -0.218316 -0.202562  0.024429  0.238096 -0.116018  0.226372  0.005821 -0.099246
-0.000000  0.000000 -0.265353 -0.181563 -0.245628 -0.158010 -0.266589  0.170593  0.034608 -0.143529 -0.268459 -0.244617  0.070040 -0.148706 -0.065202 -0.131997  0.116990  0.014787 -0.057426 -0.016589 -0.211949  0.144922 -0.317576  0.208532  0.088757 -0.157288  0.030515 -0.102201  0.095662  0.077353  0.151778 -0.075002  0.076649  0.176466 -0.141803  0.083608  0.164978  0.047851  0.091648 -0.063658  0.183864  0.022214 -0.080011 -0.215508
 0.000000  0.265353  0.000000 -0.113963  0.064226  0.126879  0.022793  0.064789 -0.077640 -0.099048 -0.049592 -0.157038 -0.176717  0.145712  0.223274 -0.401858 -0.147791 -0.246051 -0.160315  0.059513 -0.271002 -0.048407  0.181588 -0.044022 -0.114894  0.225657 -0.066591  0.042319 -0.059741  0.098220  0.048909  0.392874  0.006491  0.162226  0.090621  0.013409  0.063369  0.219771  0.111879 -0.044641 -0.043451  0.028222 -0.125352  0.047926
 0.000000  0.000000  0.265353  0.227576  0.148955 -0.183434  0.079497 -0.146298  0.263869 -0.069403 -0.144200 -0.106377 -0.166104  0.146983  0.020506 -0.059690 -0.110426  0.036114 -0.162916 -0.014618  0.011408 -0.269610  0.097408  0.011736  0.311161 -0.160186  0.189954 -0.182102 -0.064501 -0.305460  0.178874  0.064422 -0.003325 -0.062088 -0.103752  0.120181  0.318249 -0.069049 -0.016047 -0.048128 -0.009574  0.051908 -0.024944 -0.212992
 0.000000  0.265353 -0.000000 -0.107982 -0.119199 -0.129134 -0.028970 -0.154124 -0.014855  0.112027  0.026792  0.018973 -0.230992 -0.121932 -0.163781 -0.062979 -0.192556  0.025024 -0.042247 -0.030631  0.055295 -0.164129 -0.143612  0.359153  0.019195 -0.125358  0.152783  0.090533  0.039508 -0.036486  0.021464  0.180221  0.010809  0.153256  0.163950  0.167879 -0.306356 -0.049949 -0.368943 -0.150159 -0.011056 -0.137851  0.268304  0.145943
-0.000000  0.265353 -0.000000  0.176280  0.010173  0.012211  0.382044 -0.129689  0.383159 -0.137953 -0.189428 -0.033881 -0.040158 -0.075464 -0.149731  0.003715  0.231659  0.177916  0.039907 -0.005719 -0.003130  0.018821 -0.067914 -0.108524 -0.269385  0.105402 -0.090482 -0.090011 -0.022548  0.055782 -0.121418  0.057068  0.089599  0.029704 -0.064269  0.123958 -0.251522  0.085375  0.217066 -0.028166  0.178926 -0.258321  0.055183 -0.170078
-0.265353 -0.000000 -0.000000  0.392357 -0.066789 -0.062853  0.118988 -0.008301 -0.054188  0.170821 -0.181843 -0.021274 -0.040628 -0.111825  0.159439 -0.035122 -0.282366  0.046079 -0.273838  0.078034 -0.027685  0.235966 -0.088435 -0.075845  0.124859 -0.115364 -0.093508 -0.179506  0.148448  0.276423 -0.035037 -0.093852  0.265734  0.048833  0.213577 -0.009800  0.012977 -0.057806 -0.012526  0.266688 -0.099450 -0.084999 -0.009564  0.156708
-0.000000 -0.265353 -0.000000  0.057815 -0.129152 -0.079246  0.022889 -0.131804  0.093810  0.180671 -0.194329  0.149703 -0.089151  0.063402 -0.199318  0.120795 -0.041969 -0.170254 -0.035019 -0.134560 -0.100270  0.242164  0.073193 -0.128302 -0.071173  0.253821  0.086186  0.002789 -0.262204  0.049933 -0.226819  0.049951  0.069825  0.257720 -0.102942  0.033350  0.164606  0.130906 -0.424899 -0.144503  0.147641  0.070905 -0.131606 -0.044428
-0.000000 -0.265353 -0.000000 -0.016130  0.111615 -0.075449 -0.131040  0.035962  0.202004 -0.168949 -0.237871  0.028406 -0.176355  0.293813 -0.063916  0.076621 -0.043967  0.005221  0.116932  0.237386 -0.020804  0.019657 -0.248615 -0.040887  0.116719  0.009170 -0.226032  0.198547  0.044946  0.150590  0.149380  0.121683 -0.168322 -0.098382  0.005689 -0.076290 -0.209143  0.061058 -0.145729  0.004933 -0.345578 -0.267556 -0.174174 -0.048233
 0.265353 -0.000000  0.000000  0.093709  0.096517 -0.288564  0.220752 -0.015895 -0.275696 -0.092125  0.011139 -0.168129  0.244056 -0.130011 -0.121596 -0.004539 -0.011708 -0.170959 -0.169207  0.087767  0.051420  0.034130 -0.008053  0.251893 -0.121770  0.035335 -0.159927  0.081481 -0.002151 -0.189930 -0.051687  0.048030  0.124822 -0.327372 -0.015249  0.031785  0.079218  0.065090 -0.161850  0.009997  0.060437 -0.240385 -0.350497  0.087285
 0.265353  0.000000 -0.000000  0.023623 -0.235064 -0.232748  0.205127  0.116831  0.127617 -0.075560  0.098176 -0.123476  0.028545  0.037189  0.002841  0.179196  0.291011  0.014577 -0.198167 -0.110438 -0.317758 -0.033535  0.038364 -0.245851  0.125273 -0.033465 -0.085734 -0.051925  0.103320 -0.000586  0.136928  0.019493 -0.189642  0.081745  0.192824 -0.187185  0.054726 -0.017195 -0.088883 -0.128813 -0.055923  0.008242  0.185584  0.381251
 0.265353 -0.000000  0.000000  0.011050  0.124064  0.196350  0.115456  0.132270 -0.072461  0.193791 -0.064031 -0.096383 -0.138571 -0.195585  0.194405 -0.167596 -0.131568  0.023722 -0.143548  0.126714 -0.060138 -0.105655 -0.223678 -0.115940 -0.108538  0.156231 -0.113064 -0.138436  0.091371 -0.074996 -0.075291 -0.271246 -0.230714  0.000293 -0.104105 -0.242201 -0.037068 -0.173273 -0.278176 -0.150649  0.019255 -0.032258  0.117337 -0.318808
-0.265353 -0.000000 -0.000000  0.047993  0.020932 -0.071576  0.104180 -0.116967 -0.038915  0.145843  0.072046 -0.055777  0.294941 -0.119741  0.284031  0.091972 -0.017687  0.070956  0.310558  0.058205 -0.177802 -0.091815 -0.098109  0.098077 -0.088800  0.233164  0.078613 -0.062818 -0.134989  0.043114  0.280543 -0.060563 -0.146797  0.060608 -0.078970  0.140791  0.264801  0.219197 -0.089306 -0.060298 -0.168868 -0.314081  0.162724  0.040498
 0.000000 -0.000000  0.265353 -0.037559 -0.066751  0.033679  0.115132 -0.083220 -0.164991 -0.319011 -0.009483 -0.032840  0.098757  0.075546 -0.122928  0.212403 -0.349038 -0.149252  0.140824 -0.173984 -0.306985 -0.163505 -0.237055  0.112938  0.146268  0.123677  0.002578 -0.122688 -0.071176  0.178117 -0.204313 -0.010311  0.171600 -0.076368 -0.124556 -0.240186 -0.077816 -0.083712  0.166589 -0.083215 -0.006667  0.063838  0.144083 -0.030655
-0.000000  0.000000  0.265353 -0.031035  0.033280 -0.061338 -0.061471  0.187566 -0.242457  0.087739  0.126586 -0.177961 -0.139069 -0.060220  0.005606  0.263973 -0.015851  0.184933 -0.081138 -0.034346  0.054568  0.025437 -0.200217 -0.191686 -0.173810 -0.211616  0.166296 -0.191913 -0.244635  0.168802 -0.094738  0.138656 -0.199723  0.004453  0.197949  0.223636 -0.035547  0.067043  0.133177 -0.230170 -0.056639 -0.024357 -0.283496 -0.097470
 0.000000 -0.000000  0.265353 -0.021425 -0.022679 -0.022218 -0.211331 -0.059953  0.072854 -0.024086 -0.082910 -0.028824  0.098585 -0.000983  0.052946  0.066891  0.004350 -0.135692  0.095355  0.450751 -0.278847  0.169393 -0.158036 -0.157735 -0.241994 -0.008146  0.017066  0.094383 -0.110282 -0.327270  0.025398  0.038058  0.131849 -0.094165  0.277274  0.134360 -0.022722 -0.209966 -0.019366  0.125538  0.175629  0.138082  0.202882  0.009296
 0.000000  0.265353 -0.000000 -0.304939  0.235490 -0.126178  0.123925  0.200637 -0.057194 -0.201426  0.029506 -0.055266 -0.115214  0.051109 -0.041167  0.072945 -0.073125  0.034685  0.066209 -0.099745 -0.129792  0.256177  0.198756 -0.074194  0.235775  0.027722 -0.021937  0.049058 -0.161577 -0.087998 -0.104969 -0.408147 -0.004330  0.117329  0.108881  0.227080 -0.018444  0.006219 -0.143392  0.258772 -0.112972 -0.148733  0.047588 -0.132737
-0.000000 -0.265353  0.000000 -0.036299  0.067636  0.085859  0.146085 -0.034183 -0.230680  0.126499 -0.103978 -0.118501 -0.293425  0.229826  0.006017  0.006762 -0.050885  0.110149  0.080198 -0.038273 -0.253710  0.103601  0.197597  0.022317 -0.096841 -0.031815  0.275566  0.084588  0.216776  0.014500  0.279354 -0.188030  0.088341 -0.150876 -0.094583  0.057935 -0.162195 -0.046594  0.106468 -0.138811  0.334518 -0.187844 -0.021070  0.140780
-0.000000  0.000000  0.265353 -0.295213 -0.017148  0.363763  0.123000  0.030630  0.024645  0.158775 -0.054402 -0.153443 -0.101559 -0.085782 -0.087646  0.086117  0.222003 -0.183539  0.108748  0.121997  0.202713 -0.016763 -0.083390 -0.015334  0.268870 -0.063999 -0.009174  0.016953  0.122022  0.084026 -0.104335  0.155847  0.127444  0.058926  0.077293 -0.094500  0.347286 -0.030967 -0.021461  0.090027  0.153940 -0.349182  0.020505  0.075743
-0.265353  0.000000  0.000000  0.018615 -0.005670 -0.276975 -0.019531 -0.077856 -0.166020  0.132470  0.276258 -0.136814 -0.136115 -0.098463 -0.135792  0.036197  0.208691  0.069593  0.060227 -0.022578 -0.162565 -0.088476  0.024343 -0.165379  0.007900  0.154166  0.078174  0.153889  0.290347 -0.121862 -0.006156  0.158537  0.257058  0.088887  0.057684 -0.269005 -0.054790 -0.015809 -0.035920  0.092146 -0.160478  0.003052 -0.093709 -0.409886
 0.000000 -0.000000 -0.265353 -0.111579 -0.403729  0.082116  0.050574 -0.094718  0.158170  0.228504  0.155590 -0.166840  0.025330  0.218307  0.244680  0.244766 -0.160406  0.009646 -0.102348  0.193420 -0.108736  0.001829  0.151220  0.089183  0.145962 -0.064055 -0.113458  0.036868  0.004943 -0.168922 -0.343949  0.014139  0.018798 -0.118360 -0.071927  0.153817 -0.061088 -0.023020  0.131141 -0.144572 -0.092149 -0.118320 -0.054767 -0.156236
 0.265353 -0.000000  0.000000  0.178639 -0.224051  0.142538  0.085521 -0.010696 -0.115841 -0.392105  0.110865  0.231621 -0.159127 -0.264113  0.241819 -0.066135  0.028114  0.230613  0.173957  0.235608 -0.018834  0.139434 -0.028217 -0.089685  0.181443 -0.004470  0.293585  0.112792  0.013077 -0.057010 -0.053538  0.085808  0.162694  0.088029 -0.154801  0.051074  0.036496  0.028302 -0.092171 -0.063939 -0.117628 -0.022351 -0.146122  0.060146
-0.265353 -0.000000 -0.000000 -0.059827  0.118293 -0.197755  0.179297  0.225099  0.063110  0.071123  0.211702  0.169139 -0.193189 -0.168495  0.099057 -0.023896  0.034716 -0.287638  0.045188  0.137955  0.057402  0.228262 -0.047660 -0.020742  0.166555 -0.163765 -0.223275 -0.085191 -0.215718 -0.071741  0.162621  0.062163  0.142785 -0.098452 -0.246191 -0.109572 -0.147893  0.065387  0.061520 -0.336810  0.113079  0.065495  0.101438  0.036291
 0.265353 -0.000000  0.000000  0.048644  0.224959  0.064897 -0.010309 -0.190321  0.179993  0.079456  0.086270 -0.207500 -0.027225  0.022407 -0.018798  0.014101 -0.076929 -0.043336  0.046906 -0.143699  0.150383  0.472116 -0.152349  0.154396 -0.010973  0.127473  0.103072  0.063317  0.142870 -0.086066  0.051189 -0.070380  0.141219  0.028717  0.217620 -0.064891  0.111586  0.135407  0.212295 -0.301820 -0.295579  0.120085  0.119340 -0.012491
-0.000000 -0.000000  0.265353 -0.169659 -0.470088  0.036195  0.368029  0.068282  0.115655  0.128376  0.080303  0.189827 -0.005375  0.120234 -0.032123 -0.280704 -0.045183 -0.067790  0.062393 -0.189622  0.004122  0.069270 -0.169042  0.066384 -0.174993 -0.099862  0.017333  0.104611 -0.045320 -0.017125  0.237744 -0.142424 -0.013809 -0.135334  0.091879  0.011114  0.043176 -0.025985 -0.008206  0.154405 -0.175199  0.106545 -0.194237 -0.152254
-0.000000 -0.265353  0.000000 -0.183909  0.054145 -0.072924  0.099845  0.024321 -0.054160  0.087062 -0.254945 -0.064280  0.104393 -0.145372  0.205287 -0.058776 -0.004823  0.109779 -0.231067 -0.244393  0.049560  0.085486 -0.104942 -0.040301  0.029446 -0.014010  0.182772  0.230183 -0.290611 -0.273423 -0.077982  0.246226 -0.027699  0.103129 -0.153870 -0.156563 -0.175885 -0.092571  0.214883  0.215506 -0.120063 -0.149981  0.160604  0.065545
 0.000000  0.000000  0.265353  0.070826  0.033491  0.100380 -0.048095  0.107823  0.013198 -0.066992  0.068068  0.151526  0.176424  0.088535  0.115583  0.150571  0.293809 -0.084439 -0.479908  0.128191 -0.042303  0.083882  0.153453  0.318222  0.013039  0.073536  0.189030  0.165905 -0.031929  0.314838  0.101832 -0.049422  0.056719  0.008408 -0.037982  0.017858 -0.106039 -0.017114 -0.064533 -0.066017 -0.040782 -0.054678  0.155573 -0.287392
-0.000000  0.265353  0.000000  0.131546  0.161331  0.087616 -0.087620 -0.003500  0.069696  0.107917  0.044264  0.222455 -0.108161 -0.114558  0.034126  0.227721 -0.059737 -0.182239 -0.082573 -0.269464 -0.284606  0.096057 -0.201445 -0.078558 -0.082119 -0.183800 -0.013618  0.326356  0.281353 -0.024994 -0.067264  0.106510 -0.204577 -0.130521 -0.300596  0.166785  0.184837  0.001169  0.027338  0.117333  0.008320 -0.024083 -0.040341  0.031879
 0.000000  0.265353  0.000000  0.170093 -0.047572 -0.118739 -0.030965 -0.316660 -0.176288  0.180873 -0.133812 -0.015204 -0.154621  0.041020 -0.082886 -0.098361  0.247615 -0.163456  0.054406  0.217476 -0.059650 -0.027248 -0.047284  0.093728  0.113261 -0.051527  0.084524  0.183900 -0.295619  0.066337 -0.096726 -0.318973 -0.224907  0.126837 -0.046012 -0.215971  0.009658 -0.125982  0.255516 -0.033967 -0.084952  0.000780 -0.162297  0.121056
-0.059637 -0.000000  0.205717  0.094142  0.029289  0.207740 -0.128179  0.204044  0.044663  0.115658 -0.048849 -0.123525  0.107685 -0.055484 -0.112726 -0.072857  0.099173  0.090189  0.000229 -0.125459 -0.112390 -0.154941  0.046863 -0.015739 -0.013642  0.076348 -0.252655  0.100849 -0.030067 -0.128961  0.039783 -0.133126  0.329471  0.212981 -0.196597  0.252974 -0.082566 -0.300496 -0.012775 -0.258390 -0.287476 -0.012688 -0.181153  0.227167
-0.000000  0.000000 -0.265353 -0.264297  0.173755  0.160437  0.128165 -0.010083  0.208427  0.062336 -0.142731  0.072339 -0.031098 -0.306196 -0.202613  0.180125 -0.045612 -0.008328 -0.087898  0.193902 -0.238057 -0.167073  0.153410  0.033403 -0.171690 -0.165941  0.253491 -0.119933 -0.121357  0.091172  0.081321 -0.025536  0.170025 -0.176226  0.041975 -0.150284  0.061441  0.021708 -0.020482  0.023810 -0.309762  0.134574 -0.123322  0.068110
-0.000000  0.265353  0.000000 -0.122164  0.006471 -0.027148  0.084726 -0.119015 -0.264401  0.087287 -0.423521  0.097339  0.197407  0.089725  0.096907  0.011943  0.049396  0.293514  0.098460 -0.061923  0.032190  0.063683  0.107080 -0.171198  0.102688 -0.177751 -0.186811  0.214226 -0.008679  0.114992  0.037650  0.136966  0.119971 -0.218439  0.071243 -0.051557  0.115275 -0.003403 -0.142652 -0.307348 -0.017372  0.169529  0.119118 -0.155041
 0.000000 -0.000000  0.265353  0.119612 -0.117920 -0.075660  0.015299  0.170040  0.021594 -0.056775 -0.149095 -0.306837 -0.092857 -0.054097  0.046184  0.130254 -0.080173 -0.000985  0.225368  0.087799  0.079875  0.092734  0.337258  0.206694 -0.323097 -0.310699 -0.084293  0.057726  0.105976 -0.011350 -0.106314  0.003885 -0.099014  0.186572 -0.242378 -0.214450  0.021216  0.174086 -0.084773  0.104443 -0.124954  0.116798  0.133850  0.001856
 0.000000 -0.265353  0.000000 -0.114975 -0.002671 -0.199199 -0.058355 -0.231107 -0.021125 -0.174793 -0.008746  0.085777 -0.208564 -0.181419  0.162150 -0.188346  0.163905 -0.160750  0.079829 -0.155066 -0.050539  0.035520  0.192197  0.056613 -0.190286 -0.073342 -0.134223 -0.135734  0.056735  0.208753 -0.201918  0.033209 -0.046233 -0.134235  0.081360  0.193601  0.170535 -0.399492  0.056555 -0.103019 -0.186706 -0.149255  0.143661 -0.070376
-0.059637  0.205717  0.000000 -0.223713  0.061243 -0.181163  0.073842  0.039570  0.006060 -0.042776 -0.143693  0.259923 -0.074349  0.203804  0.280255  0.318758  0.012451  0.077459 -0.020064  0.038740  0.154219  0.045331 -0.079992  0.200820 -0.190437  0.205836  0.015221 -0.217581  0.200669 -0.139549  0.057805  0.047222  0.041734  0.243509 -0.021742 -0.152129  0.085877 -0.306985  0.034519 -0.020810  0.031021  0.035240 -0.258268  0.119392
 0.265353  0.000000  0.000000  0.023182  0.019220 -0.128780 -0.079268  0.014885  0.157274  0.153831 -0.024192 -0.179363 -0.261267 -0.114412  0.390802  0.187894  0.116617 -0.010596  0.159810 -0.170320  0.041599 -0.235875 -0.070815  0.105739  0.061113  0.156853 -0.101664  0.154830 -0.199607  0.233847  0.076372 -0.055801  0.270704 -0.155593  0.051534  0.070290 -0.081749  0.070512 -0.055158  0.226322  0.148495  0.222729 -0.065826  0.010813
 0.000000 -0.000000 -0.265353  0.175433 -0.020506  0.278563  0.071315 -0.182638 -0.091893 -0.225841  0.077938 -0.121782  0.034742  0.016584  0.083769  0.235079 -0.064424 -0.260877  0.019091 -0.179831  0.087079 -0.013631  0.029665 -0.086047 -0.107166 -0.276205 -0.116321  0.086524 -0.207290 -0.060767  0.352447  0.026723  0.051633  0.270293  0.158920 -0.091794 -0.034835 -0.218104 -0.100814 -0.007940  0.069254 -0.118648 -0.074210 -0.209979
-0.265353  0.000000  0.000000 -0.036283 -0.218078  0.226640 -0.003328 -0.164929 -0.251008 -0.208275 -0.158324 -0.120646 -0.325027 -0.101728 -0.072248  0.198077  0.177541 -0.009406 -0.248260 -0.030255  0.132709  0.039021 -0.070872  0.024065 -0.020728  0.264783 -0.160501 -0.094666 -0.001988 -0.224898  0.121840 -0.077572 -0.091484 -0.222028 -0.073044  0.138239  0.012504  0.183826 -0.031672  0.057244 -0.153947  0.187446  0.125240  0.072270
-0.265353 -0.000000 -0.000000 -0.057264 -0.040237 -0.091823  0.185766  0.049206  0.185049 -0.154808 -0.087788 -0.283356  0.150842 -0.238365  0.035676  0.028341 -0.168517 -0.170235  0.016525  0.067522  0.211339 -0.010579  0.064599 -0.147496  0.099640  0.209077  0.230717  0.330353  0.176691  0.162156 -0.004523 -0.047433 -0.245740 -0.046419  0.037661  0.109537 -0.073131 -0.241810 -0.025838 -0.165150  0.095493  0.205086 -0.147411  0.046263
-0.059637 -0.000000 -0.205717  0.174306  0.010820  0.036239  0.136213  0.269871 -0.000380 -0.006690  0.171971 -0.095751 -0.188561  0.108970 -0.243940 -0.000074 -0.074063  0.331664  0.008831  0.092861 -0.028635  0.104491 -0.050887  0.226561 -0.063042  0.161094 -0.083070  0.198433 -0.260287  0.107524  0.014659  0.206321 -0.062073 -0.088892 -0.004292 -0.041480  0.352458 -0.344711  0.028897  0.067049  0.062446  0.064523  0.164661  0.003189
-0.000000  0.000000 -0.265353  0.182981  0.031565 -0.038783  0.191624  0.340684 -0.170025  0.012005 -0.158664 -0.025559 -0.000546  0.322733  0.039217 -0.014584  0.207246 -0.343082  0.130638  0.016012  0.131282 -0.176334 -0.200560 -0.081696 -0.092121 -0.059507  0.303090 -0.034035  0.066676 -0.037595 -0.187968 -0.004772  0.158183 -0.027739 -0.000525  0.190942  0.020051  0.010178 -0.048418 -0.013055 -0.206731  0.069275  0.218432 -0.006612
-0.265353  0.000000 -0.000000  0.101705  0.159017  0.238574  0.064718 -0.025464  0.100753 -0.052790  0.020891 -0.153731  0.080902  0.069543  0.179773 -0.128173  0.293104  0.080575  0.148067 -0.182299 -0.240878  0.174501 -0.075109  0.280776  0.125114 -0.116418  0.082502 -0.172188 -0.031958 -0.108086 -0.221835  0.112229 -0.147804 -0.156932  0.132747 -0.124048 -0.169194 -0.055673 -0.299263  0.011682  0.050512  0.140059 -0.216588  0.066366
-0.059637 -0.205717  0.000000 -0.215633  0.235457 -0.026928  0.284974 -0.318573 -0.034693 -0.100860  0.223927 -0.098123  0.026708  0.159698  0.065175 -0.072321  0.058317  0.154434 -0.177724  0.182706 -0.014134 -0.105904 -0.257024 -0.018829 -0.098274 -0.225634 -0.145390  0.155935  0.060663  0.125506 -0.113416 -0.100723  0.078787  0.274089 -0.155877  0.159672  0.087481  0.102194 -0.079600  0.050601  0.045825  0.270559  0.023396  0.097159
 0.265353
