10 29
 0.000000  0.000000 -0.000000 -0.000000 -0.000000 -0.099123  0.542415  0.000000  0.000000 -0.000000  0.097110 -0.048865 -0.088561  0.244296 -0.122804 -0.081729 -0.017240 -0.035921 -0.106934 -0.385373 -0.175871  0.005222 -0.129504  0.027503 -0.489619 -0.076005 -0.275561 -0.049438 -0.246892
-0.000000 -0.000000  0.000000 -0.000000 -0.641538 -0.000000  0.000000  0.000000  0.000000  0.000000 -0.032283  0.111196 -0.234567  0.042936  0.287710 -0.096818  0.066370 -0.096759 -0.045760 -0.132112 -0.049668 -0.038088  0.530671 -0.107920  0.135585  0.012274 -0.147013 -0.210090 -0.105976
-0.000000 -0.000000  0.000000 -0.542415  0.000000 -0.099123 -0.000000  0.000000  0.000000  0.000000  0.263561  0.052390  0.299891  0.240541 -0.050990 -0.342388  0.184156 -0.057086  0.246619 -0.163490  0.255044  0.007414  0.064166 -0.041774  0.054958 -0.241621  0.285113 -0.133226  0.000079
-0.000000 -0.000000  0.000000 -0.000000  0.000000  0.000000  0.000000  0.000000  0.000000 -0.641538 -0.310054  0.218586  0.252536  0.073980  0.028923 -0.068026  0.139452  0.015485  0.240820  0.049349  0.090499  0.045549 -0.027665 -0.215162 -0.022614 -0.000170 -0.436504  0.196502  0.051990
-0.000000 -0.000000 -0.641538  0.000000 -0.000000  0.000000  0.000000 -0.000000 -0.000000  0.000000  0.001956  0.011246  0.423842 -0.021059 -0.118367  0.033977 -0.310671 -0.129408  0.004410 -0.160045 -0.261613  0.130769  0.264314  0.255433  0.124270  0.080912 -0.032665  0.101166 -0.014490
 0.000000 -0.000000 -0.000000 -0.000000 -0.000000  0.099123 -0.000000 -0.000000 -0.000000  0.542415  0.041781 -0.036114  0.257579 -0.315304  0.060993  0.009398  0.284426  0.189021  0.053808 -0.226019  0.152819 -0.109785  0.090775 -0.131020 -0.026823 -0.098669 -0.408654  0.311522  0.131980
 0.000000  0.000000  0.000000 -0.000000 -0.000000  0.099123  0.000000 -0.542415 -0.000000  0.000000 -0.065873  0.076611  0.085263 -0.044792 -0.186331  0.170630  0.138617 -0.561476 -0.075651 -0.121460  0.000828 -0.425844 -0.041288 -0.169116 -0.036672  0.140096  0.084547 -0.066050  0.116467
 0.000000  0.000000 -0.000000  0.000000 -0.542415  0.099123 -0.000000 -0.000000  0.000000 -0.000000  0.046053 -0.317865  0.232565 -0.071521 -0.264530 -0.097930  0.013371 -0.188092 -0.229501  0.417034  0.133324  0.235787 -0.169712  0.006925 -0.229591 -0.152875 -0.029907  0.105139  0.040425
-0.000000 -0.000000  0.000000 -0.000000 -0.000000  0.641538  0.000000 -0.000000 -0.000000 -0.000000  0.129886  0.292234 -0.103953 -0.089131 -0.220371  0.214391 -0.116346  0.035436  0.217364 -0.101387  0.241225  0.322399  0.130534 -0.132306 -0.209103  0.090870  0.115690 -0.035730 -0.192989
-0.000000  0.000000  0.000000 -0.000000  0.000000 -0.000000 -0.641538 -0.000000 -0.000000  0.000000  0.091198  0.052837  0.153483  0.218395  0.108685  0.079927 -0.135515  0.154285 -0.065348  0.023656 -0.037595 -0.292507  0.077876  0.082331 -0.546694 -0.066682 -0.115119 -0.136983 -0.075582
 0.542415  0.000000 -0.000000 -0.000000  0.000000  0.099123 -0.000000  0.000000  0.000000  0.000000  0.135618 -0.033216 -0.079103  0.250045  0.365010  0.143948 -0.322781 -0.253127 -0.069275 -0.087567  0.231925 -0.012292 -0.128089 -0.024932  0.123289 -0.243064 -0.053572  0.353216  0.011091
 0.000000  0.000000  0.000000 -0.542415  0.000000  0.099123  0.000000 -0.000000 -0.000000  0.000000 -0.017051 -0.054499 -0.254172  0.027498 -0.165819  0.191039 -0.016336 -0.024293  0.008118  0.128480  0.164959 -0.108551 -0.031938  0.494668  0.135954  0.169153 -0.449073 -0.097783  0.053682
-0.000000 -0.542415 -0.000000  0.000000  0.000000 -0.099123 -0.000000 -0.000000 -0.000000  0.000000 -0.106499  0.072814  0.117146  0.325185 -0.124451  0.182163  0.159434  0.206730 -0.489127 -0.116100  0.277932  0.101347  0.110888 -0.049300  0.087585  0.242854  0.099101  0.105153 -0.022915
 0.000000  0.000000 -0.000000  0.000000  0.000000 -0.000000  0.000000  0.000000  0.641538  0.000000  0.119740 -0.317772  0.081462  0.169373  0.243257  0.275493  0.194800 -0.076479  0.215874 -0.039555 -0.089069  0.252574 -0.007352 -0.050881 -0.093741  0.255774 -0.013158 -0.124449  0.215680
 0.000000 -0.000000  0.000000  0.000000  0.000000  0.099123  0.542415 -0.000000 -0.000000 -0.000000  0.010754  0.111357  0.270091  0.014009  0.251351  0.176262 -0.143040  0.218402  0.029644  0.413352  0.131406 -0.351183  0.221612  0.069873 -0.156980 -0.002863  0.139405 -0.112577  0.157498
 0.000000  0.000000  0.000000 -0.000000 -0.000000 -0.641538 -0.000000 -0.000000  0.000000 -0.000000  0.282301  0.137543 -0.063936 -0.293111 -0.054708  0.157825 -0.165774 -0.164232  0.159609  0.114497  0.320436  0.086698  0.132115 -0.100352 -0.174620  0.248796 -0.043565  0.125019 -0.176734
 0.000000  0.000000 -0.000000  0.000000 -0.000000  0.099123  0.000000  0.542415  0.000000  0.000000  0.056198 -0.259705 -0.092541  0.166039 -0.327087 -0.128084 -0.198877 -0.094688  0.100290 -0.026540  0.002715 -0.374657  0.136803 -0.351280  0.030362  0.272282 -0.010893  0.120919  0.185106
-0.000000  0.000000 -0.000000 -0.000000 -0.000000  0.099123  0.000000 -0.000000 -0.542415  0.000000  0.405088  0.070365  0.116098  0.073780  0.282696 -0.101586  0.073849 -0.061152 -0.065640  0.034064 -0.130288  0.192386 -0.198510 -0.075791 -0.007398  0.441071 -0.138835 -0.142802  0.263983
-0.000000  0.000000 -0.000000  0.000000  0.000000 -0.099123  0.000000  0.000000  0.000000  0.542415 -0.408496  0.294645  0.041106  0.402803 -0.026785 -0.089855 -0.119490 -0.170706  0.231020  0.284387 -0.045782  0.163658 -0.123496 -0.123461  0.000076  0.098469 -0.107618 -0.079110 -0.070489
 0.000000  0.000000  0.542415  0.000000  0.000000 -0.099123  0.000000  0.000000 -0.000000  0.000000 -0.137041  0.075653  0.187762 -0.101764 -0.133027  0.015637 -0.410792 -0.062011 -0.075437 -0.275014 -0.015018  0.221233  0.165447  0.105195 -0.024493 -0.100408 -0.051140 -0.168283  0.474090
-0.641538  0.000000  0.000000 -0.000000 -0.000000  0.000000  0.000000 -0.000000  0.000000 -0.000000  0.254634 -0.006754  0.056136  0.163696  0.043792  0.330412 -0.219716 -0.039176 -0.073152  0.024262  0.012627 -0.015354 -0.130889 -0.263665  0.290386 -0.325160 -0.195257 -0.060480 -0.088741
-0.000000 -0.000000 -0.000000  0.000000  0.000000 -0.000000 -0.000000 -0.641538  0.000000 -0.000000  0.103210 -0.284352 -0.150332  0.178256 -0.119008 -0.252561 -0.285349  0.394666  0.148757  0.080254  0.001595  0.043278  0.150574 -0.154018  0.056677  0.111762 -0.080693  0.158081  0.058033
-0.000000  0.641538 -0.000000  0.000000  0.000000  0.000000 -0.000000  0.000000  0.000000  0.000000 -0.227544 -0.178350  0.215423  0.025617  0.081517 -0.001375 -0.092483  0.120001 -0.255245 -0.183380  0.361018  0.004373 -0.095576 -0.077070  0.102788  0.275048  0.018977 -0.189961 -0.247613
 0.000000  0.542415  0.000000  0.000000 -0.000000 -0.099123  0.000000 -0.000000 -0.000000  0.000000  0.162627  0.283756 -0.137643  0.294886 -0.220864  0.183789  0.268817  0.064799 -0.187237  0.100792 -0.149060  0.096175  0.223930  0.041854 -0.033986 -0.082457  0.076657  0.329829  0.269948
 0.000000  0.000000 -0.000000 -0.641538 -0.000000  0.000000  0.000000  0.000000  0.000000 -0.000000 -0.208422  0.001783 -0.038656 -0.226625  0.183311  0.127964 -0.141890  0.068806 -0.215378  0.029600 -0.355109  0.085510 -0.027249 -0.382918 -0.161415  0.061271  0.138627  0.195316 -0.045454
 0.000000  0.000000  0.542415  0.000000  0.000000  0.099123  0.000000 -0.000000  0.000000  0.000000  0.139354 -0.062352  0.313534  0.076857 -0.006971  0.024549  0.043349 -0.091045  0.080653  0.085722 -0.294404 -0.066567  0.147169  0.196917  0.171473  0.196107  0.012506  0.287937 -0.491228
-0.542415  0.000000 -0.000000 -0.000000  0.000000  0.099123 -0.000000  0.000000  0.000000  0.000000 -0.165549 -0.025228 -0.145497  0.056435  0.313216 -0.246845 -0.062914 -0.206792  0.017245 -0.116262  0.216990  0.005869  0.026719  0.286916 -0.220163  0.141518  0.177367  0.424749  0.116049
-0.000000 -0.000000  0.000000 -0.000000 -0.000000 -0.099123  0.000000  0.000000 -0.542415 -0.000000 -0.263466 -0.446208 -0.019749  0.126545  0.005014  0.427424  0.156550 -0.029302  0.320963 -0.080848  0.024942  0.106345  0.189815  0.015612 -0.103474 -0.138556  0.123273 -0.004389 -0.008889
 0.000000  0.000000 -0.000000  0.000000  0.542415  0.099123 -0.000000  0.000000  0.000000  0.000000  0.007871 -0.186349 -0.044867 -0.020739  0.075756 -0.212441  0.091869 -0.302534 -0.283624  0.260780  0.074580  0.190739  0.457936 -0.120717 -0.069228 -0.138358 -0.203786 -0.143344 -0.084918
 0.641538
