11 31
 0.000000  0.000000 -0.658676 -0.000000  0.000000 -0.000000  0.000000 -0.000000  0.000000  0.000000 -0.000000  0.079733  0.001616 -0.145155 -0.177695 -0.083788 -0.009124 -0.017021 -0.071825  0.068790 -0.223017 -0.153119 -0.338527  0.141435  0.031058  0.169282 -0.135692  0.006187  0.062248  0.373953  0.300470
 0.000000 -0.000000  0.000000  0.000000 -0.000000  0.000000 -0.000000  0.000000 -0.000000 -0.658676 -0.000000  0.212044 -0.111032 -0.036274  0.114592 -0.119560 -0.242679  0.000852 -0.195219 -0.186113 -0.035216  0.060781 -0.251249  0.040761  0.361061  0.124449  0.163006  0.104682  0.000338 -0.308814  0.000724
-0.000000 -0.000000 -0.000000  0.000000  0.000000  0.000000  0.000000  0.000000  0.126630 -0.532046  0.000000 -0.260811 -0.050353 -0.103302 -0.291125  0.062713  0.059746 -0.263254  0.213558  0.221696  0.143496  0.163950  0.140353  0.244224 -0.395243  0.155339 -0.082843 -0.171711 -0.120111 -0.030101  0.067122
 0.000000  0.000000  0.000000 -0.000000 -0.000000  0.000000 -0.000000  0.658676 -0.000000  0.000000  0.000000 -0.042293  0.068992  0.084838  0.051748 -0.255932  0.525600  0.070156 -0.194756 -0.160167  0.115842  0.154907 -0.067545  0.183979  0.072970  0.028946 -0.194251 -0.070997 -0.095025 -0.071879  0.022372
-0.000000  0.000000  0.000000 -0.000000 -0.094973  0.000000 -0.000000  0.000000  0.031658  0.000000  0.532046 -0.044744 -0.256995 -0.198287  0.200776 -0.125482 -0.113697  0.094351  0.332430 -0.256495  0.067471 -0.276015  0.009821  0.009014 -0.002868  0.138887 -0.446557 -0.021873 -0.120197 -0.017779 -0.174605
 0.000000 -0.000000 -0.000000 -0.000000 -0.000000  0.000000  0.000000 -0.000000 -0.000000  0.000000  0.658676  0.097877  0.053199  0.167354 -0.206171  0.143480  0.088317  0.086666 -0.016778  0.162970 -0.191234  0.190264  0.116902 -0.113155  0.151706 -0.164878  0.119889 -0.035001 -0.204818 -0.148049  0.437693
-0.000000  0.000000 -0.000000  0.000000  0.000000 -0.000000 -0.000000  0.532046  0.126630 -0.000000 -0.000000  0.036656  0.047669  0.001028  0.244789  0.087905 -0.307631 -0.050318  0.362975  0.015463  0.030700 -0.176656 -0.073158  0.098295 -0.237543 -0.199625  0.293358  0.283106  0.102671 -0.004818  0.283292
-0.000000  0.000000  0.000000  0.000000  0.000000  0.532046  0.000000 -0.000000  0.126630  0.000000  0.000000 -0.001429  0.052278  0.194609 -0.350258  0.208326 -0.058273  0.230986  0.195637 -0.133349  0.338530  0.237982 -0.255989 -0.074750  0.095202  0.005838 -0.181881  0.238398  0.184635  0.055045 -0.053941
-0.000000  0.000000  0.000000 -0.000000  0.000000  0.000000 -0.000000 -0.532046  0.126630 -0.000000  0.000000 -0.015703  0.133082  0.106058  0.308853 -0.228941  0.343066  0.036535  0.121866 -0.182826  0.174113  0.015120 -0.156779  0.326063 -0.147205 -0.163789  0.052874  0.195211 -0.014970 -0.093804  0.310988
 0.000000 -0.000000  0.532046 -0.000000  0.126630 -0.000000  0.000000 -0.000000  0.000000  0.000000 -0.000000  0.084574 -0.004014 -0.144591 -0.445943 -0.120786  0.114065  0.082512  0.000473 -0.010638 -0.278825 -0.410155 -0.355510  0.124975 -0.112211 -0.111472 -0.013889 -0.058842  0.124906 -0.071859  0.044899
-0.000000 -0.000000  0.000000 -0.000000  0.658676 -0.000000  0.000000 -0.000000 -0.000000 -0.000000 -0.000000 -0.301145  0.186537 -0.029865  0.220052  0.442293 -0.002727 -0.131784 -0.011602 -0.090836 -0.179743 -0.017213 -0.074669  0.117376  0.172623  0.027652 -0.250876 -0.029887  0.057675 -0.132105  0.053231
 0.000000  0.532046 -0.000000 -0.000000 -0.126630  0.000000 -0.000000 -0.000000  0.000000 -0.000000 -0.000000 -0.193754  0.315189  0.389328 -0.020255 -0.237954 -0.312518  0.158002 -0.048984  0.206161 -0.077833 -0.149454  0.127650  0.247511  0.079348  0.087372 -0.195087 -0.039894  0.100605 -0.134882 -0.004279
-0.000000  0.000000 -0.000000 -0.000000  0.094973  0.000000  0.532046 -0.000000  0.031658  0.000000  0.000000 -0.056020  0.002661 -0.026660  0.140848 -0.007043 -0.233012  0.330438 -0.189283  0.120743  0.013151  0.181115 -0.341996 -0.020871 -0.300694 -0.203012 -0.047720 -0.158372 -0.383773  0.046337 -0.102370
-0.000000  0.000000  0.000000  0.000000  0.000000 -0.532046 -0.000000 -0.000000  0.126630 -0.000000 -0.000000  0.376996  0.364647  0.099709 -0.062162  0.037446  0.047654 -0.177365  0.209477  0.152478  0.065519  0.127759 -0.246180 -0.239971 -0.058488  0.096644 -0.284809  0.195011 -0.035922 -0.111563 -0.159003
-0.000000 -0.000000  0.000000  0.532046 -0.126630 -0.000000  0.000000 -0.000000  0.000000  0.000000  0.000000  0.036897  0.192957 -0.229340  0.004669 -0.136444 -0.147517 -0.095404  0.163669 -0.208207 -0.172397  0.360374  0.010453  0.055166  0.067289 -0.346481 -0.105876 -0.333246  0.281436  0.035015  0.006912
-0.000000  0.000000  0.000000 -0.000000 -0.094973  0.000000  0.000000  0.000000  0.031658  0.000000 -0.532046  0.076428 -0.191134  0.008899 -0.054466  0.052147 -0.004359  0.201645  0.311658 -0.054737 -0.169278 -0.040466  0.154547 -0.131073  0.184945 -0.065233 -0.298134 -0.065205 -0.373763 -0.201065  0.367262
-0.000000 -0.000000 -0.000000  0.000000  0.000000 -0.658676  0.000000  0.000000  0.000000 -0.000000  0.000000 -0.305673 -0.252317  0.076656 -0.232710  0.138028 -0.085563  0.329845 -0.011179 -0.230877  0.220525  0.089033 -0.007923  0.133457  0.124143 -0.073348  0.083140  0.035046  0.178155  0.134578  0.084864
 0.000000 -0.000000 -0.000000  0.658676 -0.000000  0.000000 -0.000000  0.000000 -0.000000  0.000000  0.000000  0.028377 -0.027107 -0.115429  0.101983  0.175539  0.162949  0.211110 -0.007067  0.418169  0.327070 -0.273977 -0.070422  0.035220  0.164960  0.170442  0.094718 -0.026377 -0.038328 -0.089007  0.021774
-0.000000  0.000000  0.000000  0.000000 -0.658676  0.000000  0.000000 -0.000000 -0.000000 -0.000000  0.000000 -0.322629  0.186642 -0.066341  0.039278  0.452479  0.103517 -0.130704 -0.140389 -0.150146 -0.181047 -0.108158 -0.236574  0.027661  0.001286 -0.030092 -0.001063  0.086349 -0.123494 -0.130644 -0.067794
 0.000000 -0.000000 -0.000000  0.000000 -0.000000 -0.000000 -0.658676 -0.000000  0.000000  0.000000  0.000000  0.269243 -0.191637  0.190394  0.121424  0.222818 -0.081288  0.149963 -0.072738  0.102438 -0.088304  0.114780 -0.145555  0.335074 -0.159407 -0.178579 -0.080713 -0.144430 -0.166523  0.083509 -0.193894
-0.000000  0.532046  0.000000  0.000000  0.126630 -0.000000  0.000000  0.000000  0.000000 -0.000000 -0.000000  0.090768  0.160092 -0.217774 -0.141864  0.059752  0.092888 -0.086346  0.209302 -0.214049  0.078985 -0.012663  0.012252  0.110820  0.229384 -0.068475  0.307746  0.029057 -0.448514  0.283130 -0.192817
-0.000000 -0.000000 -0.000000 -0.532046 -0.126630 -0.000000 -0.000000 -0.000000 -0.000000  0.000000 -0.000000  0.072027  0.159397 -0.372241  0.130925  0.080874  0.054215  0.165951  0.154920  0.309489  0.232518  0.021189 -0.076730  0.098769  0.271510 -0.135473  0.011385 -0.365901  0.233986 -0.075177  0.033868
-0.000000  0.000000 -0.000000 -0.000000  0.094973  0.000000 -0.532046 -0.000000  0.031658 -0.000000 -0.000000 -0.389344  0.239908 -0.262369 -0.009475 -0.282892 -0.132377  0.144783 -0.099233 -0.006075  0.122472  0.039016 -0.161797 -0.435695 -0.103347  0.018070  0.052203  0.020433 -0.177617 -0.057048  0.137672
 0.000000 -0.000000  0.000000 -0.000000 -0.000000 -0.000000 -0.000000 -0.000000 -0.126630 -0.532046  0.000000 -0.001700  0.187811  0.148210  0.149259  0.085303  0.240693  0.262199  0.028125  0.008713 -0.099898 -0.239197  0.170695 -0.294686 -0.051752 -0.309408 -0.118959  0.042114  0.119692  0.412415 -0.068019
-0.000000  0.000000  0.000000  0.000000  0.000000  0.000000  0.000000  0.000000  0.658676  0.000000 -0.000000  0.241477  0.195776 -0.252808 -0.047467  0.147170 -0.062910  0.222330 -0.345085 -0.195306  0.007472 -0.086375  0.353095  0.067107 -0.131906  0.090859 -0.061822  0.024286  0.035493 -0.001685  0.055142
-0.000000 -0.000000 -0.532046  0.000000  0.126630  0.000000  0.000000  0.000000  0.000000  0.000000 -0.000000 -0.014136 -0.006015  0.035112 -0.225956 -0.017056  0.125361  0.103584  0.089392 -0.095800 -0.002728 -0.220592  0.063589 -0.050123 -0.150661 -0.321045  0.154099 -0.066502  0.047843 -0.534815 -0.327086
-0.658676 -0.000000  0.000000  0.000000  0.000000 -0.000000 -0.000000 -0.000000 -0.000000 -0.000000  0.000000  0.093760  0.102532  0.261788  0.041845  0.094260 -0.012718 -0.009249  0.076316 -0.261966  0.107027 -0.127144 -0.107011 -0.137804 -0.113659  0.246478  0.155897 -0.471666  0.012957  0.016184  0.118496
-0.000000  0.658676  0.000000  0.000000 -0.000000 -0.000000 -0.000000  0.000000 -0.000000 -0.000000 -0.000000  0.083187 -0.383908 -0.138572  0.130952  0.143943  0.177406 -0.057880 -0.129498  0.006371 -0.000931  0.130950 -0.113006 -0.289442 -0.249379 -0.015264 -0.091000  0.008754  0.281024 -0.119748  0.159204
-0.532046 -0.000000  0.000000 -0.000000  0.000000 -0.000000  0.000000  0.000000 -0.126630  0.000000 -0.000000 -0.055541  0.020706 -0.266327  0.028663 -0.034722  0.111958  0.344635  0.146744  0.149905 -0.354948  0.276773  0.104539  0.139414 -0.054235  0.176687  0.057270  0.378746  0.069459 -0.065949 -0.161523
-0.532046  0.000000  0.000000  0.000000  0.000000  0.000000  0.000000  0.000000  0.126630 -0.000000  0.000000 -0.060535 -0.147641 -0.057769 -0.080468 -0.081972 -0.096213 -0.333184 -0.241224  0.174412  0.222448 -0.119368  0.027941  0.031188  0.194946 -0.481829 -0.250272  0.205179 -0.085500  0.045914  0.014824
-0.000000  0.000000 -0.000000  0.000000  0.000000  0.000000 -0.000000 -0.000000 -0.658676 -0.000000 -0.000000  0.247051  0.222648 -0.206890 -0.112615  0.136419 -0.156182  0.035727 -0.195839 -0.187594  0.283948 -0.050400  0.175475  0.143173 -0.227615 -0.001905 -0.172738  0.114274 -0.045672 -0.106112  0.199294
 0.658676
