14 26
-0.000000  0.000000 -0.000000  0.000000 -0.149127  0.000000 -0.000000  0.000000  0.707107  0.000000  0.000000 -0.000000  0.000000 -0.000000 -0.127706  0.012072  0.085308 -0.201911  0.132657 -0.254607  0.116248 -0.307256  0.015783  0.169618  0.434217 -0.073176
 0.000000  0.000000 -0.000000 -0.000000  0.149127 -0.000000 -0.000000 -0.000000 -0.000000 -0.000000 -0.000000 -0.707107 -0.000000  0.000000 -0.228066 -0.351125 -0.191489 -0.173839  0.314302  0.306103  0.127492  0.105816  0.023574  0.118916  0.024493 -0.018356
-0.000000  0.000000 -0.000000  0.000000  0.149127 -0.000000 -0.000000 -0.000000  0.000000 -0.000000 -0.707107  0.000000 -0.000000 -0.000000 -0.473097  0.262175  0.051443  0.003710 -0.094101  0.014775 -0.041018 -0.071500  0.383100  0.042211 -0.130880  0.031627
 0.000000  0.000000  0.000000  0.000000 -0.000000 -0.707107 -0.000000 -0.000000  0.000000  0.000000  0.000000  0.000000 -0.000000  0.149127 -0.112536  0.321246  0.061812  0.085033  0.391854 -0.033949 -0.164657  0.089102 -0.325456  0.181428 -0.120894 -0.087412
 0.000000  0.707107 -0.000000 -0.000000  0.149127 -0.000000 -0.000000  0.000000  0.000000  0.000000 -0.000000  0.000000  0.000000 -0.000000  0.094750  0.175403  0.320877  0.060217 -0.163766  0.369316  0.265567  0.071703 -0.070534  0.216821  0.194363 -0.052780
 0.000000 -0.000000 -0.000000 -0.000000 -0.000000 -0.000000 -0.000000  0.000000  0.000000  0.707107 -0.000000  0.000000 -0.000000  0.149127  0.132053 -0.016205  0.023146  0.033570  0.083423 -0.293232  0.140176  0.445173  0.282727  0.230612  0.048618  0.110205
 0.000000 -0.707107 -0.000000 -0.000000  0.149127 -0.000000 -0.000000  0.000000  0.000000 -0.000000 -0.000000 -0.000000  0.000000 -0.000000  0.094750  0.175403  0.320877  0.060217 -0.163766  0.369316  0.265567  0.071703 -0.070534  0.216821  0.194363 -0.052780
 0.000000  0.000000 -0.000000  0.000000 -0.000000  0.707107  0.000000  0.000000  0.000000 -0.000000 -0.000000  0.000000 -0.000000  0.149127 -0.112536  0.321246  0.061812  0.085033  0.391854 -0.033949 -0.164657  0.089102 -0.325456  0.181428 -0.120894 -0.087412
-0.707107  0.000000  0.000000 -0.000000 -0.149127 -0.000000  0.000000  0.000000  0.000000  0.000000  0.000000 -0.000000 -0.000000 -0.000000 -0.270406 -0.095796 -0.030906  0.424525 -0.028172 -0.010222  0.131857  0.027994 -0.171587 -0.048269  0.150823  0.375101
 0.000000 -0.000000  0.000000  0.000000 -0.149127 -0.000000  0.000000  0.000000  0.000000  0.000000 -0.707107 -0.000000  0.000000 -0.000000  0.473097 -0.262175 -0.051443 -0.003710  0.094101 -0.014775  0.041018  0.071500 -0.383100 -0.042211  0.130880 -0.031627
-0.000000  0.000000  0.000000 -0.000000 -0.149127  0.000000  0.000000  0.000000  0.000000  0.000000  0.000000 -0.707107  0.000000 -0.000000  0.228066  0.351125  0.191489  0.173839 -0.314302 -0.306103 -0.127492 -0.105816 -0.023574 -0.118916 -0.024493  0.018356
-0.000000  0.000000 -0.707107 -0.000000 -0.000000 -0.000000  0.000000  0.000000 -0.000000 -0.000000 -0.000000  0.000000 -0.000000 -0.149127 -0.084234  0.105568  0.204278 -0.077632  0.203570 -0.018001  0.110897  0.246904  0.022196 -0.514498  0.153434 -0.089429
-0.000000  0.000000  0.000000 -0.000000 -0.000000 -0.000000 -0.707107  0.000000 -0.000000 -0.000000 -0.000000  0.000000 -0.000000  0.149127  0.125791  0.323179 -0.292404 -0.272980  0.021257  0.144664  0.045646 -0.017273 -0.003611 -0.100123  0.116922  0.387306
 0.000000 -0.000000  0.000000 -0.000000  0.000000 -0.000000 -0.000000  0.707107 -0.000000  0.000000 -0.000000 -0.000000 -0.000000  0.149127 -0.066065  0.120988 -0.323118  0.084026 -0.109639 -0.106514  0.443214 -0.012909 -0.098028 -0.076548 -0.097443 -0.319934
-0.000000  0.000000  0.000000  0.000000  0.856233  0.000000 -0.000000 -0.000000 -0.000000  0.000000 -0.000000 -0.000000  0.000000  0.000000  0.072024 -0.081329  0.054892  0.043007  0.044121 -0.354711  0.075630 -0.180301 -0.193461 -0.086574  0.031256  0.195719
-0.000000  0.000000  0.000000  0.000000 -0.149127 -0.000000 -0.000000 -0.000000 -0.000000  0.000000 -0.000000  0.000000 -0.707107 -0.000000 -0.001533 -0.063306  0.284016 -0.209061  0.078614 -0.063291  0.321056 -0.132332 -0.063450  0.008060 -0.407332  0.220441
 0.000000  0.000000 -0.000000  0.000000  0.149127 -0.000000 -0.000000 -0.000000  0.000000 -0.000000  0.000000 -0.000000 -0.707107  0.000000  0.001533  0.063306 -0.284016  0.209061 -0.078614  0.063291 -0.321056  0.132332  0.063450 -0.008060  0.407332 -0.220441
-0.000000  0.000000  0.000000 -0.000000  0.000000 -0.000000  0.707107  0.000000 -0.000000 -0.000000 -0.000000 -0.000000 -0.000000  0.149127  0.125791  0.323179 -0.292404 -0.272980  0.021257  0.144664  0.045646 -0.017273 -0.003611 -0.100123  0.116922  0.387306
-0.000000  0.000000 -0.000000  0.000000  0.000000 -0.000000  0.000000 -0.000000 -0.000000  0.000000 -0.000000 -0.000000 -0.000000 -0.856233 -0.032044  0.192282 -0.234216 -0.106972 -0.058728 -0.128895  0.082311  0.179084 -0.160427  0.265694 -0.058947  0.062058
-0.000000 -0.000000  0.000000  0.000000 -0.000000 -0.000000 -0.000000  0.707107 -0.000000 -0.000000  0.000000  0.000000 -0.000000 -0.149127  0.066065 -0.120988  0.323118 -0.084026  0.109639  0.106514 -0.443214  0.012909  0.098028  0.076548  0.097443  0.319934
 0.000000  0.000000 -0.000000 -0.707107 -0.000000 -0.000000  0.000000  0.000000 -0.000000 -0.000000 -0.000000  0.000000 -0.000000  0.149127 -0.255470 -0.091632  0.062446 -0.314380 -0.351921 -0.099006 -0.117180  0.256931 -0.293995  0.012895  0.037004 -0.001437
 0.707107  0.000000  0.000000  0.000000 -0.149127  0.000000  0.000000 -0.000000  0.000000 -0.000000 -0.000000 -0.000000 -0.000000 -0.000000 -0.270406 -0.095796 -0.030906  0.424525 -0.028172 -0.010222  0.131857  0.027994 -0.171587 -0.048269  0.150823  0.375101
-0.000000  0.000000  0.000000 -0.707107  0.000000  0.000000  0.000000 -0.000000 -0.000000 -0.000000 -0.000000 -0.000000 -0.000000 -0.149127  0.255470  0.091632 -0.062446  0.314380  0.351921  0.099006  0.117180 -0.256931  0.293995 -0.012895 -0.037004  0.001437
-0.000000 -0.000000 -0.707107 -0.000000 -0.000000 -0.000000  0.000000 -0.000000 -0.000000  0.000000  0.000000 -0.000000 -0.000000  0.149127  0.084234 -0.105568 -0.204278  0.077632 -0.203570  0.018001 -0.110897 -0.246904 -0.022196  0.514498 -0.153434  0.089429
-0.000000  0.000000 -0.000000 -0.000000 -0.000000 -0.000000 -0.000000 -0.000000 -0.000000 -0.707107 -0.000000  0.000000  0.000000  0.149127  0.132053 -0.016205  0.023146  0.033570  0.083423 -0.293232  0.140176  0.445173  0.282727  0.230612  0.048618  0.110205
 0.000000  0.000000  0.000000  0.000000 -0.149127  0.000000  0.000000 -0.000000 -0.707107  0.000000 -0.000000 -0.000000 -0.000000 -0.000000 -0.127706  0.012072  0.085308 -0.201911  0.132657 -0.254607  0.116248 -0.307256  0.015783  0.169618  0.434217 -0.073176
 0.856233
