16 40
 0.000000  0.000000 -0.000000 -0.000000  0.000000  0.000000  0.000000  0.000000  0.000000 -0.000000 -0.000000 -0.000000 -0.685994  0.000000  0.000000 -0.000000  0.050235  0.121013  0.126169  0.088078 -0.039727  0.054680 -0.003975 -0.031122 -0.149750 -0.066616 -0.243929 -0.007712  0.175131 -0.329699 -0.221814 -0.161157 -0.118502 -0.174117  0.027392 -0.259602  0.014631  0.219366 -0.006697  0.145476
-0.000000  0.000000  0.000000 -0.000000 -0.000000 -0.000000 -0.000000 -0.000000 -0.000000  0.000000 -0.000000 -0.000000  0.000000 -0.000000  0.000000  0.685994 -0.222788 -0.147827  0.012742  0.199336 -0.035477  0.124258  0.168455 -0.044825  0.045928 -0.247699  0.190277 -0.271356 -0.012496  0.152998 -0.131838  0.142803 -0.225559  0.073939  0.071017 -0.264287 -0.020222  0.027318  0.032115 -0.053649
 0.000000  0.514496  0.000000  0.000000  0.000000 -0.000000 -0.000000 -0.171499 -0.000000  0.000000  0.000000 -0.000000  0.000000 -0.000000 -0.000000  0.000000 -0.079982 -0.002799 -0.380188 -0.081774 -0.073407 -0.173257  0.358478  0.073188 -0.322028 -0.018074 -0.184025 -0.320770 -0.171088 -0.136831 -0.001080  0.125935  0.119319 -0.081301 -0.123895  0.083857  0.028273 -0.079289 -0.077702  0.134101
-0.000000  0.000000  0.000000  0.000000 -0.000000  0.000000 -0.000000  0.000000 -0.000000 -0.000000 -0.171499 -0.514496  0.000000 -0.000000 -0.000000 -0.000000  0.002029  0.040175  0.109875 -0.098442  0.255642  0.172452  0.149252 -0.335349 -0.159165  0.192818 -0.323573 -0.098380  0.072568  0.234445 -0.025889 -0.122922 -0.128195  0.117628  0.243333  0.009604  0.089171 -0.301576 -0.099054 -0.038567
-0.000000  0.000000 -0.000000  0.000000  0.000000  0.000000 -0.000000  0.685994  0.000000  0.000000 -0.000000  0.000000 -0.000000  0.000000  0.000000 -0.000000 -0.116936  0.068931  0.071347 -0.194735  0.143457 -0.166100 -0.020746  0.288650 -0.112346 -0.051503 -0.239149 -0.099521 -0.077044  0.094573  0.083540  0.006738 -0.267194 -0.041167 -0.293822 -0.076887 -0.183015 -0.054165  0.093057 -0.146159
-0.000000 -0.000000 -0.000000 -0.000000 -0.685994 -0.000000  0.000000 -0.000000  0.000000  0.000000 -0.000000 -0.000000 -0.000000 -0.000000  0.000000  0.000000  0.078024 -0.155449  0.026609 -0.107407 -0.179251 -0.018077  0.019572 -0.044802  0.355710  0.113672 -0.135209 -0.180744  0.046849 -0.326621 -0.071364  0.010192 -0.089651  0.306706 -0.099709  0.002300 -0.075628 -0.167131 -0.006970 -0.042882
 0.685994  0.000000 -0.000000  0.000000  0.000000 -0.000000  0.000000 -0.000000 -0.000000 -0.000000 -0.000000 -0.000000  0.000000 -0.000000 -0.000000  0.000000  0.058794  0.011194  0.116733 -0.085857 -0.238748 -0.214245  0.268730  0.021109 -0.144407  0.249957  0.191169  0.024591  0.094757  0.141262  0.063612 -0.246546  0.063460  0.163172  0.003025 -0.230240 -0.070649  0.068898  0.146560  0.011442
 0.000000  0.000000  0.000000  0.000000 -0.514496  0.000000 -0.000000  0.000000 -0.171499 -0.000000  0.000000  0.000000 -0.000000 -0.000000 -0.000000 -0.000000 -0.238631  0.031287 -0.008439 -0.020176  0.364759 -0.014189 -0.104764  0.202464 -0.385674 -0.058575  0.159689 -0.002866  0.193262  0.106677 -0.050426 -0.034272  0.229652  0.085454  0.133870  0.076894  0.190842  0.307196 -0.046128 -0.123840
-0.000000 -0.000000 -0.000000 -0.000000  0.000000  0.000000  0.000000 -0.000000 -0.000000  0.000000  0.171499 -0.514496  0.000000  0.000000 -0.000000 -0.000000  0.074885  0.205833 -0.134321 -0.004535 -0.014950 -0.062567  0.120985  0.138914  0.309377 -0.049858  0.064898 -0.010877  0.199569  0.113868  0.122202  0.107751  0.003926  0.017493 -0.151427 -0.015700 -0.196645  0.386808 -0.433143  0.143194
 0.000000  0.000000  0.000000 -0.000000 -0.000000 -0.000000  0.000000  0.000000  0.000000  0.000000  0.685994 -0.000000 -0.000000  0.000000 -0.000000  0.000000 -0.283776  0.230820 -0.026860  0.113894 -0.084098  0.014028 -0.010280 -0.052746  0.136183  0.060349 -0.312663 -0.058485 -0.047322  0.098901 -0.063610 -0.045636  0.275889  0.005801  0.223678 -0.019992 -0.129745 -0.035633  0.235141 -0.173965
 0.000000  0.000000  0.000000  0.000000  0.000000  0.000000 -0.000000 -0.685994  0.000000 -0.000000  0.000000  0.000000  0.000000  0.000000  0.000000 -0.000000 -0.107310  0.057648  0.138501 -0.190150  0.221217 -0.058602 -0.134621  0.173486 -0.004949 -0.014631 -0.156390  0.041963 -0.074567  0.090298  0.126914 -0.033601 -0.280189  0.002411 -0.283385 -0.177069 -0.216111  0.024068  0.127908 -0.217757
-0.000000  0.000000 -0.000000 -0.000000 -0.000000  0.000000 -0.000000 -0.000000 -0.000000  0.000000  0.000000 -0.000000  0.000000 -0.000000 -0.171499 -0.514496 -0.092733  0.019088 -0.388248  0.261905  0.112853 -0.080728  0.015297  0.060814  0.157615 -0.207960  0.129494 -0.109196  0.075898  0.141259 -0.093041 -0.085921 -0.267242  0.161419  0.070136 -0.370666  0.201388 -0.145354  0.111667  0.043888
-0.000000 -0.000000 -0.000000  0.000000 -0.000000 -0.000000 -0.000000 -0.000000  0.000000 -0.685994 -0.000000  0.000000 -0.000000 -0.000000 -0.000000 -0.000000 -0.090716  0.391473 -0.048445 -0.011827  0.055512 -0.044805  0.037515 -0.113055 -0.020088  0.142834  0.322477 -0.102510  0.044103 -0.200786 -0.074601 -0.002212 -0.259603 -0.080816  0.066088  0.227979 -0.123475 -0.052531  0.069541 -0.099615
 0.000000 -0.000000  0.000000  0.000000 -0.000000  0.514496  0.000000  0.000000  0.000000 -0.000000  0.000000  0.000000 -0.000000 -0.171499  0.000000 -0.000000  0.146750  0.058909 -0.084836 -0.024190 -0.072636 -0.093221  0.072491 -0.013492 -0.091694  0.042745 -0.165357  0.294982 -0.174808  0.082359 -0.246308  0.354822 -0.248946  0.317664  0.141509  0.112054  0.047998  0.285664  0.160639  0.003555
 0.171499 -0.000000  0.000000 -0.000000 -0.000000 -0.000000  0.000000  0.000000  0.000000 -0.000000  0.000000 -0.000000  0.514496  0.000000  0.000000  0.000000 -0.018648 -0.016424 -0.079497 -0.085758 -0.049209  0.201589  0.083575  0.130387 -0.116311 -0.243093 -0.217111  0.223437  0.309250 -0.388004  0.014457  0.006084 -0.162211 -0.203835  0.307956 -0.158101 -0.136397  0.010169 -0.041407 -0.017790
 0.000000  0.000000 -0.000000  0.000000  0.000000  0.000000 -0.000000 -0.000000 -0.000000  0.000000 -0.000000 -0.000000 -0.000000 -0.685994 -0.000000  0.000000 -0.043269  0.084619  0.213933 -0.051076  0.252006 -0.037527  0.133849  0.155573  0.113457 -0.166103  0.102097  0.001116 -0.311290 -0.143676  0.018320 -0.177370  0.122242  0.092267  0.177269 -0.055476 -0.117435 -0.120550 -0.073948  0.270169
 0.000000 -0.000000 -0.000000  0.000000 -0.000000  0.000000 -0.000000  0.000000  0.000000 -0.000000  0.000000  0.000000  0.000000  0.000000 -0.171499  0.514496  0.204318  0.216191 -0.405237 -0.003877  0.160156 -0.246406 -0.209309  0.120580  0.096378  0.122306 -0.124209  0.252612  0.092559 -0.062738  0.082743 -0.276325  0.033503  0.062834 -0.024553 -0.018283  0.228350 -0.181778  0.068846  0.115420
-0.000000 -0.000000  0.000000  0.000000  0.000000  0.000000  0.000000  0.000000 -0.000000  0.000000  0.685994  0.000000 -0.000000 -0.000000  0.000000 -0.000000  0.265562 -0.272235  0.087909 -0.137371  0.151746  0.044726  0.017346 -0.065819 -0.253318  0.000320  0.215546  0.036609  0.015572 -0.068757  0.026588 -0.012032 -0.308919  0.019233 -0.124988  0.026318  0.201199 -0.136463 -0.151618  0.128524
-0.000000 -0.000000 -0.000000  0.000000  0.000000  0.000000 -0.000000 -0.000000  0.685994  0.000000 -0.000000 -0.000000 -0.000000  0.000000 -0.000000 -0.000000 -0.103913 -0.312632  0.003084  0.131310  0.249596 -0.330505 -0.102336 -0.008095  0.018305  0.242796 -0.025913 -0.103975  0.114508 -0.065879  0.087438  0.101929 -0.043928 -0.086358  0.234573  0.024847 -0.132192  0.139931  0.041968  0.107017
-0.171499  0.000000 -0.000000  0.000000  0.000000 -0.000000  0.000000 -0.000000 -0.000000  0.000000  0.000000  0.000000  0.514496 -0.000000 -0.000000 -0.000000  0.085628  0.177774  0.247722  0.203196 -0.003760 -0.128683 -0.088876 -0.171883 -0.083355  0.154272 -0.108127 -0.233720 -0.075743 -0.051596 -0.310208 -0.220961  0.004208 -0.028321 -0.271433 -0.188034  0.155905  0.282319  0.032477  0.211757
 0.000000 -0.000000  0.000000 -0.685994 -0.000000  0.000000 -0.000000 -0.000000  0.000000  0.000000 -0.000000 -0.000000 -0.000000  0.000000  0.000000  0.000000 -0.051565 -0.095626 -0.173943 -0.415229 -0.101280  0.151341 -0.177166  0.014386  0.087228  0.014538  0.030505 -0.169014 -0.071883  0.149091 -0.113563 -0.196703 -0.094282 -0.102530  0.143831  0.063365 -0.019776  0.177790  0.115165  0.210982
-0.000000  0.000000  0.000000  0.000000  0.000000  0.000000 -0.000000 -0.000000  0.000000 -0.000000 -0.000000  0.685994 -0.000000 -0.000000 -0.000000 -0.000000  0.057685  0.184506 -0.018335 -0.077233  0.180519  0.082414  0.202678 -0.147326  0.112659  0.107221 -0.194006 -0.081943  0.204102  0.261235  0.072235 -0.011379 -0.093202  0.101341  0.068930 -0.004572 -0.080606  0.063924 -0.399147  0.078470
-0.000000  0.000000  0.000000 -0.000000 -0.000000 -0.000000  0.685994  0.000000 -0.000000  0.000000 -0.000000  0.000000  0.000000  0.000000  0.000000  0.000000  0.026776  0.062553  0.017778 -0.175292 -0.141545 -0.363899 -0.251478 -0.260091 -0.095372 -0.260570  0.023408 -0.042500 -0.069540 -0.000257 -0.004521  0.018965  0.031805  0.038438  0.148774 -0.128807 -0.038257 -0.038013 -0.240765 -0.154076
 0.000000  0.000000 -0.000000  0.000000  0.000000  0.000000 -0.000000  0.000000  0.000000  0.000000 -0.000000  0.000000  0.000000 -0.685994  0.000000  0.000000 -0.044614 -0.090801 -0.184787  0.028817 -0.211603  0.075186 -0.191180 -0.146813 -0.102485  0.178059 -0.020086 -0.060456  0.399113  0.127509 -0.017806  0.122053  0.002222 -0.184455 -0.252389 -0.028417  0.039906 -0.045237  0.009939 -0.190689
-0.000000  0.000000  0.514496 -0.171499 -0.000000  0.000000  0.000000  0.000000  0.000000 -0.000000  0.000000  0.000000  0.000000 -0.000000  0.000000  0.000000 -0.061973 -0.155855 -0.014611  0.022091  0.094081 -0.160491  0.254209  0.071969  0.161071  0.134594  0.027717  0.245596 -0.111861 -0.006251 -0.415898 -0.105909  0.024673 -0.250562 -0.045261 -0.035049  0.076609 -0.053849 -0.259678 -0.357612
-0.000000 -0.000000 -0.514496 -0.171499  0.000000  0.000000  0.000000  0.000000  0.000000  0.000000 -0.000000  0.000000  0.000000  0.000000 -0.000000  0.000000  0.161694 -0.122410 -0.004880  0.009331  0.253879 -0.202329  0.297292 -0.229547  0.106761 -0.312184 -0.001342  0.123753  0.207573  0.036286 -0.254892 -0.094449  0.149258 -0.080877 -0.191380  0.169035 -0.159295 -0.012599  0.195295 -0.134229
 0.000000  0.000000  0.685994  0.000000  0.000000 -0.000000  0.000000 -0.000000  0.000000  0.000000 -0.000000  0.000000 -0.000000  0.000000 -0.000000  0.000000  0.167750  0.025084  0.007298 -0.009569  0.119849 -0.031378  0.032313 -0.226137 -0.040732 -0.335084 -0.021794 -0.091382  0.239575  0.031903  0.120755  0.008595  0.093439  0.127264 -0.109589  0.153063 -0.176928  0.030938  0.341229  0.167537
 0.000000 -0.000000 -0.000000  0.685994  0.000000  0.000000  0.000000 -0.000000  0.000000 -0.000000  0.000000 -0.000000 -0.000000  0.000000  0.000000 -0.000000 -0.026635 -0.165193 -0.178815 -0.407373 -0.014290  0.060636 -0.039291 -0.025009  0.154186 -0.029860  0.037099 -0.076677 -0.047955  0.156600 -0.281260 -0.246792 -0.050799 -0.185390  0.084670  0.096862 -0.040447  0.161178  0.099069  0.088022
-0.000000 -0.000000 -0.000000 -0.000000  0.000000  0.000000 -0.514496  0.000000 -0.000000 -0.171499  0.000000 -0.000000  0.000000  0.000000  0.000000 -0.000000  0.273168 -0.121090 -0.126714  0.108348 -0.110907 -0.110554 -0.309151 -0.048205 -0.235246 -0.177438 -0.046466 -0.081061 -0.149975  0.086313 -0.104007 -0.168403  0.085008  0.154583  0.124971 -0.085756 -0.365301 -0.026899 -0.278643 -0.189219
-0.000000 -0.000000  0.000000  0.000000 -0.000000 -0.000000  0.000000  0.000000 -0.000000 -0.000000 -0.000000 -0.000000 -0.000000 -0.000000 -0.685994 -0.000000 -0.413447 -0.135965  0.070800  0.096359 -0.169719 -0.001449  0.014357 -0.151708 -0.099842 -0.061300 -0.058806  0.209169 -0.023452 -0.018347  0.045736 -0.203497 -0.116294  0.116076 -0.141622  0.263279 -0.110275  0.058213 -0.141218  0.128349
 0.000000  0.000000  0.000000  0.000000  0.000000  0.000000 -0.000000 -0.000000  0.000000 -0.685994  0.000000 -0.000000 -0.000000  0.000000  0.000000 -0.000000 -0.036942 -0.310077  0.117728 -0.100778 -0.047240 -0.021218  0.033234  0.050460  0.105920 -0.140972 -0.291441  0.128874  0.007704  0.157544  0.125098  0.092735  0.227701  0.016337 -0.078982 -0.228037  0.293373  0.053309 -0.010474  0.142866
-0.000000  0.000000  0.000000  0.000000 -0.000000  0.000000 -0.000000 -0.000000  0.000000 -0.000000 -0.000000  0.000000 -0.000000  0.000000  0.685994 -0.000000 -0.385551 -0.077145 -0.127571  0.160866 -0.101466 -0.083233 -0.034146 -0.106359 -0.036344 -0.082713 -0.057485  0.245023  0.018663  0.001283  0.043162 -0.294059 -0.174729  0.172139 -0.130226  0.166041 -0.002841 -0.023570 -0.096090  0.168176
 0.000000 -0.685994  0.000000  0.000000  0.000000 -0.000000 -0.000000 -0.000000  0.000000 -0.000000  0.000000 -0.000000  0.000000  0.000000  0.000000  0.000000 -0.091097 -0.038047 -0.368820 -0.108905  0.123171  0.062609  0.196095 -0.235712 -0.160852  0.083504 -0.027759 -0.056702 -0.249202 -0.218071  0.128503  0.067884  0.139991  0.008783 -0.154533 -0.174760 -0.056879  0.115766 -0.011998 -0.013644
 0.000000  0.000000  0.000000  0.000000 -0.000000 -0.685994  0.000000  0.000000  0.000000 -0.000000  0.000000  0.000000 -0.000000 -0.000000  0.000000  0.000000 -0.043524  0.069818 -0.039818 -0.103064  0.012255 -0.026854 -0.063258  0.006042 -0.104624  0.099986 -0.002005  0.264453  0.001258  0.075037 -0.367919  0.366282 -0.000027  0.199933 -0.013097 -0.083597 -0.160592 -0.068865  0.048932  0.243773
 0.000000  0.000000  0.000000 -0.000000  0.000000 -0.514496 -0.000000 -0.000000 -0.000000  0.000000  0.000000 -0.000000 -0.000000 -0.171499 -0.000000 -0.000000  0.204783 -0.034181 -0.031746  0.113229 -0.088976 -0.057416  0.156835 -0.021548  0.047804 -0.090569 -0.162684 -0.057622 -0.176485 -0.017690  0.244250 -0.133554 -0.248911  0.051087  0.158971  0.223516  0.262120  0.377484  0.095396 -0.321476
-0.685994 -0.000000  0.000000  0.000000  0.000000  0.000000 -0.000000 -0.000000 -0.000000 -0.000000  0.000000 -0.000000 -0.000000 -0.000000  0.000000 -0.000000  0.032724 -0.037356  0.034928 -0.158096 -0.250110 -0.131677  0.311843  0.096677 -0.152646  0.150615  0.163924  0.138880  0.191005  0.057160  0.144779 -0.189785  0.021855  0.119294  0.147872 -0.222757 -0.143725  0.000861  0.128089 -0.045945
 0.000000  0.000000 -0.000000 -0.000000 -0.000000  0.000000 -0.000000  0.000000  0.685994  0.000000  0.000000 -0.000000  0.000000  0.000000 -0.000000 -0.000000  0.010606  0.276459  0.001567 -0.177201 -0.126967  0.317385  0.056478  0.094393 -0.092572 -0.234193  0.060688  0.042293 -0.002261  0.010344 -0.136439 -0.115668  0.128871  0.231320 -0.200874  0.014367  0.202404 -0.042043 -0.067355 -0.183231
-0.000000 -0.514496  0.000000 -0.000000 -0.000000 -0.000000  0.000000 -0.171499 -0.000000  0.000000 -0.000000 -0.000000 -0.000000 -0.000000  0.000000  0.000000  0.041480  0.047931  0.111572  0.063433 -0.237635 -0.256737  0.097019  0.387470 -0.107559 -0.129412 -0.147013 -0.245167  0.161181  0.153930 -0.172417  0.035423 -0.067336 -0.093011  0.082148  0.316871  0.104112 -0.233644 -0.061705  0.152292
 0.000000 -0.000000 -0.000000 -0.000000  0.000000 -0.000000  0.514496  0.000000 -0.000000 -0.171499  0.000000 -0.000000  0.000000 -0.000000 -0.000000 -0.000000  0.237466 -0.204494 -0.150417  0.342071  0.077820  0.374644  0.026154  0.298583 -0.108083  0.169989 -0.077677 -0.024394 -0.057255  0.086656 -0.097980 -0.193689  0.042601  0.103333 -0.073394  0.085987 -0.314292  0.023785  0.042376  0.016215
 0.000000  0.000000 -0.000000 -0.000000 -0.514496 -0.000000 -0.000000  0.000000  0.171499 -0.000000  0.000000  0.000000  0.000000  0.000000  0.000000  0.000000  0.134598  0.175979 -0.027040  0.163386 -0.125758  0.038292  0.078669 -0.142729 -0.088606 -0.092988  0.020590  0.243859 -0.255727  0.328818  0.145578  0.020683 -0.110117 -0.494396 -0.000924 -0.079961 -0.090005 -0.084354  0.055421  0.181016
 0.685994
