4 29
-0.000000  0.000000  0.000000 -0.377568 -0.144280  0.129599 -0.202963 -0.152692  0.472279 -0.027231 -0.192622 -0.043870 -0.056984 -0.108721 -0.152627  0.007046  0.331265  0.020764  0.061844 -0.011605 -0.209266 -0.097704  0.127550 -0.341288  0.119154  0.001183 -0.297537  0.222151 -0.042445
 0.000000 -0.000000  0.377568 -0.000000 -0.368017 -0.000823  0.242399  0.103351 -0.003885  0.288539 -0.226490 -0.010038 -0.094272  0.021347 -0.293198  0.235212 -0.006898 -0.141744 -0.406437 -0.013515  0.224037  0.167690 -0.017537 -0.070910 -0.139438 -0.067575  0.121273  0.241826  0.030146
 0.000000  0.000000  0.377568  0.000000 -0.204556  0.166116 -0.096382 -0.219637  0.058492 -0.358952  0.165548 -0.178981 -0.086328 -0.137105  0.227011  0.085295 -0.230739 -0.179576  0.039766  0.062471  0.141008 -0.247955  0.056612  0.015120  0.344752 -0.320903  0.233268  0.035740  0.020332
 0.000000  0.345178 -0.000000  0.032390 -0.058359 -0.006162 -0.189952  0.122577  0.195388  0.054202 -0.310125 -0.056623 -0.173781 -0.097364 -0.049737 -0.360919  0.101870 -0.138237 -0.002465  0.336763  0.164673  0.055272 -0.203138  0.071351  0.193815  0.263281  0.275894 -0.293868  0.153465
-0.000000  0.345178 -0.032390 -0.000000  0.207940 -0.286596  0.307188 -0.257199 -0.085398  0.042316 -0.206029 -0.158442  0.234602  0.041254 -0.076229  0.062421  0.043193 -0.222439  0.327945  0.105097 -0.045612 -0.087462 -0.027985  0.149896  0.135419  0.023224  0.077317  0.471978 -0.017024
 0.377568  0.000000 -0.000000 -0.000000  0.012741  0.365336 -0.027297  0.257638 -0.119002  0.235874  0.158971 -0.305173  0.067171  0.358667 -0.142399  0.011069  0.066678 -0.004255  0.340235  0.018577  0.048549  0.102382 -0.150654 -0.201629  0.170349 -0.194587 -0.013611  0.010650  0.225814
-0.000000 -0.000000  0.377568 -0.000000  0.033583  0.025284  0.062959 -0.029930  0.069029  0.086739  0.041671 -0.062366  0.364836  0.157196 -0.006615 -0.083344 -0.427793  0.245055 -0.105029  0.117938 -0.150730 -0.111389  0.063589 -0.211044  0.172007  0.524042 -0.104531 -0.034822  0.006355
 0.000000  0.377568 -0.000000  0.000000 -0.149208  0.076248 -0.108384 -0.054321  0.046834 -0.054974  0.342166  0.034646 -0.055818 -0.032658  0.099565  0.398866  0.075348  0.173350  0.078048  0.384118  0.101975 -0.135682 -0.134972  0.028199 -0.434781  0.170348 -0.114076  0.090368  0.203878
 0.377568 -0.000000  0.000000 -0.000000  0.004730 -0.252942 -0.190949 -0.200982  0.086855  0.053230 -0.168526  0.108489 -0.013346  0.017800 -0.055533  0.023802 -0.196397  0.327642 -0.218465  0.034550 -0.114556  0.044290 -0.181344  0.341933  0.164787 -0.294810 -0.232645  0.038584  0.363980
-0.000000 -0.345178 -0.000000  0.032390  0.066751 -0.006674  0.224796 -0.321365  0.244765 -0.134367  0.177562  0.181211 -0.240301  0.258158 -0.030150 -0.066339  0.181581  0.123314  0.077680 -0.124191  0.118929  0.090214 -0.118871 -0.017663  0.039408  0.283587  0.339886  0.166406  0.343389
-0.377568 -0.000000 -0.000000 -0.000000 -0.267310 -0.125567  0.017911  0.152057  0.169797 -0.044600 -0.230718  0.044768  0.212140  0.334813  0.507266  0.076005  0.031429  0.119576  0.154910 -0.066146  0.190663  0.227927 -0.234874 -0.027289  0.098823 -0.119410 -0.167708  0.020242  0.009571
-0.032390 -0.345178 -0.000000  0.000000 -0.120383 -0.126823 -0.400905 -0.122943 -0.271484 -0.025057 -0.249476 -0.143292 -0.295788  0.235601  0.021331  0.064699 -0.239340 -0.320927  0.201530  0.178218 -0.094555  0.061055  0.093594  0.009243 -0.185867  0.217482 -0.130601  0.102182  0.071667
-0.000000  0.000000  0.377568 -0.000000  0.236578 -0.093001 -0.407903 -0.122608 -0.304597  0.010111 -0.036157  0.055943  0.061271  0.214586 -0.029294  0.015576  0.463168  0.287553 -0.077923  0.055357  0.204080 -0.041900  0.005414  0.017394  0.065272 -0.017018  0.117526  0.048455 -0.303961
-0.000000  0.000000 -0.377568 -0.000000 -0.173478  0.030034  0.124281  0.111749 -0.164973 -0.060427 -0.073404 -0.111232 -0.319704  0.069717  0.024742 -0.178819 -0.180569  0.460953 -0.114958  0.248583  0.064565 -0.167339 -0.006243 -0.156901  0.128146 -0.041521  0.120502  0.354033 -0.274406
-0.377568  0.000000 -0.000000  0.000000 -0.092301  0.107481 -0.277039 -0.064990 -0.083041  0.080622  0.097887  0.065083  0.288214 -0.203149 -0.255718 -0.428324 -0.158389  0.138122  0.157077 -0.054443  0.176585  0.100641  0.106114 -0.000246 -0.199130 -0.178357  0.079628  0.270751  0.283743
 0.000000  0.000000  0.000000  0.377568  0.016845  0.448109  0.010292  0.197384 -0.177262 -0.433026 -0.352034  0.119627  0.141606 -0.030884 -0.005242  0.064641  0.188697 -0.000864 -0.141875 -0.044456 -0.183824 -0.091549  0.011815  0.104926  0.038169  0.132802 -0.078731  0.209013  0.234297
-0.000000  0.000000 -0.377568 -0.000000  0.017150  0.260538 -0.241355 -0.288394  0.097222 -0.007379  0.127071  0.034957  0.309766  0.115294 -0.057630  0.190922 -0.107046 -0.208606 -0.323636  0.167313 -0.012910  0.383241 -0.134710  0.017095  0.145295  0.036998  0.173659  0.086275 -0.242240
-0.377568  0.000000  0.000000 -0.000000 -0.247304 -0.182808  0.142943 -0.035146 -0.162381 -0.287116  0.183758 -0.197903 -0.013052  0.142426 -0.499101  0.073280  0.146964  0.088145  0.003483  0.146355 -0.255384  0.100834 -0.085718  0.088591  0.210327 -0.062424 -0.113065 -0.283749  0.041442
 0.377568  0.000000  0.000000 -0.000000 -0.243473 -0.074530 -0.023174  0.037101  0.162212 -0.408343 -0.153642  0.142673  0.193454  0.059513 -0.328012  0.002131 -0.164185  0.080791  0.318235 -0.145155  0.237909  0.010143 -0.077804  0.052628 -0.232497  0.057171  0.073246 -0.102768 -0.332431
 0.032390 -0.345178 -0.000000  0.000000  0.007931  0.026296  0.145476 -0.178334 -0.249989  0.089294 -0.193193  0.114052  0.128699 -0.528689  0.024652  0.199527  0.045377  0.125545  0.220289  0.259862  0.087555  0.093476 -0.313632 -0.294411  0.101502  0.002595 -0.005238 -0.148898  0.030968
 0.000000  0.000000 -0.000000 -0.377568 -0.210061 -0.026572 -0.198213  0.294931 -0.168037  0.079912  0.128791  0.017259 -0.013257 -0.235193  0.044065  0.184659 -0.002482  0.068749  0.103541 -0.338763 -0.196273  0.029152 -0.204872  0.302007  0.224589  0.310970  0.233825  0.196528 -0.009521
 0.000000  0.000000  0.000000  0.377568 -0.213591  0.072598 -0.059141 -0.311518  0.107351  0.206859 -0.109239 -0.510982  0.031053 -0.084880  0.106727 -0.036189  0.100545  0.196889  0.021198 -0.273544 -0.273320 -0.060651 -0.171585  0.056617 -0.254807  0.021399  0.181826 -0.095605 -0.122581
 0.000000  0.000000  0.000000  0.377568 -0.044649 -0.324912 -0.212033  0.158421  0.056960  0.018750  0.220205  0.236699  0.006985  0.009186 -0.091331 -0.079032 -0.005820 -0.256240 -0.072806 -0.083981 -0.152372 -0.273395 -0.444519 -0.373946  0.064473 -0.059066 -0.016044  0.183914 -0.042715
-0.377568  0.000000  0.000000  0.000000  0.391919  0.251893 -0.078363  0.037083  0.207534  0.141666 -0.209295  0.056117 -0.203608  0.096323 -0.278105  0.327609 -0.289484  0.096636  0.126144 -0.110790  0.075661 -0.269807 -0.230258  0.105826  0.017271 -0.090469  0.038890 -0.082318 -0.080883
 0.000000  0.000000 -0.377568 -0.000000 -0.188185 -0.145176 -0.100628 -0.103280 -0.131393  0.107247 -0.093910 -0.064181  0.218605  0.080505 -0.060505  0.224267  0.076986 -0.025603 -0.127104 -0.218879  0.360076 -0.443053  0.249473 -0.126188  0.166784  0.122063  0.056211 -0.201077  0.262990
-0.000000  0.000000 -0.000000  0.377568 -0.111012 -0.119260 -0.111033  0.150941  0.197486  0.196752 -0.004074  0.259191 -0.018349 -0.029448 -0.026033  0.274092  0.004399  0.152463  0.274463  0.171725 -0.230543  0.155650  0.499818 -0.007232  0.179174 -0.078587  0.282620 -0.007906 -0.017913
 0.000000 -0.345178 -0.032390 -0.000000  0.282817 -0.270831 -0.088319  0.386588  0.297374 -0.193900  0.029034 -0.482509  0.194832 -0.151903 -0.025233  0.128390  0.054352  0.042268 -0.140551  0.189040  0.123303  0.012839  0.022827  0.043070 -0.107808 -0.011518  0.122758  0.133809  0.093120
-0.000000 -0.377568  0.000000  0.000000 -0.229234  0.154207  0.107543  0.038409  0.128497  0.274644  0.086111  0.140213  0.194109  0.086852 -0.007001 -0.172312  0.169597 -0.129142  0.047451  0.328288 -0.004231 -0.400595 -0.057301  0.467944  0.005871 -0.017651 -0.089936  0.021448 -0.164278
-0.000000  0.000000  0.000000  0.377568 -0.002654  0.027593 -0.032251 -0.035935  0.081948  0.070222  0.192683 -0.141834 -0.196013 -0.221683 -0.085829  0.004846  0.016647 -0.001455  0.077952 -0.138348  0.410191  0.188912  0.054772  0.175749  0.296727  0.248691 -0.486209  0.140197 -0.145676
 0.377568
