2 18
-0.000000  0.333333  0.306741  0.277020  0.260767  0.524853  0.182083  0.155562  0.233605 -0.083185 -0.213765 -0.120122 -0.020833 -0.265048  0.007560 -0.313477  0.144339  0.076004
-0.000000  0.333333 -0.007836  0.230037  0.100935 -0.160034  0.347662 -0.464278 -0.242254 -0.250573 -0.195953 -0.078994  0.333369  0.392746  0.039684 -0.050395 -0.162743 -0.039908
 0.333333 -0.000000  0.216522 -0.145202 -0.001463 -0.183476  0.069372 -0.285159  0.027254 -0.169567 -0.103867  0.215001  0.002702 -0.225017  0.342967  0.231635  0.621504  0.080196
 0.000000 -0.333333  0.327846 -0.235942  0.448125 -0.246940 -0.161988 -0.072064  0.300616 -0.090579 -0.040246 -0.297134  0.306526 -0.044196  0.000419 -0.142760 -0.118866 -0.337053
-0.333333  0.000000  0.054228  0.010245 -0.000966  0.091937 -0.349844 -0.486459 -0.250372  0.137501 -0.108900 -0.452978 -0.263832 -0.241376  0.220721  0.043325 -0.057078  0.194919
 0.000000  0.333333  0.165269 -0.427119 -0.155896 -0.018400  0.059422  0.229911 -0.313124  0.291261  0.177343 -0.070347  0.473199 -0.188708  0.274421 -0.161405 -0.091430  0.097913
-0.000000 -0.333333 -0.222704 -0.075601 -0.023068  0.318862  0.171926 -0.123154  0.391564  0.312553 -0.189527 -0.041358  0.316124  0.245405  0.273066  0.125212 -0.030255  0.382996
-0.000000 -0.333333 -0.221627 -0.085757 -0.376450  0.145733  0.340832 -0.076441 -0.104889 -0.174832  0.110321 -0.301845 -0.064508 -0.035565  0.112303 -0.472660  0.248253 -0.315481
-0.333333 -0.000000  0.345138  0.124570 -0.032660  0.096570  0.225943 -0.284262  0.214830  0.149327  0.604419  0.291613 -0.097899  0.045845  0.196321  0.054413 -0.097152 -0.174831
 0.333333 -0.000000 -0.294916  0.263991  0.308835 -0.002133  0.075549 -0.186294 -0.153546  0.620557  0.042467  0.041588  0.046135 -0.240966 -0.066670 -0.028049  0.064085 -0.338664
-0.333333  0.000000 -0.232629 -0.140794  0.030594  0.443621 -0.240645 -0.138835 -0.122045 -0.233615 -0.064514  0.294549  0.401323 -0.169077 -0.163227  0.209749  0.139768 -0.315938
-0.000000 -0.333333 -0.093149 -0.075062  0.551265  0.132870  0.239664  0.154984 -0.447624 -0.248344  0.149818  0.154466 -0.139719 -0.070711  0.240256  0.009640 -0.167551  0.229812
-0.333333 -0.000000 -0.324526  0.287164  0.095262 -0.414112 -0.075180 -0.001712  0.172233 -0.085717  0.187457  0.105317  0.259839 -0.279952 -0.023078 -0.341694  0.199796  0.358540
 0.000000  0.333333 -0.386912  0.072646  0.152194 -0.009424 -0.129402  0.243259  0.217823 -0.169491  0.202448 -0.293107 -0.065719  0.122313  0.528003  0.250521  0.048435 -0.261714
 0.000000 -0.333333  0.286897  0.624945 -0.241872 -0.013530 -0.130670  0.281130 -0.243617 -0.010785 -0.060293 -0.076699  0.301594 -0.033630  0.223623  0.205811  0.007020 -0.087979
 0.333333 -0.000000  0.065115  0.065145  0.090507  0.248702 -0.515317 -0.121125 -0.116209 -0.037135  0.373674  0.020920  0.091440  0.435965 -0.023113 -0.325232  0.209975  0.162354
-0.333333  0.000000  0.100675 -0.053556  0.214171 -0.037618  0.213192  0.178790 -0.164310  0.207175  0.122674 -0.327184  0.022231  0.292474 -0.314410  0.255308  0.553044  0.056901
-0.333333 -0.000000  0.043835 -0.043694  0.091478 -0.117305 -0.143863  0.139899 -0.092837  0.239184 -0.428862  0.366192 -0.181386  0.322068  0.336857 -0.342748  0.157188 -0.215705
 0.333333
