13 32
-0.000000  0.000000 -0.000000 -0.000000 -0.000000 -0.000000  0.000000 -0.000000 -0.032088  0.000000 -0.122375  0.541974  0.000000  0.207319 -0.095406  0.032460  0.059605  0.021728 -0.063108 -0.352171 -0.112742 -0.302826  0.037352 -0.295259 -0.084761  0.125248 -0.202989 -0.293726 -0.041117 -0.056999 -0.314410  0.240747
-0.000000  0.000000  0.000000  0.696437  0.000000  0.000000  0.000000 -0.000000  0.000000  0.000000  0.000000 -0.000000  0.000000  0.237312  0.017046  0.000271  0.054471 -0.204736 -0.022658 -0.049672 -0.173523 -0.142259 -0.368989 -0.072058  0.107887 -0.328596  0.093317  0.066233  0.046414 -0.129845 -0.030785 -0.257174
-0.541974 -0.000000  0.000000 -0.000000 -0.000000  0.000000  0.000000  0.122375  0.032088 -0.000000  0.000000 -0.000000 -0.000000  0.079767  0.348208  0.213741  0.198300 -0.252177 -0.170681  0.194057  0.116536 -0.064863  0.085404  0.246820  0.095844  0.145722 -0.176083 -0.040018 -0.222911  0.076082 -0.334312 -0.176023
-0.000000 -0.000000 -0.000000 -0.000000 -0.000000 -0.000000  0.000000 -0.000000 -0.032088 -0.000000  0.122375  0.541974 -0.000000  0.143934  0.076874 -0.179425 -0.153542 -0.018086  0.116394  0.079333  0.234950  0.381896 -0.086753  0.122705 -0.117665 -0.267937  0.212703  0.281634 -0.278021  0.191708 -0.152800  0.128360
 0.000000 -0.000000 -0.000000 -0.696437 -0.000000  0.000000  0.000000  0.000000  0.000000 -0.000000 -0.000000  0.000000 -0.000000  0.247789 -0.029297  0.104847  0.076835 -0.201200 -0.005433 -0.062311 -0.166531 -0.066131 -0.322330 -0.188658  0.041916 -0.261553  0.109451  0.095078 -0.015407 -0.089181 -0.005582 -0.347024
-0.000000  0.000000 -0.000000  0.000000 -0.696437 -0.000000  0.000000  0.000000 -0.000000  0.000000  0.000000 -0.000000 -0.000000  0.009936 -0.223682 -0.042112 -0.019756  0.285371  0.043048  0.146144 -0.081684 -0.119181 -0.261612  0.080889  0.059279  0.120960 -0.340642  0.230484 -0.270346  0.007045 -0.009379 -0.040512
-0.000000  0.541974 -0.000000 -0.000000 -0.000000 -0.000000  0.000000 -0.000000 -0.032088 -0.122375 -0.000000 -0.000000  0.000000  0.224426  0.238486 -0.143207  0.044766  0.011658  0.249951  0.318623 -0.331305 -0.245556  0.044215 -0.024288 -0.349133  0.182848  0.154761  0.065422  0.072591  0.168407  0.058572  0.056103
 0.000000  0.000000  0.000000  0.000000 -0.000000  0.000000  0.000000 -0.000000 -0.696437  0.000000  0.000000 -0.000000  0.000000 -0.185174  0.235682  0.194701 -0.366852  0.130695 -0.280812  0.048455 -0.264169  0.057092 -0.005809 -0.125065  0.032600 -0.030622 -0.001448  0.164955  0.075790 -0.033264 -0.171401  0.014374
-0.000000  0.541974 -0.000000  0.000000  0.000000  0.000000  0.000000  0.000000 -0.032088  0.122375  0.000000  0.000000 -0.000000 -0.034720 -0.395804  0.299447  0.022672  0.072687 -0.343089 -0.129431  0.113727 -0.196293  0.151782  0.287104  0.026583 -0.243131  0.233029  0.017394 -0.166824  0.028892  0.028206  0.040602
 0.000000  0.000000 -0.000000  0.000000  0.000000  0.000000  0.000000 -0.696437  0.000000 -0.000000  0.000000 -0.000000 -0.000000  0.299571  0.029032  0.099527  0.099125  0.017542  0.090935 -0.180911 -0.080519  0.090641  0.228397  0.190701  0.203559  0.163177 -0.017910  0.360661  0.164161 -0.155397 -0.101023  0.018949
-0.000000  0.000000 -0.000000  0.122375 -0.000000  0.541974 -0.000000  0.000000 -0.032088 -0.000000 -0.000000 -0.000000  0.000000 -0.012774 -0.235129  0.258171  0.200104  0.165342  0.152541  0.064473 -0.093054  0.316634  0.225419 -0.313234 -0.135328  0.067208  0.071774 -0.045050 -0.115846  0.142626 -0.141021 -0.363106
-0.000000 -0.000000 -0.000000  0.000000  0.696437 -0.000000  0.000000  0.000000 -0.000000 -0.000000 -0.000000  0.000000 -0.000000 -0.054218 -0.183259  0.084581 -0.002782  0.244858  0.161310  0.097860 -0.126726 -0.090477 -0.289771  0.138985  0.002795  0.069984 -0.351606  0.199048 -0.279942 -0.033638 -0.000419  0.023591
-0.000000 -0.000000  0.000000  0.000000  0.000000 -0.000000 -0.696437  0.000000 -0.000000 -0.000000 -0.000000  0.000000  0.000000  0.015349  0.069959  0.144423  0.098917  0.205792  0.057480  0.242331  0.325003 -0.117408 -0.086263 -0.177307 -0.017623  0.024804  0.192943  0.049680  0.038681 -0.390803 -0.104451  0.103825
 0.000000 -0.000000  0.000000 -0.000000  0.122375 -0.000000 -0.000000 -0.000000  0.032088  0.000000  0.000000  0.000000 -0.541974  0.090731 -0.034622 -0.475382 -0.172095  0.130842 -0.230972  0.046793  0.109236 -0.212689  0.268759 -0.175558  0.156741  0.084256  0.053509  0.122402 -0.162041 -0.038391 -0.036859 -0.337259
-0.000000  0.000000 -0.000000 -0.000000  0.000000  0.000000  0.696437  0.000000 -0.000000 -0.000000  0.000000  0.000000  0.000000 -0.099436  0.039032  0.079705  0.201874  0.119197  0.023410  0.219685  0.249107 -0.109902 -0.095781 -0.205397 -0.003238  0.060182  0.238605  0.128599 -0.003523 -0.385369 -0.136719  0.153720
-0.642284  0.000000  0.000000  0.000000  0.000000 -0.000000 -0.000000  0.000000 -0.054153  0.000000 -0.000000 -0.000000  0.000000 -0.005669 -0.436136 -0.119290 -0.216564 -0.179923  0.117214  0.109380 -0.014437  0.031846  0.132604 -0.141033 -0.207457 -0.164550 -0.142099  0.145308  0.261339 -0.191374  0.080863  0.116221
 0.000000  0.000000 -0.000000 -0.000000 -0.000000 -0.000000  0.000000  0.000000 -0.000000  0.696437  0.000000 -0.000000 -0.000000  0.027982  0.096085  0.094053  0.006873 -0.061172  0.230654  0.174505 -0.014888 -0.163034  0.149714 -0.277867  0.358288 -0.159199 -0.069584  0.080736 -0.040147  0.261490  0.107345  0.188838
 0.000000 -0.000000 -0.000000 -0.000000  0.000000 -0.000000 -0.000000 -0.000000 -0.000000 -0.000000  0.696437  0.000000 -0.000000 -0.199692 -0.003038  0.042705  0.015360  0.042027  0.123798 -0.223942  0.211928 -0.298944 -0.077624 -0.026232 -0.113495  0.030265 -0.053298  0.160794  0.295625  0.254545 -0.214789 -0.154852
 0.000000  0.000000 -0.000000 -0.000000 -0.000000 -0.642284 -0.000000  0.000000 -0.054153 -0.000000 -0.000000  0.000000  0.000000 -0.071867 -0.174268 -0.066497  0.230311  0.262059  0.174717  0.169501 -0.190620  0.168786  0.156361  0.031307  0.088422 -0.208532  0.043653 -0.214548  0.101370  0.045426 -0.359026 -0.181317
 0.000000 -0.642284  0.000000  0.000000  0.000000  0.000000  0.000000  0.000000 -0.054153 -0.000000  0.000000  0.000000 -0.000000  0.160079 -0.132749  0.131839  0.056906  0.071173 -0.078592  0.159645 -0.183597 -0.372842  0.165387  0.221770 -0.272176 -0.050869  0.327227  0.069882 -0.079516  0.166486  0.073225  0.081602
 0.000000 -0.000000  0.000000 -0.000000  0.000000 -0.000000  0.000000  0.000000  0.000000  0.000000 -0.696437  0.000000 -0.000000 -0.210829  0.027235  0.005474 -0.022093  0.035031  0.155339 -0.148120  0.273023 -0.178628 -0.099432  0.047211 -0.119277 -0.038823  0.019745  0.261893  0.253997  0.298247 -0.186391 -0.174600
-0.000000 -0.000000 -0.541974 -0.000000  0.000000 -0.000000  0.122375  0.000000 -0.032088  0.000000 -0.000000  0.000000 -0.000000  0.322938 -0.047127  0.211232 -0.477992  0.128473  0.235334  0.097923  0.216175 -0.043672 -0.054509  0.134048  0.101799  0.098040  0.038390 -0.321153  0.093982 -0.002785 -0.002927 -0.161746
-0.000000 -0.000000  0.000000  0.000000 -0.000000  0.000000 -0.000000 -0.000000 -0.000000  0.696437  0.000000  0.000000  0.000000  0.017554  0.015370 -0.171834 -0.002990  0.050449 -0.126448 -0.095775 -0.063311  0.154377 -0.168615  0.223150 -0.424307  0.234050  0.055831 -0.072297  0.082216 -0.236975 -0.102009 -0.186114
 0.000000  0.000000  0.000000 -0.000000  0.000000  0.000000  0.000000 -0.000000  0.054153  0.000000  0.000000 -0.000000  0.642284 -0.154958  0.135693 -0.193870 -0.208923  0.026264  0.178120 -0.152900 -0.031949 -0.221099  0.318344 -0.017293 -0.006728 -0.102601  0.037650  0.055604 -0.319545 -0.260156 -0.019178 -0.261339
-0.000000  0.000000  0.000000  0.000000 -0.000000 -0.000000 -0.000000  0.696437  0.000000  0.000000 -0.000000 -0.000000  0.000000  0.272718 -0.002519  0.049253  0.074533  0.143632  0.126509 -0.271886 -0.118468  0.106804  0.170770  0.133329  0.213077  0.146231  0.073561  0.344466  0.188079 -0.142283 -0.000374  0.056607
 0.541974 -0.000000  0.000000 -0.000000  0.000000 -0.000000  0.000000  0.122375 -0.032088 -0.000000  0.000000  0.000000  0.000000  0.073049 -0.168649  0.072372 -0.058346 -0.465401 -0.031773  0.323681  0.099427 -0.027122  0.242550  0.079684 -0.150009 -0.049283 -0.344482  0.132184  0.086798 -0.150713 -0.238483 -0.038292
 0.000000  0.000000  0.000000  0.000000 -0.122375  0.000000  0.000000 -0.000000  0.032088 -0.000000 -0.000000  0.000000 -0.541974 -0.274369  0.195429  0.245630 -0.075496 -0.099717  0.442059 -0.227992 -0.147098 -0.049332  0.108504  0.155065 -0.164714 -0.205847 -0.008890 -0.056506 -0.216647 -0.269915  0.014131  0.027550
 0.000000  0.000000 -0.000000 -0.122375  0.000000  0.541974 -0.000000 -0.000000 -0.032088  0.000000  0.000000 -0.000000 -0.000000 -0.072394  0.028608 -0.336976  0.072832  0.145219  0.054513  0.136399 -0.132846 -0.116608 -0.040118  0.350336  0.240116 -0.314335 -0.020042 -0.209207  0.235977 -0.088793 -0.284454  0.148231
 0.000000  0.000000 -0.000000 -0.000000  0.000000 -0.000000 -0.000000  0.000000  0.696437 -0.000000  0.000000 -0.000000 -0.000000 -0.115330  0.087103  0.202854 -0.381669  0.121574 -0.239286  0.103743 -0.297685  0.067410 -0.011550 -0.115130 -0.009016 -0.044706  0.062534  0.134754  0.114092  0.021766 -0.269334  0.087958
-0.000000 -0.000000 -0.642284  0.000000 -0.000000  0.000000 -0.000000  0.000000  0.054153 -0.000000 -0.000000  0.000000 -0.000000  0.006216  0.228052 -0.045693  0.312256  0.199029 -0.233549 -0.056509 -0.000360  0.037657  0.137700 -0.091332 -0.240880 -0.335350 -0.284070  0.163007  0.044062 -0.021395  0.159896  0.033366
-0.000000 -0.000000 -0.000000 -0.000000  0.000000 -0.000000  0.000000 -0.000000 -0.054153  0.000000 -0.000000 -0.642284 -0.000000  0.296396 -0.015638 -0.124013 -0.079267  0.003074  0.044965 -0.230227  0.103122  0.066721 -0.041686 -0.145605 -0.170812 -0.120405  0.008197 -0.010204 -0.269296  0.113670 -0.394242  0.311461
 0.000000  0.000000 -0.541974  0.000000  0.000000 -0.000000 -0.122375 -0.000000 -0.032088  0.000000  0.000000  0.000000  0.000000 -0.330304 -0.223133 -0.157082  0.107942 -0.364339  0.041441 -0.030956 -0.215749 -0.000954 -0.108677 -0.025812  0.183664  0.299377  0.298257  0.127977 -0.146199  0.028140 -0.186563  0.122205
 0.696437
