11 40
 0.000000 -0.000000 -0.000000 -0.000000  0.000000  0.000000  0.135295  0.000000  0.000000  0.427755 -0.000000 -0.099044  0.304236 -0.146690  0.049663 -0.016803 -0.229315  0.053550  0.058339 -0.095057  0.033991 -0.020440 -0.275378  0.165298 -0.118266  0.019176 -0.123441  0.069448  0.032551  0.107853  0.348950 -0.001293 -0.127248  0.256375  0.038837  0.053507  0.117738  0.375321  0.233173  0.187613
 0.000000  0.000000  0.000000  0.078466 -0.000000  0.000000  0.000000 -0.000000 -0.000000  0.000000 -0.484584  0.021000  0.088141 -0.117380  0.302904  0.180415  0.015152  0.409953 -0.279934  0.125034  0.035251 -0.075990  0.108287 -0.181747 -0.038105 -0.303529 -0.008237 -0.003982 -0.112359  0.151562  0.175501  0.217231  0.063558  0.013188 -0.078532 -0.226661  0.084678 -0.124098 -0.061856  0.057150
-0.000000 -0.000000 -0.000000  0.000000 -0.000000 -0.563050 -0.000000 -0.000000  0.000000 -0.000000  0.000000  0.155304  0.125275 -0.028039  0.275513  0.008413  0.308718  0.027095  0.038218 -0.009015  0.017774  0.365195 -0.195905 -0.057606 -0.138139 -0.011730 -0.026745  0.015151  0.075636 -0.096468 -0.225279  0.166726  0.115825 -0.276209  0.077699  0.086374  0.025884  0.245199  0.093408  0.083493
 0.000000 -0.000000 -0.000000 -0.078466 -0.000000 -0.000000  0.000000  0.000000  0.000000 -0.000000 -0.484584  0.147837 -0.063891  0.084909 -0.303164  0.069548 -0.317880 -0.080232  0.218788  0.053758 -0.254493  0.110299 -0.177564  0.018810  0.163016  0.155620 -0.285950 -0.100618  0.083255  0.035804 -0.001798  0.240039  0.169724 -0.199644 -0.134984 -0.043012 -0.189028  0.009557  0.160492 -0.056881
-0.000000  0.427755  0.000000 -0.135295 -0.000000 -0.000000 -0.000000 -0.000000 -0.000000  0.000000 -0.000000 -0.120854 -0.085137 -0.283526 -0.074926  0.076634 -0.055003  0.011216 -0.144997 -0.062315 -0.178981  0.055774 -0.093304  0.279998 -0.339157  0.001287  0.198033 -0.099248  0.008357  0.128309 -0.082513  0.267880  0.055935  0.099455  0.034613  0.230634 -0.301759 -0.071463 -0.325650  0.076582
 0.000000 -0.000000  0.457290  0.000000 -0.027294 -0.000000  0.078466 -0.000000 -0.000000 -0.000000  0.000000  0.104877  0.046869  0.099746 -0.240378  0.225608  0.128387  0.127753 -0.345908  0.167827  0.253722  0.081111 -0.179480  0.021758  0.060550  0.219559 -0.009389  0.174838 -0.143927 -0.273868 -0.023148  0.068015  0.032164  0.273394 -0.172765  0.056363 -0.121889  0.109410 -0.003862 -0.221000
 0.000000 -0.000000  0.457290  0.000000 -0.027294  0.000000 -0.078466 -0.000000  0.000000 -0.000000  0.000000 -0.309341 -0.116616 -0.239104 -0.160875 -0.001769  0.266261 -0.007073  0.148025 -0.249207 -0.113848 -0.045321 -0.020476 -0.336834  0.174884  0.106054  0.178344  0.068729 -0.161390  0.238545  0.207387  0.121447  0.028901 -0.200082  0.064292  0.087555  0.035415  0.003884  0.146766  0.115052
 0.000000 -0.000000  0.563050 -0.000000 -0.000000 -0.000000  0.000000 -0.000000  0.000000  0.000000  0.000000  0.143355  0.121876  0.067334  0.265013 -0.007093 -0.188514  0.090472 -0.045736 -0.068983 -0.142416 -0.162261 -0.009072  0.106988 -0.076455 -0.132849  0.034339 -0.237293  0.362962  0.086736 -0.070721 -0.314462 -0.053624 -0.184576 -0.152702  0.221591 -0.026748 -0.098360  0.075521 -0.120206
 0.000000 -0.000000 -0.000000  0.000000 -0.135295  0.000000 -0.000000 -0.427755 -0.000000 -0.000000  0.000000  0.233363  0.104268  0.001087  0.115956 -0.054065 -0.020417 -0.227344 -0.244638  0.207012 -0.210981 -0.135957  0.016002  0.189851  0.333469  0.105573  0.138037  0.028681 -0.186431  0.033260  0.125554 -0.007396  0.330944 -0.061185  0.127857  0.220280  0.209477  0.042532 -0.089568  0.192779
 0.000000  0.000000  0.000000 -0.000000  0.563050  0.000000 -0.000000  0.000000 -0.000000 -0.000000  0.000000 -0.130663 -0.194855 -0.139933 -0.095623  0.154731 -0.083682  0.086142 -0.020769  0.216891 -0.153909 -0.044028 -0.045532 -0.058454 -0.170920 -0.205659 -0.093861  0.014994 -0.167417 -0.241388 -0.044731 -0.255876  0.271909 -0.002027  0.248640  0.197811  0.086002 -0.010561  0.256000 -0.002489
-0.000000  0.000000  0.000000  0.000000  0.000000 -0.000000 -0.000000 -0.563050 -0.000000 -0.000000  0.000000 -0.042821 -0.156886 -0.084247 -0.068567 -0.273204 -0.014388 -0.010335 -0.084752  0.010658 -0.035686  0.196770  0.083877  0.039231 -0.094866 -0.289265  0.013712  0.461588  0.142673  0.075562 -0.024836  0.008000 -0.124963  0.002778 -0.225756 -0.043307 -0.175985 -0.031424  0.264093 -0.105224
-0.000000 -0.000000 -0.000000  0.000000  0.000000 -0.000000  0.135295  0.000000 -0.000000 -0.427755  0.000000  0.281826 -0.070061 -0.119934 -0.332839  0.068666 -0.040815  0.059366 -0.126966 -0.231005  0.207422 -0.030398  0.008800  0.060440 -0.252987  0.051215 -0.108390  0.151127  0.311830  0.137734  0.196481 -0.010405  0.109374 -0.113629  0.154502 -0.017310  0.383961  0.039820 -0.052959  0.071815
-0.000000 -0.000000 -0.000000 -0.000000  0.563050  0.000000  0.000000  0.000000  0.000000  0.000000 -0.000000  0.183390 -0.035762  0.019402  0.193386  0.081880 -0.201781 -0.319212 -0.138720 -0.116935  0.066119  0.231898 -0.105956 -0.135808  0.092790  0.111744  0.247483  0.039627 -0.074613  0.246405  0.170872 -0.026724 -0.160573 -0.077681 -0.042287 -0.155941 -0.046346  0.113364 -0.203101 -0.214371
 0.000000  0.000000 -0.000000  0.000000 -0.027294 -0.078466 -0.000000  0.000000  0.457290  0.000000  0.000000  0.339884 -0.177817 -0.037854  0.153717  0.147044  0.040921 -0.138367 -0.041564 -0.164809 -0.217050 -0.095827  0.165370 -0.244368 -0.037727  0.081449 -0.080067  0.033849  0.124279 -0.262289  0.189013  0.087317 -0.202364  0.279516  0.124689  0.085243 -0.216393 -0.097921  0.132745  0.194834
-0.000000  0.000000 -0.000000  0.000000 -0.000000 -0.000000  0.563050 -0.000000 -0.000000  0.000000  0.000000 -0.126249  0.236814  0.078964  0.008113  0.026293 -0.024117 -0.086455 -0.092448  0.204919 -0.300381 -0.064903  0.034159 -0.172579 -0.264995  0.338144  0.063363  0.161473 -0.039892  0.105258 -0.221251  0.043240 -0.177516 -0.088414  0.047591 -0.105169  0.137749 -0.239026  0.114017 -0.008329
 0.000000  0.000000  0.000000 -0.000000  0.000000 -0.000000 -0.563050 -0.000000 -0.000000 -0.000000  0.000000 -0.009041  0.395119 -0.180831 -0.083815  0.243020  0.106461 -0.090552  0.015680  0.001286 -0.338311 -0.028957  0.182682  0.148056 -0.135265  0.106192 -0.031266  0.174258  0.043410 -0.084597  0.006321 -0.004358 -0.084213 -0.015099  0.037536 -0.200657  0.151630  0.031646  0.016467 -0.307164
-0.000000 -0.000000 -0.000000  0.000000 -0.048096  0.000000  0.000000  0.000000  0.000000  0.000000  0.514954  0.174777  0.049877 -0.229286 -0.122896  0.090360 -0.000687 -0.108533 -0.209923  0.115709 -0.045290 -0.062755 -0.155349 -0.104572 -0.006048 -0.165282 -0.133553 -0.330815 -0.048844  0.175579 -0.021434  0.086053  0.161028 -0.035641 -0.173213 -0.410318 -0.138843 -0.056551  0.247446  0.091449
-0.563050  0.000000  0.000000  0.000000 -0.000000  0.000000  0.000000 -0.000000 -0.000000 -0.000000 -0.000000 -0.004643  0.128884  0.078975 -0.044241  0.130457 -0.148845 -0.298201  0.113032 -0.073558  0.190768 -0.117180  0.056196 -0.087213 -0.090411 -0.266893  0.221382 -0.045834 -0.041432 -0.126432 -0.087449  0.364162  0.036041  0.046657 -0.175307  0.209365  0.227795 -0.067550  0.153411 -0.066823
-0.000000  0.000000  0.000000  0.563050 -0.000000 -0.000000  0.000000 -0.000000  0.000000  0.000000 -0.000000  0.119472  0.107234  0.017677 -0.131334 -0.375041 -0.142673  0.124853 -0.102909 -0.242311 -0.152640  0.095013  0.257665 -0.165106 -0.209648  0.099772 -0.002525 -0.194155 -0.253503 -0.029004 -0.043983  0.018530  0.169214  0.076162 -0.073897  0.091197 -0.041668  0.205429 -0.017382 -0.127730
-0.000000 -0.000000 -0.000000  0.000000 -0.000000  0.000000 -0.000000 -0.000000  0.000000 -0.563050  0.000000 -0.087183 -0.083692 -0.160873  0.105843 -0.021454 -0.194770  0.149450  0.042934  0.059871 -0.213000 -0.126004 -0.153139  0.051577  0.169450  0.000937  0.173875 -0.044044 -0.089926 -0.154597 -0.189136  0.053944 -0.316552  0.098591 -0.161768 -0.088445  0.100525  0.409309  0.073415  0.138809
 0.000000  0.000000 -0.000000  0.000000 -0.563050 -0.000000  0.000000  0.000000 -0.000000  0.000000  0.000000 -0.018891 -0.288175 -0.057968  0.129520  0.215344 -0.287990 -0.133392 -0.023679  0.050330  0.000035  0.154990 -0.140285 -0.153843 -0.197726 -0.104077  0.010227  0.015275 -0.252890  0.018951  0.077380 -0.196362 -0.045233 -0.109330  0.247706  0.008902  0.039416  0.100515  0.012999 -0.339828
 0.000000  0.000000 -0.000000  0.563050  0.000000 -0.000000 -0.000000  0.000000  0.000000  0.000000  0.000000 -0.042893  0.105488  0.091779 -0.172778  0.204534 -0.011268 -0.027744 -0.087366  0.008811 -0.021353  0.001930 -0.201870  0.052599  0.291110 -0.258366  0.024876  0.076041  0.197894  0.156244 -0.211264  0.088021 -0.207936  0.032971  0.441469  0.046594 -0.128880 -0.066643 -0.008432  0.030761
-0.000000  0.000000 -0.000000  0.000000 -0.000000 -0.000000 -0.000000  0.000000  0.563050 -0.000000  0.000000 -0.118458  0.042132 -0.074535 -0.202470 -0.138758  0.064978  0.058676 -0.018145  0.310995 -0.021182  0.413333 -0.019885  0.048386  0.083177 -0.078602  0.031486 -0.309364  0.045777  0.057192  0.135857 -0.016100 -0.193461 -0.000248 -0.086610  0.126041  0.320573 -0.107362 -0.065778 -0.096492
 0.000000  0.427755  0.000000  0.135295  0.000000  0.000000  0.000000  0.000000  0.000000 -0.000000 -0.000000  0.278882  0.237344 -0.258418 -0.057211 -0.145132 -0.091281  0.068620  0.236967  0.066330  0.192664 -0.081454 -0.183158 -0.070625  0.056540 -0.023041  0.006186  0.159089 -0.236694 -0.283509  0.106546 -0.153202 -0.195451 -0.296172 -0.045878 -0.012885 -0.057707 -0.274421 -0.064522  0.079525
 0.000000  0.000000 -0.000000  0.000000 -0.000000 -0.563050  0.000000 -0.000000  0.000000 -0.000000 -0.000000 -0.107885 -0.097403  0.306173 -0.160897 -0.140981 -0.047198  0.058316 -0.042197 -0.175959 -0.213551 -0.190979 -0.258934  0.143294 -0.019027 -0.108556  0.211009 -0.022060 -0.071759 -0.120334  0.264076 -0.052162  0.032541  0.125287 -0.015288 -0.256609  0.088530 -0.246434 -0.049719 -0.105800
-0.563050 -0.000000  0.000000 -0.000000 -0.000000 -0.000000 -0.000000 -0.000000  0.000000 -0.000000  0.000000  0.159665 -0.051629  0.198941 -0.150083  0.030222  0.181300  0.202610  0.099564  0.302591 -0.092264 -0.031966  0.123641  0.078525 -0.140670  0.046386  0.154119 -0.016076 -0.024615  0.170235  0.215603 -0.198400 -0.108835 -0.150252  0.113623 -0.105057 -0.286935  0.263247 -0.023436  0.116129
 0.000000 -0.000000  0.000000 -0.000000 -0.000000 -0.000000 -0.563050 -0.000000  0.000000 -0.000000 -0.000000 -0.015562 -0.079252  0.242949  0.012805 -0.172578 -0.214702  0.050018 -0.193452  0.183401  0.147163 -0.030543 -0.234738 -0.216420 -0.234872  0.264684  0.012761  0.055004  0.001882  0.177458 -0.128638  0.037341 -0.097143  0.026969  0.023477  0.099839  0.084750 -0.156212  0.119863  0.314341
-0.427755  0.000000  0.000000  0.000000 -0.000000  0.135295  0.000000  0.000000  0.000000 -0.000000 -0.000000 -0.228392 -0.030951 -0.233166  0.198802 -0.337644 -0.045377  0.044894 -0.245298 -0.025823 -0.005866  0.011760 -0.185032 -0.074342  0.133928  0.212015 -0.107565 -0.033624  0.320774 -0.290733  0.072547  0.079091  0.134120 -0.066789  0.248427 -0.180582 -0.048256 -0.051023 -0.051374 -0.184350
 0.000000 -0.000000  0.000000 -0.000000 -0.000000 -0.000000 -0.000000  0.563050 -0.000000  0.000000 -0.000000  0.074121 -0.150102  0.003542  0.051885 -0.262412  0.084757 -0.158700 -0.324749  0.054912 -0.084787 -0.090408  0.085798  0.317403  0.069719 -0.126737 -0.156358  0.227106 -0.179778  0.079483  0.090249  0.157206 -0.155021 -0.222163 -0.038124  0.157508  0.003994  0.014512  0.214126 -0.069999
 0.000000  0.000000 -0.000000 -0.000000  0.135295  0.000000  0.000000 -0.427755  0.000000 -0.000000 -0.000000 -0.079434 -0.095338  0.114469  0.042594  0.068269  0.150921  0.032053 -0.071268 -0.148760  0.146350 -0.242052 -0.013474  0.176304 -0.116828  0.108362 -0.361899 -0.337328 -0.238008 -0.028100  0.025931  0.203794 -0.370510 -0.234902  0.119122  0.044051  0.027426  0.017932  0.023798 -0.146413
 0.000000 -0.563050  0.000000  0.000000 -0.000000 -0.000000  0.000000 -0.000000  0.000000 -0.000000  0.000000  0.143753  0.009611 -0.272804  0.024776  0.023506 -0.147478  0.203409  0.090716 -0.084652  0.138014  0.145477  0.032600  0.343830 -0.033059  0.179126  0.322063 -0.055378 -0.155079 -0.029781 -0.036444  0.085550 -0.023497 -0.037344  0.146187 -0.006695 -0.143341 -0.301850  0.197979  0.029043
-0.000000 -0.000000 -0.514535 -0.000000 -0.048515 -0.000000  0.000000 -0.000000 -0.000000  0.000000  0.000000 -0.024844  0.071380 -0.050170 -0.066610  0.191174  0.144452  0.206256 -0.225916 -0.147815 -0.031532 -0.145753 -0.187637 -0.162946  0.125577  0.144012  0.187735 -0.043199  0.125836  0.063521  0.086352 -0.175729 -0.004410 -0.136824 -0.263504  0.370390 -0.106123 -0.006944  0.209647 -0.225701
 0.000000 -0.000000  0.000000  0.000000 -0.027294  0.078466  0.000000 -0.000000  0.457290 -0.000000 -0.000000 -0.312771  0.148083  0.192581 -0.026809  0.181436 -0.186640 -0.033208 -0.217792 -0.266211  0.105792  0.037582  0.077898  0.131180 -0.023110 -0.030289  0.040878  0.130809 -0.091387 -0.159660 -0.082930 -0.134983  0.161743 -0.381553 -0.083857 -0.179053 -0.143958  0.114399 -0.020749  0.281307
 0.000000 -0.000000 -0.000000 -0.563050 -0.000000  0.000000  0.000000 -0.000000  0.000000  0.000000 -0.000000  0.154955  0.311398  0.087298 -0.215395 -0.208345 -0.116247  0.179214 -0.167994 -0.192655 -0.044313  0.038008  0.074040 -0.224707  0.148516 -0.228426  0.014954 -0.042572 -0.141753  0.044417 -0.185110  0.002190 -0.113922  0.043728  0.356098  0.053684 -0.073761  0.071391  0.005946 -0.080371
 0.000000 -0.563050 -0.000000 -0.000000 -0.000000 -0.000000  0.000000 -0.000000  0.000000  0.000000 -0.000000 -0.023698  0.106022 -0.138917 -0.125161 -0.075544  0.036345 -0.142757 -0.020845  0.087702 -0.127618 -0.164986 -0.242631 -0.184768 -0.181648 -0.195653 -0.166916  0.100840 -0.018391 -0.088126  0.054703  0.001572 -0.082494 -0.112104 -0.154745  0.172121 -0.129749  0.039078 -0.494397  0.089553
-0.000000 -0.000000  0.000000 -0.000000 -0.000000  0.563050 -0.000000 -0.000000  0.000000  0.000000  0.000000  0.199099 -0.027105  0.270173  0.105697 -0.025918  0.304774  0.079416  0.071223 -0.230874 -0.269104  0.197146 -0.410607  0.071828 -0.150478 -0.136860  0.100335  0.015320 -0.099335 -0.105239  0.001295  0.055105  0.056193  0.006067 -0.008405 -0.079611  0.146215 -0.068200  0.048658  0.038641
 0.427755  0.000000 -0.000000  0.000000 -0.000000  0.135295  0.000000  0.000000  0.000000 -0.000000 -0.000000 -0.024337  0.070739  0.132652 -0.056984 -0.126142 -0.002656 -0.080932  0.034539  0.275650  0.123792 -0.184559  0.051686 -0.085778 -0.170242 -0.078236  0.386704 -0.115116  0.233838 -0.233075  0.241235  0.297283  0.038301 -0.203150  0.167233 -0.043282 -0.126102  0.206571  0.119711 -0.119448
-0.000000 -0.000000 -0.000000  0.000000 -0.048096  0.000000 -0.000000 -0.000000 -0.000000 -0.000000 -0.514954  0.015897  0.027058 -0.198730 -0.122651 -0.144861  0.284187 -0.418807 -0.152384 -0.052538  0.161022 -0.095040 -0.090157  0.048755 -0.123592 -0.026096  0.143284 -0.232384 -0.021457 -0.000738 -0.184893 -0.344250 -0.058496  0.139818  0.027711 -0.156549 -0.040648  0.051234  0.154628  0.091196
 0.000000  0.000000 -0.000000 -0.000000 -0.000000 -0.000000  0.000000  0.000000 -0.000000 -0.563050 -0.000000 -0.202168  0.368050  0.140546  0.184748 -0.043478  0.051565 -0.153869  0.097844  0.043410  0.081243  0.133569 -0.062755  0.028085 -0.067101 -0.025278 -0.185309 -0.018009 -0.122245  0.131896  0.304968 -0.047022  0.136788  0.182505  0.073896  0.142246 -0.302777 -0.154425  0.143962 -0.050837
-0.000000  0.000000  0.000000  0.000000 -0.048515  0.000000 -0.000000 -0.000000 -0.514535 -0.000000  0.000000 -0.105531  0.019679  0.055950 -0.108772  0.140093 -0.058403 -0.088278 -0.250357 -0.042748 -0.122058  0.400541  0.194442 -0.047647  0.036951 -0.040545 -0.000375 -0.192195  0.079327 -0.312421  0.242948 -0.059982 -0.247803 -0.090956 -0.058487  0.054552  0.030540 -0.102840  0.027555  0.317578
 0.563050
