17 28
-0.000000  0.000000 -0.000000 -0.000000 -0.000000 -0.000000 -0.000000 -0.707107  0.000000 -0.000000 -0.182758 -0.000000  0.040940 -0.000000  0.000000 -0.000000  0.000000  0.330245  0.063764  0.298602  0.107598  0.086136  0.114704 -0.317652  0.129273  0.287919 -0.090904  0.147322
 0.000000  0.000000 -0.000000  0.000000 -0.000000 -0.000000 -0.707107 -0.000000 -0.000000 -0.000000  0.000000  0.000000 -0.040940 -0.000000 -0.182758 -0.000000  0.000000 -0.237347 -0.016541  0.000976 -0.361483  0.020982 -0.314966 -0.271201 -0.173478  0.208007 -0.104265  0.142195
 0.000000  0.000000  0.000000  0.000000 -0.000000 -0.000000 -0.000000 -0.000000 -0.000000  0.000000 -0.000000 -0.000000  0.040940 -0.000000 -0.000000  0.182758  0.707107 -0.169567 -0.187316 -0.014018 -0.108201 -0.437474  0.301899 -0.239747  0.179901 -0.067284  0.075420  0.081208
-0.000000  0.000000 -0.000000  0.000000  0.000000 -0.000000  0.000000  0.000000 -0.000000 -0.000000  0.000000  0.000000 -0.040940  0.000000  0.000000 -0.182758  0.707107  0.169567  0.187316  0.014018  0.108201  0.437474 -0.301899  0.239747 -0.179901  0.067284 -0.075420 -0.081208
-0.000000 -0.000000  0.000000 -0.000000 -0.707107 -0.000000  0.000000  0.000000  0.000000 -0.000000 -0.182758  0.000000 -0.040940 -0.000000 -0.000000  0.000000 -0.000000 -0.253983 -0.081432  0.163486  0.276770 -0.251246 -0.162021  0.280465  0.046965  0.344373 -0.039906 -0.005342
 0.000000 -0.000000  0.000000 -0.000000 -0.000000  0.000000  0.000000 -0.000000 -0.000000  0.707107 -0.000000 -0.000000  0.040940  0.000000 -0.000000 -0.182758  0.000000  0.082437 -0.368559 -0.281342  0.138378  0.014991  0.029466 -0.210210 -0.133420  0.211079  0.011273 -0.340921
 0.000000  0.000000 -0.000000 -0.707107 -0.000000 -0.000000 -0.000000  0.000000 -0.000000 -0.000000  0.000000  0.000000 -0.040940 -0.000000  0.182758 -0.000000  0.000000 -0.045759  0.411709 -0.395828 -0.037761 -0.077973  0.095700 -0.025946  0.146874  0.243377 -0.191669 -0.042032
 0.000000 -0.000000 -0.000000 -0.000000  0.000000  0.000000 -0.000000 -0.000000  0.000000  0.000000 -0.930805 -0.000000 -0.000000  0.000000 -0.000000 -0.000000  0.000000 -0.029947  0.006938 -0.181457 -0.150937  0.064837  0.018581  0.014603 -0.069207 -0.248294  0.051368 -0.055754
 0.000000 -0.000000 -0.000000 -0.000000  0.000000  0.930805  0.000000 -0.000000  0.000000  0.000000 -0.000000  0.000000  0.000000  0.000000 -0.000000  0.000000  0.000000  0.108836  0.011644  0.111428 -0.172700 -0.116208  0.054675  0.098118 -0.084038  0.023292 -0.134121 -0.166331
 0.000000 -0.000000  0.000000 -0.000000 -0.000000 -0.182758 -0.000000 -0.000000 -0.000000 -0.000000  0.000000 -0.707107  0.040940  0.000000 -0.000000 -0.000000  0.000000  0.130322 -0.005248  0.118014 -0.026135 -0.234908 -0.003124  0.030380 -0.198848 -0.170223 -0.537504 -0.140573
 0.000000 -0.000000  0.000000  0.000000 -0.000000 -0.000000  0.707107 -0.000000 -0.000000 -0.000000 -0.000000 -0.000000 -0.040940 -0.000000 -0.182758  0.000000  0.000000 -0.237347 -0.016541  0.000976 -0.361483  0.020982 -0.314966 -0.271201 -0.173478  0.208007 -0.104265  0.142195
-0.000000  0.707107  0.000000  0.000000  0.000000 -0.000000  0.000000  0.000000  0.182758  0.000000 -0.000000 -0.000000 -0.040940  0.000000  0.000000 -0.000000  0.000000 -0.131101  0.253415  0.193027  0.109515 -0.064094 -0.193584 -0.270645  0.117418 -0.146726  0.123978 -0.410787
-0.000000 -0.000000 -0.707107  0.000000  0.000000 -0.000000  0.000000 -0.000000 -0.000000  0.000000 -0.000000 -0.000000  0.223698  0.000000  0.000000  0.000000 -0.000000  0.252142  0.185258 -0.098221  0.080393 -0.336373 -0.172431 -0.027842 -0.314937  0.011516  0.276647  0.128245
 0.000000  0.000000 -0.000000 -0.000000  0.000000  0.000000 -0.000000 -0.000000 -0.000000 -0.000000  0.000000  0.000000 -0.000000 -0.000000 -0.930805 -0.000000  0.000000  0.075234  0.168169 -0.155821  0.127122 -0.038858  0.161264  0.096309  0.125799  0.013889 -0.034322 -0.072344
-0.000000  0.000000 -0.000000  0.000000  0.000000 -0.182758 -0.000000  0.000000  0.000000  0.000000 -0.000000 -0.000000 -0.040940 -0.707107  0.000000 -0.000000 -0.000000  0.146834  0.034900  0.165742 -0.413653 -0.061019  0.142356  0.219483 -0.015160  0.229537  0.195959 -0.282998
-0.000000  0.000000 -0.707107  0.000000  0.000000 -0.000000  0.000000 -0.000000  0.000000  0.000000  0.000000 -0.000000 -0.223698 -0.000000  0.000000  0.000000 -0.000000 -0.252142 -0.185258  0.098221 -0.080393  0.336373  0.172431  0.027842  0.314937 -0.011516 -0.276647 -0.128245
 0.000000 -0.000000  0.000000  0.000000  0.000000  0.000000  0.000000 -0.000000 -0.000000 -0.707107 -0.000000  0.000000  0.040940 -0.000000  0.000000 -0.182758  0.000000  0.082437 -0.368559 -0.281342  0.138378  0.014991  0.029466 -0.210210 -0.133420  0.211079  0.011273 -0.340921
 0.000000  0.000000 -0.000000 -0.000000  0.000000  0.000000  0.000000  0.000000  0.930805  0.000000  0.000000 -0.000000  0.000000 -0.000000  0.000000  0.000000 -0.000000  0.156317 -0.155072 -0.118316 -0.084924 -0.024882 -0.075608  0.121665  0.119433  0.029576 -0.058488  0.155601
 0.707107 -0.000000 -0.000000  0.000000 -0.000000 -0.000000  0.000000 -0.000000  0.182758 -0.000000  0.000000  0.000000  0.040940 -0.000000  0.000000 -0.000000  0.000000 -0.266967  0.141483  0.108270  0.106747  0.127456  0.386123 -0.039181 -0.421559  0.071410  0.024965  0.014542
-0.000000 -0.000000 -0.000000  0.707107 -0.000000 -0.000000 -0.000000 -0.000000 -0.000000  0.000000  0.000000  0.000000 -0.040940 -0.000000  0.182758 -0.000000 -0.000000 -0.045759  0.411709 -0.395828 -0.037761 -0.077973  0.095700 -0.025946  0.146874  0.243377 -0.191669 -0.042032
 0.000000 -0.707107  0.000000 -0.000000  0.000000 -0.000000 -0.000000  0.000000  0.182758  0.000000 -0.000000 -0.000000 -0.040940 -0.000000 -0.000000 -0.000000  0.000000 -0.131101  0.253415  0.193027  0.109515 -0.064094 -0.193584 -0.270645  0.117418 -0.146726  0.123978 -0.410787
 0.000000 -0.000000  0.000000  0.000000 -0.000000  0.000000 -0.000000  0.000000  0.000000  0.000000 -0.000000  0.000000  0.930805 -0.000000 -0.000000 -0.000000  0.000000 -0.176420 -0.004780  0.038227 -0.095379  0.162599 -0.028097  0.075712  0.201277  0.042465 -0.088915 -0.093357
-0.707107 -0.000000 -0.000000 -0.000000  0.000000  0.000000 -0.000000 -0.000000  0.182758 -0.000000  0.000000 -0.000000  0.040940  0.000000 -0.000000 -0.000000  0.000000 -0.266967  0.141483  0.108270  0.106747  0.127456  0.386123 -0.039181 -0.421559  0.071410  0.024965  0.014542
 0.000000  0.000000 -0.000000 -0.000000 -0.000000 -0.000000 -0.000000 -0.000000 -0.000000 -0.000000 -0.000000 -0.000000 -0.000000 -0.000000  0.000000 -0.930805 -0.000000 -0.098959  0.071172  0.104975 -0.096829 -0.177678  0.106981 -0.011599  0.123038 -0.109310  0.025190  0.165766
-0.000000  0.000000 -0.000000  0.000000  0.000000 -0.000000 -0.000000  0.707107 -0.000000 -0.000000 -0.182758  0.000000  0.040940  0.000000  0.000000 -0.000000  0.000000  0.330245  0.063764  0.298602  0.107598  0.086136  0.114704 -0.317652  0.129273  0.287919 -0.090904  0.147322
 0.000000  0.000000  0.000000 -0.000000  0.000000  0.182758  0.000000  0.000000 -0.000000 -0.000000 -0.000000 -0.707107 -0.040940  0.000000  0.000000  0.000000 -0.000000 -0.130322  0.005248 -0.118014  0.026135  0.234908  0.003124 -0.030380  0.198848  0.170223  0.537504  0.140573
-0.000000  0.000000 -0.000000  0.000000 -0.707107  0.000000  0.000000  0.000000 -0.000000 -0.000000  0.182758 -0.000000  0.040940 -0.000000  0.000000  0.000000  0.000000  0.253983  0.081432 -0.163486 -0.276770  0.251246  0.162021 -0.280465 -0.046965 -0.344373  0.039906  0.005342
 0.000000 -0.000000  0.000000 -0.000000 -0.000000  0.182758 -0.000000 -0.000000 -0.000000 -0.000000  0.000000  0.000000  0.040940 -0.707107  0.000000 -0.000000  0.000000 -0.146834 -0.034900 -0.165742  0.413653  0.061019 -0.142356 -0.219483  0.015160 -0.229537 -0.195959  0.282998
 0.930805
