7 22
 0.000005 -0.577276  0.000008  0.000003 -0.000000 -0.000004 -0.000002 -0.092204 -0.009832  0.094073 -0.093775  0.015275 -0.041298 -0.019691  0.294809 -0.094387 -0.155013  0.301511  0.485225 -0.243617  0.245889  0.268646
-0.000000 -0.000000 -0.577305 -0.000000  0.000000  0.000000 -0.000000  0.026957 -0.233994 -0.199921 -0.523451 -0.008574 -0.140453 -0.106045 -0.170282  0.114410  0.012698  0.246383  0.031054 -0.221651 -0.284266 -0.179922
 0.000000 -0.000000  0.577305 -0.000000 -0.000000  0.000000  0.000000  0.182619 -0.220884  0.080882 -0.255021 -0.037738  0.294897 -0.213772 -0.351626 -0.236994  0.200302  0.253618  0.210365 -0.023397 -0.121619 -0.187279
-0.035275 -0.012562  0.005526 -0.001000 -0.501049 -0.019668  0.001207  0.100441 -0.292274  0.265294 -0.023304 -0.112994  0.287595  0.399524  0.313208 -0.084460 -0.308181  0.050598 -0.181187 -0.078590 -0.248049 -0.149303
-0.000017 -0.000039  0.000052  0.000000 -0.000040  0.577053  0.000018 -0.006664 -0.267810 -0.287526 -0.020659 -0.062613  0.021835 -0.212065  0.324205 -0.317217  0.121083 -0.349517 -0.048747 -0.201860  0.190620 -0.201886
 0.000013  0.000071 -0.000055 -0.000478  0.000067 -0.000004 -0.576605 -0.148475  0.053794 -0.005010  0.025830  0.207869 -0.249057  0.498043 -0.144433 -0.251195  0.139548 -0.091206  0.275597 -0.028370 -0.006255 -0.316323
 0.576654 -0.000505 -0.000053 -0.000049  0.000010 -0.000012 -0.000019 -0.122843  0.506781  0.143022 -0.047911  0.196129  0.099466 -0.202243  0.088383 -0.248999 -0.100796  0.056423 -0.187747 -0.310879 -0.202999 -0.165171
-0.034196 -0.011810 -0.006895 -0.000458  0.502421  0.020537  0.000905 -0.454275 -0.150975  0.231439 -0.358551 -0.010218  0.293573  0.243553  0.053753 -0.128276  0.108028 -0.150962 -0.201711  0.045460 -0.093308  0.289207
 0.000003  0.577273 -0.000004  0.000002  0.000000 -0.000013  0.000002  0.261377  0.137427 -0.085276 -0.262189 -0.012404 -0.174545  0.077297  0.281831 -0.395336 -0.082150  0.190778  0.174560  0.159732  0.010551  0.363292
-0.000008  0.000008  0.005944 -0.012819  0.498839 -0.020521  0.039082  0.432690  0.027924 -0.259079  0.266194 -0.139346  0.200493  0.301139 -0.064534  0.017213 -0.192860 -0.042194  0.083342 -0.430358 -0.188748  0.038910
 0.000991  0.000761 -0.006567 -0.012297 -0.497677  0.020004  0.038899 -0.126010  0.169880 -0.293015 -0.071702 -0.036085  0.207733  0.145614 -0.325795 -0.027166  0.226066 -0.245649  0.062420 -0.306365 -0.033696  0.481241
 0.000005 -0.000019 -0.000000  0.577236 -0.000006 -0.000017  0.000019 -0.003612  0.284495 -0.084326 -0.077899 -0.386368  0.140123  0.167783  0.264724  0.179811  0.437006  0.204714 -0.000140  0.012605  0.068212 -0.188411
-0.000002 -0.000011  0.000000  0.577273  0.000002 -0.000004  0.000010 -0.154931 -0.084593 -0.277140  0.065045  0.363258  0.218595 -0.132099  0.011855  0.002048 -0.342150 -0.144446  0.269038  0.262575 -0.278029  0.025776
 0.000005 -0.000011  0.000065 -0.000020  0.000001  0.577184 -0.000002 -0.252158  0.077920  0.115211  0.263069 -0.392181 -0.191693  0.011138 -0.219434 -0.046622 -0.133166  0.265582  0.079579  0.122922 -0.383624  0.129798
-0.000016 -0.000035  0.000008 -0.000143 -0.000004  0.000017 -0.576941  0.238742 -0.045863  0.266809  0.006609 -0.063002  0.015377 -0.342130  0.233508  0.263290  0.185362 -0.236083  0.090196 -0.075663 -0.344906  0.262272
 0.000011 -0.000002 -0.000004  0.577266  0.000010  0.000002 -0.000007  0.165086 -0.196204  0.349630  0.016909  0.018907 -0.348828 -0.024905 -0.284626 -0.182483 -0.095167 -0.065999 -0.266633 -0.291312  0.204899  0.173682
 0.577204  0.000036 -0.000005  0.000001 -0.000005 -0.000009  0.000025  0.088892 -0.075861  0.056204 -0.255828 -0.411177 -0.013786  0.096252 -0.150212  0.167000 -0.250366 -0.358067  0.265694  0.217548  0.210976 -0.047664
-0.000000 -0.000000 -0.577305 -0.000000  0.000000  0.000000 -0.000000  0.168323  0.010640  0.281445  0.275790 -0.030647  0.434522 -0.105145 -0.176042 -0.349696  0.178775  0.012019  0.180093  0.196127  0.160059 -0.017212
-0.000003 -0.577243  0.000001 -0.000018 -0.000024  0.000006  0.000008  0.360633  0.157317 -0.190052 -0.161144 -0.025540 -0.145284  0.083556 -0.021616 -0.296439  0.077154 -0.109660 -0.302128  0.403877 -0.227844  0.092334
-0.000062 -0.000034  0.000008 -0.001060 -0.000087 -0.000054 -0.575868 -0.070166  0.004596 -0.298771 -0.019892 -0.157204  0.262679 -0.124416 -0.114958 -0.013305 -0.323726  0.308226 -0.357117  0.054242  0.336073  0.089243
 0.576100 -0.001002 -0.000001 -0.000033  0.000001  0.000015 -0.000010  0.013310 -0.458419 -0.169031  0.281689  0.208166 -0.051025  0.144634  0.084967  0.069186  0.338861  0.296846 -0.101494  0.091628 -0.028831  0.220294
 0.000001 -0.000031 -0.000756  0.000008 -0.000073 -0.576402  0.000007 -0.298544 -0.180625 -0.174203  0.218819 -0.448168 -0.169406 -0.211774  0.087063 -0.367489  0.016992 -0.098134  0.029098 -0.070011 -0.182665 -0.041417
 0.577305
