11 48
-0.000000  0.497927  0.000000  0.000000  0.000000  0.000000 -0.000000  0.000000 -0.000000 -0.000000  0.000000 -0.038474  0.051616  0.176279 -0.179722 -0.114318  0.057368 -0.317366 -0.092739 -0.008597  0.301864 -0.259140 -0.019757  0.096081  0.077519 -0.202877 -0.120267 -0.067638 -0.055242  0.039506 -0.045037  0.052478  0.296994 -0.105098 -0.077944  0.195031  0.121482 -0.100491  0.106911 -0.101583 -0.156007 -0.051549  0.233156 -0.037842  0.033614 -0.019500 -0.107309  0.171787
 0.497258  0.000134  0.000011  0.000044  0.000013  0.000112  0.000073 -0.000014  0.000070  0.000016  0.000130  0.089200 -0.415618  0.032464 -0.190798  0.111738 -0.050914 -0.200908 -0.181948  0.168115  0.031421  0.139110  0.109805  0.026499 -0.111804 -0.006035  0.113258  0.149687 -0.216728 -0.067846  0.088813  0.196405  0.108289 -0.190056  0.131062 -0.213765 -0.125287  0.063299 -0.156470 -0.047945  0.130855  0.154421  0.016701  0.048559  0.034948 -0.100093  0.061422  0.151802
-0.000005 -0.000012  0.000009 -0.000006  0.000001 -0.000039  0.000001  0.000008  0.000019 -0.497806 -0.000019  0.052980  0.175844 -0.126432  0.183967  0.113030 -0.121207 -0.236826  0.197467  0.053868 -0.081116  0.080584  0.044715  0.060428  0.094094 -0.266033 -0.133267 -0.097864 -0.014640 -0.156782  0.028723 -0.044450 -0.023629  0.061771  0.154796  0.000231 -0.026689 -0.268482 -0.258927 -0.235013  0.163059  0.224352  0.080681  0.180927  0.008982  0.195277 -0.110052 -0.001809
-0.000005 -0.000005 -0.000003  0.000026  0.000008  0.000011  0.000007  0.000001  0.000001 -0.000007  0.497826 -0.002074  0.058815  0.208161  0.082432  0.115688  0.191558 -0.146044 -0.163951 -0.038101  0.279204  0.042737 -0.081607 -0.133283 -0.191904  0.017578  0.182353 -0.032688  0.040396  0.009997  0.134601 -0.065834 -0.044311  0.275253  0.172818 -0.017063 -0.067192 -0.077026 -0.205721  0.134311  0.167704 -0.290528 -0.083892 -0.076504 -0.161838  0.156104 -0.196257  0.076174
-0.000002 -0.000000 -0.000015  0.497853  0.000008 -0.000008 -0.000002 -0.000004 -0.000004 -0.000019  0.000000 -0.112334  0.014328 -0.038023  0.108044  0.058727 -0.178702  0.059701 -0.323036  0.178426  0.152341  0.064408  0.164067 -0.161473 -0.018379  0.073810 -0.162582  0.041843  0.035606 -0.204855 -0.181281 -0.150938  0.079700  0.193160 -0.342201 -0.089377  0.051982 -0.042073  0.197154 -0.003263  0.283709  0.060944  0.121042  0.116240 -0.096520 -0.042741 -0.008419  0.046707
-0.000133  0.000009  0.000038 -0.000074  0.000038 -0.000162 -0.000098 -0.000026  0.436070  0.061175 -0.000093 -0.368147 -0.099513 -0.255752  0.069989 -0.017646  0.077232 -0.182649 -0.106146  0.078743 -0.010111  0.027298  0.166497  0.105989  0.043932 -0.135326  0.010143  0.170523  0.228080  0.199033  0.107953  0.208309  0.058711  0.245214  0.026440 -0.057829 -0.204011 -0.068516  0.163039  0.119020 -0.247251  0.120402 -0.068257  0.068977 -0.034705  0.214752 -0.016598 -0.100094
 0.000000  0.497927 -0.000000 -0.000000  0.000000  0.000000  0.000000  0.000000 -0.000000  0.000000  0.000000 -0.149725  0.004315 -0.063722 -0.205327  0.174174 -0.185696  0.112292  0.207076 -0.108612  0.043599  0.097130 -0.084917 -0.066089  0.073983  0.108401  0.280154  0.091688  0.052133 -0.295651  0.066059  0.183751 -0.105320 -0.002176 -0.194034 -0.023988  0.053015 -0.171125 -0.040097  0.032605  0.090136 -0.093529 -0.235038  0.045532  0.014391  0.237982  0.278384 -0.058350
 0.000069  0.000054 -0.459289 -0.000032 -0.000183 -0.000064 -0.000091  0.000027  0.000031 -0.028165 -0.009810 -0.206333 -0.088135 -0.050624  0.065549 -0.272566 -0.126841 -0.194172  0.207567 -0.063965 -0.002704 -0.044080 -0.010542 -0.236220 -0.174619 -0.258404  0.039719 -0.074424 -0.299086  0.002484 -0.254434 -0.074418  0.102704  0.149875  0.036081 -0.074646  0.080386  0.003510 -0.042933  0.166740 -0.004619 -0.013758 -0.283530 -0.036782 -0.076157 -0.221073  0.131588 -0.061508
 0.000000  0.064317  0.000000 -0.000000  0.000000 -0.000000  0.000000  0.433610  0.000000  0.000000  0.000000  0.185546  0.109939 -0.163644  0.099131  0.077940  0.033050 -0.010991  0.257645  0.070176  0.224928 -0.128324  0.257340  0.031882 -0.104048 -0.163643  0.057639 -0.152202  0.068130 -0.016430  0.048740  0.028946 -0.072048 -0.024001 -0.156475 -0.067464 -0.264200  0.346553  0.160328  0.023905  0.153066  0.039491 -0.165607 -0.196861  0.201666  0.040288 -0.048932  0.229735
-0.000015 -0.000023  0.000001 -0.000016 -0.000061 -0.497496  0.000002  0.000049 -0.000046 -0.000030 -0.000005  0.053876  0.022552 -0.214139 -0.067163 -0.344376  0.050757  0.009328 -0.171410 -0.322904  0.057948 -0.039534  0.020855 -0.120137 -0.002064  0.072392 -0.063258 -0.312341  0.194710 -0.123013  0.105193  0.227207  0.051798  0.039776  0.016766 -0.134142 -0.225944 -0.045824 -0.150732 -0.093750  0.102975 -0.069503  0.144833  0.062716  0.046991 -0.152091  0.145679 -0.085921
 0.000000 -0.000000 -0.000000 -0.000000  0.000000 -0.000000 -0.000000  0.497927 -0.000000 -0.000000 -0.000000 -0.125745 -0.126660  0.152565  0.205005  0.068385  0.034613  0.001864  0.006999 -0.326461  0.118012  0.100548 -0.319135  0.128122  0.091043 -0.056499 -0.031963  0.163751 -0.100309 -0.026400  0.343144 -0.121135  0.059997  0.047940 -0.067949 -0.018815  0.022920 -0.054242  0.086009  0.029881  0.078981  0.258494  0.135289 -0.033303 -0.094082 -0.217047  0.087548 -0.197204
 0.000058 -0.000018 -0.470216 -0.000282 -0.000184  0.000152 -0.000060 -0.000378 -0.000021  0.000512  0.025739  0.269734 -0.142839  0.117699  0.078077 -0.010147 -0.181979  0.044454 -0.209030 -0.156131  0.129396 -0.067077  0.061490  0.047262 -0.074892 -0.129565  0.089819  0.181213  0.302909 -0.110283 -0.116646 -0.136974 -0.321596 -0.146202 -0.012397  0.228747 -0.168578 -0.031256 -0.071199  0.087210 -0.217114  0.126450  0.134136  0.110819  0.019004  0.126143  0.074933  0.019469
-0.000000  0.000000  0.000005  0.000010  0.000017 -0.000000  0.497847  0.000006 -0.000000 -0.000008  0.000011 -0.225749  0.072065 -0.020800  0.023526  0.083804  0.007621 -0.184814  0.101484  0.126258  0.287811  0.032850  0.090672 -0.204929 -0.124552  0.289216 -0.081046 -0.062919  0.045947  0.061636  0.043439 -0.042334 -0.311452 -0.157505 -0.063006 -0.094232  0.073069 -0.026677 -0.167063 -0.210263 -0.263646  0.156773  0.056989 -0.171258 -0.027499 -0.142464  0.023351 -0.114145
 0.000001  0.000015  0.000011  0.000003 -0.000003 -0.000005 -0.000003 -0.000012 -0.000000 -0.000003  0.497868  0.061569  0.370078  0.001387  0.110716 -0.000018 -0.277490 -0.007993 -0.130960  0.047522 -0.142384 -0.121831  0.116772 -0.099605  0.053994 -0.019277  0.041928  0.248842 -0.039713  0.094989  0.073128  0.264577  0.141139 -0.007715  0.048343  0.118120  0.168285  0.207417 -0.047233 -0.047171 -0.003089  0.159737  0.049499 -0.072760  0.202202 -0.119886  0.269191 -0.134155
-0.000265  0.000070  0.401851 -0.000257 -0.000003  0.069962 -0.000034  0.000583  0.000038 -0.015720  0.009112  0.299500  0.006412 -0.088385 -0.041596 -0.214185 -0.168417 -0.098775 -0.021436 -0.147513  0.192246 -0.237773  0.146296  0.128498  0.124197  0.067040  0.245977  0.065179 -0.129824 -0.037136 -0.103103 -0.083141 -0.211092  0.228045  0.050722 -0.248402  0.154983 -0.163008  0.017140  0.214950 -0.165317  0.179213 -0.101400  0.129950 -0.031725 -0.146276 -0.092959 -0.018575
-0.000014 -0.000018 -0.000006  0.000009 -0.000004  0.000014 -0.000004  0.000024  0.000000  0.000001  0.497831 -0.177745 -0.250524  0.078197 -0.209364 -0.019365 -0.022404 -0.055426  0.274006 -0.100536 -0.152064  0.214944  0.225895  0.188478  0.228088  0.091397  0.110063 -0.241921  0.153602  0.045813 -0.150945 -0.226119 -0.012907  0.034279 -0.081097  0.103271 -0.056175  0.073904  0.095222 -0.095056  0.008325  0.073414  0.103751  0.154456  0.004742 -0.197568 -0.011552  0.087480
-0.432129 -0.000007  0.000008  0.065502 -0.000008  0.000092  0.000057  0.000043  0.000005  0.000024 -0.000011  0.059652 -0.389479 -0.097858  0.037111 -0.091629 -0.235860  0.227493  0.040309  0.163968  0.245631  0.006292  0.016291 -0.028131  0.244609 -0.071030  0.097277  0.157912 -0.014209  0.194447  0.062272 -0.023304  0.225282  0.014421 -0.020409 -0.049308 -0.057866  0.028626 -0.370961 -0.227092  0.009962 -0.110187 -0.021561 -0.135025  0.051577 -0.000416 -0.113303 -0.041770
 0.000006 -0.000000 -0.000007 -0.000003 -0.000000 -0.000006  0.497872 -0.000001 -0.000005  0.000004  0.000000  0.086315  0.039892  0.174287 -0.205487 -0.115463 -0.004998  0.108416 -0.042623  0.005030 -0.089175  0.050543  0.070526 -0.043240  0.384154 -0.261176 -0.171349 -0.008781 -0.010098  0.047065 -0.000438  0.204016 -0.100553 -0.034649 -0.011363  0.054888 -0.074348  0.046288 -0.027379  0.309299  0.239950  0.097493 -0.066245 -0.135425 -0.347581  0.064428 -0.060150  0.009162
-0.000000 -0.000000  0.000000  0.000000 -0.497927 -0.000000  0.000000 -0.000000  0.000000 -0.000000 -0.000000 -0.065318  0.000496 -0.090886  0.020262 -0.071593  0.138459  0.033110 -0.199041  0.081224  0.063647  0.247693 -0.117353  0.094064  0.105539 -0.283591  0.109982  0.040032  0.128685 -0.234009 -0.082811  0.152783 -0.250763  0.036607  0.109028  0.067215  0.242648  0.053737  0.109336 -0.235507 -0.001430 -0.068910 -0.176920 -0.102939  0.140686 -0.269366 -0.153401  0.019476
-0.000239  0.000134  0.000023 -0.000040  0.000009 -0.000022  0.000039 -0.000086 -0.436224  0.061063  0.000010 -0.241881 -0.131199  0.200233  0.160309 -0.120909 -0.251305 -0.002513 -0.050344 -0.056646 -0.120983 -0.021836  0.257584  0.208038 -0.082283 -0.080931 -0.040529 -0.061919 -0.136505  0.080118  0.083835  0.168088 -0.241473  0.063741  0.049360 -0.159536 -0.050841 -0.208828  0.190592 -0.047168  0.038717 -0.184587  0.155634 -0.241547  0.182715  0.197653 -0.048898 -0.095318
 0.000035 -0.000049 -0.000016  0.000009  0.000021 -0.497674 -0.000005  0.000025 -0.000029  0.000003 -0.000001  0.178574 -0.060008  0.219531 -0.082850  0.159458 -0.123119 -0.032139  0.137368  0.113051  0.153810  0.180643  0.104395  0.101423 -0.016640  0.043413 -0.246581  0.042086  0.116614 -0.172266 -0.055371 -0.125472  0.217308  0.074434  0.267921 -0.072722  0.171578  0.083638  0.179955  0.106668 -0.156997  0.026873 -0.191338 -0.122757  0.051620  0.127292 -0.015228 -0.279340
 0.000019  0.000017  0.000022  0.000004 -0.000026  0.000015 -0.000000  0.000003 -0.000010  0.497799 -0.000006 -0.160677 -0.035113 -0.021022 -0.013631  0.096462 -0.125499  0.122742  0.095944 -0.050912  0.007724 -0.277472 -0.111201 -0.128455 -0.075859 -0.107020  0.054382 -0.131302  0.250478  0.019623 -0.078691 -0.011209  0.035030 -0.057050  0.363534 -0.106511  0.195970 -0.079550  0.002879 -0.115268  0.261790  0.371755  0.039027  0.042683 -0.019975  0.112692 -0.122268  0.125288
 0.000043 -0.000026  0.000001  0.000020 -0.000000  0.000019 -0.497766 -0.000009 -0.000005  0.000006  0.000007 -0.087154  0.079742  0.155519  0.191690 -0.064512 -0.082428 -0.016573  0.075314  0.104021  0.093038  0.113734  0.015830 -0.073958  0.218902  0.021744 -0.008511 -0.149905  0.038049 -0.102440 -0.003057  0.204702 -0.125353 -0.125268  0.003218 -0.222229  0.063012  0.217717 -0.085613  0.021668 -0.243032  0.067486  0.129711 -0.123519 -0.476769  0.047417  0.070992  0.165075
-0.000002  0.000002 -0.000014 -0.000018 -0.000012 -0.000010  0.000025 -0.000001 -0.000000 -0.497815 -0.000023  0.083487 -0.271211 -0.035235 -0.029987  0.018354 -0.063699  0.093690 -0.054047 -0.122584  0.003032 -0.041303 -0.029870 -0.311785 -0.041860  0.094053 -0.025594 -0.053428  0.183910  0.306742  0.146763  0.061518 -0.035224  0.048408  0.136289  0.035525  0.266349 -0.074643  0.352335 -0.028489  0.008193  0.033749 -0.076233 -0.122161 -0.037143  0.013969  0.147583  0.317882
 0.000012 -0.000008  0.000007 -0.497851  0.000001 -0.000003 -0.000015 -0.000002 -0.000005  0.000012  0.000006  0.017603 -0.081083 -0.080817 -0.131605 -0.004286 -0.153234 -0.020112 -0.227236  0.236688 -0.113018 -0.205655  0.092991 -0.100399 -0.057480 -0.117242  0.120898 -0.159785 -0.025739 -0.198006  0.281668 -0.270144 -0.004465  0.125582 -0.160006  0.059518  0.039430  0.123018  0.148083 -0.213580  0.033523 -0.002649  0.012022 -0.017787 -0.286512  0.039116 -0.000884 -0.228676
 0.000088 -0.000130  0.000055 -0.000023  0.000021 -0.000013  0.000020 -0.000179 -0.497148 -0.000017 -0.000030 -0.022214  0.093861 -0.032939 -0.152460 -0.199726  0.052139 -0.165121  0.060495  0.412379  0.038214  0.016161 -0.354891  0.026703  0.079032 -0.029749  0.003058  0.143372  0.300181  0.104380  0.056847 -0.126916 -0.006326  0.190903  0.026090 -0.126202 -0.194876  0.005858  0.032576  0.089536 -0.018164  0.095548  0.001568  0.093946  0.056074 -0.022605  0.261802  0.092392
-0.435786  0.000033  0.000045 -0.000044 -0.000052 -0.000000 -0.000013 -0.000078  0.000063 -0.000030 -0.061733 -0.078995  0.085955  0.160928 -0.078259 -0.057921  0.142973 -0.043024 -0.017944 -0.004793  0.072500  0.005401  0.207775 -0.137798  0.032446  0.128788  0.066730  0.217195 -0.271354 -0.192508  0.034360  0.012632 -0.054206 -0.077582  0.399636  0.072998 -0.316513  0.006399  0.283327 -0.195330  0.072649  0.065295 -0.043376  0.204757 -0.083512 -0.048121  0.134383  0.112046
-0.000228 -0.000759 -0.401829 -0.000043  0.000237  0.069137  0.000079  0.000892 -0.000001  0.015025 -0.009442  0.154553  0.041627 -0.187807 -0.038681  0.051278  0.236277 -0.046901 -0.009555  0.099132  0.088179  0.091347  0.006574 -0.142043  0.371769  0.149640  0.268412 -0.149889 -0.168732  0.029765  0.030724  0.004908  0.015234  0.016333  0.089178 -0.184619  0.158580 -0.011678  0.184907  0.136937  0.066174  0.041175  0.347135 -0.044426  0.214693  0.174436 -0.086727 -0.212933
 0.432062 -0.000033  0.000070  0.065312 -0.000011  0.000063 -0.000074  0.000004 -0.000135 -0.000078 -0.000006 -0.116933 -0.083853 -0.106735  0.207681 -0.146131  0.046872 -0.018383  0.005815 -0.068297  0.115526 -0.299782 -0.035883  0.054466  0.404820  0.230501 -0.133785  0.099004 -0.063574 -0.041768 -0.107691 -0.183756 -0.083076  0.066700  0.183704  0.226544 -0.060751  0.154144 -0.018161 -0.215886  0.102620 -0.145904 -0.182394 -0.100594 -0.030397  0.189545  0.129070 -0.048869
 0.000000  0.000000  0.000000  0.000000  0.064320 -0.000000 -0.000000 -0.433607  0.000000 -0.000000  0.000000  0.001943 -0.075223  0.030027 -0.059499 -0.194268  0.043082  0.026389  0.183457 -0.191419  0.071050  0.100921 -0.133748 -0.038650 -0.136053  0.021512 -0.071761  0.146520 -0.136995 -0.186289  0.173269  0.061505 -0.063040  0.335019 -0.166755  0.099702 -0.011602  0.330183  0.017761 -0.064355  0.006539  0.335281  0.126539 -0.155513  0.138916  0.162383 -0.195399  0.124900
-0.000138  0.000014  0.000009  0.000021  0.000040  0.000001 -0.065715 -0.000094  0.431734 -0.000133  0.000000  0.134285  0.009085  0.439384 -0.065377 -0.004495  0.040200  0.083418 -0.051270  0.182434 -0.071051 -0.091921 -0.187179  0.016217  0.050691 -0.028438  0.003683 -0.201521 -0.084541  0.078310 -0.173044 -0.014288 -0.153888  0.224258 -0.092163 -0.157588 -0.183384 -0.195049 -0.010130 -0.219088  0.038680  0.125461 -0.028667 -0.225688  0.212194 -0.006510  0.267727 -0.017022
 0.000000 -0.497927  0.000000 -0.000000 -0.000000 -0.000000  0.000000 -0.000000  0.000000  0.000000 -0.000000 -0.106309  0.000017  0.083821 -0.167231  0.100615  0.118395 -0.137959  0.142003 -0.121125 -0.034694 -0.249068  0.124530 -0.144659  0.184265 -0.132209  0.056341  0.230287  0.153780 -0.359852  0.076164 -0.026264  0.158936 -0.047076 -0.175296 -0.106416  0.080499 -0.212823 -0.038450  0.010574 -0.095886 -0.146228  0.057166 -0.223618  0.108622 -0.000356  0.079012  0.189832
-0.000003  0.000013  0.000001 -0.000005  0.000006  0.000003  0.000002  0.000000 -0.000006  0.000006 -0.497877 -0.087165  0.129203  0.260330 -0.000074  0.119733 -0.130730 -0.252550 -0.061695 -0.106038 -0.036267  0.107942  0.224438  0.015720  0.080668  0.090703  0.308637 -0.050882  0.207088  0.152681  0.036292 -0.029759  0.051892  0.293537  0.082507  0.202216  0.094954  0.222906 -0.212917  0.037894  0.169600 -0.046784  0.066899 -0.024928  0.058648 -0.135235  0.068032  0.028233
 0.000009  0.000003  0.000005  0.497845  0.000006 -0.000009  0.000006 -0.000000 -0.000007  0.000022 -0.000006  0.014795  0.129357 -0.094058 -0.300211  0.147606 -0.245165 -0.154264 -0.121269 -0.193120 -0.216147 -0.025367 -0.218792 -0.067129  0.059861 -0.141532  0.110974 -0.113559 -0.090588  0.065869  0.165782 -0.193855 -0.059140 -0.074695  0.120342 -0.109908 -0.193616  0.180215  0.065962 -0.139491 -0.247157 -0.071462 -0.092236 -0.137940 -0.044776  0.054932 -0.145729 -0.054399
 0.000000  0.000000  0.000000 -0.000000  0.497927  0.000000  0.000000 -0.000000  0.000000  0.000000  0.000000  0.029366  0.137399 -0.157197 -0.145653 -0.092128  0.217030  0.046504 -0.096404 -0.138265  0.092760  0.228182  0.103285  0.229951 -0.112977 -0.237423  0.094968  0.191053  0.048852  0.111416 -0.186895 -0.127295 -0.061035 -0.032505  0.032188 -0.161407  0.221816  0.035564  0.011422 -0.287378  0.115938 -0.035311  0.031913 -0.188116 -0.166219  0.075212  0.213434 -0.021149
-0.000000  0.000000 -0.000000  0.000000  0.497927 -0.000000  0.000000  0.000000  0.000000  0.000000  0.000000  0.080001 -0.046383  0.096317  0.227861 -0.167062 -0.073060 -0.223859 -0.024484  0.108607 -0.126500  0.068123 -0.164885 -0.098456  0.091461  0.141242  0.205727  0.005128  0.200964 -0.142692 -0.048539  0.190306  0.049177 -0.168945 -0.075488  0.121875 -0.080799 -0.129018  0.189547 -0.078903  0.064213  0.048700 -0.242006 -0.110589  0.038534 -0.154167 -0.361414 -0.095136
-0.000000  0.064315  0.000000 -0.000000  0.000000  0.000000 -0.000000 -0.433612 -0.000000 -0.000000 -0.000000  0.011804  0.040619 -0.239987  0.176858  0.273617 -0.065799  0.076972  0.036541  0.029595  0.130969 -0.028097 -0.009841  0.234060  0.015036 -0.040280  0.093272 -0.103377 -0.010337 -0.065150  0.069750 -0.090823  0.089445 -0.036166  0.132042  0.120669 -0.240711 -0.192564  0.113039  0.191976  0.070830  0.055280  0.082998 -0.392880 -0.124070 -0.341645  0.169697  0.046257
-0.435216  0.000096 -0.000098 -0.000108  0.000064  0.000018 -0.000023  0.000022 -0.000155 -0.000087  0.061952  0.005636 -0.257403 -0.132830  0.029658  0.131610  0.079333 -0.430560 -0.223996 -0.033623 -0.165925 -0.150190 -0.134727  0.250068 -0.001509  0.163388 -0.167084 -0.104816 -0.024637 -0.119465 -0.101676  0.052279 -0.127921 -0.087917 -0.047771 -0.043121  0.170894  0.190892 -0.112399  0.151930  0.168833  0.075480 -0.097274 -0.115216  0.041877  0.122245  0.176402  0.054421
 0.000015 -0.000019  0.000010 -0.000003 -0.000005  0.000007  0.497827 -0.000003 -0.000013  0.000007 -0.000010  0.074226 -0.039902  0.062170  0.367603  0.010257 -0.038358  0.082896 -0.013788 -0.023933 -0.115391  0.010011 -0.152907  0.160725 -0.022555 -0.016662  0.251175 -0.122197 -0.017138 -0.190462 -0.097463  0.063922  0.287082  0.121500  0.046149 -0.191542  0.024934  0.164394  0.097547 -0.126718 -0.244717 -0.127313  0.101041  0.150805 -0.083242  0.129448  0.143047  0.250712
-0.000000 -0.000000  0.000000 -0.000000 -0.497927  0.000000  0.000000  0.000000  0.000000  0.000000  0.000000  0.171341  0.081038  0.005295  0.026131 -0.222435 -0.001083 -0.192550  0.095854 -0.116913 -0.108767  0.072790  0.033969  0.034776 -0.160174  0.217506  0.181460  0.175989  0.090491  0.152329 -0.155843 -0.071322  0.234634 -0.160165 -0.148154 -0.054013 -0.104939 -0.123489  0.077402 -0.130191  0.160990  0.132641  0.011595 -0.256425 -0.260511  0.215363 -0.029897 -0.097890
-0.000000  0.000000 -0.000000 -0.000000  0.064319 -0.000000  0.000000  0.433608  0.000000  0.000000  0.000000 -0.027979  0.000782 -0.220725 -0.217020 -0.077226 -0.096025  0.112400 -0.045831  0.143020 -0.158756  0.085843 -0.034738  0.016586 -0.122551  0.209207 -0.000232  0.007753 -0.099403 -0.204840 -0.199673  0.080706  0.029418  0.267317  0.199700  0.310246 -0.015276 -0.146477 -0.128588  0.069000 -0.166437  0.053982  0.219447 -0.313314 -0.078994  0.029732 -0.076694  0.168414
 0.000018  0.000010 -0.000010 -0.000008 -0.000068  0.497633 -0.000029 -0.000018  0.000043  0.000019 -0.000033  0.211432 -0.123375 -0.016364 -0.111905  0.123567 -0.067399 -0.101280  0.185104 -0.121743  0.079499 -0.060235 -0.045999 -0.056662 -0.087345  0.009401 -0.250139  0.020008  0.228035 -0.104085 -0.148772  0.282337  0.033869  0.201783  0.138427 -0.099666 -0.106282  0.111833  0.101178 -0.129997  0.044798 -0.220312  0.170591  0.023614 -0.118244 -0.146337  0.038324 -0.332991
-0.000038  0.000640 -0.494975  0.000124  0.000150  0.000486  0.000073  0.000083  0.000091  0.000745 -0.000303  0.052842  0.188934  0.015855 -0.137331  0.046938 -0.038051  0.095816 -0.003542  0.007549 -0.035905 -0.162627  0.064755  0.393911  0.032247  0.295776 -0.140324  0.071673  0.021332  0.048205  0.238309  0.127666  0.026371  0.171737 -0.052820 -0.199824  0.082555 -0.096440 -0.028645 -0.174309  0.022642  0.004606 -0.228358  0.070483 -0.147457 -0.175070 -0.198341  0.196397
-0.000001  0.000014 -0.000107  0.000042 -0.000004  0.497498  0.000038 -0.000114 -0.000011  0.000025  0.000030 -0.042867  0.079260  0.060240 -0.026730 -0.285551 -0.014016  0.098705 -0.214708 -0.081051  0.092915  0.222357  0.149769  0.039264 -0.000561  0.075817 -0.131538 -0.278729  0.124946 -0.190101  0.208655 -0.169759  0.262914 -0.121922  0.126816 -0.046481  0.008119 -0.049469 -0.099811  0.093997 -0.084905  0.146831 -0.251037 -0.095861  0.191658  0.118140  0.117402 -0.000356
 0.000002 -0.000007  0.000006  0.497876 -0.000010 -0.000005  0.000001 -0.000003  0.000006 -0.000004 -0.000002  0.122850 -0.162693  0.078040  0.028515 -0.179517  0.295356  0.046744  0.210836  0.238570 -0.096564 -0.206368  0.150367  0.124783 -0.184191 -0.070521  0.177449 -0.121690  0.039539 -0.079183  0.302885  0.101725 -0.044110 -0.003479  0.040491  0.235596  0.196594 -0.039176 -0.063771 -0.012375 -0.018001  0.041673  0.010070  0.034992 -0.147956  0.002212  0.151322 -0.209147
 0.000000  0.497927 -0.000000 -0.000000  0.000000  0.000000 -0.000000  0.000000 -0.000000  0.000000 -0.000000  0.056620 -0.075350  0.023054  0.182286 -0.004683  0.251437  0.058514 -0.010200 -0.016538 -0.425884 -0.066440  0.196968 -0.209784  0.044896 -0.011533 -0.122509  0.238942  0.149398 -0.093177  0.039616 -0.254822 -0.034928  0.067820  0.099999 -0.284241 -0.028681  0.039056 -0.140243  0.052077 -0.058946 -0.013396  0.070577 -0.155212  0.051036 -0.179404 -0.107507  0.040173
-0.000098  0.000038 -0.000119 -0.000007  0.000044  0.000003 -0.065962  0.000173 -0.431279 -0.000057 -0.000093  0.032510 -0.066927  0.016787  0.018777  0.330205  0.312370  0.091807 -0.177342 -0.155746 -0.002994 -0.060857  0.129647 -0.117845  0.087147 -0.049220  0.051519 -0.131839 -0.062079  0.078328 -0.214302  0.172716  0.156907  0.187953 -0.145502  0.090479 -0.113858 -0.060215 -0.075567 -0.154531 -0.229547  0.323941 -0.256915 -0.020019 -0.072185  0.036552 -0.001236 -0.128283
 0.000008  0.000017 -0.000022  0.000003  0.000007 -0.000007 -0.000003 -0.000011 -0.000000 -0.497823  0.000013 -0.364805  0.038134  0.133830 -0.143066 -0.028143  0.057340  0.256043 -0.078192  0.031637  0.066561 -0.303498 -0.077589  0.167083 -0.115704  0.055650  0.207530  0.031333  0.108797 -0.094154 -0.211686  0.024967  0.072589 -0.144443  0.080726 -0.162512 -0.079647  0.233985 -0.039762  0.144890  0.072126  0.102226  0.074862 -0.040313  0.037870 -0.023696 -0.175327 -0.216824
 0.497927
