5 41
 0.000000 -0.000000  0.000000 -0.000000 -0.353372  0.127576 -0.065385  0.117430 -0.147313  0.039698  0.037175 -0.178697 -0.175900 -0.099909 -0.000981 -0.145484  0.018923  0.002996  0.119996 -0.445913  0.128963 -0.058446  0.269150 -0.001452 -0.082506  0.018490 -0.118469  0.125308 -0.001917 -0.027981  0.069015  0.239158  0.273267 -0.134373  0.147142 -0.067074  0.159575  0.336578  0.203321  0.016220  0.130948
-0.330743  0.000000 -0.022629 -0.000000  0.000000  0.214487  0.073170  0.048431  0.047004  0.121759  0.062815  0.422160  0.003085  0.024283 -0.155666 -0.117384  0.102943 -0.170110  0.101033  0.153274  0.019875 -0.248617 -0.077467  0.206640 -0.048319 -0.055878 -0.078275  0.134804 -0.172752 -0.217610 -0.144406 -0.250579  0.040522 -0.097138  0.248173 -0.131661 -0.039210 -0.054429  0.344393  0.071835  0.074675
 0.000000 -0.353372  0.000000  0.000000  0.000000 -0.186957  0.219866 -0.358297  0.129807 -0.259474  0.090580 -0.162507  0.227016 -0.010860 -0.116303 -0.113672  0.082903 -0.245767 -0.322877 -0.078910 -0.157301 -0.071722  0.065133  0.121639 -0.152685  0.164424  0.051693  0.214022 -0.042107 -0.209901  0.089690  0.045674 -0.017718  0.145969 -0.016604 -0.120753  0.053109  0.133830  0.094211 -0.112333 -0.079984
 0.000000  0.353372 -0.000000  0.000000 -0.000000  0.092336 -0.333094  0.047239 -0.000644 -0.187106  0.150619 -0.132603  0.234958 -0.321587  0.021764  0.139635  0.198487  0.007113 -0.216597 -0.050253  0.190927  0.109623 -0.278092 -0.031893  0.118325  0.097967 -0.060113  0.034744 -0.125906 -0.141259  0.005153 -0.069814 -0.120315  0.052608  0.204043 -0.337210  0.043301  0.052199 -0.098649 -0.095285  0.136786
 0.330743  0.000000  0.000000 -0.000000 -0.022629 -0.052281  0.131973 -0.143600 -0.123128  0.181711  0.277358  0.163703  0.189421  0.039919 -0.033367 -0.197674 -0.077188  0.091234  0.168038 -0.105706  0.017347  0.093502 -0.045845 -0.326914 -0.074040 -0.112790 -0.149032 -0.217999  0.023352 -0.238864  0.192708 -0.172415  0.262439  0.231625  0.217551 -0.085870 -0.032988 -0.158962 -0.019310 -0.157220 -0.083489
 0.330743  0.000000 -0.000000  0.022629  0.000000  0.121054 -0.227970  0.104054  0.069646 -0.029112 -0.207167  0.139343  0.050776  0.158856 -0.324102 -0.014040 -0.037489  0.027164  0.083502 -0.014579 -0.152739 -0.022731 -0.046196  0.302298 -0.260465  0.200327 -0.169469 -0.216432 -0.128127  0.032763  0.097978 -0.097863 -0.205646  0.107798  0.119959  0.164908  0.301248  0.241723 -0.125630 -0.064799 -0.002603
 0.000000  0.000000  0.000000 -0.353372  0.000000  0.121310  0.195835 -0.044873 -0.048253  0.502337 -0.166028 -0.074651  0.177928  0.090395 -0.007639  0.202729 -0.078676 -0.147741 -0.010352  0.062908  0.011171  0.263430 -0.025908 -0.151566  0.023001  0.112541  0.021262 -0.017681 -0.108253 -0.166604 -0.181800  0.083433 -0.129746  0.092792 -0.140943 -0.038765 -0.039589  0.304970  0.089043 -0.096598  0.271869
-0.000000  0.000000  0.353372 -0.000000 -0.000000 -0.149971  0.138289  0.053123 -0.357951 -0.219364  0.082552 -0.054691 -0.173358  0.081649  0.351212  0.023420  0.176896 -0.214522  0.141325  0.337952  0.039851  0.060326 -0.014199  0.046018 -0.200489  0.065883  0.050446 -0.181316 -0.091752 -0.194765 -0.043545  0.058423 -0.006667 -0.047389  0.252259  0.102600  0.006149  0.180794 -0.143361  0.038677  0.046182
 0.000000  0.000000 -0.353372  0.000000  0.000000 -0.312245 -0.017701  0.289670  0.042946  0.202710  0.236547 -0.070927  0.338509 -0.179685  0.049767  0.050351  0.001764 -0.160706  0.241344  0.087840 -0.130358 -0.183018 -0.053130  0.167570 -0.143866  0.145465  0.127270 -0.079377  0.085188 -0.060070  0.029175  0.182956  0.146558 -0.084441 -0.089515 -0.020237  0.151845 -0.105835 -0.123612  0.220892  0.139676
 0.330743  0.022629  0.000000  0.000000  0.000000  0.026672  0.006278  0.003358  0.276077  0.010855  0.036190 -0.260563 -0.084558 -0.176931  0.070120 -0.049336 -0.100518 -0.218296  0.212609 -0.099789  0.012308  0.012988 -0.321569  0.097337 -0.030775 -0.235421  0.073945  0.161492  0.111081 -0.013247 -0.126097 -0.030020 -0.171436  0.155835  0.228163  0.267236 -0.288346  0.092331  0.222098  0.182748 -0.055651
 0.000000 -0.353372 -0.000000  0.000000  0.000000 -0.128360 -0.252479 -0.134606 -0.218007  0.091271 -0.022082  0.207713  0.041330 -0.156941  0.125851 -0.070201  0.192849  0.059058  0.333296 -0.184101  0.079541  0.065516  0.124486  0.064570 -0.002347 -0.157053  0.300320  0.067874 -0.088828  0.134921 -0.028718 -0.175266 -0.321435  0.178650 -0.107818 -0.256805 -0.013343  0.116862 -0.079949  0.063911 -0.004538
-0.000000 -0.000000  0.000000 -0.353372 -0.000000 -0.150681 -0.073526  0.235327  0.227957  0.015490 -0.008643 -0.001672 -0.231779  0.060561  0.115562 -0.431529 -0.040306  0.044638 -0.042444 -0.098808 -0.077038 -0.140871 -0.121241 -0.153220 -0.137839  0.144243 -0.054662  0.170536 -0.278827 -0.039214 -0.236682 -0.076177  0.056094  0.000080 -0.080431 -0.110555 -0.150825  0.013018 -0.364545 -0.101749 -0.047718
 0.000000 -0.000000 -0.353372 -0.000000  0.000000  0.118650  0.043545 -0.346334 -0.172898  0.009401  0.015473 -0.083288 -0.190806  0.335767 -0.033605  0.026733  0.084014  0.185595  0.047564 -0.164626 -0.155661 -0.065657 -0.245026  0.043504  0.040942 -0.050543  0.010618  0.046454  0.156582 -0.286310 -0.067351  0.140182 -0.192462 -0.230107  0.161447 -0.102457  0.004597 -0.048644 -0.275165  0.188074  0.111846
-0.000000  0.000000 -0.000000  0.000000 -0.353372 -0.017517  0.210387 -0.096861  0.215236  0.233624  0.075638 -0.072796 -0.119330 -0.341661 -0.098717  0.090656  0.021906 -0.062931 -0.067584  0.104920  0.090539  0.014289  0.209321  0.048845  0.027738 -0.257591 -0.086700 -0.111295 -0.186265 -0.144095  0.057723 -0.105971 -0.247675 -0.270461  0.028492  0.055627  0.146985 -0.035295 -0.314622 -0.010985 -0.261331
-0.000000 -0.000000 -0.353372  0.000000  0.000000  0.185175  0.112857  0.032574 -0.055479 -0.252948  0.180148 -0.135932 -0.035072  0.024044 -0.007559  0.133563 -0.056036 -0.112805  0.091160  0.027242 -0.111262  0.026197  0.068929  0.027035 -0.322572 -0.297045 -0.013161 -0.203417 -0.102841  0.281184 -0.255245 -0.035099 -0.009022 -0.045642 -0.050969 -0.177522 -0.106135 -0.007540  0.043093 -0.443908  0.097511
 0.330743 -0.000000 -0.000000 -0.022629 -0.000000  0.045544 -0.164918  0.161059 -0.038165  0.049054  0.109494 -0.009410 -0.314264  0.028057 -0.041230 -0.095708 -0.229497 -0.141615 -0.148247  0.236302 -0.132481  0.189103  0.349311  0.116347  0.051166  0.057879  0.102485  0.126330  0.078183 -0.160038  0.097455  0.080398 -0.181828  0.038107  0.044462 -0.329925 -0.025333 -0.306411  0.124467  0.036704  0.179733
 0.000000 -0.000000  0.353372 -0.000000 -0.000000 -0.102875 -0.118849 -0.060833 -0.001494  0.120066  0.024056  0.093680  0.032871 -0.047972 -0.154066  0.038968  0.060167 -0.089327 -0.075998 -0.067305 -0.535143  0.080396 -0.142573 -0.054194  0.130265 -0.342269  0.123305  0.078573 -0.120870  0.189967 -0.181795  0.248504  0.183448 -0.055532  0.198985 -0.011596  0.235519 -0.069496 -0.069984 -0.055778  0.102611
-0.000000  0.353372  0.000000 -0.000000  0.000000  0.032670 -0.092114 -0.130393 -0.061299 -0.173070 -0.258644  0.039318  0.249969 -0.117506 -0.121293 -0.100411  0.024112  0.087770  0.023169  0.127868 -0.116032 -0.108660  0.346003 -0.239638 -0.349646 -0.247282 -0.044845  0.103882 -0.042778 -0.179349 -0.098289  0.143975 -0.057177  0.110659 -0.103204  0.059450 -0.171231  0.012926 -0.043469  0.305415  0.052936
-0.353372  0.000000 -0.000000 -0.000000 -0.000000 -0.015475 -0.051759  0.110080  0.056166 -0.022387 -0.157615 -0.367981 -0.051164  0.139297  0.060433 -0.131919 -0.067451 -0.099690  0.002465 -0.149888 -0.059745 -0.063983  0.071976  0.075409  0.184239 -0.204821 -0.029166 -0.406786 -0.049367 -0.210898 -0.059832 -0.115958 -0.036462  0.445207  0.008797 -0.050980  0.224979 -0.154506  0.036898  0.111406  0.031286
 0.000000  0.000000 -0.000000  0.000000  0.353372  0.175803  0.203466 -0.031227  0.118246 -0.016584  0.157225  0.154540 -0.199433 -0.158290  0.187514  0.180565  0.030154 -0.019385  0.036946 -0.191266  0.089208 -0.187481  0.078555 -0.154235 -0.108938  0.017137 -0.067018  0.195620 -0.160020  0.003240  0.139008  0.137794 -0.166483  0.244395  0.002386  0.225806  0.317400 -0.182710 -0.093110 -0.040442  0.303937
 0.000000 -0.000000 -0.000000  0.000000 -0.353372 -0.171528 -0.037887 -0.055512  0.170118 -0.088640 -0.250382  0.315774  0.075914 -0.009985  0.440305  0.226006 -0.224588  0.122248 -0.075258 -0.177985  0.002788  0.133391 -0.047570  0.124114 -0.218356  0.047453 -0.027216  0.000450  0.136916 -0.164903 -0.244576  0.044009 -0.008474  0.014850  0.086306 -0.020239  0.119159 -0.217430  0.110065 -0.113049 -0.009847
 0.330743 -0.022629 -0.000000  0.000000 -0.000000  0.043028  0.163800 -0.016801  0.043391 -0.009184 -0.275263 -0.212233  0.177204  0.162556  0.187328  0.183141  0.149266 -0.079769  0.013110 -0.036481 -0.027812 -0.164920  0.214466 -0.036634  0.122842  0.052925 -0.031169  0.141257 -0.137086  0.214879 -0.077007 -0.439076  0.194526 -0.134106  0.188550 -0.149875  0.067631 -0.133748 -0.080248  0.203934  0.140031
-0.330743 -0.000000  0.000000 -0.000000 -0.022629  0.059642  0.197291  0.159019  0.069674 -0.093105  0.114678  0.073735  0.208321  0.026208  0.011205 -0.175555 -0.093391 -0.076659  0.030157 -0.169967 -0.173571  0.468111  0.144398 -0.007656 -0.031350  0.096913 -0.164449  0.081380  0.184172  0.229810  0.126895 -0.122658 -0.211222 -0.034195  0.281114  0.065253 -0.132714  0.010509 -0.218604  0.161504  0.134331
-0.000000  0.000000  0.000000  0.000000 -0.353372 -0.013401 -0.052829 -0.128414 -0.071847 -0.188293  0.387919  0.101045 -0.132342  0.090633 -0.155468  0.194092 -0.289273 -0.087398 -0.027687  0.079519  0.021588  0.009082 -0.097914 -0.166819  0.047305  0.088746 -0.035471  0.067330 -0.068776  0.109761 -0.216126 -0.224934  0.080009  0.215852 -0.220752  0.038577  0.155337  0.132322 -0.056835  0.381587  0.082087
-0.000000  0.000000  0.000000 -0.000000  0.353372 -0.303859 -0.186087 -0.051513  0.053553 -0.060768  0.020920  0.162669 -0.081878  0.015326 -0.069992  0.319370 -0.164222 -0.284464  0.100756 -0.224423  0.017392 -0.049081  0.242018  0.060102  0.213716 -0.058731 -0.373405 -0.065609  0.042776 -0.169270 -0.104919  0.016073  0.080372 -0.097593  0.021069 -0.061878 -0.235750  0.184534 -0.126479 -0.027310 -0.060670
-0.000000  0.000000  0.000000 -0.353372 -0.000000  0.181866  0.039435  0.019804 -0.155070 -0.079405  0.158483 -0.080012  0.233957  0.071269  0.136104  0.089641 -0.154647  0.216361  0.199134  0.136855 -0.057482 -0.067248  0.104138  0.243472  0.219957 -0.002809 -0.195960  0.239270 -0.164454  0.064444 -0.042306  0.255322 -0.050440  0.174324  0.122005 -0.039130  0.063184 -0.048588  0.007977  0.003650 -0.432207
-0.000000 -0.000000  0.000000  0.353372 -0.000000  0.279856  0.007442 -0.043871 -0.025881 -0.034127 -0.110755 -0.024249  0.019113 -0.010897 -0.053174  0.001324 -0.032021 -0.181700  0.209399 -0.138782  0.040794  0.360490 -0.053319  0.188801  0.013612  0.145560  0.127384  0.110414 -0.392974 -0.192163 -0.044388  0.098649  0.288561  0.024115 -0.216075  0.071710 -0.140816 -0.223896 -0.205504  0.008852 -0.093674
-0.000000 -0.000000 -0.000000  0.000000  0.353372 -0.181554  0.118976 -0.197721 -0.015586 -0.056613 -0.057248 -0.085761  0.042098 -0.137600 -0.120080 -0.242661 -0.442703  0.196866  0.006870  0.040539  0.332434  0.150400 -0.017276  0.080021 -0.053853 -0.005721  0.118758 -0.090855 -0.179452  0.091311 -0.218352  0.028406  0.035827 -0.227145  0.182002 -0.086942  0.253034  0.027470  0.077206  0.138042  0.082976
-0.000000  0.000000  0.000000 -0.353372  0.000000 -0.148104  0.122160  0.127665 -0.480556 -0.116130 -0.221296 -0.058322 -0.086003 -0.246034 -0.283177  0.054464  0.004012 -0.099456 -0.000226 -0.126392  0.032115  0.077952 -0.175167  0.133253 -0.076699 -0.093319 -0.121610  0.212450  0.173816 -0.075098  0.041257 -0.236881  0.047652 -0.010930 -0.132407  0.134230  0.093026 -0.266094 -0.017406 -0.079010  0.023147
-0.000000  0.000000 -0.000000 -0.353372  0.000000 -0.008270 -0.115198 -0.158409  0.185817 -0.281130  0.090348 -0.034741 -0.037282 -0.111811  0.033203  0.018514  0.116807  0.128690  0.280981 -0.056002 -0.290922  0.156101  0.064318 -0.112359  0.137504  0.168376  0.061382 -0.225422 -0.202247 -0.146041  0.143889 -0.121928 -0.027410 -0.303087 -0.129286  0.166621  0.006159 -0.091575  0.321883  0.037489  0.100998
-0.000000  0.000000  0.000000  0.000000  0.353372  0.235211 -0.060982  0.118092  0.006559  0.136027  0.154558 -0.050915 -0.086973 -0.076123  0.186278  0.084095  0.092815  0.082832 -0.182412 -0.081963 -0.205161  0.220442  0.036001 -0.002626 -0.283493 -0.056603  0.033734  0.033888  0.189944 -0.153079 -0.129234 -0.248908  0.150691 -0.081146 -0.132336 -0.071416  0.235762  0.177375  0.069077  0.203758 -0.381128
-0.000000  0.353372  0.000000  0.000000  0.000000 -0.041357  0.290960 -0.022883  0.107532 -0.117044 -0.205474  0.115700 -0.153578 -0.005553 -0.101760  0.001042  0.026217 -0.280346  0.318137 -0.055675 -0.050064 -0.003228 -0.095635 -0.214371  0.037704  0.183534  0.136678 -0.014885  0.144663  0.117308  0.061044  0.112918 -0.102705  0.046619 -0.025021 -0.399005  0.216077  0.044227  0.054745  0.009207 -0.320516
 0.000000 -0.000000  0.000000  0.353372  0.000000  0.051663 -0.004023 -0.079881 -0.296448  0.102347 -0.089072 -0.081126  0.045582 -0.259832  0.275903 -0.203348 -0.300339 -0.066525  0.017503  0.033740 -0.357270 -0.194020 -0.139802 -0.113531  0.115789  0.145811 -0.322223  0.024526 -0.082035  0.016393  0.001248 -0.109384 -0.220425 -0.130968 -0.160654 -0.015457  0.020323  0.061635  0.101436 -0.088673  0.010906
-0.000000 -0.353372 -0.000000  0.000000  0.000000  0.192391 -0.081714 -0.009725  0.263215 -0.181825 -0.173606 -0.019272  0.016836 -0.117204  0.024729 -0.097808  0.021950  0.013487  0.269747  0.378391  0.073090  0.118347 -0.098820 -0.104550  0.102877 -0.166208 -0.270057  0.128329  0.299654 -0.119142 -0.002067  0.049174  0.189376 -0.004584 -0.096104 -0.134929  0.213226  0.104611 -0.163210 -0.061993  0.182778
 0.000000 -0.353372  0.000000  0.000000  0.000000  0.034085  0.133709  0.078857 -0.020349  0.023938 -0.137343 -0.009588 -0.185840 -0.306383 -0.142110  0.211762  0.112661  0.194306 -0.089060  0.005350 -0.094020  0.007976 -0.118599 -0.087826 -0.142232  0.194495 -0.233182 -0.268270 -0.127459  0.121646 -0.048101  0.206314  0.049503  0.150749  0.154988 -0.231081 -0.259893 -0.113759  0.064095  0.313294 -0.041541
 0.000000  0.000000 -0.353372 -0.000000 -0.000000  0.068741 -0.046196 -0.087340 -0.099574 -0.013719 -0.083969  0.094951 -0.103621 -0.291095 -0.042932 -0.092258  0.092799 -0.029043 -0.056286  0.116033 -0.098955  0.003487  0.237697 -0.101225  0.261472  0.278739  0.219573 -0.037392  0.150829 -0.024542 -0.347666 -0.050880  0.128019  0.191974  0.308130  0.296827  0.037860  0.067899 -0.090111 -0.163847 -0.078848
-0.330743 -0.000000  0.022629 -0.000000  0.000000 -0.073579 -0.305998 -0.216991  0.051135  0.198589 -0.068482 -0.281896 -0.138163  0.013138 -0.061357  0.260267 -0.232912  0.031996  0.195189  0.156584 -0.065847 -0.043190  0.006335 -0.127118 -0.308448  0.140719  0.100645  0.213081 -0.011274  0.048620  0.266474 -0.161848  0.107712  0.054924  0.260001 -0.012650 -0.046236 -0.056069 -0.043836 -0.150999 -0.064412
-0.000000 -0.353372 -0.000000 -0.000000 -0.000000  0.171442 -0.163719  0.319024 -0.094176 -0.149848 -0.051104  0.002975  0.215244  0.125002 -0.100962  0.095299 -0.177544 -0.215418 -0.053620 -0.102845  0.126090 -0.110988 -0.034251 -0.471158 -0.009067 -0.019905  0.189676 -0.016918 -0.049389 -0.145434 -0.046039  0.087379 -0.203360 -0.242332  0.143893  0.093514  0.072251 -0.117715  0.016842  0.015102 -0.200039
 0.000000 -0.000000 -0.353372 -0.000000 -0.000000 -0.224355 -0.228160 -0.125787 -0.041995  0.107231 -0.054315  0.005663 -0.069652  0.172477  0.109316 -0.132080  0.280986 -0.261938 -0.096251  0.123389  0.138925  0.291890 -0.049367 -0.148702 -0.063922 -0.063798 -0.347201  0.090337 -0.211062  0.195348  0.019826  0.125046 -0.035786 -0.000445  0.034864  0.123974  0.181653 -0.127332  0.206203  0.103144 -0.140471
-0.000000  0.000000 -0.353372  0.000000  0.000000 -0.107260  0.130815  0.212511 -0.032180 -0.147052 -0.195683  0.183435 -0.088890 -0.028544  0.128197  0.100263 -0.187970  0.087989 -0.156176  0.080982 -0.143470  0.080977 -0.110508 -0.017732  0.141064 -0.276616  0.188110  0.085665 -0.280978 -0.093361  0.422233 -0.049595  0.143778  0.075479  0.088046 -0.021961 -0.028602  0.332645  0.001386  0.064273  0.010172
 0.000000 -0.000000 -0.000000  0.353372  0.000000 -0.340235  0.169325  0.306915  0.045321 -0.022054  0.072969 -0.153550 -0.031251  0.126733 -0.210563  0.130613  0.167254  0.379908  0.185350  0.039669 -0.064383  0.136459  0.064588 -0.127598  0.056477  0.028539 -0.077334  0.266164 -0.091745 -0.199089 -0.232536 -0.074081 -0.170460  0.055569  0.010833  0.024460  0.071535  0.038892  0.157036 -0.149897  0.010534
 0.353372
