9 34
 0.000000 -0.000000 -0.000000 -0.000000  0.000000  0.000000 -0.000000 -0.553285 -0.000000 -0.207145  0.047867  0.323048  0.034810 -0.085601  0.266274  0.200889 -0.160388  0.138281 -0.126687 -0.333884  0.216686  0.119493  0.006469 -0.123570  0.087572  0.066413  0.287061 -0.114508  0.018758 -0.004059 -0.038683  0.097145  0.236805 -0.025037
 0.000000 -0.553285 -0.000000  0.000000  0.000000 -0.000000 -0.000000  0.000000  0.000000  0.197132 -0.091661  0.119449  0.382191 -0.240028  0.086280  0.054649  0.082267 -0.044363  0.109104 -0.155467 -0.212447  0.034631 -0.058699 -0.031426  0.087957 -0.163780 -0.245231 -0.025144 -0.352741 -0.227897  0.027340  0.084009  0.133959  0.158781
-0.000000  0.440313  0.000000 -0.000000  0.000000  0.000000  0.112972  0.000000  0.000000  0.221463 -0.098549 -0.064387  0.199714  0.083112  0.283205  0.076220  0.150986 -0.054531  0.188637  0.010845  0.263915 -0.133563  0.007758 -0.058956  0.183002 -0.082507 -0.033754  0.107355 -0.322104 -0.006902  0.186785  0.433093 -0.132427 -0.219992
 0.000000  0.000000  0.000000  0.440313 -0.000000 -0.000000 -0.000000 -0.112972  0.000000  0.037090 -0.363237 -0.110436 -0.167112  0.039610 -0.148801 -0.217908 -0.073744 -0.263645 -0.081735 -0.203765  0.112079 -0.011957  0.117622 -0.172873 -0.065698  0.079079  0.056660  0.050163 -0.003668 -0.361597 -0.294006  0.223941 -0.198772  0.214463
 0.000000  0.000000  0.553285  0.000000 -0.000000 -0.000000  0.000000  0.000000  0.000000 -0.177713  0.143028 -0.026470  0.252299 -0.101323  0.094582 -0.016542 -0.073323 -0.028540 -0.160242 -0.038615  0.211161  0.189059  0.008546 -0.165788 -0.021879  0.178268 -0.476875  0.219322  0.189550 -0.064702 -0.008779 -0.070436 -0.222004 -0.120564
-0.000000  0.000000 -0.000000 -0.000000 -0.553285  0.000000 -0.000000  0.000000 -0.000000  0.198242 -0.088596 -0.426654 -0.051263 -0.163867  0.186322 -0.020343 -0.071449  0.128172  0.019952 -0.186917  0.090713 -0.066344 -0.090157  0.140229  0.209064  0.226642 -0.025000 -0.329467  0.090515 -0.154034  0.077313 -0.235746  0.001526 -0.071186
 0.000000  0.000000  0.000000  0.000000 -0.000000  0.553285  0.000000 -0.000000 -0.000000 -0.095787 -0.141690  0.103223  0.204982 -0.134398  0.126581 -0.044606 -0.077837  0.085816  0.271469  0.050576  0.097388 -0.278926 -0.092333  0.030220 -0.362497  0.245429  0.206887  0.157338 -0.143197  0.008387 -0.024317 -0.262360 -0.180636  0.087475
-0.000000  0.000000 -0.000000  0.000000  0.000000 -0.000000  0.553285  0.000000  0.000000  0.342404  0.192899  0.208879  0.013526  0.001822 -0.134701 -0.044347  0.035850 -0.399121 -0.095717 -0.013060  0.229983  0.116446 -0.270156  0.139174  0.069437  0.216121  0.102152  0.083824  0.032531  0.037040  0.094440 -0.149644  0.087319  0.190836
 0.440313 -0.000000  0.000000  0.000000  0.000000 -0.000000 -0.112972  0.000000  0.000000 -0.333495 -0.084648 -0.032362 -0.058063 -0.045300 -0.068799  0.146984 -0.114446 -0.306122 -0.019229  0.338799 -0.112758  0.181833 -0.098471 -0.121922  0.179138  0.279044  0.106946 -0.136879 -0.281028 -0.173756  0.311970 -0.016837 -0.034159 -0.042361
 0.000000 -0.440313  0.000000  0.000000 -0.000000 -0.000000  0.112972 -0.000000  0.000000  0.124511 -0.054154  0.073780 -0.203187  0.238387 -0.117691  0.128905 -0.045055  0.283927  0.169496 -0.008415  0.246698  0.200962 -0.016984 -0.113005  0.040179 -0.155209  0.176150  0.045319  0.065393 -0.089260  0.286346 -0.031713 -0.474768 -0.188992
-0.000000  0.000000 -0.553285 -0.000000  0.000000 -0.000000 -0.000000  0.000000 -0.000000 -0.148507  0.022412  0.061537  0.263431 -0.063643 -0.296931 -0.124380 -0.171262 -0.007716 -0.073874  0.072586  0.477137 -0.059431  0.085026 -0.080045 -0.018653 -0.081560 -0.330340 -0.234886 -0.046068  0.017032 -0.027198 -0.103988  0.003672 -0.142226
-0.000000  0.000000 -0.000000  0.000000  0.000000 -0.000000 -0.000000  0.553285 -0.000000 -0.001640 -0.100756  0.481692  0.034580  0.258936  0.285379 -0.049029 -0.014414  0.046159 -0.298294 -0.097111 -0.040171 -0.064051  0.062180  0.059770 -0.004075  0.179204  0.037142 -0.281369  0.014366 -0.206109 -0.075963  0.020668 -0.042098 -0.149553
-0.000000 -0.000000  0.000000  0.000000  0.000000  0.000000  0.000000  0.553285  0.000000 -0.115333  0.024806 -0.120451 -0.057118 -0.367912 -0.133836  0.310402 -0.195336  0.130028 -0.045758 -0.152010  0.248205 -0.017562  0.013180 -0.123518  0.205438 -0.052790  0.223715  0.292529 -0.020145  0.032288 -0.066840  0.111425  0.156949  0.177141
-0.000000 -0.000000 -0.000000  0.000000 -0.440313  0.000000  0.112972 -0.000000 -0.000000 -0.196748 -0.049927  0.005886 -0.030441  0.117092 -0.158127  0.020825  0.194623  0.145174 -0.120810  0.064921  0.045330  0.300558 -0.199767  0.223400 -0.246921 -0.057285  0.023016  0.262033 -0.331582 -0.114455 -0.292858  0.069030  0.164539 -0.279263
-0.000000  0.000000 -0.000000  0.440313 -0.000000  0.000000  0.000000  0.112972  0.000000  0.013150  0.005683 -0.078364  0.043583 -0.061680  0.428498 -0.003247 -0.234657 -0.228357 -0.003453  0.173958  0.039851  0.237976 -0.183338 -0.034159 -0.101479 -0.484299  0.102507 -0.088798  0.010908  0.185312 -0.087614 -0.228104 -0.000826 -0.099007
-0.000000 -0.000000  0.000000  0.000000 -0.000000  0.440313 -0.000000  0.112972  0.000000 -0.005460  0.169245 -0.122580 -0.035002  0.048447 -0.077789 -0.053335 -0.091067 -0.131316  0.125476 -0.160894 -0.028190  0.156692 -0.040493 -0.013676 -0.301340 -0.100393 -0.043381 -0.121150  0.299390 -0.244030  0.331031  0.358062  0.340591 -0.149768
 0.000000 -0.000000 -0.000000  0.000000 -0.440313  0.000000 -0.112972 -0.000000  0.000000 -0.139716  0.334340  0.219977  0.070784 -0.177517 -0.143445  0.072143 -0.026197 -0.311142  0.008107 -0.175308 -0.150725 -0.147713  0.048017  0.149823 -0.031947 -0.157288  0.103272 -0.095594  0.032224  0.174648  0.000391  0.243069 -0.465572  0.028937
 0.553285  0.000000 -0.000000  0.000000  0.000000 -0.000000 -0.000000  0.000000  0.000000  0.045279 -0.015230  0.217881 -0.371720 -0.242255  0.086337 -0.314750  0.077618 -0.025409  0.080644 -0.254393  0.060447 -0.149425  0.144803  0.082248  0.033218 -0.169863 -0.156111  0.244185 -0.024320  0.025999  0.077376 -0.166483  0.095459 -0.226043
-0.000000  0.000000 -0.000000  0.000000  0.000000 -0.000000 -0.000000  0.000000 -0.553285  0.136126 -0.183112  0.076672 -0.029197  0.058162 -0.151531  0.409669 -0.069899 -0.228730  0.230123 -0.122761 -0.126941 -0.092574 -0.066150 -0.168792 -0.002241  0.107114 -0.114151 -0.005241  0.116282  0.108250 -0.240616 -0.102375  0.075737 -0.366389
 0.000000 -0.000000  0.000000 -0.553285  0.000000  0.000000 -0.000000  0.000000 -0.000000 -0.202423 -0.368404 -0.047905 -0.158824  0.046818  0.189613  0.179346  0.145710 -0.284648 -0.032355 -0.057298  0.226526  0.004901 -0.140088  0.099669 -0.123557 -0.294594 -0.120995 -0.072426  0.129399 -0.080528 -0.036085 -0.038985 -0.081628  0.277877
-0.553285 -0.000000  0.000000  0.000000  0.000000  0.000000 -0.000000 -0.000000  0.000000 -0.076580  0.023073 -0.026443 -0.332590 -0.048612  0.034222  0.032337 -0.074226 -0.208540 -0.184743 -0.174109 -0.046501 -0.056904  0.218848 -0.103869 -0.130872  0.034460 -0.100636  0.078572 -0.417404  0.028907  0.345610 -0.222187  0.035324 -0.119661
-0.000000  0.000000 -0.000000 -0.000000 -0.000000 -0.440313  0.000000  0.112972 -0.000000 -0.269678 -0.071455 -0.051749  0.200868  0.320360  0.010779 -0.214973 -0.309549 -0.053766  0.416563 -0.352139 -0.015749  0.036153 -0.104813  0.173841 -0.078932  0.111673  0.030158  0.123572 -0.038547  0.098784  0.152833 -0.032604  0.080757  0.086467
 0.000000  0.000000  0.440313 -0.000000 -0.000000 -0.000000 -0.000000 -0.112972  0.000000  0.084619 -0.235125  0.056336  0.161890  0.056327 -0.297086  0.036074 -0.337385 -0.017189 -0.172934  0.172237  0.093398 -0.317187  0.146848  0.365709  0.065537 -0.279366  0.139675 -0.052714 -0.024488 -0.105717  0.117621 -0.044208  0.158716 -0.114382
 0.000000  0.000000  0.000000 -0.000000  0.000000 -0.000000  0.029933 -0.050249  0.473104  0.101682 -0.061914  0.110612 -0.279170  0.010880 -0.033372  0.136441 -0.383861  0.096627  0.000501  0.027869 -0.115001 -0.231357 -0.492678 -0.099722 -0.046599  0.064453 -0.314699 -0.021406 -0.051311  0.115911 -0.098042  0.192527 -0.017783 -0.052795
 0.000000  0.553285 -0.000000  0.000000 -0.000000 -0.000000  0.000000  0.000000  0.000000  0.119976 -0.056331  0.229404  0.061555 -0.116457 -0.232760  0.096577 -0.073745  0.224987  0.093871 -0.170794 -0.226149  0.300851 -0.078389 -0.074439 -0.025704 -0.221638 -0.078186 -0.074513 -0.044365 -0.293438  0.106572 -0.285890 -0.138481  0.183452
-0.440313 -0.000000 -0.000000  0.000000  0.000000 -0.000000 -0.112972  0.000000 -0.000000 -0.180370 -0.132778  0.274649 -0.107233 -0.288627 -0.003312 -0.289156  0.076357 -0.076005  0.314249  0.237917  0.021630  0.065573 -0.191514  0.111947  0.385328  0.022297  0.037238  0.071225  0.212910 -0.177410 -0.025085  0.053159  0.041406 -0.176037
 0.000000  0.000000 -0.000000 -0.000000  0.000000  0.000000  0.553285 -0.000000 -0.000000 -0.146332 -0.015698  0.016688 -0.159267 -0.156186  0.142467  0.134689 -0.229102  0.093913  0.275779  0.189050 -0.106837  0.134748  0.466185  0.217048 -0.054461  0.062942 -0.185025 -0.155329 -0.021197 -0.016155 -0.153839  0.142107 -0.043717  0.069693
-0.000000  0.000000 -0.000000  0.000000 -0.000000 -0.000000 -0.057078  0.000000  0.496207 -0.020667  0.297597 -0.033882  0.040864  0.232168  0.003132  0.271466  0.114756 -0.232660  0.277435 -0.029098  0.053924 -0.133678  0.208794 -0.066248  0.116849 -0.059212  0.063542  0.064146  0.030617 -0.348149 -0.248673 -0.286576  0.092995 -0.130994
 0.000000  0.000000  0.000000 -0.553285 -0.000000 -0.000000 -0.000000  0.000000 -0.000000  0.242405  0.083857 -0.102345  0.060517 -0.064382  0.032974 -0.355345 -0.391140 -0.106894 -0.035439  0.033578 -0.105618  0.174968  0.087791 -0.264429 -0.009484 -0.027886  0.247663  0.041680 -0.123637 -0.059762 -0.267614  0.035672 -0.077215 -0.185995
 0.000000  0.000000  0.000000 -0.000000 -0.000000 -0.000000  0.553285 -0.000000 -0.000000 -0.371910 -0.052783 -0.144568  0.141750 -0.006174 -0.043200 -0.133288  0.141530  0.064440 -0.136822 -0.104667 -0.269390 -0.321488 -0.165190 -0.338084  0.117430 -0.205661  0.117007 -0.035507  0.098997 -0.076442  0.056707 -0.070813 -0.036723 -0.156451
-0.000000  0.000000  0.000000  0.000000  0.553285 -0.000000 -0.000000  0.000000  0.000000 -0.069521  0.137744 -0.246909 -0.019158 -0.211954 -0.053673  0.053643  0.062587 -0.003908 -0.069739 -0.274765  0.006837  0.055293 -0.210922  0.437246 -0.012864  0.055881  0.075502 -0.197012 -0.147719 -0.106132 -0.155437  0.012627 -0.238041 -0.270400
-0.000000  0.000000 -0.440313  0.000000 -0.000000  0.000000  0.000000 -0.112972  0.000000  0.047920 -0.083562 -0.054250  0.147901  0.008980  0.194879  0.171580 -0.214318 -0.043357 -0.281462  0.032506 -0.240820 -0.004941  0.050746  0.257966  0.061483  0.047127 -0.044458  0.518030  0.271583 -0.208422  0.140767 -0.002047 -0.124862 -0.087161
-0.000000 -0.000000 -0.000000 -0.000000 -0.000000 -0.000000  0.029933  0.050249  0.473104  0.079192 -0.464361  0.014590  0.202165 -0.186366 -0.147125  0.057937  0.181755 -0.120100 -0.022360 -0.140917 -0.090011  0.263300  0.196327 -0.028194 -0.078578  0.122918  0.114556 -0.052001  0.155189  0.375835  0.077462 -0.011681  0.008820 -0.238298
-0.000000 -0.000000 -0.000000  0.000000  0.000000  0.553285 -0.000000  0.000000 -0.000000 -0.114482 -0.049863 -0.046855 -0.017273  0.350790 -0.056097 -0.084028 -0.096035 -0.024101 -0.039818 -0.202772 -0.087488  0.182999  0.041146  0.119009  0.539492 -0.076663 -0.148363  0.037416 -0.125738  0.264430 -0.117496 -0.048538 -0.026144  0.100524
 0.553285
