16 30
-0.000000  0.000000 -0.000000  0.000000 -0.000000  0.000000  0.000000  0.000000 -0.000000  0.000000 -0.000000  0.000000 -0.000000  0.707107 -0.141421 -0.000000  0.169976  0.173260 -0.083201 -0.057886 -0.191823 -0.142544 -0.229826  0.177843 -0.301788 -0.016395 -0.135179  0.286041 -0.276498 -0.036938
 0.707107 -0.141421 -0.000000  0.000000 -0.000000 -0.000000  0.000000 -0.000000 -0.000000  0.000000  0.000000  0.000000 -0.000000  0.000000 -0.000000  0.000000  0.203172  0.357878 -0.008632 -0.242449  0.079490  0.186087 -0.140516 -0.178407 -0.096099 -0.066473 -0.045543 -0.133644  0.207958  0.287112
 0.000000  0.141421  0.000000  0.000000 -0.000000  0.000000 -0.000000  0.000000 -0.707107 -0.000000 -0.000000  0.000000 -0.000000 -0.000000  0.000000  0.000000 -0.171012  0.184698 -0.209802  0.090461 -0.191777 -0.100409 -0.112238 -0.067981  0.236645 -0.032378  0.377987  0.143008 -0.041420  0.279772
-0.000000 -0.000000 -0.000000  0.000000  0.707107 -0.000000 -0.000000  0.000000 -0.000000  0.000000  0.000000  0.000000 -0.000000  0.000000  0.141421 -0.000000 -0.267228  0.193278 -0.053911 -0.332061  0.039522 -0.177204 -0.195146  0.040309  0.094801  0.023676  0.002052 -0.000094  0.167680 -0.384349
-0.000000 -0.000000 -0.707107 -0.000000 -0.000000 -0.000000 -0.000000  0.000000 -0.000000  0.000000  0.000000 -0.000000 -0.000000 -0.000000 -0.141421 -0.000000 -0.135955 -0.169574  0.106576  0.029542  0.177715 -0.220227 -0.074463  0.163366 -0.202106 -0.196165  0.043945  0.194522  0.386907  0.198544
 0.000000  0.141421  0.000000 -0.000000 -0.000000 -0.707107 -0.000000 -0.000000 -0.000000 -0.000000 -0.000000  0.000000 -0.000000 -0.000000 -0.000000  0.000000  0.077246 -0.003155 -0.258246 -0.105666 -0.222640  0.312223  0.265505  0.211025 -0.013277  0.021282 -0.020833  0.199444  0.294438 -0.080966
 0.000000  0.141421  0.000000 -0.000000 -0.000000 -0.000000 -0.000000  0.000000  0.707107 -0.000000 -0.000000 -0.000000  0.000000  0.000000  0.000000 -0.000000 -0.171012  0.184698 -0.209802  0.090461 -0.191777 -0.100409 -0.112238 -0.067981  0.236645 -0.032378  0.377987  0.143008 -0.041420  0.279772
 0.000000  0.000000  0.000000 -0.000000 -0.000000 -0.000000  0.000000  0.000000 -0.000000  0.000000 -0.000000 -0.707107 -0.000000  0.000000 -0.141421 -0.000000 -0.122913  0.019163 -0.066774  0.279042 -0.044358  0.075988 -0.244405 -0.167295  0.166054  0.237577 -0.392677  0.124392  0.181476  0.010933
 0.000000  0.848528  0.000000  0.000000  0.000000 -0.000000 -0.000000  0.000000 -0.000000  0.000000  0.000000  0.000000  0.000000  0.000000  0.000000  0.000000  0.130532  0.091121 -0.012784 -0.019425  0.061039 -0.195862  0.011963 -0.042350  0.010677 -0.214951 -0.288328 -0.278570  0.013424  0.053483
 0.000000  0.141421  0.000000 -0.000000  0.000000  0.000000 -0.000000 -0.000000  0.000000 -0.707107 -0.000000  0.000000  0.000000  0.000000  0.000000 -0.000000  0.169828 -0.167994  0.312105 -0.282529 -0.074908 -0.034122  0.009155 -0.296457  0.104633  0.162557  0.063988  0.329965  0.019884  0.014806
 0.000000  0.000000  0.000000 -0.000000 -0.000000  0.000000  0.000000 -0.000000  0.000000 -0.000000 -0.000000  0.707107 -0.000000 -0.000000 -0.141421  0.000000 -0.122913  0.019163 -0.066774  0.279042 -0.044358  0.075988 -0.244405 -0.167295  0.166054  0.237577 -0.392677  0.124392  0.181476  0.010933
-0.000000 -0.141421 -0.000000  0.000000  0.000000  0.000000 -0.000000  0.000000 -0.000000 -0.707107  0.000000 -0.000000 -0.000000  0.000000 -0.000000  0.000000 -0.169828  0.167994 -0.312105  0.282529  0.074908  0.034122 -0.009155  0.296457 -0.104633 -0.162557 -0.063988 -0.329965 -0.019884 -0.014806
 0.000000 -0.000000  0.000000  0.000000  0.000000  0.000000  0.000000  0.707107  0.000000 -0.000000 -0.000000  0.000000 -0.000000  0.000000  0.141421 -0.000000  0.109921 -0.196396  0.175181 -0.061402 -0.168210  0.162504 -0.366435  0.338764  0.245242 -0.097555 -0.019277 -0.112207  0.006865  0.092085
 0.000000 -0.000000  0.707107 -0.000000  0.000000  0.000000  0.000000  0.000000 -0.000000  0.000000 -0.000000 -0.000000  0.000000 -0.000000 -0.141421  0.000000 -0.135955 -0.169574  0.106576  0.029542  0.177715 -0.220227 -0.074463  0.163366 -0.202106 -0.196165  0.043945  0.194522  0.386907  0.198544
-0.000000  0.141421 -0.000000 -0.707107  0.000000  0.000000 -0.000000  0.000000 -0.000000 -0.000000 -0.000000 -0.000000 -0.000000  0.000000 -0.000000  0.000000 -0.293617 -0.084046 -0.088111 -0.204462  0.334535  0.299267 -0.067123  0.078473 -0.064757  0.105695 -0.050855  0.121141 -0.252047  0.169895
-0.000000  0.000000  0.000000 -0.000000 -0.000000 -0.000000  0.000000  0.707107 -0.000000  0.000000  0.000000 -0.000000  0.000000 -0.000000 -0.141421  0.000000 -0.109921  0.196396 -0.175181  0.061402  0.168210 -0.162504  0.366435 -0.338764 -0.245242  0.097555  0.019277  0.112207 -0.006865 -0.092085
-0.707107 -0.141421  0.000000  0.000000 -0.000000 -0.000000 -0.000000 -0.000000 -0.000000  0.000000  0.000000  0.000000  0.000000 -0.000000  0.000000  0.000000  0.203172  0.357878 -0.008632 -0.242449  0.079490  0.186087 -0.140516 -0.178407 -0.096099 -0.066473 -0.045543 -0.133644  0.207958  0.287112
-0.000000 -0.141421 -0.000000 -0.000000  0.000000  0.000000 -0.000000 -0.000000  0.000000 -0.000000 -0.707107 -0.000000  0.000000 -0.000000 -0.000000  0.000000 -0.262207 -0.120826 -0.031219 -0.247995 -0.325238 -0.148328  0.186022 -0.058854  0.017864 -0.102529 -0.291153 -0.100970 -0.073424  0.239032
-0.000000 -0.141421 -0.000000  0.000000 -0.000000 -0.000000  0.707107 -0.000000 -0.000000 -0.000000  0.000000 -0.000000 -0.000000 -0.000000  0.000000  0.000000  0.233076 -0.034186 -0.242554 -0.070027  0.274075 -0.148387  0.085682  0.035269  0.373510 -0.218698 -0.157999  0.192462 -0.073405  0.017812
-0.000000  0.141421  0.000000  0.707107 -0.000000 -0.000000 -0.000000  0.000000  0.000000  0.000000 -0.000000 -0.000000 -0.000000 -0.000000 -0.000000  0.000000 -0.293617 -0.084046 -0.088111 -0.204462  0.334535  0.299267 -0.067123  0.078473 -0.064757  0.105695 -0.050855  0.121141 -0.252047  0.169895
-0.000000  0.000000 -0.000000  0.000000 -0.000000  0.000000 -0.000000 -0.000000 -0.000000  0.000000  0.000000  0.000000  0.707107  0.000000 -0.141421  0.000000  0.153291 -0.337262 -0.377021 -0.151000 -0.000129 -0.122015 -0.176053 -0.086392 -0.093959  0.224634  0.120893 -0.216903  0.058641  0.008639
 0.000000 -0.000000 -0.000000 -0.000000 -0.707107  0.000000 -0.000000  0.000000  0.000000  0.000000 -0.000000  0.000000  0.000000 -0.000000  0.141421 -0.000000 -0.267228  0.193278 -0.053911 -0.332061  0.039522 -0.177204 -0.195146  0.040309  0.094801  0.023676  0.002052 -0.000094  0.167680 -0.384349
-0.000000  0.000000  0.000000  0.000000 -0.000000 -0.000000 -0.000000 -0.000000 -0.000000 -0.000000  0.000000 -0.000000 -0.000000  0.707107  0.141421  0.000000 -0.169976 -0.173260  0.083201  0.057886  0.191823  0.142544  0.229826 -0.177843  0.301788  0.016395  0.135179 -0.286041  0.276498  0.036938
-0.000000 -0.000000 -0.000000  0.000000 -0.000000  0.000000 -0.000000 -0.000000  0.000000 -0.000000  0.000000  0.000000 -0.707107  0.000000 -0.141421  0.000000  0.153291 -0.337262 -0.377021 -0.151000 -0.000129 -0.122015 -0.176053 -0.086392 -0.093959  0.224634  0.120893 -0.216903  0.058641  0.008639
 0.000000  0.141421  0.000000 -0.000000 -0.000000 -0.000000  0.000000 -0.000000 -0.000000 -0.000000 -0.707107  0.000000  0.000000  0.000000 -0.000000  0.000000  0.262207  0.120826  0.031219  0.247995  0.325238  0.148328 -0.186022  0.058854 -0.017864  0.102529  0.291153  0.100970  0.073424 -0.239032
 0.000000 -0.000000  0.000000 -0.000000  0.000000 -0.000000 -0.000000  0.000000  0.000000 -0.000000  0.000000 -0.000000 -0.000000 -0.000000  0.141421 -0.707107 -0.055753 -0.181220 -0.126972  0.068653 -0.075311  0.193429 -0.170603 -0.330351 -0.141541 -0.433027  0.011835  0.090718 -0.024977 -0.159226
 0.000000 -0.000000  0.000000  0.000000  0.000000 -0.000000 -0.000000 -0.000000  0.000000 -0.000000  0.000000 -0.000000 -0.000000 -0.000000  0.141421  0.707107 -0.055753 -0.181220 -0.126972  0.068653 -0.075311  0.193429 -0.170603 -0.330351 -0.141541 -0.433027  0.011835  0.090718 -0.024977 -0.159226
 0.000000  0.141421 -0.000000 -0.000000  0.000000  0.707107  0.000000  0.000000  0.000000  0.000000 -0.000000  0.000000  0.000000 -0.000000  0.000000  0.000000  0.077246 -0.003155 -0.258246 -0.105666 -0.222640  0.312223  0.265505  0.211025 -0.013277  0.021282 -0.020833  0.199444  0.294438 -0.080966
 0.000000  0.141421 -0.000000 -0.000000 -0.000000 -0.000000  0.707107 -0.000000  0.000000 -0.000000 -0.000000  0.000000 -0.000000 -0.000000  0.000000 -0.000000 -0.233076  0.034186  0.242554  0.070027 -0.274075  0.148387 -0.085682 -0.035269 -0.373510  0.218698  0.157999 -0.192462  0.073405 -0.017812
-0.000000  0.000000 -0.000000 -0.000000  0.000000 -0.000000  0.000000 -0.000000 -0.000000  0.000000  0.000000  0.000000 -0.000000  0.000000  0.848528  0.000000  0.092486 -0.043358 -0.138239  0.141503  0.048468 -0.195842  0.002479  0.012933 -0.210100  0.252186 -0.119210  0.136545  0.066986  0.210889
 0.848528
