
  0 -0.000096809555868708486627784  0.000038375049396176601241337 -0.000003317957578791186270783 -0.000035859180573178833261950 -0.000009883102838870933221097  0.000076106512952959536255845  0.000040522624857341908422757  0.000031990465403412168314882  0.000026310030293513840878770 -0.000014200758181313410248059 -0.991726966788241525742591403  0.000083795091387826918653866 -0.000249737603386673896788824  0.000181018643822112862120272 -0.066953575698289083059384225  0.025772675850721911186536582  0.022606642067816203770858671 -0.092059410501912134236035101  0.048419956103536828177747679  0.992614893364782451294289767 
  1  0.000000074980441520273696108 -0.000000006706610324208705955  0.000000002736420263088733897 -0.000000035608823936842643032 -0.707107240514131359619687256 -0.082118744019560909240898223 -0.000000088382800258641873518  0.203390609312449486691218477  0.000000066359611544790892224  0.000000033044903237756314908  0.000000033242979769884226914  0.000000013760342459264720306 -0.000000081953973916212857281 -0.000002358991201908241857917 -0.413637467445659716533314793 -0.272891806828682890946917092 -0.404428911976240219069804460  0.016798098339162274639436339 -0.206100239378506255939261550  0.992619389614250856909271475 
  2 -0.000325212157860458841312753  0.000282572470406824593275700  0.000433103745565815789460552  0.958204556366897743731238929  0.000000183050420188725092445  0.000402176632537198931456978  0.000097677671239384578228547 -0.000234399503131669025107193 -0.006240646774972104991274189 -0.000011560970988666073384966  0.025678694435354800247443309  0.000190287439828670544832787 -0.000345877384820741265245570  0.000157203054348304670479216 -0.211408428760657483291298363  0.150778384049029237144018932  0.064358261323279439732058822 -0.014317722279990845169686130  0.096800202542386422544960431  0.992604151658372546238040535 
  3  0.000000000000000262035039547  0.000000000000000621604237834 -0.000000000000000001896202923 -0.000000000000000080817295120  0.000000000000000526232544623  0.992619509748006334623644797 -0.000000000000000621901471535  0.000000000000000197268873687 -0.000000000000000557733682615 -0.000000000000000399405127829  0.000000000000000365736279752 -0.000000000000000085878748950  0.000000002659667632236347767 -0.000000000000000491844856650 -0.073338462065063515225350494 -0.049791225828283639085505537 -0.073847689581884743727224762  0.002481275867434168338446733 -0.037271633899829145837221366  0.992619512407678234605385575 
  4 -0.000000089441543312735782117  0.000000020175871816444857503 -0.000000188659184892489485353 -0.000000065354702246034261273 -0.707106312796537431208682839  0.082118975337868379363065897  0.000000053902263726503357360 -0.203391055541936282267424796  0.000000027880883594876218905 -0.000000027062439439214655571  0.000000135843861822055828843 -0.000000082084945642246651405  0.000000310162065388983375926  0.000002156700865579595734402  0.413624153533847759852499701  0.272904409153728095849831062  0.404465850835096397551844671 -0.016650994229648797959790832  0.206052366622477144779130957  0.992619500944969594474157765 
  5 -0.000772312504021893190796154  0.000496294909103893019704460  0.704935654601040060306896967 -0.203195297949260463048681488  0.000000065133238128219683653  0.000953613137139149151241014  0.000054545046171169068979495 -0.000551752849304475916881885 -0.014580305899397089624770416  0.003964528639664696495691179  0.061512312585730234008646235 -0.000001591410059358230336213 -0.000828569579638892946916128  0.000379888332951284522073432 -0.502486426442535493732365059  0.356401924426394962842814390  0.153989053688026184208087824 -0.038400987183648718299228868  0.230348064861243714213979474  0.992226732576720755996894235 
  6 -0.000054957249449794710034687  0.000057703042723273474251905  0.000569782521890255803687644 -0.002306734967431163932547218  0.000072002227880673998632413  0.000386592084491498411610192 -0.000369492199167918587194184 -0.000783527537654097051097972 -0.014669256236364260978075784 -0.709207256903246271854176358 -0.061222758659150428944367662  0.200889551569668838452487926  0.001016014107041472896165573 -0.000955892079146251328691466 -0.006006665234440562447773744  0.164294384513422928267931816 -0.013685512497400847793764804  0.639673337109655930983638517 -0.127665743949145954648440211  0.992561521385306195846501970 
  7 -0.000013664401392735869773105 -0.203195560723778176297053301 -0.000280960149528265229066233  0.000351139391162351067162587  0.000024964715135024617688130  0.000499751078112881676890514 -0.706493185909760653524123997 -0.000206972599070973074980886  0.080425540350933978843807944  0.000039848219428692731512447  0.000021952145988323320208754 -0.000237676514800841299690133  0.000072393271257499557114449 -0.000128941861090882996913338 -0.178164511574223716390292377 -0.307107258942946118149448786  0.515423122551441237500485099  0.041040729973141026734118671 -0.244350773078843734852907618  0.991992551331441248870131322 
  8  0.000767527178644507159241312 -0.000717153252725982570835622  0.709259967820233508135202571  0.201366302392815209871385594  0.000000118876856709320524486 -0.000945621890262287543308723  0.000237603540553110195750213  0.000544554225806083497212534  0.014524181298863437414722541  0.000491801482089905561942347 -0.061447383575528933526637516  0.000954139889524669276319932  0.000828610948602569339043872 -0.000382313327148267071463455  0.499320677150912442819651396 -0.353930008671030165562625819 -0.152532283694712517038141394  0.041236198600175857333289316 -0.229905916826161861105581527  0.992467279699655166179308313 
  9  0.000000000862806404553806634 -0.000000000187308110450561526  0.000000000410732907139535621  0.000000008576577879850765002 -0.000000008421392227107199624 -0.034880582173349349681839605 -0.000000007229038144801682457 -0.957738089890022841247328722 -0.000000007342078941423641009  0.000000000782408447591443998 -0.000000005276412243264875553 -0.000000003330222319957646145 -0.000000778125036694079475662 -0.000000001990634728177527888 -0.174967061296069470040215853 -0.116498500209071266385974387 -0.172188857766133105158673500  0.005985580181751165530516838 -0.087469384140907247837128623  0.992619494598021245314583422 
 10 -0.000021668147661954963585008  0.000040448304065910703553023  0.000005443191190617831876451 -0.000367085984092153564230590  0.000030399461533257773233398  0.000160984337179872838065769  0.000010678226507401272677617 -0.000329180236417641552196050 -0.006189610460180973541108773 -0.000050018441783662309204448 -0.026022402238688515805083265 -0.958555729227924444967728901  0.000429929721561568088404734 -0.000403702848160342068744150 -0.001507602389803924275047479  0.068668287045288272040205035 -0.006221900502086872854919482  0.269743206385070648044679012 -0.054195007173043825932724814  0.992617280826948298352949834 
 11  0.000000001218743858201947440 -0.000000008691087706526139537  0.000000000943784815610068419  0.000000000147192819575024734  0.000000002625829950987502995  0.000001202904070075025631212 -0.000000026770396424247780944 -0.000000010152078970639211929 -0.000000025033938172940518067 -0.000000003037159661903200077 -0.000000009872627323394550446  0.000000003243038649817901193  0.034880746284121514929867569  0.957737453375884428537299226  0.011558562263273794848719397  0.153896149048960368462424936 -0.004285735888313947940129946 -0.083108043632530431158377763 -0.225342770986923230131936287  0.992619494299954395087268177 
 12 -0.000013879466803555082460497 -0.202875150327839608703104843 -0.000574530981754404705284205  0.000164519648715858098531372  0.000024958688539908764070302  0.000499427503783407640554361  0.707719617865162739631015171 -0.000207466693413686318518545  0.080258484993528513880148637  0.000003753212120298950584538  0.000030078070869661782626404 -0.000022354181908298138716873  0.000073125126073620288279314 -0.000129559110047912450459117 -0.177954197061026436640874746 -0.306339958887613266294049075  0.514538568616795834111295183  0.041600791903965507738150402 -0.244008373464717761688251400  0.992596905870561434085709573 
 13 -0.707107714659074571819565719 -0.000000049020370791137277934 -0.000000045141581018665741470  0.000000076504171346375375157  0.000000036315188639749392540 -0.000004570225843529128052787 -0.000000027426566569200378939 -0.000000051202785975356935519 -0.000000074294734350069896107 -0.000000014831233444619118503 -0.000000027960606915382116327 -0.000000041516968708097913545 -0.082115521503744835165488399  0.203391179536085558039173668 -0.025713213628194999390031979 -0.362875770222255395917399304  0.009857262116535019527569232  0.199115033374085738097805480  0.528964831498575838565710111  0.992619430138956318748072460 
 14  0.707104922942842534835244939 -0.000000043109202660765716158 -0.000000024948382730395700542 -0.000000012004293536085186136  0.000000033306258002246390058 -0.000002205439335553796197461  0.000000011183558586257095968 -0.000001531539713450446217074  0.000000014826534611561732066 -0.000000002344000032393519622 -0.000000175952918402407647740 -0.000000032113210268897019286 -0.082117673717296479445049411  0.203392745777975076076210525 -0.026918123458907985653512152 -0.362014462353139819576980721  0.010240125938447547667899281  0.199116927034758237652248107  0.529489602765270793742133359  0.992619429205521947446721337 
 15 -0.000024000325323241435688037  0.000005532388030402937272133  0.000000029058658266186778985 -0.000007075037918108005317470 -0.000002011392413749615290892 -0.000045329251098956324243249  0.000006501916102772686172355 -0.000006284776842567774816496  0.992470450046485902170258220 -0.000005459299501372691057149  0.000004167885780045499377941 -0.000010365642448012023069282 -0.000006463841574445256305397  0.000004115094080428914127615  0.015228382414467517019134642  0.070780795657755042572453763 -0.086423251635954219405444995  0.012114944843598258397636522  0.046312285596239125032801392  0.992597785956258299574703208 
 16  0.000004758861394885105611117 -0.957889546229634067820313953  0.000015313440910359687069727 -0.000082978446772685550227052 -0.000010579886050590733558682 -0.000210395847707486015257270 -0.000023603402439860893780887  0.000086944555718795754333510 -0.034075828669333569725897679  0.000014592765185537771854248  0.000024207147913714296622036  0.000044714880986772970874911 -0.000031824468863105492175122  0.000055137205742359877046326  0.074783486667218937789410309  0.130550543642477974575779286 -0.218101039719760314409581492 -0.017466159508995054966458567  0.103813506142214153257752850  0.992570425808653794530998782 
 17 -0.000051499189763646793336898  0.000088158963665251601691100 -0.003885793256905679452033639 -0.001302668179338011910953720  0.000072439248341393560525481  0.000384202063888174610475419 -0.000336006445651661123188539 -0.000785524990685159505662029 -0.014682297086263615269508031  0.704988725241656747017363061 -0.061913559605812464536699459  0.202022992061197971349110168  0.001026189288495545926461568 -0.000963488054556133093685631 -0.003560485046163533372115718  0.163544871865141958818001301 -0.014553883391446592971125269  0.643703181627201651492879014 -0.129552593891820565355282521  0.992503543676221498890787504 
 18  0.000000000000000380779403701  0.000000000000000320562678487 -0.000000000000000050351400464 -0.000000000000000965404068828 -0.000000000000000190974516310  0.000000136526684144049374453 -0.000000000000000816269012246 -0.000000000000000338495501344  0.000000000000000969563889927 -0.000000000000000686763894125 -0.000000000000001916646558220  0.000000000000000572005285467  0.992619375880986306930845592  0.000000000000000671458519221 -0.005648200088639254980828815 -0.065041645374569118482298551  0.002045587148241024400302811  0.034326819506460170550312750  0.096238983079310939832752038  0.992619512407678277702421932 

 0.992619512407678277702421932 

