
  0  0.000000000000000076153043885 -0.000000000000000234913847650  0.000000000000000158537166665 -0.000000000000000182679430173  0.000000000000000428630719169  0.707106781186548046967341175  0.000000000000000016992574512 -0.000000000000000628088626536 -0.279172890993890992822248215 -0.191769483685492068405706312 -0.309055613311894404555751556 -0.359794310767026955265096219 -0.246197497080252317847156793 -0.296135236561514381825469325 -0.021946309579869710678582534 -0.107371865379625896327246779  0.707106781186549742767959159 
  1  0.000000000000000186758693570 -0.707106781186547120028693808  0.000000000000000412992117221 -0.000000000000000805169181230 -0.000000000000000603758353700 -0.000000000000000551603473899  0.000000000000000153788932608  0.000000000000000040920605422 -0.449050057746503970070072256 -0.035616836238235113661478124  0.105010016047406489443703619  0.311925779066135379016680776 -0.104333447335209189897966848  0.158386459065461534999829339  0.174743038792660658546336896 -0.349648142056141056420275059  0.707106781186549883605821365 
  2 -0.000000000000000627342708127 -0.707106781186547917134131019 -0.000000000000000372624468975 -0.000000000000000283907325146  0.000000000000000523703128441  0.000000000000000025374015393 -0.000000000000000048528963561  0.000000000000000127649332090  0.449050057746504048593414599  0.035616836238233933490472715 -0.105010016047405686741072692 -0.311925779066134790918317365  0.104333447335209080379994900 -0.158386459065462060607490033 -0.174743038792660610190920004  0.349648142056139998401585040  0.707106781186549914939264150 
  3 -0.000000000000000152588433155 -0.000000000000000441521399727  0.000000000000000122460030115  0.000000000000000189009594663  0.707106781186548622624484656  0.000000000000000005135965201  0.000000000000000313032746558 -0.000000000000000085605035767 -0.065017022711583256753707302  0.216991093171614400725928824 -0.085075016202613052558568433 -0.218857332244727246763288733 -0.115740523120434692159845536  0.447110194290988690598654190 -0.405710368794965282364254136 -0.125088225280757445995031586  0.707106781186549881274786694 
  4 -0.000000000000000356863928445 -0.000000000000000161260696393 -0.000000000000000275522539543  0.000000000000000504475819475  0.000000000000000169732355180  0.000000000000000198594334415  0.707106781186547062891239318  0.000000000000000460427017337 -0.379946110391443773996291225 -0.229240938680891932625102031  0.078354559159323170503528601 -0.120349837899097049275973746  0.320072301113158869974436790  0.167293684387224733285128540 -0.039764253489204089351936747  0.387880618459401122161221004  0.707106781186549144505200382 
  5 -0.000000000000000187616310108 -0.000000000000000015163904440 -0.707106781186545972129643689 -0.000000000000000018613551140 -0.000000000000000285236155361  0.000000000000000659933190954 -0.000000000000000818931213635 -0.000000000000000426957971075 -0.166436566456664875965246013  0.118900192287688907147693348  0.073480948424889476215042354  0.322553041916664331734956525 -0.185409185706655815808184019 -0.284023578825760766039879024 -0.428337094231271037951883085  0.224060423147567883952937379  0.707106781186548430937540560 
  6 -0.000000000000000206396769606  0.000000000000001234553388566 -0.000000000000000380822496284 -0.707106781186546085808241474 -0.000000000000000283846397961 -0.000000000000000131237089242  0.000000000000000451408643079 -0.000000000000000433060117359  0.195124063727316815499671261 -0.571417445470286907371025575  0.192672672209470200745638768  0.052105735333325359496159292 -0.113876727892042627337393368  0.083350760892539319913774418 -0.239175217184900749728057590 -0.135834065990748826453803945  0.707106781186549250811223394 
  7 -0.707106781186547487844280824  0.000000000000000166907705839 -0.000000000000000235521415251 -0.000000000000000079396003085  0.000000000000000488531918093  0.000000000000000295101456063 -0.000000000000000887432167839  0.000000000000000164652168553  0.049763443676097450162710894 -0.114342666287372580894484558 -0.534199743176043159980509456  0.285731552517270773688213767  0.299837065916753005268523269  0.033153321395273679958004380 -0.130237717346001342536921178 -0.097335485769104440030650548  0.707106781186549779305572372 
  8 -0.000000000000000328571034228  0.000000000000000266520077101 -0.000000000000000462518653792  0.000000000000000130153141458  0.000000000000000174532418436 -0.000000000000000225458374308  0.707106781186547944564445983 -0.000000000000000330936214154  0.379946110391443254040034355  0.229240938680891580178080810 -0.078354559159323669866720457  0.120349837899097863654106818 -0.320072301113157784959112676 -0.167293684387225637550397975  0.039764253489203786578315685 -0.387880618459400317466368585  0.707106781186549824516802965 
  9 -0.000000000000000109761409261 -0.000000000000000291310996352  0.000000000000000141145660660  0.000000000000000183623082971 -0.000000000000000406644734486  0.707106781186546979353461928  0.000000000000000009864285107  0.000000000000000053667122771  0.279172890993891564278108278  0.191769483685492131221669680  0.309055613311895252157904951  0.359794310767027187474096511  0.246197497080252205699994576  0.296135236561515347036453380  0.021946309579870656355292760  0.107371865379625394206115647  0.707106781186548213663425194 
 10 -0.707106781186547501179967545  0.000000000000000273679727502  0.000000000000000447897366919  0.000000000000000294495886163 -0.000000000000000060902936097 -0.000000000000000328706170724  0.000000000000000201987069202 -0.000000000000000704144167252 -0.049763443676097995689198376  0.114342666287372437718811418  0.534199743176043280164320276 -0.285731552517270412865730764 -0.299837065916752828597779262 -0.033153321395274107330171983  0.130237717346002035260794233  0.097335485769103966695087096  0.707106781186549773450880640 
 11 -0.000000000000000410035883576 -0.000000000000000222750920055 -0.000000000000000440003318948 -0.000000000000000340058132497  0.000000000000000219063955776  0.000000000000000146796132314  0.000000000000000105155479913  0.707106781186547218365830852  0.059827680067501338918482074 -0.092682067158258522468559492 -0.228448583011791919356622653  0.149899147181686482170896897 -0.418822678670981413687418940  0.265719896106191645016730840  0.212513098082450128898930435  0.349271896245171917071018278  0.707106781186549123525888344 
 12 -0.000000000000000580206499338 -0.000000000000000361470312752  0.000000000000000509534461117  0.000000000000000426357848106 -0.707106781186546367863436646  0.000000000000000027110693964  0.000000000000000657293910420 -0.000000000000000612935419518 -0.065017022711583001430871945  0.216991093171614940319797543 -0.085075016202614691025220284 -0.218857332244728542561067706 -0.115740523120435422817242101  0.447110194290989926019924683 -0.405710368794966459374132586 -0.125088225280757007394595234  0.707106781186549526415415640 
 13  0.000000000000000008693578133  0.000000000000000145463607615 -0.000000000000000369982336096  0.707106781186548900884972224 -0.000000000000000046516264798 -0.000000000000000132179445999 -0.000000000000000183207854886  0.000000000000000047889680420  0.195124063727315856102721356 -0.571417445470284914282171895  0.192672672209469045189410806  0.052105735333325665952679609 -0.113876727892042421203455324  0.083350760892538548327745842 -0.239175217184899348342539543 -0.135834065990748635823956968  0.707106781186549838936691859 
 14  0.000000000000000129455345602 -0.000000000000000391320305425  0.000000000000000017699261176  0.000000000000000140893747242  0.000000000000000746391998764 -0.000000000000000427621037874  0.000000000000000234656842983 -0.707106781186547792396671075  0.059827680067501303187244227 -0.092682067158258627046635292 -0.228448583011792085185344935  0.149899147181686896281916678 -0.418822678670979826957539507  0.265719896106191601973904592  0.212513098082450527912434964  0.349271896245172175056925221  0.707106781186549882846879844 
 15  0.000000000000000024752788967  0.000000000000000025198868059  0.707106781186549064274239618 -0.000000000000000029434470384  0.000000000000000101831952265  0.000000000000000360250445682 -0.000000000000000080888953489  0.000000000000000030741790599 -0.166436566456663196536080833  0.118900192287687528272922908  0.073480948424888654633741099  0.322553041916663239265742474 -0.185409185706654949706831056 -0.284023578825759863766831081 -0.428337094231269247961201366  0.224060423147567279876144451  0.707106781186549669042211430 

 0.707106781186549914939264150 

