
  0 -0.000000000000076714877378350 -0.119768799525576646514590969  0.000000000000037906164005903  0.000000000000227228379318864 -0.000000000000138452690722054 -0.534660091415619792673714905  0.133156984965832945037888559  0.205724027908263489304368718  0.125124363185579902860004343 -0.332363200205034273405002229  0.273322173108126758656662852  0.036217958018787996040820272  0.006626829441127331072002954  0.005158375125940457703188776 -0.409540985604235652467290663  0.504791672441586170808243417 -0.122448903369854835498995848  0.654428890941676713794740439 
  1 -0.000000000000428268522526138 -0.119768799526253621388861489 -0.534660091413581856285060917 -0.000000000000612939097343632  0.000000000000281911429289129 -0.000000000000783212186804006  0.343899136948005131579489749 -0.114572342843906356265693079 -0.269252329495117375692501971 -0.002104257127447963125223873  0.183883231302300090574588370  0.510580616199537454529162883 -0.311166675893471769627799881  0.055804430497370992780761106  0.085203052459632879026560706  0.003801173435142383212370946  0.306889045461391259681308008  0.654428890941941789950210551 
  2 -0.000000000000219942608063010 -0.119768799526591992877350666  0.534660091414639526891973420 -0.000000000000025043513010887 -0.000000000000170155958018793 -0.000000000000444728095840460  0.475936062051540974428666744  0.312027710223795848884596055 -0.243959935124515882095695869 -0.226493988333037224943452941  0.043893767464453617388150160  0.191057513764667015655372359 -0.110699770933894893678456090 -0.199514561950517757660359015  0.153015332301068698178658778 -0.329648255504369765568183775 -0.206227585747607711037982826  0.654428890942091406488986816 
  3 -0.000000000000199026456040195 -0.119768799527149486144666970 -0.000000000000006581739087601  0.000000000000156751501593861  0.534660091414261639120985431  0.000000000000386099523941981 -0.034630439584314752520156520  0.021446738457950096842707043 -0.224013006079623059818507931 -0.398076304130773456717686323 -0.471148782389369699831862051  0.069954593506470529014958527  0.345809216101680503289072730  0.097660791436768788023354160 -0.137399928686185026865495921 -0.019534523168164440769248237  0.337981387277842053274909406  0.654428890942159574182698800 
  4 -0.000000000000429872164462832 -0.119768799526460324309429153 -0.000000000001049312268003657  0.534660091413940963180756460  0.000000000000048576320722927 -0.000000000000000873166257582 -0.286142580958105543630521500  0.254614335550015215888647324 -0.120923844443264614233765706 -0.158870300487933819563778418 -0.232352247383628664800293319 -0.112441659396095469684504192 -0.481503281679536643500273360  0.012546189316944536354685082  0.355998667511198586393137214  0.296365971174207175180010526 -0.004928018458724747656373122  0.654428890941929959407154932 
  5 -0.000000000000142147672122335  0.000000000000265717695014298 -0.000000000000088807231505809  0.000000000000057453182456370  0.654428890941292225563556684 -0.000000000000325165436714245  0.104857788549103166843442202  0.087459415928119155518236094  0.329146954119816515427123654  0.236824689273122635210289989  0.156011625038862027100932360  0.175002373007022385043474251  0.005689377921829176541104707  0.348218150288207613696125214  0.314854201026914507616748240  0.086953063836750222997658364 -0.325126376137436895794432037  0.654428890942171487396170071 
  6  0.534660091415269654677860922 -0.119768799526242534581391141 -0.000000000000186212414143230 -0.000000000000164272727176940  0.000000000000174465708272613  0.000000000000105675745651655 -0.542733995741974068816645266  0.266814084269586491640754641 -0.214257901289194539997859899  0.006667617536560928318602757  0.298239690726259785302646246  0.279956900731185753041256256  0.071572771971887273760235242  0.141837842131532556940874852 -0.147349346633819113048385896 -0.259510152556424506718702958 -0.080451267533081584300063901  0.654428890942142757935953007 
  7 -0.000000000000000002219069082  0.654428890942195599781435605  0.000000000000000004951015681 -0.000000000000000023823234797 -0.000000000000000021632556712  0.000000000000000012212892431  0.146752211370742356738193155  0.435855668715553674983764071 -0.099021138953343755305456630  0.190364176125228024593944061 -0.193728150824245577544635392 -0.013276471294668124360073655 -0.225051417420608295311178562  0.320854280921273422817535312 -0.329120684614185367322138076 -0.045589969973689343309174518  0.111675440950837362964688688  0.654428890942195649437895105 
  8  0.000000000000629115595115393  0.119768799527253665904917394  0.000000000000533090432682096  0.000000000000010523337494127  0.534660091413454575503660243  0.000000000000133447395625764 -0.093716462248436672442298851 -0.128497871481032743096704907 -0.178865906335667243599115046  0.108200696735492861231392719  0.280189112147666403778920041 -0.284159114693864166831596685 -0.352773067235376185487227482 -0.523883024139126177685932273 -0.247984521911999263171235384 -0.086896830217969833363642063  0.059976300547376206679967177  0.654428890942014451119826401 
  9  0.000000000000177068556494218  0.000000000000108687463537894 -0.654428890940879472886467644 -0.000000000000136022413607703 -0.000000000000027989618476683 -0.000000000000197693154437853  0.107872490692176145753882789  0.348526824728858818829360655  0.020663564939640555432085823 -0.183323560220814671099950031 -0.114369613823541268499562728 -0.261046316141272185390453942  0.163778915043670832260482711 -0.208592373796869197236959759  0.055401771286193974910285441 -0.272423948006106884012125086 -0.419209770145061346710351965  0.654428890941526987480494210 
 10 -0.654428890941131236882403327  0.000000000000222966110238991  0.000000000000316031391102486  0.000000000000177348897766851 -0.000000000000222761079812946  0.000000000000085703512071543 -0.335551499497034057853091585  0.327700106589092151563582730  0.315340493122721953779801635 -0.065710840054148594674649029  0.149171053088159450295685504  0.304676019874143157807654461  0.017414481650886926697297647 -0.168251567860327924975607193 -0.014521279085557743352308691 -0.222785430440860618579983904  0.233340024293818092449600936  0.654428890942156024884256843 
 11 -0.000000000000003434814219750 -0.654428890942180697151524249  0.000000000000001976834872672 -0.000000000000000137407520224  0.000000000000001827294406205  0.000000000000007118003933649  0.164964291798978122282519701  0.249398285726133753662848470  0.138675601473124021729087761  0.373312146231797144739885178 -0.079385298326371242674901352 -0.314988205112518854510454333 -0.150448121253616187804002212  0.199664981836819298104384462 -0.261832242324171213476670037 -0.178969490140112224849989510  0.234756649762392518424373132  0.654428890942195202041868629 
 12 -0.000000000000297285219448216  0.000000000000460747387703615  0.000000000000115380099625525 -0.000000000000042701781431855 -0.000000000000148446178719730  0.654428890941103720644417274  0.126770290242871510805254369  0.308522340483704413278964740 -0.105233584258697129421424119 -0.087141095074267378270036453  0.397763914031402243193713195 -0.181064900897124053842646152  0.259731669306876723768429116 -0.007650312225396678493514639  0.046301674704903804537627424  0.380694484835724499650162420  0.190280254108911920052317132  0.654428890942168240969604998 
 13  0.000000000000569961510499755 -0.119768799527122088721686494 -0.000000000000683782487261333  0.000000000000508079661444980 -0.000000000000078294624370849  0.534660091412327169663534776 -0.022011021360657951341342634 -0.171910166892053606216630990  0.253931242439660381961111582 -0.225701694848191683232473646 -0.213544532105330162437750383  0.257843069349513340346360252 -0.311287133125075148493447405  0.014522427960719948182267091 -0.466214663167976650680682238  0.038818106248321551731783694 -0.355353692160366248524363403  0.654428890941289385875436618 
 14  0.534660091412643625672067998  0.119768799526711189860905815  0.000000000000581445383986818  0.000000000000582761547923546 -0.000000000000703226405346310 -0.000000000000283570391851882  0.132015860622429822280308499  0.134293873404078671830079797  0.600237577905985924696299211 -0.087098292782620870638413298 -0.115652943744272369945840385  0.092969362112588642928288733 -0.050257285560735835928871263 -0.347779315457341705496640757  0.129575166891190583667880544 -0.013181272335469835959045578  0.366061612804731422267986302  0.654428890941505777450234310 
 15  0.000000000000075190733031527 -0.000000000000032589774652117 -0.000000000000101775223286079 -0.654428890941239668212724145  0.000000000000006262590892911  0.000000000000627778683684804 -0.128638877937747119129712273  0.003382844354221862457237477  0.051594558703797403876814423 -0.422601821240564617840037090  0.090020439835906984346136726 -0.275052243345384577193502712 -0.377024100542374901559638037  0.285972824201210549258317731  0.225317774089329115060108613 -0.079469323254964167532743424  0.095606521516974623565998659  0.654428890942083279634762516 
 16 -0.000000000000320494208095064 -0.119768799526330228837544753 -0.000000000000170350199407659 -0.534660091413839540838010000  0.000000000000278508897523428 -0.000000000000540696204918598 -0.128687406030120142632960575  0.250473702810774354933238267 -0.184076060912425214154629870  0.358398232595569939709341870 -0.342538097328791277501169182  0.224224827319532071288692675 -0.020022299765266016338363013 -0.337487189248225741267355610  0.080207630598433260913564073  0.393637156955548934186405602 -0.121951283983726697862724330  0.654428890941479796334104280 

 0.654428890942195649437895105 

