
  0 -0.000383278264638084875613595 -0.000086844739739922022942649  0.002347181798407952308801804 -0.000463734480012225393084510  0.000256228710480603902560277 -0.703252527022038207847771940  0.315145611840780765644390651  0.299256088948602496285561134  0.535936915392153201615540320  0.007715270710074916093438089 -0.009559370985532520802879786  0.148323883716527508530016663  0.084733208695132849080130632  0.706789795015317009367963874 
  1  0.014366419854933725010122944  0.002680087832633617626135203 -0.021665922453009826321741055  0.562997671713206340705307890 -0.036733452037127041595282288 -0.067123583548750625002573753  0.317617259543249365176011134 -0.002442494692115271422410555 -0.337497852774558423514985467  0.262526937413754833135345543 -0.584683119974456828437520128  0.057505196874569107201151949  0.218226096758669127435642174  0.705567137439661200282170483 
  2 -0.001970756739547437753284781  0.000201290890773909481974395  0.000112196905645484722002227 -0.000283632230234963147847711 -0.704506073456145811033032866 -0.000014138760945008171812403  0.085866951425031088654621445 -0.596169249680998068426952818  0.319693811711764458937355682 -0.055924545466970690829692494 -0.135512137222164929557669324 -0.130037047817049266441652086 -0.016474405717736954889534565  0.707088088983292601557607837 
  3  0.000055157093235228579746000 -0.000747125484682065586977021  0.001734843764585837576808715 -0.000027579959180907871944630 -0.000015876000041001252014094 -0.704444733640604980103722133 -0.362139518964601240532492563 -0.302181734577035457844570998 -0.491483371845069305026412407 -0.056300595081925945260164276  0.111574334687322864381590383 -0.147967086662982242145050922 -0.047185386514339257287107155  0.707025315942330043975788678 
  4  0.706813427287127500522456031  0.000100478366355574668644783  0.000102970158314488705156690 -0.000019566474698548329371169  0.000012576963923047542320434 -0.000015839781719848962689747 -0.311103610100130723253950699  0.185976964321061240590195543  0.191080057481324649002667020  0.175133283672610480646565471 -0.183320273549768704467524683 -0.500320166631183783662473880  0.133910502916301696649898842  0.707064859032138990778577903 
  5 -0.000003772928319343861236622  0.000069280628686561622976847  0.706846002275358712178213866  0.000052127277073280434187476 -0.000005779314538928872323613  0.000062688428042156655807863  0.410288548187697306278290746 -0.033459550143083751910647646 -0.123369326993548647637374046  0.265518454217060500291381839  0.347308818064751129422312870 -0.352656480960289339947506815 -0.014227939470524489305127585  0.707039650852019036094634613 
  6 -0.000000000000000188519370156 -0.707088667537219842270084652 -0.000000000000000205977257993 -0.000000000000000195627810740 -0.000000000000000034367925672 -0.000000000000000086025531399 -0.208269917398071031288059665 -0.120229402786241766870438397  0.101501733683951215857351955  0.579012987651564827178314598  0.119566122294648786512005420  0.286516785712929310459473262  0.015734692472901931641730291  0.707088667537220594326921597 
  7  0.010966489261498376980621928 -0.005907598034515138902521969  0.021306060909759433188165735  0.556131115988121963735705405 -0.034606211070477873540524039  0.068460322145854605751407514 -0.180758951291189765196395535 -0.035685087543191174716994581  0.119742385598173120795923840 -0.243589257906694885434705292  0.477652216302882233684486829  0.057301082175215238757219963  0.587510358432469629013511492  0.697377797410227356217360395 
  8  0.706786474004000345313595416  0.000032807266803010834884403  0.000026728263813801812263879 -0.000051548912517965961418582 -0.000046558708084681708321200 -0.000042432279299484674704640  0.303503212065271217980425011 -0.184462634423342454093757738 -0.178849502576037636418417737 -0.177393949703219966812809891  0.191128463695934325221174356  0.494813216162469093136085097 -0.171715584702198651676505539  0.706986549434519242942741996 
  9  0.000000000000000061782239432  0.707088667537218906766240123 -0.000000000000000131501868111 -0.000000000000000331680829309 -0.000000000000000556240225052 -0.000000000000000154767597520 -0.210698144167654511391216815 -0.120981801714878056516397613  0.102457628434321360355921914  0.576032096098705424878222425  0.125540583049276837057347048  0.287060170069969495745690682  0.022820853300494718004557911  0.707088667537220120530572220 
 10  0.000001150198916343345407469  0.000191058768782178745965745  0.706708279644353918453030666  0.000027589454502290539620499  0.000038997767805187222514366 -0.000118797463958896687236487 -0.395224824066226263592424561  0.034223951271023789711750928  0.108673721712044577089768815 -0.250065220301074618878623204 -0.379984211286599245747941378  0.352769468027691991164618290  0.003538868337156376300421919  0.707085873298318794860119196 
 11  0.001476750083446578584623605 -0.000216222556197755557667773 -0.000049185529016585841739764  0.000175088892782033162609757  0.704931029256217263020446728  0.000183104831394207477740588  0.105167610452399895722922635 -0.601021256537476262474164329  0.288971946842041361725979612 -0.052315173830047713506328578 -0.151951907034173585610281609 -0.114541444411750020333448392  0.091281897077662492646270634  0.707031381149054472651759029 
 12 -0.023125454210021451584516992  0.002905926936205645416187011  0.000480470949411846774056452  0.611352165321316137942559560  0.064779860501827855184808769 -0.001027368014323786082564135 -0.127832913377283528339389482  0.034811714313611589084333829  0.202323725592195060606396338 -0.020204107923757272190275354  0.103906450727498173511873566 -0.104963993379502051150442121 -0.735389275642307641239585336  0.703671245933106669404565048 

 0.707088667537220594326921597 

