
  0 -0.000002432395392524633678192  0.000027332000684223380359773 -0.000000421817433928761855100 -0.000005213655106746992921604  0.000011999163533422118418077  0.000004915285795323215428965  0.999808712708735550863010932  0.000000199732655413414224212 -0.000000934936311520043544498 -0.000028418591006838073970488 -0.000005482826261295386160880 -0.000033761330164492528443563  0.000007705638944470435172314 -0.000000100028629608478152174 -0.000013828222187517460634392  0.000011961781890219094704271  0.005811693923174009973045881 -0.012183208464139667651423150  0.013540298453596687782397802  0.004121727087817230109655558  0.999963420114733047086314627 
  1  0.000318156430420679180242634 -0.000034979456172450331866935 -0.963876373799233040638636399  0.000030039768689623455081434 -0.002697150511384937343191225  0.000615782736950745994142468 -0.000247094045830359863144321 -0.020585354531832125791197103  0.000728678477699651500447697 -0.001270458878288849103303989 -0.001144492997340473698172896 -0.000938735170936779527865693  0.000093319524589468866891329 -0.000219555430251587592834931 -0.000456157831786044018723687 -0.006241371850201237266780928 -0.061255959890347666198560190 -0.130399919916314262585102686 -0.128322923732485521191399799  0.182329374109159087478417016  0.999497701441608091895048294 
  2  0.000001696130829625177847756 -0.000014589623699972652289770 -0.000117406606527355950832777  0.000000189663228921468647688 -0.000001948335106831647288598 -0.000003760716487742979783141 -0.000005138678367723503900751 -0.000020697169578300553960901  0.000014797009507442010611340  0.000048883550793736182811179  0.000014166183162998379482695  0.000002044070967767580327268 -0.000005111448917614059868312  0.000030732042317388487683071 -0.999663435254851518102850449  0.000021275539478187672975072 -0.000599507741754688395880271 -0.015002580610387004620258637 -0.007910205442358506075323460 -0.019621144726554632614664415  0.999965872023823181685697747 
  3  0.000760984110473555470049172  0.044740520026709570077899343  0.005628867565538950010932336  0.000079022112605310464404814  0.003102326577113932705126077 -0.013074067345562734174385113  0.013020056227424701130971501 -0.000357596942629985509330809  0.183991955714428350381972957 -0.718275607917502286023543612  0.001638012883504874598567338 -0.005487714502780838746544051  0.003449665894726971474553245  0.003012997346944923405533904  0.000856942918263895409107116 -0.001124966488241165485625407 -0.195615729929439567376468073  0.376889650592034971030670418 -0.501776836300397308273085056 -0.125282999487209485733104491  0.998601304574452106922743955 
  4  0.000041756086180863846703646 -0.000308039131936195522654190 -0.000352605312609681008433900 -0.000544506965892907858138381 -0.000523318062668542524038192  0.000245246073933753782332088 -0.000119236242056805963428232 -0.000171375090119758391152780 -0.000496100414695544473860133  0.000161601045638325506977745 -0.000080713264224268345958782 -0.000076548454002193494199497  0.000202318880315799431617584  0.996277734184672274589129187 -0.000064635286606817469543973  0.000026547265576857619046178  0.081339766801919586031307478  0.003292170818132001315594180 -0.026323447625767380127757324  0.010465703821772349270082707  0.999692281761130562955236512 
  5  0.000254603358224682347780135 -0.000415298452765274159062466 -0.000732866334362393541154821 -0.000033019391468564126802206 -0.000405871323714298285602731 -0.000195166867920092030831451 -0.000150308173638749740694241  0.001086874902493182119079020 -0.001417369389629668006624086 -0.000079276884082266823337023 -0.966055830936457311200905168  0.000984601615312986341165910  0.020912089040723044044625808  0.000349051356236566982856578  0.006647397546464902349817725 -0.000006216213172633750688723 -0.001001832222752132295978206 -0.162812732291836606850123775 -0.079742263526696948068572812 -0.182706106542956224345801777  0.999725841786666610323027621 
  6  0.962146680091396253649976833  0.000066263477827378318826192  0.000064519546396893860841316  0.001716451969914632617309151 -0.002722110470712781197906373  0.000580963621429990838974855  0.000187852729524285488645177  0.000478724292297559182536867 -0.001650803404867885079403624  0.003369034111583838707053266  0.000037429839960671376263814 -0.001992934997852940992035006 -0.000720344381936315761999829  0.023421337881330046261569352  0.000138551579204927333053376 -0.000066656199443576211363010 -0.253012275017519360577377199 -0.011125733539771053391590849  0.093540179066245514815335083 -0.028405820968605803010937618  0.999360658595679980284974542 
  7 -0.002235500410714624885313292 -0.002090731566253678006535611  0.192052694949943077656158083  0.000150299164098700710802660  0.002158252341662269028896014 -0.689954546940669799699220877 -0.001303670840822480514769097 -0.053928494977528231591612376 -0.006303037092735001717419579 -0.003691675389383276108494012 -0.007194212455288080776265888 -0.017877104019808764315727198 -0.000345035608395373937774844  0.001419156146058281164886761 -0.001759850039944041544304682 -0.016100477329253106737681203 -0.161254343351903952421015284 -0.356231972270026657316488450 -0.303484372426849404640394892  0.488321972392317315956765042  0.998564739272558796754145072 
  8 -0.000000000000000068394339568  0.000000000000000000609902496 -0.000000000000000036337268248  0.999979995797190928156182588  0.000000000000000010172731828 -0.000000000000000015267929755  0.000000000000000007646787420  0.000000000000000031685548983  0.000000000000000020347773537 -0.000000000000000009552474184  0.000000000000000017799786395  0.000000000000000050721553310 -0.000000000000000008561271496 -0.000000000000000030713528072 -0.000000000000000000285694691  0.000000000000000002503093897  0.005936264760533316364447712  0.000227528679648656389903408 -0.002112141646576852332573042  0.000505820627812978708115381  0.999979995797191189828376917 
  9  0.001359412270781781589664225 -0.017488170814887412784778250 -0.000203216039742254374062765 -0.000006551420868941314998642  0.000471489310194302845846070  0.000803408493779211047949793 -0.005094751420131141303173440 -0.000092921738456709263439174  0.965076901549603752988610444  0.002619987803003897210698473 -0.001264715090370866829828959  0.002832434743462595100902949 -0.001187042091451623234207388 -0.000272414124944050571195000 -0.000251115223185493451066201  0.000334773302048964237756910  0.072067386368760359646485226 -0.151055285816819931472214204  0.194748184293672243821635148  0.048328128118843304283507077  0.999359305436913038418484528 
 10  0.004389350697671473708070589 -0.046031963903480259381171711 -0.004386679625892571511209698 -0.000086628732942493796593911 -0.001682593491017641131042668  0.019856445624884186620674178 -0.013506938505460080416740608  0.000458602736105088082257043 -0.186297885152730973505846683 -0.695653310213424691641100062  0.001585414895586392500536757 -0.002281060012418809204365059 -0.002703439691535402105782701 -0.002905938447046888175467633 -0.000648038533179167727992984  0.001169245998192117448211005  0.202984040436880106955111133 -0.396387113783556924742580360  0.515574030339373093800772047  0.120229995508002557554950475  0.983643536261568223648746323 
 11 -0.199100408618877446821518289 -0.000368540753708128652759612 -0.003491501931831256090423143  0.004393344397524733877817338 -0.007114173452023256029040405  0.014532736127990631344733064  0.000284636728398380454148806  0.001994203979181954650840014 -0.000962151496115817324510316  0.002933078290668062492004803  0.000005727392215552525896824 -0.687617125951096696395963698 -0.001494562535450691046234634  0.060011132008037766185536621  0.000483789360085188464983236  0.000198854932319166486722556 -0.642626762693594220389979588 -0.030542972148074967725763298  0.250768877117568039672272640 -0.082727182655605517611963669  0.984985967955524739105531429 
 12 -0.001562540478523168124300199 -0.001474969563096518609545271 -0.000144175677061404002287294  0.000008152251801842273058474  0.711621535641465120054695997 -0.000297742185590469272135974 -0.000477625213567192303009566  0.000457003607074421002543005 -0.001534362126567776515709633  0.006669384510892884258745204  0.181032807465737924043115703  0.010318957521742640311431080  0.054533285585650024871433176  0.002773277489536999394189180  0.017453922599536033411795049 -0.000588496489444564577141524 -0.021001475203623173290304977 -0.443147787020867892462169108 -0.213896447364385117612941775 -0.463469701164144472763832885  0.990948238407288976002142145 
 13  0.000024021823755142599895486  0.997780036476340932791867511 -0.000032158607228568371677241 -0.000005573887251432014919806  0.000008419753051924437678393  0.000285715290828632737106810 -0.001327718698751173488761934  0.000001758756644727633938942  0.000053991020524664025064868  0.000169241739058297209321791  0.000044491891637463315526847  0.000013393740185131544444898  0.000029038068306947225480209  0.000069278258267411793894377 -0.000042159079399579314348538  0.000083493931663421711482810  0.018700946564214290055781060 -0.039941883816424493812728344  0.048454078532378917932584668  0.011841760982684172585078218  0.999970491022895465534243986 
 14 -0.185997652116394351565339602 -0.000109612280549806559341926 -0.000044583579974425730079367  0.004173221814593752464560798 -0.001578750554112513385401448 -0.003837442245191419107788435  0.000376215027060830832378426  0.000570305915396630215639161 -0.004017405213015372995573413 -0.005143389723009879666770696 -0.005395256572139518617601644  0.725575472942321367329342879 -0.003330677606681610398145480  0.057022936202018887725330486 -0.000215943976430143102224514 -0.000232048727355753320806291 -0.614130468258560675040395871 -0.019238997679561747727918224  0.235608115221217476954371738 -0.050377817657037391557131503  0.997620914496246284858607667 
 15  0.002891118939325096576481688  0.001186302279625034627718551 -0.003056659397763109090658757  0.000051434587876058733829049  0.702488208266436424561090374  0.007217160476931314557123934  0.000383610463517338114887002 -0.000509344540694203800109281 -0.000347863937126556276834603 -0.005198212568702204248334689 -0.183974521042010124617389205 -0.015720432623254774181237726 -0.055470727507149827637450206 -0.001264025679183855829999287 -0.017685288725700230245464241  0.000543204483733091192066298  0.013061058536187168816645337  0.444438112326566158360920816  0.221784073095216689993172156  0.471213483300266737318186608  0.997988115519029243209291752 
 16  0.000072935983036834732401134  0.000093189122380767319589785 -0.000047113292807241326015715 -0.000000892334932501917019195  0.000116358798090440723526205 -0.000123856154765740090914588  0.000099176496288409832901422 -0.996992396367643580307703333  0.000006955710072183758945211  0.000041009524099642437934849 -0.000194029946744311294087980  0.000001431324896448542262074  0.000080684420265090433226012 -0.000092239080437801149037134  0.000226387883204435640488690  0.001791130706987390930550926  0.016295009989557098553761326  0.037860057802138787660088280  0.036379736720438683927951419 -0.054593005736560020662098691  0.999979787146652825363495054 
 17 -0.000029635261563427430118497 -0.000302287711881191701939029  0.184349882223512245689131007  0.000079317637957700853076424 -0.004417136602001855914372821  0.723268864368325006982112652 -0.000645729960849935099595845 -0.051648470309708455927593567  0.001357078563602557228012613  0.002556580539177674326817695 -0.005253541635044225556175530  0.000736475809955442637778608  0.000323485227654827094208064  0.000242442717454900692437914 -0.001475320322456447163752191 -0.015432178890143241569637771 -0.153277586947937990400096450 -0.325973022115841025626468627 -0.319030275548245008951711577  0.456508402048007527025078739  0.992118427781289187634972127 
 18 -0.000018750029036895097798665  0.000013456510897162994116558  0.000064973848598559632882142 -0.000004225473104893698321945  0.000007103030378369761284443 -0.000011017962873692495443345  0.000012821657383312809032768  0.000008645866603542990536332 -0.000024161955660241240721867  0.000018333638328576583338523  0.000004080850374906357568224 -0.000032824273673355142785495  0.000007001661115784512972531 -0.000011004236902714152430732  0.000011335759045802012304454 -0.999728443866788816325394396  0.005911138480126715171629400  0.011215120343761596525752888  0.012152922420051330594079791 -0.015317213263803432455832101  0.999978180620766639015526561 
 19 -0.000026404216658560303604853  0.000175600251965813772247721  0.000086834939719533133452354 -0.000024500602586080008638407 -0.000139393028529229339570657 -0.000057809997980270063805810  0.000043203676345153649845000 -0.000012220873490849911796061 -0.000082928543009581039064925  0.000062678095896282459586640 -0.000103624395548414019130691  0.000058172118880902170144917 -0.996733193481172857048321079  0.000152364298833623256046288  0.002088773796771302665099726 -0.000076386319387782218114613  0.000007090980966031786642643 -0.049710036341860558870247959 -0.030327734984780488903242414 -0.055924952616577412187133566  0.999924088636776219019778461 

 0.999979995797191189828376917 

