
  0 -0.000000000143435819946813609  0.000000000063013404122938470 -0.707106781136078479694118820  0.176915329773879687717277019  0.000000000237660355266754488 -0.000000000184338814641604375 -0.000000000069957148650823559 -0.051287390410309145864108842 -0.087362998153685264755255631 -0.074171764499102522568676956  0.125072572223915860824294301 -0.320097089190282957913737116 -0.578646291633467690907182551  0.935309502018672877610237087 
  1  0.000000000006131547240219016  0.000000000007394938130472701  0.000000000016043001066962279 -0.935309501932751959931387764 -0.000000000008171451919702767  0.000000000043860822920756478  0.000000000169728326766987062  0.000000000029949594851823930 -0.254045659751439633532643300 -0.121001776428152192582952517 -0.035306062201007470225484416 -0.125749191686976236872943374 -0.170165011735448772314436248  0.935309502214031657219266841 
  2 -0.000000000010155332386687634 -0.000000000012629907245570675  0.000000000004265661840295760  0.000000000056734659022961449  0.000000000019585364367835653  0.707106781292559359055043683  0.000000000010159907986735079 -0.228202720699790103563381685  0.008811676215203832252426423 -0.247793931011338562037733986  0.411809711994413712266927333 -0.334042876827800013785855354  0.324456711718530991725439883  0.935309502105880273049344498 
  3  0.707106781206973140549952583  0.176915329522579379165438986  0.000000000196358602388118250 -0.000000000021877684266970844  0.000000000049078150831147055  0.000000000009441755187635138  0.000000000223759914326498658 -0.051287390778902514605424277 -0.263235546557707473651647676  0.138216083391688514776861167  0.458219976063862585469741232  0.398404266116250750385521448 -0.094775657712593927457778425  0.935309502008971122748517968 
  4 -0.707106781166121913526426135  0.176915329544840385734357120  0.000000000220775723925828167 -0.000000000128575472515176249 -0.000000000323025153773079840  0.000000000004418029675080188 -0.000000000071751922329858248 -0.051287390755916379661056735 -0.263235546480549665243143034  0.138216083608342001960321219  0.458219976076946611953525160  0.398404266191978837381151499 -0.094775657505016687711589356  0.935309502215424971394239911 
  5 -0.000000000068317430182229940  0.176915329409607966328413231 -0.000000000505758833835768831 -0.000000000091425147793957818  0.000000000057908907157874097 -0.000000000175982362604147686  0.707106781011292463917997098  0.051287390770400604617361992 -0.184095120462228004534874400  0.549239242704357776654264245 -0.014983683848442547169016578 -0.334831362430708479326112517  0.134830481948144604255530356  0.935309502090693685872734714 
  6  0.000000000005131606883964928  0.000000000018832903315319076 -0.000000000076517139607519037  0.000000000017493137520150084 -0.000000000069253638326902232  0.707106781080535690250845476  0.000000000074483465709435157  0.228202720750309784585475176 -0.008811676122139464066216046  0.247793931363368251060471520 -0.411809711996119090482958158  0.334042876672684240532511246 -0.324456712036283245786027693  0.935309502092557382461283227 
  7  0.000000000227194406395644862  0.176915329366358597181635437 -0.000000000089081410148846014 -0.000000000133740822704080921 -0.000000000000263371894128973 -0.000000000091338988827529435 -0.707106781361802582406336087  0.051287390767379433840431882 -0.184095120895316212992001703  0.549239242267652070226581495 -0.014983683880070576089219903 -0.334831362312192987661877558  0.134830481646237246607668812  0.935309502037159630808381416 
  8  0.000000000020949302631266476 -0.935309502147305470956713258  0.000000000009773868192479081 -0.000000000014234261717693393  0.000000000016802581493958343 -0.000000000043253121949262174 -0.000000000004849873015518545 -0.000000000009246049528781748 -0.169226661856853653376924797  0.260066609298292339169959494  0.167677746258168938381697376  0.024049838517778035253057395  0.015152871506250858268064093  0.935309502266414518939410122 
  9 -0.000000000119018698452469712  0.000000000120402887280963306  0.707106781237016572647536422  0.176915329836839491103677412  0.000000000197929418133222630 -0.000000000112087336997987688  0.000000000346720274907527250 -0.051287390284095933900556860 -0.087362998354911180019365547 -0.074171764173587855908183382  0.125072571791879196283128056 -0.320097089625262753531751564 -0.578646291366162940849552504  0.935309502254110583941825591 
 10 -0.000000000120258576092599130 -0.000000000039850969934709194  0.000000000153747639226049059 -0.176915329733420417139891367  0.707106781226339433624357433 -0.000000000090980576624032930 -0.000000000254796303892262964 -0.051287390476848990926081722  0.584176658485513864316630156  0.245682120794505482209708729  0.218399971883074037445394457  0.012306026968386317731646339 -0.128835207965273424406257505  0.935309502096242885806932910 
 11  0.000000000251844728419705184 -0.000000000116193979195464554  0.000000000114016702018455859 -0.176915329633540520129996419 -0.707106781146755621807274000 -0.000000000140648850692023597 -0.000000000196624024767639605 -0.051287390518835152184687516  0.584176658584441199336192985  0.245682120744139604630578572  0.218399971862087649199690893  0.012306026550996417788463812 -0.128835208245429422022954903  0.935309502118459568835787121 
 12  0.000000000000000004204961145 -0.000000000000000010723852659 -0.000000000000000048631951065 -0.000000000000000184742487093 -0.000000000000000005990257439  0.000000000000000006242676775  0.000000000000000026812526333  0.935309502269030321154000968  0.050105807092415693481475460 -0.147183869810625383449842647  0.290516214908822716078955900 -0.116345554808377107732929485  0.055556208292385536237894400  0.935309502269030600227640165 

 0.935309502269030600227640165 

