
  0  0.000000338679669272001248804 -0.072227591113392510013043596 -0.013082474456704101439416218 -0.029731902811546472344681521  0.555584795868682654665371423 -0.000000639844961042069388310  0.000000434126445651404746280  0.035839502341159138262697073 -0.000000249061925387148667146  0.261532916370646441995119827 -0.218263473540976032593826685 -0.551542967201804350382745440  0.145945065946406325150001490  0.041620414713916607985953397  0.144942497918738257348114651  0.077700886589528060402975139 -0.414108310418326863028282148 -0.075508185463949702776245958 -0.013133170954720384387688463 -0.189982662337917595281756161  0.706467928304486278640386687 
  1  0.706464877846625443952224138 -0.000000013560773168746024893 -0.000000010931468151158165298 -0.000000087104783554375525444  0.000000003856756047250252437 -0.000000121363744605735814203  0.000000013730540966090146661 -0.000000005194282987612340149  0.000003056073463486406358897 -0.017562815368294649822126195  0.018576071625722284473349890 -0.023459869737866261850308671  0.058830822879720996410556327 -0.230680197269051946056591523  0.312161135394874551064530940 -0.191844579026774445003745810  0.303673279789599029668788199 -0.115410653137077568908979743  0.076031231192545562172654082 -0.444367330069215464002701718  0.706468189662438450331094497 
  2 -0.000000023851540445843303305  0.700335704673907364454718549 -0.000000049241988402296896886 -0.006132352438868350758559604 -0.000000015068193092359769851  0.000000023314074764481364087 -0.000000014091967890095716914 -0.000000014861920745545548204 -0.000000023116937995026191261  0.041271789186126196482184633  0.216892014881522654051694207 -0.023523347200236128310129203 -0.337322865186738953566063237 -0.298332565716202702580349404  0.129764574630589819853208541  0.231063956182592254948193235 -0.246272005819168882161324455  0.309110337825419473269539933  0.132730215618131738459779638 -0.115579395602240677419037061  0.706468220659399064530973439 
  3 -0.000000011659728567211426140  0.000000009820000044972757328 -0.000000035728184682563016833  0.706468137264233069763565837 -0.000000027947833109629277857 -0.000000005946237229609031674 -0.000000001825916454579642344  0.000000003365673551665016604 -0.000000005427212682581717910  0.277820358784314104739132309  0.012274323952959170038204352 -0.250140918929160744840246855 -0.200641478700349827423527957 -0.119109275430301102187782315 -0.444787770263941988519188972  0.033457748360740848893107261  0.278005120042171923307400619  0.006357725207163824724011661 -0.124223803149809856141456022 -0.121815665024335026956595236  0.706468238985019398679197217 
  4 -0.000000009301284199892418861  0.000000028319236921111252634 -0.000000004285970269873119142  0.000000048254949038803035970 -0.000000014110170549164504233  0.000000003771580181711524479  0.000000002568791393398349310 -0.000000013593524728025438544  0.706468106129746765454741758 -0.358181186590517856355901996 -0.374855414042415367807106405 -0.109430784874407568209352462 -0.094738471861654739193669972 -0.250665623151906112749641442 -0.061966146307867504515329770 -0.218692115500112700568306756 -0.055513701914696234563723542  0.211535712307060890180693616 -0.216758278802247087517474609  0.042771684758665092265897704  0.706468230335254035456848953 
  5  0.000001142618598336665835181 -0.000002081801520589487872041  0.023484293949251456131693664 -0.000000155972923529889483404 -0.000000240398117806026929703  0.064389466534355648269646270 -0.618589570677686609897864833  0.000000321371028098434665494 -0.000000198749227131260570462  0.271608595438909281125517553 -0.103225375526952614070542915  0.258942845406210404716248336  0.255196791139040233756122081  0.140280745140096566343367208  0.034227461460203488438229546  0.035011165717925740238533313  0.023544563537712058161026764  0.490543049527738272643949055 -0.290593503642278686526206205 -0.219860224563480704602002822  0.706467472072709202731474049 
  6  0.000000180707046439021989965  0.000000395705188431652237646 -0.023499333469637487584362272 -0.000000337851184184847769227 -0.618588638119552235964011822  0.000000476798916701731169362 -0.000000268149228918452317984  0.064377688333306359160315441 -0.000000028599104595317694611  0.066133288343848608094917990 -0.070864810333553723299942345 -0.314616272500445423235390305 -0.166245141050426950907127795  0.192944471849837676619924404  0.331836347897883289135255447  0.214514576890486774525426510 -0.119600643609761989204676343 -0.201071131357667314280748133 -0.471187844729081409820073412 -0.080769912743073945469432159  0.706467347733165339435709024 
  7  0.000000009714851978000604040 -0.706467396436971541552694159 -0.000000102317994430745342740  0.000000323472095471743226446 -0.000000064234036957332193615 -0.000000036796926217541883491 -0.000000033689057296877388278 -0.000000082486217023772807625 -0.000000049491097727979204674 -0.005035954890244182427963917  0.251573399919125225348637623  0.053643530138279022711708405 -0.383162103607500689679858305 -0.282292355749372701658860690  0.136775004639315629184192352  0.237588732635200336259649785 -0.173074186482825323729053610  0.298975885064593578703756940  0.080627297881893479229503327 -0.084921484277473532332710434  0.706468098639248643733166283 
  8  0.000000108445913286189237925  0.000000029700222666279712694 -0.000158473416752253480109266 -0.000000046798368772617339256 -0.000000024475824304475358498  0.706309433378171479234707009 -0.000000020606244604042432787 -0.000000077807604899818753703  0.000000017148928697698972362 -0.245908680702537048729785715 -0.055293431199889405049395551  0.002716930908499400700786350  0.285114320952261744419962280 -0.217497771008238566193757069 -0.124924696392391701309286609  0.515399703602601607060462036  0.062386413301392468885641978 -0.132028530151699145916955290 -0.017061526497431056362296450 -0.078345076691674052436330927  0.706468231778030909720055702 
  9 -0.000000000000000216590317331 -0.000000000000000152910583456 -0.706468244352510023060642136 -0.000000000000000929346669464 -0.000000000000000568996073921 -0.000000000000000275719094589  0.000000000000000322480495730 -0.000000000000000024000941847  0.000000000000000026157497803  0.267971204526694837898649973 -0.470821225220669338295620757  0.176156495037879908048365774 -0.161153107681557442645023728 -0.085761971676450682531005383  0.159341127601368262754950346  0.170556134961014132679223317  0.151740986693782917043888010 -0.041830123956619171592878452  0.188061639295060368601698701  0.168652364041913382410042832  0.706468244352512504853625064 
 10  0.072228051455546760256946816  0.000002473208803273876072389 -0.013074006595151016943182043  0.000000649471931251969565605  0.000001075118967978119373655 -0.035845920371510032856104868 -0.555582585883834876704784334  0.000000058131415055954464408 -0.029732436460781177859537673  0.081131662839669435862365553  0.192955375711661938125589082 -0.091702085712796486088968940  0.043284319590685135146584895 -0.487462353241223319487126012  0.032148106208638407996024513 -0.127219885654657583541919316 -0.115315499559987747366595311 -0.372274607519053485848135876 -0.096991071406946520810856034  0.462107164178851106722985265  0.706467256697941454947776291 
 11 -0.000000000882787354268522209 -0.000000008992646429886476186  0.000000006967767430172427161 -0.706468124167287291222377260  0.000000008006016463580270055  0.000000004130373165020336111  0.000000013500701359967141083  0.000000005280202226935707849  0.000000019462740499422192355  0.258547920654193127433777971  0.025442745022949027422710022 -0.218255178734695055688184821 -0.217787357311025024373990662 -0.110982861355526434667736081 -0.442565085221767504357771178  0.034963349998994390254228575  0.309394015842342957710439308  0.000608425381073895416585739 -0.146349234517802706474808375 -0.108605530512973365468774693  0.706468191390522255073206037 
 12  0.000000061006303419949442750  0.000000012427824146510160800  0.001379908651719964052377846  0.000000027778067165762944816 -0.000000019500069733153744199 -0.000000015725303044598749103 -0.000000075282852706730911124  0.705088010251356652618743431  0.000000063542796351829341677  0.043700770711223422459518933 -0.096191255919154558519607121  0.375251880683314534005142263 -0.124635275395074115564373295 -0.067877638333718280271771115 -0.227540127984780147235989271 -0.086381076279909347825848760 -0.321710490632139047727970985 -0.286842191236285632191917519 -0.064049969677834826380655522 -0.285686012444685749189082768  0.706468194166293233051713563 
 13  0.072228915127154495131624450  0.000000304191058819130391859  0.013073487853906830380035112  0.000000566745878545375965311  0.000000978684874681787520146  0.035845613970077636241135660  0.555585216965262388420006973  0.000000566839913625894951736 -0.029732463148439778229725002  0.383540319798897077796821439  0.078023547288008659850004362  0.196606451475805418230204807  0.327419927765425518306503100 -0.331270911039544583225708793  0.070257286164245043729749667 -0.088237443608427036256683460 -0.089099721523188773729677765  0.173898334664090571899342993 -0.420538969367322457414701611  0.217312413747477487400094030  0.706468113526566834285518037 
 14 -0.000000000000000585326151171  0.000000000000000096065139667 -0.706468244352509673405441509 -0.000000000000000300961905470  0.000000000000000867319038719  0.000000000000000019973401065  0.000000000000000354411914360  0.000000000000000623920242935  0.000000000000000007568115290 -0.257901055714768466536499988  0.468889381441075360289856208 -0.145312423555517122858568232  0.185513476825997031179624544  0.082023060963650106724661965 -0.175830237904391621973107344 -0.177890308730815765840289205 -0.143350817222978744281758692  0.079206479853589918926079841 -0.178328460968310667666037080 -0.176318695431093319057067395  0.706468244352512511087787556 
 15  0.700338110322410723894599738 -0.000000158229689685384966091  0.000000013848039214693979035  0.000000006389232562803579318  0.000000028677814398059857390 -0.000000026594950271625922193  0.000000038881572597723830412 -0.000000079447748134606747826  0.006129767224519428206911889 -0.030207731651383236229051611 -0.046685162765930918813003184  0.012845731621446515608016227 -0.097578503691069552969405455  0.317137043076386622892119324 -0.325453497166472932350562985  0.215743616933504856063882719 -0.285247409780086768374103914  0.136878526229860751319477793 -0.023321070148832396077217296  0.378184464656634487312366483  0.706468229615977071945975840 
 16 -0.000000077696330811221946786  0.000000022700901798311000189 -0.003324310774864612892151420 -0.000000001750797529184147840  0.000000032258344132325414598  0.703143756901938198154017323  0.000000006637782228875879379 -0.000000018207127340198973421 -0.000000004537939794066494799  0.206727642162907807268814979  0.070853929236138075174538612 -0.041139882856396854510352750 -0.324251408803883708431656935  0.197667835501741501630932132  0.120409606494843839020103451 -0.522913934491396047068295649 -0.066160587440245822284589586  0.059858866450809706511419642  0.060244381461480452764645785  0.111310469220852957448174032  0.706468231466026446655880749 
 17  0.000000003572588239922072507 -0.000000002169237894726071496  0.000000009672921017440637465 -0.000000002373266302394077998  0.000000003754554590055621540  0.000000009596142598129522242  0.000000045212508365691601903 -0.000000016693753552797538360 -0.706468119466746138999241333 -0.377999829922898938477102485 -0.386664689191373316123640641 -0.113734161425849208016270603 -0.111186608195851841844278320 -0.213457654348904610154460254 -0.069098495925596358135576096 -0.207753250793451797563747389 -0.049384084942362352838908252  0.221071460916005886528654459 -0.195179670250452379307720685  0.017457195072691320179600707  0.706468212511718708396680350 
 18  0.000000445537618519642327521 -0.072228066578674247310003654  0.013081710687077797965369131 -0.029731612363402354693551360 -0.555584045295373918252161693 -0.000001195088225589680142177  0.000000903916103858060441781 -0.035838754347097312256677183 -0.000000349530492010065128042  0.187901035120090964121680570 -0.139362180673682217106439107 -0.201249133624395539339481040  0.331043590328406499544980010 -0.173205876575614719261849220 -0.224524535878556607014283272 -0.161140552360922240319042291 -0.280945602108266187930648086  0.148364153345797816636029466  0.511487710456911111637189060 -0.100052076873673355953331052  0.706467083344065542528569107 
 19  0.000000052032799596214338219  0.000000064052551617599952331 -0.002097707742345841659126001 -0.000000051214271918918170754  0.000000003422418352653947049  0.000000015156274206567274508 -0.000000004750210132181224615 -0.704370303748660740023306709  0.000000042142330956614902670  0.053536908885790308983349591 -0.106780885251974660564346781  0.329055627997222533017394885 -0.149373998029942799817336267 -0.039381842081542101910771438 -0.178644020557992362204457158 -0.054710682462587540398854004 -0.339745339725447194161294523 -0.316902413206188761552904373 -0.133874124778987379903272097 -0.297935107293704952874944039  0.706468244261863342415078137 

 0.706468244352512511087787556 

