
  0 -0.080863127652436120249544466 -0.000000040020762803427199124 -0.203973674065877321582391721  0.000000000591544476302858168  0.000000031201336218847234950 -0.707106728185943159440893235 -0.000000028410422505393218184  0.000000047680665038750461929  0.332335084524775842116815425 -0.447500760893936662165914012  0.375702582399636818771349392  0.991943677808987605637805474 
  1 -0.020215693067612488635777885  0.707106611208852076663842340 -0.000000019064597557320798847 -0.060647326326773533868323349 -0.000000256411044659397589802 -0.000000040284507970513075295 -0.000000035327710105652915716 -0.203973702977274107430013736 -0.494036124159213812265072086  0.021293321333283113105667560  0.458020849889994031511972900  0.991943684668372514454115496 
  2  0.020215652163076036574036851 -0.000000273666431900667794229  0.000000004446082021752580581 -0.060647364268522800074499033 -0.707106759910456724577392656  0.000000006649321724333464913 -0.203973537541914131472533395  0.000000073740111244201367247  0.321550651225563039544048938  0.500794157126251039495717227  0.316414983164545105811474995  0.991943672385916549018389926 
  3  0.020215646356061780960412951 -0.000000043261841000839606515  0.000000005240670126971588859 -0.060647384288820223128554194  0.707106802462589916185697198  0.000000041478431637718538108 -0.203973528337751634363812780 -0.000000018888285876169137498  0.321550422550391686081581316  0.500794153591760540008420710  0.316415128519297810623031597  0.991943470314452238438540643 
  4  0.000000002187585857385309233  0.000000001106943215316528868  0.000000000660665148192897136 -0.991943679329494034735761887  0.000000000120084276236886799  0.000000000203476066053286312  0.000000000663369775365871203 -0.000000001830203091049506122  0.023005762782623461552145147 -0.069635143987592332525402364 -0.103292877967858369462814377  0.991943686101821439876462250 
  5  0.080863117632214034096350009 -0.000000008867885344353398000  0.203973644672774674120726765 -0.000000002635206260727077822  0.000000003627791625758701342 -0.707106834187145359552680718  0.000000013340179212054835658 -0.000000024475997289369241200 -0.332334993765422329260088644  0.447500726554218474049096771 -0.375702522195311662588437795  0.991943649439193812604453893 
  6 -0.034452424346215896934508566 -0.000000004351587238829349047  0.957491249342243912841179249 -0.000000000228344631742063070  0.000000005287163836302580214  0.000000000874566676214951163  0.000000001239088028996524863 -0.000000000361500511080887754  0.141594161453479411140010495 -0.190661513693702864524997902  0.160071292017054324442249837  0.991943686030710765832388992 
  7  0.020215688440874654807408021  0.707106951164146556331781268  0.000000015970630885465916282  0.060647271597764033102266786  0.000000026006397305977680124 -0.000000008604140225440043327 -0.000000067939287285625248799  0.203973614611901834299968056  0.494036042412175985672883466 -0.021293109965565990410513619 -0.458020469861132436547408384  0.991943644335142794181761627 
  8  0.008613062600350132777844302  0.000000007162624406045620847 -0.000000008269452340019492396  0.025839297772166668512952049 -0.000000008242828388260463488 -0.000000010387783397961440436 -0.000000022223538236987287940 -0.957491249587110050407300771  0.210488331969730240299395162 -0.009072161861912359625906841 -0.195143564565038739311558097  0.991943666245853642501190128 
  9  0.008613041486582112363008421  0.000000008747670308709271818 -0.000000008069627234788577209 -0.025839310599808907431524469  0.000000002267567945766266236 -0.000000000876753162760236642  0.957491303208587092457917955 -0.000000003591283298142917484  0.136999293977371083575475877  0.213367459638315842804820281  0.134811240040257573319479496  0.991943678847880077687274025 
 10  0.991943687244095227532620501 -0.000000000000000039498501770 -0.000000000000000033514025980  0.000000000000000042844234398 -0.000000000000000000746438353 -0.000000000000000000680997212 -0.000000000000000002653060169  0.000000000000000004185564531  0.022841380557276941381644178 -0.100900701426710792747340993  0.073109788143750017201324704  0.991943687244095331019717865 

 0.991943687244095331019717865 

