
  0 -0.000000000040602996829379902 -0.000000000012193486252625004  0.209836183997148446495908079  0.000000000000994521581467711  0.067812877436190501079086614  0.000000000162999401900221447 -0.707106781398635285689098506  0.007749224623565902570342004  0.325413809012964709273339065 -0.587721015160091830474217711  0.984755843048764624566779324 
  1 -0.000000000039094794788829516 -0.000000000026025654696839642  0.954954214459572231791986002 -0.000000000008297154096765893 -0.029801628633575165429201370 -0.000000000024834844409214312 -0.000000000007242079701356154 -0.003405540721908056841943729 -0.143009143180891987369050475  0.258284917244012451751277934  0.984755843198641873958466830 
  2 -0.707106781414196272920937719  0.000000000045831492901979949  0.000000000015312319447497552  0.000000000078886985522568465 -0.067812877392951150394063455  0.209836184148716789618031170 -0.000000000037685581981114183  0.128895525641499138149066728  0.579418069307839895599500368  0.314691648425609215628971291  0.984755843133580579444683739 
  3 -0.000000000013501917201558762  0.000000000143138967002303602  0.209836184132804382267058901  0.000000000155163751542771050  0.067812877501869188604313472  0.000000000136093690962916892  0.707106780974459734018071344  0.007749224292007136275155194  0.325413809370744351178068865 -0.587721015420693208136920099  0.984755843057031687816024745 
  4  0.000000000025190777821949221  0.707106781004913132881051913 -0.000000000054988257238293676  0.209836184325585024357078978  0.067812877319892089985362092  0.000000000070782892476743408 -0.000000000276080364195770502 -0.658012888067770400184197666  0.118994803501522129753292887  0.065034341316662406108466132  0.984755843077432484048479994 
  5  0.000000000024269178048208017  0.707106781368181872243598718  0.000000000051277655858707189 -0.209836184335994923292776845 -0.067812877288503694874204509 -0.000000000004156387683038015  0.000000000120747910891686570  0.658012887679978270287668718 -0.118994803555129006035831485 -0.065034341191615235051729556  0.984755843193131604309045746 
  6  0.707106780958898727216382918 -0.000000000003628462949041908  0.000000000084166004722396628  0.000000000060953389291770219 -0.067812877433074298084384347  0.209836184268997677366251110 -0.000000000064786661645199097  0.128895525721287567647455746  0.579418069702679232443800345  0.314691648600137002301548039  0.984755842874505150311842394 
  7 -0.000000000010981128189652748  0.000000000058607811003275874  0.000000000062744962010215070  0.000000000006187767503278613 -0.029801628619234065959334276 -0.954954214396341121557070658 -0.000000000042439307260155263  0.056645533018129561234998808  0.254636033832206235661506019  0.138297090358415350298880268  0.984755843196536137420637330 
  8 -0.000000000000000188355750449 -0.000000000000001047531585977 -0.000000000000000153684076380  0.000000000000000344036101797 -0.984755843217056806785780071 -0.000000000000000614725458977  0.000000000000000180446320084 -0.117672423724596632185713727 -0.020389787141394478656687629 -0.126464961649348077386552196  0.984755843217059309829125580 
  9  0.000000000013076629614703844  0.000000000087530731238003610 -0.000000000002665908082435247  0.954954214342755530677171738 -0.029801628620243192987760957 -0.000000000041006687055788380 -0.000000000026959592880516731  0.289175986761125683303409739 -0.052294476991366827628123556 -0.028580549286539492338400496  0.984755843134238256699353881 

 0.984755843217059309829125580 

