
  0  0.235702260395516202215351713  0.237759388514837519365313807 -0.098183304519363695814042608 -0.388122893214880445986918536 -0.086711161598423961864362183 -0.117126816770077985512953523 -0.186930720639099391818752777 -0.126321441199893622469034755 -0.046176729107705183283432305  0.040294598430349181756123704 -0.426159458566001973691544924  0.329411656929910360907740041  0.159496790950864874111163674 -0.325689626482305891544150739 -0.356338764315736885213321827  0.203709889601469609811943730 -0.068992344293662270408125023  0.238474428245407258790443741  0.235702260395516199897869569 
  1 -0.235702260395514733284038321 -0.185802340850236983677218686  0.101806045293711465562829996  0.285390239592624405832533077  0.161761710400657253373837147 -0.266881641186388700309880737  0.336399498977991162206469672 -0.180412377876409356361399501  0.068574293614833116593189517 -0.203010419154924191118189759 -0.437301973431323838157301631  0.242211696779508396819616776 -0.063512475397307768206530808 -0.212899738545091363192750082  0.048871337488032429744534745 -0.331957735492726047662852273  0.308077893314243350235967847  0.149439991703305812819897562  0.235702260395514728852361941 
  2  0.235702260395517163157289714 -0.025740970137116244704949858 -0.434229792710970786089172066 -0.167740961768305211961613624 -0.072362964098650159944692197 -0.634481039222996956537109492  0.221268742562410346920226054 -0.050108962607148461164565225 -0.027124857911810914936273165 -0.116586475160075496464899894  0.162713654094544911741073226 -0.386681389512524411233764660 -0.109481511212369867423169125 -0.212760261583762088987521396  0.133854948373106287949001018  0.017572926596122541116886339 -0.005008721727570355000008930 -0.044557656004348873471083807  0.235702260395517171343016116 
  3  0.235702260395517293979834351  0.170600723465832064453667760  0.125386375816923183803023797 -0.194139461226605512577996979  0.243888192162627907342664461 -0.231409189080428272507574707 -0.402825269517471476363136215  0.059141711006699210356887331  0.266830710136918242234450177  0.032934059822738844373234612 -0.188216491033503437350980596  0.066169790215099959210698528 -0.345356304153805033807815225  0.312284465657604782081640041  0.273820883682360753674268905 -0.402866864481290068000091109 -0.129420896753838588806454282  0.014875236974588639832391395  0.235702260395517282365318579 
  4 -0.235702260395517150295941443  0.119715919255252552118307368 -0.107782596428973936353594345 -0.176743574768866989983589696  0.095458743123102734387389664 -0.278180659508383953362926910  0.087325367675077117056144180  0.321785124864881355620863101 -0.037417108763706427561693008  0.030785949729578552945647124  0.161391305583704888093219895  0.505467378467117842513224579  0.481615892728191305000246328  0.068850327369527312467844139  0.265152283112087864630707426 -0.048775775031226203597254244 -0.045320787928190737955800498 -0.307023889107414366974029701  0.235702260395517143587440501 
  5  0.235702260395517102387757946 -0.158113587278254991535229347  0.143623090023758247384707935 -0.359790143875329887978783971  0.098692415190756921371283746  0.046145285559544185299108527  0.454946966251187874920661192 -0.174727500525340903700551032  0.357689657446130459958954714  0.423798212982810528696824004  0.151297796113572069844933898  0.149847172350757480268615071 -0.073320652615778326272565069  0.186197826478395335846461982 -0.060234778087825574330739075  0.127778613942419462558828559  0.326682640621710895540309033 -0.019423259901627205999675410  0.235702260395517115831864885 
  6  0.235702260395516251180632328 -0.270891572162486726971968379 -0.141063515125613279975816394  0.105529940600893293390694951 -0.253578386229817789063005484  0.082544510054050779499542744  0.109214092906395651461385829  0.123513378015738471414381068  0.350118034503339542283647731  0.079631148047389045080781712 -0.235163519280652014923748555 -0.200824359466805623902047571  0.534339305569878305225001158  0.157774146043943754992946484 -0.060523033884870752805682252 -0.332607075729981216502713359 -0.272700105779173045139097964  0.134553934937493661975734319  0.235702260395516255409020800 
  7 -0.235702260395517212000597584 -0.181853757966505652141336186 -0.402048039351534556033653661 -0.344053338423442300701964730 -0.154423289934149884222724936  0.225449411256789214355166634 -0.253860658945585811332263868 -0.435692093271411393459345215 -0.068971553509485092453546416 -0.155836789925313770201306847  0.170679683554042919635070942  0.080625571176686391655760635  0.090399348807191755821163412  0.141929363186143460136105776  0.175214093652520808296513440 -0.256908568370243100496266506  0.261542272237428277816906688  0.210511165132167627872224538  0.235702260395517199098591732 
  8 -0.235702260395511590900224225  0.132770950069473007079125758 -0.070068051741282363850682208  0.103457615404301251235089521  0.092978709708026167454655679 -0.176977044334466489507932778 -0.034508845394182803745550909  0.091894381236920183007464615  0.089780789711246718148667228  0.271811745617175024931000057  0.462321764182130202805280639  0.076712604289393903703717960 -0.084837005841209909672972350 -0.106134542336328485343801501 -0.521744702814309349364532004 -0.385292751921044881118589773 -0.111500455331273456744019257  0.329349744928799869530047784  0.235702260395511592472317375 
  9  0.235702260395517276578389483 -0.153639906055941690389489603  0.251687799237934633366951462  0.103786876401103463128747922 -0.190320426900235191712855085 -0.173218530398488725164448006 -0.379729496979377662788665906  0.048668228485833798385457732 -0.279547198837310894496775010  0.338808351531087055872161831  0.040071387166388630218257340 -0.103083317750384301677007027  0.202979789340753172596906392 -0.179704181515308661015533319 -0.026262970427790176448663156 -0.223428268482127253803876457  0.509190350293810214238852951 -0.213031431839195123948077840  0.235702260395517282365318579 
 10 -0.235702260395514257793623050 -0.229086931090959978706803231  0.175908953905537265919841253 -0.066426374105916108700605957  0.390159953167626925217515918 -0.223574444061894411496212512 -0.079979579362127129029183797 -0.199576802697798482523006483 -0.266229800256835566333625531  0.362254963912739122596472219 -0.095608246252738065443612433 -0.238976658499909867333860572  0.240400739677385697821532066  0.105088416905136826091753111  0.198516435984639023933757095  0.224271053979706509599097858 -0.233402509728248592550084624  0.356079198743990682301217843  0.235702260395514257007576475 
 11  0.235702260395514319023940741  0.124699387309709278863056187 -0.194115505799766912214216960  0.437705025789495966306386424 -0.051644408071163216556717429 -0.103117342432452026647381801 -0.133482831252522366572788384  0.157952692683839894223843392  0.143089726499636934957501895 -0.007030762509048489031981212  0.132739693409915256541199702  0.208350142741621309274715167  0.056972341307458611782708674  0.183717720540582935288744654  0.230158227992382265791643410  0.342793184080367317962192986  0.300634497994632914107462907  0.513953403523315652766650236  0.235702260395514312518727706 
 12  0.235702260395516964111323373 -0.033850525167766905909263889 -0.268876663583637365664315289  0.114902872437071036704257874  0.458296298216974681068603542  0.376087515073112782970545659 -0.042099905660330002059641265 -0.017125597975524631684632370  0.098923114438747865592791841  0.198299606216710942803069760  0.089238201656347103871960626  0.057901350633045298963190103  0.025907585894798275697267385 -0.579948603454921034520367501  0.288929844707883861298306633 -0.114682611198636581557235101 -0.085900431294991701489441576 -0.053015906077178890413407076  0.235702260395516977053986807 
 13  0.235702260395515422104783555 -0.296965257616498264466508780  0.098387614022601846907288559  0.181049444713612737433978787 -0.365576340106480853658129510 -0.092476074861254708162549773  0.067059250707931040817472851 -0.282797202625010646445322116 -0.242484234640591022645682122  0.124828587917896404283510468  0.166607698342576478545205669  0.454002968444961819391480010 -0.221349485463378057548372406 -0.022895305937739113392076539  0.160382253413503912518487879 -0.050033504112231409526669349 -0.448437908160518821851225901 -0.005310698724569283612579408  0.235702260395515422741752332 
 14 -0.235702260395516581035590779  0.043558287333064170604115693  0.048007312018137875031829421  0.225413442464683789668200738 -0.084438648075372198438005855 -0.202260345836195953766523982 -0.310658272701023390111908784 -0.457966098684483951755273476  0.578928242704772774772196964  0.046801899199662934717807968  0.067100285113153096516855518 -0.017975303962863021784416738  0.118368419394576564300785183 -0.129266813218819306990524029 -0.023040345003881773146438674  0.243608588160106181714874285 -0.075145296392700500144774811 -0.311019064499178471590312700  0.235702260395516588475928188 
 15  0.235702260395517206471166505  0.482914869312935770331298921  0.434079150016598365430893144 -0.015112611727210896500045293  0.022963361105592716963585379  0.031521855464874082765894736  0.188153685401740526018563547 -0.343759545743394764113088496 -0.056678156464853849474960518 -0.286264859458620449217912396  0.274790799097066901500495753 -0.102653612715024743127459773  0.333462363639543684067914273 -0.063155828156903759648178355  0.145786305238223573528056135 -0.184988746666839903409589041 -0.028405586534895438066447939  0.157531895822371901144968651  0.235702260395517199098591732 
 16 -0.235702260395512551598216737 -0.149237815964257571586804030  0.347874634621790231622882189 -0.298856538048727015803888649 -0.349053269689685397736021374  0.020054582896141948943237584 -0.048123975128983810578607670  0.339572067843420693318209902  0.273249385570968417825737581 -0.044067456454393318450348926  0.094502810340670424870768238 -0.061799398084217446552418281 -0.107881837427482014134044134 -0.418805381641388384630127900  0.316902415322371375325672532  0.049959213213033770267486669 -0.018989318656986298614552065  0.303805593402028323231659976  0.235702260395512563917463922 
 17 -0.235702260395515731969764452  0.526708239399419986172951047 -0.177003010938911250991552142  0.089886616015181936409285824 -0.348797329029020704977120254  0.086840314160273708414539140  0.198980978659701415105047484 -0.085168441899317443183629796 -0.073274183009288188750634911  0.519972574896722950334518321 -0.255165868089380390622018108 -0.113825488295066173821700785 -0.110902858683384022290879713  0.007058719870393487045737391  0.269701398949772918608525432 -0.111656480988346123607427886  0.012379696851230074469751906 -0.007092793347430614655051276  0.235702260395515728053084104 

 0.235702260395517282365318579 

