
  0  0.000000000000995283449382423 -0.000000000002790283068690620  0.000000000002501531029487273 -0.576185648443303880330852024 -0.097006954171324017528396655  0.331321434670529751682216402  0.277146746587666720950315566 -0.490534174441720731912148709  0.080565279208814667385226554 -0.325012103598379097741614269 -0.119886730776487873503962072 -0.171307659214916726517262749  0.274861759503716926228075734  0.576185648449590985824188966 
  1 -0.522038222977213891022509745 -0.000000000013451492998420974  0.000000000020344554314730702  0.054147425433145198126133960  0.081657890689704815981536743  0.100841175431940650453340683  0.529151160808241596009496299 -0.073453628210491463658101709  0.065909775476850519107334912  0.186223552969286008511610661 -0.354663124196744347686955159  0.280881594780624719274748219 -0.422619329512928413808284592  0.576185648444155163730093228 
  2  0.000000000000757561172012820  0.000000000000196658027986886 -0.000000000001229136563260659  0.576185648446950713762876317  0.303888202518452420951506135  0.368466714642293051949761828  0.002437639458486353259317165 -0.072575317759020857479989458 -0.247195784287054374559855323 -0.381087830420001708210805610 -0.253798251982073281359398448  0.180277676359765340221956442  0.362455427182826710424783101  0.576185648449134104655006833 
  3  0.000000000000970520252200223 -0.000000000000219767671215997  0.000000000000821795061107579 -0.576185648447965627339233813  0.411443756251528734339080115  0.050171984092109800075585252 -0.206353144739961624103737753  0.408470087085371949184569446 -0.319246811831281739995887572 -0.032019292428151300108674126 -0.179727047986424609332320457  0.387869734366198612012530469  0.032999530627431602440303689  0.576185648449977686749376438 
  4 -0.000000000000004405762526018  0.000000000000000042291219703  0.576185648450284614789217857 -0.000000000000001633785411441 -0.109623706087693717752679090  0.401371631234322014082031155  0.334399082526954370355896581  0.271172737679817580904112831 -0.267305822542578750837570858  0.183009977562157936958366078  0.442234826057482531867044370 -0.050150344977423267241710154  0.080649873132416421328734230  0.576185648450290719443760146 
  5 -0.000000000000192954706948178 -0.576185648445889440731615405  0.000000000000239370421241722 -0.000000000001187041537731201 -0.510026828312130351133091982  0.081399721813045016216320738 -0.218236375728086163080154600 -0.169821861749400587827713190 -0.339877929919615195204687236  0.296570941772504976846527164 -0.255324403942074132313391072  0.210392321171954070225932655  0.108919360032471174964800210  0.576185648447508853343436430 
  6  0.000000000001981540772988563 -0.576185648447526282001779352  0.000000000000108693544181294 -0.000000000000040121994315404 -0.039448138676569069872266142  0.078068989407997818483425992  0.043140377817421559366819648  0.330943831801638528692125971  0.078171292935071463222067474 -0.571332028346817887465465546  0.013770224057762699219633576 -0.236183125879760179229331293 -0.400588489712479292484490628  0.576185648449656644836704145 
  7 -0.505408883543301434783292375 -0.000000000019717831519692056 -0.051138448149257340961102748 -0.019638316722243037555393022  0.050435216207187302493584113 -0.361181915964032042022343119 -0.055262363448571298837501192 -0.289509780793668234825195482 -0.538830870025007358133095625 -0.252081399844385835366756751  0.406993450857197177109817604 -0.033432086111259842788599218 -0.032403928287624960152704754  0.576185648434519588623192732 
  8  0.485817843506397309199466156 -0.044890397523081370773870725 -0.026600325934813622401963287  0.018877081481305136219462433  0.023016755250850380886911794  0.017403782617158306012807804  0.113896135799278962540224003 -0.337127985080723034482094377  0.021558324432384104970460365 -0.147465078994396801397850569  0.349972949849109429441493258  0.613292586165657388876451539 -0.335592178250121270173577173  0.576185648445597411310137304 
  9 -0.000000000000000319645313789 -0.000000000000000894193999599 -0.576185648450288489023050909 -0.000000000000003306156033587 -0.299523531585474153725659474 -0.111210567807167247203513957  0.455152171935814215319657250  0.383171907026303006413682842 -0.017903781226260334180798634 -0.076874825264325356853395334  0.174750632907535156828943319  0.199319217496116314722494345  0.368031974013079654064941465  0.576185648450293043376906760 
 10  0.485817843555689021567065011  0.044890397483734402256703002 -0.026600325953095362755909279  0.018877081457701604025098256  0.117198239664103816616601891 -0.284791246048882655745367737  0.397215272646608915681340143 -0.042986535402599441065945576 -0.511294322246450026270628286  0.085325808907481948753775015 -0.307672324652795729842081826 -0.346249995940762624974064085 -0.152246381310019154612322122  0.576185648450220393862464263 
 11 -0.000000000000000882525775344  0.000000000000000416811665392  0.576185648450290770292842035  0.000000000000000211866891511 -0.178950328106707994780459441 -0.556982604425279253449864586  0.139444458363429533130379429  0.068755726687887356390839391  0.178969687105026559613050151 -0.285126626316024275501577120 -0.229409270663300835318390743  0.258830703173925495013969061  0.261984468487728130417675765  0.576185648450292255053507146 
 12 -0.000000000001641019633424213 -0.576185648443334273119832006  0.000000000001795492851982218  0.000000000000713775164830228  0.556812609432678306674736196 -0.183012607163947704029516826  0.197169280525955652592809235 -0.138205525242412167793840984  0.220192296658523115651358640  0.292897733204584734636490018  0.190317294912332408025066113 -0.048966780900353787371284036  0.305953528717150809564323879  0.576185648447484596054550543 

 0.576185648450293043376906760 

