
  0 -0.000000000000001455978214489  0.500000000000016667060526859 -0.000000000000002773282564301  0.000000000000002516833042013  0.326383635785671697126511179  0.177671312241884927449761880  0.008285014188807701312432772 -0.674370780165004584934089482  0.079292605795173079467224632 -0.066699539956436155694610105  0.224825204154025701748834641  0.278771191465030025523992238  0.039382627158276125305818877 -0.044481517125716540959830562 -0.066772783145561260828104808 -0.100388941933223953981927767  0.500000000000023399413916908 
  1 -0.000000000000013140858299065  0.000000000000009113920410769  0.000000000000015215820590792  0.499999999999991266670185466  0.114001898142578993475086940  0.157797040131566043881256728 -0.164018132214747248474157569  0.002754824854493994661704131 -0.313894964166401734136611912  0.276612606654177283193587686 -0.432627654775267094688006794  0.176921201780610336904840836  0.444080284640560053911880964 -0.094580183735029602155376140 -0.272573251596862739233552084  0.105985162818451396121895158  0.500000000000028755372648986 
  2  0.500000000000018259861938458  0.000000000000000768294196470 -0.000000000000004146777251563 -0.000000000000000008295820680  0.211075969392754660911839734 -0.413587262486691650191332481  0.245437826365316230753615794 -0.047114488659050182511845665  0.115927597447236390850009054 -0.190387946019562313059521504 -0.289186783723715501714110823 -0.050714967226216686470410865  0.346200813812652726235864070 -0.190450176230480837708436588  0.323490167947887535050991922 -0.274359374381018675123850362  0.500000000000023131073879218 
  3  0.499999999999985958958450064 -0.000000000000020931405454212 -0.000000000000013709467673362 -0.000000000000000572280449384  0.172896167011596961919140704  0.158238925334281478653490789  0.187845684246483247473971830  0.040731523798881140810570047 -0.041620291072324147864879527  0.318641911404019620337579183 -0.201425902130806383044615490  0.251945623999465918396549469 -0.580988642377923795567101761 -0.053316992369121720685956525  0.100879068390912802245264462  0.316609066989660627378577393  0.500000000000021168830577345 
  4 -0.000000000000014051923864811  0.000000000000000203701588063 -0.499999999999997332672920305 -0.000000000000011010973895725 -0.383733431342180027093062555  0.014106672807003846275438982  0.540350726181617988398003805 -0.291458537871342116736071010 -0.106886689036143200484435707  0.348252956671928739579508286  0.004752790574100454255581868 -0.249099933108010438768107654  0.052289816262850719471536477 -0.007100337550545607749284807 -0.127662707535293880832787811 -0.108452803005226026689935756  0.500000000000022602091639262 
  5 -0.000000000000015111190923021  0.000000000000006200003818393 -0.000000000000007465076209598 -0.499999999999997647877596901  0.209159164558430286668527787  0.221829217185227797691482975 -0.061174777429431423621047307 -0.056034060996234402562125214  0.273058364773688973242823583 -0.002221226228763165050056379 -0.537843668798673518987706749 -0.263048532561010170503865840  0.006852327047380073993284428  0.215119533390020533880041161 -0.401073713460009891929904102 -0.099711755928153898281005377  0.500000000000026444829399203 
  6 -0.000000000000006832224341020 -0.000000000000007602277245967 -0.500000000000002293412855459  0.000000000000005619429006845  0.177384037026275061276793521 -0.097763767375033685836120331 -0.480269071548937338648772172  0.056744150369764038384026586  0.014171113156132830114184405  0.087549329304564847598795537  0.035238727441202603680520588 -0.162064244999333749772509397 -0.247661884079487869505706819 -0.565153347967099769751445071 -0.078231839002899115184024113 -0.229938340436285028342360513  0.500000000000022385413835091 
  7 -0.000000000000019170095935771  0.000000000000009218094643783  0.499999999999990307937309392 -0.000000000000006712159622756 -0.111436551963448077294353833  0.077438883902691339214884817  0.202603551422549683393159459  0.177355198616739719510580937  0.315692733611776551246475703  0.365235956499931555934703939  0.162922022437620719786705199  0.101220716629610966106331878  0.019417866675504383375695100 -0.418908032985167564277075719 -0.275008501311456598315908009 -0.371137379329843348731892208  0.500000000000025385889137336 
  8  0.000000000000000037692144379  0.500000000000010569507508801  0.000000000000001074169067392 -0.000000000000002343453709039 -0.094815263000320949371511198  0.121831935654036302209030519  0.149304818372548518773889302  0.359173799669502296510754241 -0.469311007117672580532530269 -0.270197801664265408854706182 -0.151270036897420291033765881  0.057049422034482295328045942 -0.219309192701908956923528143  0.065498134104992476134886846 -0.065360408479353445887157815 -0.445885471375626793233198572  0.500000000000014002416847542 
  9  0.500000000000005009556137969  0.000000000000005276509733792  0.000000000000016344392384760 -0.000000000000002272010596138  0.156087623552456089019908371  0.299223905371900946191304413  0.043878024163482318979365941  0.164789261688708341932517801 -0.154061086981674043660888417 -0.189501699821547429369319147  0.454108062767285516794345951 -0.387840479620621359174801462  0.223454904817772132401038250 -0.052081199870267310372053690 -0.314558117703247268321211164  0.197862295840897940476924878  0.500000000000028888892146528 
 10  0.000000000000001003504085520 -0.000000000000015598379101873 -0.000000000000011703306005629  0.499999999999998912111540128 -0.247394257223468602490757187  0.413470108105737254141276091  0.055051363348300468333857511 -0.098581994633593020041745052  0.413192269277230308333970568 -0.409617609305641734853764904 -0.225679712557015925661167699 -0.214197852118687899513390510 -0.176683955964088547965209694 -0.156121006556715980493135754  0.118253274367973328034901997  0.013717626816340754780899566  0.500000000000027194988882345 
 11  0.499999999999990762678805586 -0.000000000000004299036810687  0.000000000000000816478616468 -0.000000000000004985088467704 -0.540059759956826140956786392 -0.043875568219462167996082350 -0.477161534775279335546249726 -0.158406296828554326422931753  0.079753780606757713084490821  0.061247734437126085775277961  0.036504623087216168800180375  0.186609822847393515843632435  0.011332923747474807301037166  0.295848368469852804064608789 -0.109811118635607352260539875 -0.240111988449551365325360282  0.500000000000000885738964812 
 12  0.000000000000003456792371389  0.499999999999984897199262548 -0.000000000000012929634074871  0.000000000000013546263890335 -0.241810658117967414854065922 -0.475563564660221674051986465  0.021532065351512183998697954  0.100400229282926596065510932  0.199438289255085303357359523 -0.114057634734218118803745264 -0.097244623337634015789788557 -0.005270581786245437215136989 -0.009448267330586429283875141 -0.167233815822973013376015472 -0.348577896167154370699265212  0.492941199374410980363738280  0.500000000000014833620443078 
 13 -0.000000000000004863856532995 -0.000000000000000968891881852  0.000000000000010674974651167 -0.500000000000012139215414125 -0.342551523639300336426284643  0.349437931052047268424762261 -0.047791991437027062463761828 -0.039793108782862352867449370 -0.173761059662845673560636027 -0.130783776422717591244519568 -0.120463698533606286227687875  0.225771882222926456281267282  0.260544001629072871108454973 -0.465820723681760985948347581  0.246753736231113877892589734  0.219414545562959087740681138  0.500000000000028609167986027 
 14 -0.000000000000001018681174343  0.000000000000015301232540011  0.500000000000010026918531580  0.000000000000001018003718656 -0.094912842352454724969374952 -0.161095978470730525670636703 -0.142521896789860314910185039 -0.412069586118305543630301394 -0.408408309491727036848142049  0.070566329476577099648023413 -0.122930504422332423575736290 -0.512384894736952747006618336 -0.214789934492174754685801796 -0.153345652532474499487192415  0.069113954773280301689176476  0.032746235888330212817471342  0.500000000000027329917842711 
 15 -0.000000000000017147119885363 -0.499999999999987848397576054  0.000000000000017289140728865  0.000000000000002004082886166 -0.010242285332596109298574987 -0.176060316764295516158995297  0.179121897912874137340178901 -0.214796751212605314482347561 -0.190580112067454359294025462 -0.450954976354925526010148859 -0.023689456081018051532087985  0.330550031713263999530796888 -0.189374832874189025498949321 -0.146217198843693928664798885 -0.480711087792095837346959680 -0.053333213934480821176312496  0.500000000000024283418158244 

 0.500000000000028888892146528 

