
  0  0.000018488502662120890192707 -0.000012825459993145521632031 -0.707005860251247743883482727 -0.000036546099690641867448123 -0.000004428928736267709046667 -0.000003126389687245563979239 -0.000014809324450511592633978  0.000003997925524519576917753  0.428797260309394020642631204  0.076015983203558526076000935  0.159276328097830034198232815 -0.422702074828765980067744185 -0.212086774875250055281397307 -0.132465871747033537807734273  0.096112756290083960943461221 -0.121641905453405918921983443 -0.141027572541518139934168564  0.707100082881992239071129031 
  1  0.000506071350753762466571802 -0.000022375179749722332366305 -0.000053625019894693926670551 -0.706385360064283233645730103 -0.000033019790202609170912909 -0.000065041046654470106729301  0.000017655618777985375532425 -0.000004518856891252916134728 -0.138534162076031463770920717  0.112889806272437406244513094 -0.511513489268776839395767159 -0.035149266999928416926407765 -0.195902315570062821915593015 -0.064805884667098196359746876 -0.019077607841096157733617729 -0.120824953571647178932220706 -0.385567076386131822189661314  0.707087666927207703895710139 
  2 -0.707080597926857062711890334 -0.000003441976312625950588299 -0.000008161393856867396527414  0.000003783303023073129228962  0.000001124928858108591052196 -0.000004017934483459782398698 -0.000001224451130104792685742 -0.000001873151779520703618357  0.015954541249145511553706052 -0.106879818454909076766564877 -0.167576496374296591345353334 -0.304481713357546557763462503  0.013531490154806863397667506  0.027054808219022013711824474 -0.215581031682981244453371425  0.564798116068287480275381118  0.034366146499022551746111917  0.707104225066300828839160886 
  3 -0.707048532564278128429401116  0.000001636252058933602805414 -0.000016270112936571478460101 -0.000007418592447159802675387 -0.000010967562919778771407874 -0.000004144204370146516619448  0.000001634391404192280563614 -0.000010795936697465299398537 -0.014849797659164598126451263  0.107993082194080212006222566  0.167364958201718602099684376  0.311134211460002300047395993 -0.024852381475818034863099325 -0.032314497374592027626794867  0.217557291912599043757050102 -0.559812391287891744152179635 -0.031636476466045134407062672  0.707101399617112379299924824 
  4  0.000000000000004782743643863  0.707105767525269684645964491  0.000000000000004611621043388  0.000000000000004712286576846 -0.000000878149116631340640741  0.000000000000000593867622881 -0.000000000000003354946208538 -0.000000000000007600655425712  0.266828405959442165935489519  0.129748489726483355458704766 -0.049195269383362232607908313  0.188759429996016350592922747  0.057437540160188979461170899  0.426275809596705173031049377  0.322200811635649470905272060  0.217218155779549292798500520 -0.194709631735375978314598645  0.707106645674411944657838242 
  5  0.000000000000000587900873665 -0.000000734318626675524315516  0.000000000000000720427161674 -0.000000000000010252605929107  0.707105911355756165041601402 -0.000000000000005677095081223 -0.000000000000002401732516689  0.000000000000008430831017305 -0.241461092356209271225005869  0.156010503452911832223586400  0.419051123545330775110916502  0.030845091430861525192219457 -0.105635990423020643543222490  0.057246521463610712852850037 -0.205522010928012717367765853  0.123647540825802964336633562 -0.410900343131081205466257830  0.707106645674410924260963607 
  6  0.000043889913049436517802172  0.000097202056931414720386993  0.000324985822715698261880734  0.000124938334711175597992011 -0.000047711569132545617686181  0.706200950008866805331780858 -0.000037162001194421007864539 -0.000124494877047365493926332  0.260139976051994377452764376 -0.510833947130490879896206474 -0.002396329449043429672809669  0.212155054649031764264300107 -0.067446154602260938355513115  0.064576497189606941879400949 -0.270787547013628405285449313 -0.083164113654706739755509328 -0.196670168005981109052944175  0.707001334583648902913470546 
  7  0.000222371681672219251533563 -0.001037648470788257299612101  0.015354300784843504509867074 -0.000061645831462456885060666 -0.000757946154632871319607641 -0.049402096941919354363212261 -0.636113545618998413137823444  0.002451095902651404592099027  0.338394971895031790922467665  0.410431061503630181634683094 -0.085732197516779619298062879  0.190185352707705816320982867  0.067298931817894320467463194  0.011568142625132725380609426 -0.498652245834661887768143179 -0.053122502518971644327544718  0.100255678163656758753678050  0.705400651386968533776596069 
  8  0.000052801937339420080263986 -0.000219905465438358141549663  0.001439299164806867825225483  0.000044684864584243035767879 -0.000046062943793298403600220  0.705093105114373064237591471  0.000016590019924206014775855  0.000159716809321709624841666 -0.220409313945642225848991873  0.560297689081858623196333302 -0.007663271684444685154016515 -0.187176827463048615045196690  0.069856352680525870894304077 -0.065279590853288434989024330  0.213453938186273327741221580  0.079274006273338724731759245  0.210346421795695868653527580  0.707072166319581167409809297 
  9 -0.000016805628069339514380347 -0.000017195848686810322034535  0.000022509694494745674968338  0.707001634039623357550798100 -0.000007381620770226614077718 -0.000003763522992094725405464  0.000012581814774683265408637  0.000010032791076356218515621 -0.142978863945195601919480391  0.110289518605737230795397780 -0.511638691146152194187766288 -0.057350273728629927148407524 -0.165719677657538671711645768 -0.042748201183566524852909052 -0.027566193716519960957704355 -0.138522490436498623168621973 -0.391458752321291253038412772  0.707091904960487606379704317 
 10  0.000000000000000241587190324  0.000000044757243531875405259 -0.000000000000001373353259633  0.000000000000003501101594307 -0.707106600917137206147814604  0.000000000000006372945486959 -0.000000000000001561078102223 -0.000000000000013924628206204 -0.242018343969258871792174861  0.155227271760500671159556212  0.419228968751876488846004956  0.030235787355129870785890706 -0.104848709238939714631015480  0.057154249502848171244804524 -0.204648371409962824993777029  0.123591534245318247084368009 -0.411398901095598294063620040  0.707106645674407680165433204 
 11 -0.000000000000012729086019295 -0.707106448313996280806686262  0.000000000000000083148759645  0.000000000000002265558850974  0.000000197360376167368859838 -0.000000000000006932313485393 -0.000000000000001955486203525 -0.000000000000003203954392096  0.266063341166960461078036873  0.128477169129670080303007480 -0.048951991546691683333553807  0.188273032890835473430004611  0.057202146937594746880253972  0.426481439615567223944255990  0.323270713365351311144963928  0.217220665531504845147396827 -0.194971993520596566793531140  0.707106645674399608876570245 
 12 -0.000471972756100782218428223  0.000123960612614265164136446  0.000526453974503898761227369 -0.005880201108714108590913225 -0.000244178301715600800177289 -0.000255095750218047779982461  0.000042105083963334836064645 -0.699532217783869691052518747 -0.126104765420767080179266159 -0.013780632229514889266465351 -0.004057775200943003885280751 -0.174996483970085284573173570 -0.337255013365973693788236673  0.500566424757742753142916725 -0.136692217630153873867099139 -0.176811413281790774629817324  0.222782802924158518405989803  0.707076185371699685857857509 
 13 -0.001478417649347848950978759 -0.000112516221197889571492462 -0.000110198640225840689998737 -0.000251788168820900340649297  0.000344183938093111468007045  0.000935869792248433387847021 -0.000483614919603374846198552 -0.703088675897220872221607402  0.113441875235035390151905766  0.006566237760204377908306592  0.001502496756225861321949476  0.095775631564530719419330810  0.460484227161132062965294420 -0.429314872963426426679192649  0.105255922259836857980133066  0.113281048647610566888896053 -0.251608861745113018056497350  0.706805265226758304246412745 
 14  0.007794164971371549338361942 -0.000667046654112702944851402  0.007386334168035288753772940  0.023865218218922773887777063 -0.000851540419817420836428234 -0.032244264265186768021921463  0.543564047307786928759070627 -0.089507284588580154313956425  0.250212606102755661649289162  0.275721914103668284615070508 -0.041748585471632790065617822  0.420359915132879818260372429 -0.447242733033524002397634742 -0.261801327841179730897399822 -0.179596979432310529080710215  0.212993460642891315880587816  0.177592912671861890587716483  0.705879900593813610926857693 
 15  0.007478762749966489312407352  0.000543307921334947215591376 -0.010509779569630473181109380  0.023752914063255417777539087  0.000034870831872800801873438  0.025352037124761409629412142 -0.547628930173284929957145534 -0.091122904103969937007507108 -0.144885288929422985731662078 -0.203024952019238485057418125  0.058106695580656925216714087  0.196232483005100702348863680 -0.522518547301102637429783687 -0.272878921361668697276531628  0.400873990262604084993357245  0.273010333078467058563363820  0.060066389367420368204837384  0.706423506538076429101848108 
 16  0.000019005255617116266295055  0.000025049724512111734004172  0.706922538479079141254552560 -0.000003340936023589952306102  0.000021797591770504965585082  0.000023799245555167015361592 -0.000019638904821490217163965 -0.000057654419225834540050519  0.417164167277127253554390440  0.060322810178869931019312494  0.162456647289483884961133579 -0.427925873197948979868420610 -0.216466986060231563675053390 -0.134394634498254058401173032  0.114601121975034126044396248 -0.118654030946519296745597736 -0.144744428897318540405540245  0.707092824556604969150203077 

 0.707106645674411944657838242 

