
  0 -0.000000000000334543974063174  0.604539689678152381945974020  0.097274945042551948731031006 -0.673854148991465556049230978 -0.246317588378033887092522641 -0.325869083609009172250838351 -0.064241112702486003919544535  0.701814634721038907905123899 
  1  0.701814634718636124203951926 -0.000000000004032624888459821 -0.000000000000742977301148731  0.316591434104882339623876844 -0.379296775396253231581004950 -0.283657556746727659808616009 -0.427666258922354599898013605  0.701814634723411745508610954 
  2 -0.086349397754335150424992006  0.563263598850924843597538783 -0.052201638113471356739044580  0.544263052473341524283879933  0.388786039774902290676967739 -0.429676697399122877938076187  0.201380161376361969724339308  0.701814634718731310270012358 
  3 -0.701814634721309993793236098  0.000000000001283007995713413  0.000000000001325131361570579  0.271646911433782172119082501 -0.442440058924442677836409016 -0.134892846944545524592948965 -0.468737547142974448987186656  0.701814634723918143817313758 
  4  0.086349397758207583831915454  0.563263598871210226617153166 -0.052201638093957331001677058  0.178971289223839309943985335 -0.124418239786284202025084741  0.779425545124770916580007885 -0.132431444614743700153160037  0.701814634723375165015202271 
  5  0.000000000000001518023324766 -0.000000000000002039486080561  0.701814634723989561515457986 -0.054489373621389193871731747  0.491459389166740067572160255  0.051275057603641778310632655 -0.510221191168281082016673633  0.701814634723993085226728672 
  6 -0.000000000000000042089625102 -0.000000000000000140799947110 -0.701814634723998337698363387 -0.201683714650426796220392643  0.437654637554607497707285721 -0.019906644076198508514313171 -0.524253794912916819845414423  0.701814634723998481409361350 

 0.701814634723998481409361350 

