
  0  0.000000000188394851951629601  0.000000001451244752318419088  0.000000000052229905881041482 -0.706615263530019483014486814  0.000000000590918035727155807  0.359418103820097819986424323  0.329864922857626360338601304  0.055495258698594469182484345 -0.105396008841128388996695280  0.066206384991603286393124436  0.494096448914155971399598394  0.706615265812807012116465721 
  1  0.562601871691511831751787709  0.038436934988153530866605021 -0.063500765078407079918692592  0.026221458766225174389128500  0.015854234850617122238279622  0.397306540468165573988957445 -0.459962766755977652335940498  0.027480282183028343198484089 -0.116960765486276031821250704  0.539604074316480075668937127 -0.044773761047267358536633696  0.706615265374914779117343500 
  2  0.000000000410658414368549869  0.702176815373383473564607854  0.000000006559826622986889579  0.000000002477887335367193934 -0.004438440432457043005845841  0.101964873892474763801335377 -0.144291315775463711460835717 -0.629401993724284963534296861  0.170049490581979985095095395 -0.166480678032539590346884292  0.151432116055439397044350344  0.706615265254212916604201894 
  3  0.000000000000003262283800700  0.000000000000006001344554885 -0.000000000000013832925260827  0.000000000000002208778559109  0.706615266145026641364437076 -0.334455052677331339365269375 -0.171777044635590693470836472 -0.099176397255274508785855263 -0.532354453015718981270104626 -0.009951905898953991810037092  0.256887268031009917716375734  0.706615266145051982313394362 
  4  0.000000005869042116741101563 -0.000000000712974161846800718  0.705553490072447696604667627  0.001061766920289008888003945 -0.000000000226573410253321845 -0.340740074786688825701211000 -0.051043152341516311176088973  0.024888144237653040622684428  0.366205219325369512776242528  0.393852332908767273448322546  0.306004249657718254811747047  0.706615263801326417560880883 
  5 -0.000000000000000383797047409 -0.000000000000000851856699504  0.000000000000000207528469388  0.000000000000001172594281736 -0.706615266145051298181823524 -0.316459371030534051546330085 -0.211021560174299345320433376 -0.072028460216414141303593703 -0.527730818886286168710713501 -0.014544572360590365249284237  0.268549385422181632231608192  0.706615266145053939731996567 
  6 -0.562601873725019676719498463 -0.038436909424342091906676849 -0.063500737519703822312074331  0.026221460799911091403354584 -0.015854236354417144666997916  0.093491904156026076386882748  0.195096165331463099459007558 -0.355685439799326888124638910 -0.208824853397066986663080379  0.630619658372834168517939712 -0.249852186932622624386686992  0.706615217823393839541301631 
  7 -0.605770802903461651168440932  0.071395598082858698394488270 -0.000000018342818089042943415 -0.000000002988023201821553112  0.029448836413847194649765285  0.282163947225098389739528573 -0.608377591876906559907340483  0.355860255415273841274369573  0.085317599095850013290489016 -0.084529556192406198866762766  0.190463963984201305158164980  0.706615258731008818624767104 
  8 -0.000000000688254911448897667  0.000000000169004439227045509 -0.000000000236066027125910674  0.706615263319149994910954582  0.000000000824166293072625240  0.339709763509489219432879378  0.339628543315976968574188694  0.067920947347577245436979921 -0.091793960585812950156024866  0.023694130200722444300597143  0.506304059524720613029175748  0.706615265236641704052825141 
  9 -0.000000000174952881269491443  0.000000002557763140333020263 -0.702943512535323589065106714 -0.003671748290153991001406381 -0.000000001523993941206565991 -0.386341751797599835692356013 -0.027305787735822895601634224  0.054629107235463553964000373  0.396994914993004261377163369  0.289601938635050905004484842  0.333755593922044573810658380  0.706615265082187565121030204 
 10  0.000000000485162373848225898 -0.706325416893024996163596985 -0.000000002388468034646933071  0.000000001702524190969442873  0.000289842835354906018655654  0.146420243947071663075392041 -0.240585920683691632668754420 -0.568883569947606982644336404  0.182673703796461912865424677 -0.179000006122535487601316224  0.180954822998356469021768826  0.706615264304534476495767148 

 0.706615266145053939731996567 

