  1   1    1.00000000000000000000000000000000000000000000000000000000000000000000000000000000000000000000000000000000000000000000000000000000000000000000000000000000000000000000000000000000000000000000000000000000
  1   2    1.41421356237309504880168872420969807856967187537694807317667973799073247846210703885038753432764157273501384623091229702492483605585073721264412149709993583141322266592750559275579995050115278206057147
  1   3    1.73205080756887729352744634150587236694280525381038062805580697945193301690880003708114618675724857567562614141540670302996994509499895247881165551209437364852809323190230558206797482010108467492326501
  1   4    2.00000000000000000000000000000000000000000000000000000000000000000000000000000000000000000000000000000000000000000000000000000000000000000000000000000000000000000000000000000000000000000000000000000000
  1   5    2.23606797749978969640917366873127623544061835961152572427089724541052092563780489941441440837878227496950817615077378350425326772444707386358636012153345270886677817319187916581127664532263985658053576
  1   6    2.44948974278317809819728407470589139196594748065667012843269256725096037745731502653985943310464023481859460122661418912485886545983775734162578395123727855282891274752767657124763010527091177022348131
  1   7    2.64575131106459059050161575363926042571025918308245018036833445920106882323028362776039288647454361061506457833849746309574352988862721478442739055588010772271715072972832389229968959486508726070097805
  1   8    2.82842712474619009760337744841939615713934375075389614635335947598146495692421407770077506865528314547002769246182459404984967211170147442528824299419987166282644533185501118551159990100230556412114294
  1   9    3.00000000000000000000000000000000000000000000000000000000000000000000000000000000000000000000000000000000000000000000000000000000000000000000000000000000000000000000000000000000000000000000000000000000
  1  10    3.16227766016837933199889354443271853371955513932521682685750485279259443863923822134424810837930029518734728415284005514854885603045388001469051959670015390334492165717925994065915015347411333948412408
  1  11    3.31662479035539984911493273667068668392708854558935359705868214611648464260904384670884339912829065090701255784952745659227543978485754747977932493304472884730287397482865568257739444461209804447719311
  1  12    3.46410161513775458705489268301174473388561050762076125611161395890386603381760007416229237351449715135125228283081340605993989018999790495762331102418874729705618646380461116413594964020216934984653003
  1  13    3.60555127546398929311922126747049594625129657384524621271045305622716694829301044520461908201849071767351418202406354037603067826469780770516301716689270975774269056427415263323383039496234694479627322
  1  14    3.74165738677394138558374873231654930175601980777872694630374546732003515630693902797680989519437957150099108872775197754550656536816424259266004205255183511740740112447485863191110001523040262799906385
  1  15    3.87298334620741688517926539978239961083292170529159082658757376611348309193697903351928737685867351791630220686094964701318954043916364961567989174612120351106875479101349358128391953122888929256584641
  1  16    4.00000000000000000000000000000000000000000000000000000000000000000000000000000000000000000000000000000000000000000000000000000000000000000000000000000000000000000000000000000000000000000000000000000000
  1  17    4.12310562561766054982140985597407702514719922537362043439863357309495434633762159358786365081068429668454404093921414161530142084041586836307954814574690697767702326643624086308779056757238570822552138
  1  18    4.24264068711928514640506617262909423570901562613084421953003921397219743538632111655116260298292471820504153869273689107477450816755221163793236449129980749423966799778251677826739985150345834618171441
  1  19    4.35889894354067355223698198385961565913700392523244493689034413815955732820315808565615915585194452690565862129827421362958399278382611701215656083641746990097775291887940589006199671566312074022310240
  1  20    4.47213595499957939281834733746255247088123671922305144854179449082104185127560979882882881675756454993901635230154756700850653544889414772717272024306690541773355634638375833162255329064527971316107152
  1  21    4.58257569495584000658804719372800848898445657676797190260724212390686842554777088660436155949344503267760090539758574087331189917075560196357386336234475537028172282442779819194059690491434492009075894
  1  22    4.69041575982342955456563011354446628058822835341173715360570189101702463275323972148211559606154313535459589666150860748165195244078292562166695870918166444750064126216125075492818833186252999995476067
  1  23    4.79583152331271954159743806416269391999670704190412934648530911444825723590746408249219144643691886061747456324573686513392890392123026548884578379433407966472756967165349434397843456141679872131511991
  1  24    4.89897948556635619639456814941178278393189496131334025686538513450192075491463005307971886620928046963718920245322837824971773091967551468325156790247455710565782549505535314249526021054182354044696262
  1  25    5.00000000000000000000000000000000000000000000000000000000000000000000000000000000000000000000000000000000000000000000000000000000000000000000000000000000000000000000000000000000000000000000000000000000
  1  26    5.09901951359278483002822410902278198956377094609959640758497080442593363206222419558834885109393200836119025824103991066143177934112153629980277262611993681335200823392408158651518060943692502874470308
  1  27    5.19615242270663188058233902451761710082841576143114188416742093835579905072640011124343856027174572702687842424622010908990983528499685743643496653628312094558427969570691674620392446030325402476979504
  1  28    5.29150262212918118100323150727852085142051836616490036073666891840213764646056725552078577294908722123012915667699492619148705977725442956885478111176021544543430145945664778459937918973017452140195610
  1  29    5.38516480713450403125071049154032955629512016164478883768038867001664596282765869287663378167983548441870482179394576060768862140198155562695321672820892452867172252618521468123599001305244801629038870
  1  30    5.47722557505166113456969782800802133952744694997983254226894449732493277122722733800858436163870625764726825942851392244072007898826465588914712526041989350506568682640289888710519853773363044778471469
  1  31    5.56776436283002192211947129891854952047639337757041430396843258560358983925423629292721839618492667842321652739797026622460596050130646462826818084194533791493336060843273934118939793318029304206889124
  1  32    5.65685424949238019520675489683879231427868750150779229270671895196292991384842815540155013731056629094005538492364918809969934422340294885057648598839974332565289066371002237102319980200461112824228588
  1  33    5.74456264653802865985061146821892931822026445798279236769987747056590072145740462702712536559678812241955747694565083786993482261520340340161853201956230777272797801660591580659371397429605668922083930
  1  34    5.83095189484530047087415287754558307652139833488597195445000674486781006199671262766524032645303539855678962207535491135181387361617080628590322607882444718166505435977023926816864837654326965642172997
  1  35    5.91607978309961604256732829156161704841550123079434032287971966914282245910565303676575252718310917808862563511425455570145569385523385850943494993767394983838958037009612893811579922595784297817582567
  1  36    6.00000000000000000000000000000000000000000000000000000000000000000000000000000000000000000000000000000000000000000000000000000000000000000000000000000000000000000000000000000000000000000000000000000000
  1  37    6.08276253029821968899968424520206706208497009478641118641915304648633272531891023980306642795784866343093510090513116373353806307670994853203831860978499958566287079407715306583379376458816642623177520
  1  38    6.16441400296897645025019238145424422523562402344457454487457207245839965026366421296672979919889994514855730393763723588754716007926585217607741973227622132977534181096031383625669740971219248566143089
  1  39    6.24499799839839820584689312093979446107295997799165630845297193060961120058351450063333611222134058710783492585746290442529505686045672434959905978809728894805900747652308403499789858606483467910637898
  1  40    6.32455532033675866399778708886543706743911027865043365371500970558518887727847644268849621675860059037469456830568011029709771206090776002938103919340030780668984331435851988131830030694822667896824817
  1  41    6.40312423743284868648821767462181326452042013262101888552927262666818275819687607428935430224986996317081183250379718326246974437251421123309883641720506504390399213431407437477002117307769360572036559
  1  42    6.48074069840786023096596743608799665770520430705834654971135439780961737784404437140036090660561023567545054209741169433549191340490660868894581896166467395130558522782263609566882268066876152177663367
  1  43    6.55743852430200065234410999763600162792696631988378976986546010558565985348857563935580529096967854802054114870924329487783507742562286656038785721137585573720533510904568513321970910468943443863479452
  1  44    6.63324958071079969822986547334137336785417709117870719411736429223296928521808769341768679825658130181402511569905491318455087956971509495955864986608945769460574794965731136515478888922419608895438622
  1  45    6.70820393249936908922752100619382870632185507883457717281269173623156277691341469824324322513634682490852452845232135051275980317334122159075908036460035812660033451957563749743382993596791956974160728
  1  46    6.78232998312526813906455632662596910519574832392328823275021958208072826398711258986264094093633004422870001819674266859429989613586018414906521565236450599279773978528136300153675710739241514447035912
  1  47    6.85565460040104412493587144908484896046064346100132627548510818567851711513681699922732514850006683693875694634350506614630465862312093693619559815260527412575057494027884603918959659424894161185346179
  1  48    6.92820323027550917410978536602348946777122101524152251222322791780773206763520014832458474702899430270250456566162681211987978037999580991524662204837749459411237292760922232827189928040433869969306006
  1  49    7.00000000000000000000000000000000000000000000000000000000000000000000000000000000000000000000000000000000000000000000000000000000000000000000000000000000000000000000000000000000000000000000000000000000
  1  50    7.07106781186547524400844362104849039284835937688474036588339868995366239231053519425193767163820786367506923115456148512462418027925368606322060748549967915706611332963752796377899975250576391030285735
  1  51    7.14142842854284999799939981136726527876617115990273383320843088276582040644002188625898821353282041823448963226050852152958154660963224659467878396869162444703578931307122783040548544975028922336995909
  1  52    7.21110255092797858623844253494099189250259314769049242542090611245433389658602089040923816403698143534702836404812708075206135652939561541032603433378541951548538112854830526646766078992469388959254645
  1  53    7.28010988928051827109730249152703279377766968257647743837818179128411573862490518332957940908092675219263457047305781215914786075511978540978613467820520657199813343334812029424753922806500665666061509
  1  54    7.34846922834953429459185222411767417589784244197001038529807770175288113237194507961957829931392070445578380367984256737457659637951327202487735185371183565848673824258302971374289031581273531067044393
  1  55    7.41619848709566294871139744080071306097990431909750159873262326434383018431385024275300921319582494350602511185273715755938251391364230101544617059266173475523138045189581304910991873040149891555711107
  1  56    7.48331477354788277116749746463309860351203961555745389260749093464007031261387805595361979038875914300198217745550395509101313073632848518532008410510367023481480224894971726382220003046080525599812771
  1  57    7.54983443527074969723668480694611705822219470462338013829862690571072195391781119558245207414752397258448054230351576624587835076493320005552481645498912354861730867449086980716167867795514509357249451
  1  58    7.61577310586390828566141102715832300536070559254659846895048424052035215737300124464226971438715164561597544052944631617822326915755214163416837151456715755708301421168646787829347138851757163181883326
  1  59    7.68114574786860817576968702173137247306245107761488392802473648393554165799270985185604772796137779901638905968431611210542721094356031961851387612502220331273708377865985641163223679900515352973225584
  1  60    7.74596669241483377035853079956479922166584341058318165317514753222696618387395806703857475371734703583260441372189929402637908087832729923135978349224240702213750958202698716256783906245777858513169283
  1  61    7.81024967590665439412972273575910141356830513664856330017724376019078558893672705442543305226700489518090163471740731248146454235083125094095871919243427535564575736662599768221151806638873891339153058
  1  62    7.87400787401181101968503444881200786368108612202085379459884255031376084681769805692619135124874688992745288968851766560372071654662818322456695877792019623386926868780938247113503509636330070540810388
  1  63    7.93725393319377177150484726091778127713077754924735054110500337760320646969085088328117865942363083184519373501549238928723058966588164435328217166764032316815145218918497167689906878459526178210293416
  1  64    8.00000000000000000000000000000000000000000000000000000000000000000000000000000000000000000000000000000000000000000000000000000000000000000000000000000000000000000000000000000000000000000000000000000000
  1  65    8.06225774829854965236661323030377113113439630560857338793659238926387495102568820296015426671723064363744246613994591221374865212037136173186406649986395163466807324761409646077781536970727384897478748
  1  66    8.12403840463596036045988356826604034850420408672531282765157559453291680284067269499915760294793687743797951151587069799711302331067858642127809328774815189080061124233873555535657375251145722220551081
  1  67    8.18535277187244996995370372473392945888048681549803996306671520272366761446109794534392467163786834453471127515600621176294861011220414995972156792765955040615567300496742758698720679325072024236965245
  1  68    8.24621125123532109964281971194815405029439845074724086879726714618990869267524318717572730162136859336908808187842828323060284168083173672615909629149381395535404653287248172617558113514477141645104276
  1  69    8.30662386291807485258426274490749201023221424895565577943218836903758503342315157386739850823235705026501403985790587155649680531697729336774663629005371903482198453635401287022765311574932129123164424
  1  70    8.36660026534075547978172025785187489392815369298672199811191543080418772594317009830814711964951536165398298866700053668180855002675912921701859835753725356140706292002875069301165861390400994020046072
  1  71    8.42614977317635863063413990620273603160800240156075001366781112932722550275520305548569353729896965907102682707565972319452521584809860509840867570966720326167373474622765288396573964179493081425033351
  1  72    8.48528137423857029281013234525818847141803125226168843906007842794439487077264223310232520596584943641008307738547378214954901633510442327586472898259961498847933599556503355653479970300691669236342882
  1  73    8.54400374531753116787164832623970643459445532953328224190865125377164881932729838108097203010700942960063265270527086784966927667751474162527243649265302517971398490894166122927237694405724855605342017
  1  74    8.60232526704262677172947353504971363202753555729073561950804564123742693466301701278333089069896206439618335858724244863698719879186281144432862858134608635826425202030529172761531462010337627205575487
  1  75    8.66025403784438646763723170752936183471402626905190314027903489725966508454400018540573093378624287837813070707703351514984972547499476239405827756047186824264046615951152791033987410050542337461632507
  1  76    8.71779788708134710447396396771923131827400785046488987378068827631911465640631617131231831170388905381131724259654842725916798556765223402431312167283493980195550583775881178012399343132624148044620480
  1  77    8.77496438739212206040638830741630956087587682755450359092769562978276464621930628167569315706870575593765098724099058024166865537525174775721467088512271315102302922410029640689064737423425552353606072
  1  78    8.83176086632784685476404272695925396417463948093141782621020297255713993823544284037043553941477151773362982546577601311573412541184707332734908854047983633523919062757670767685867942928677842511947512
  1  79    8.88819441731558885009144167540872781707645060372952629835472011637610059962859959602359295271363055315725533939127106689940409267200868336849102266193004169175217518331037668541530738734636130596288360
  1  80    8.94427190999915878563669467492510494176247343844610289708358898164208370255121959765765763351512909987803270460309513401701307089778829545434544048613381083546711269276751666324510658129055942632214304
  1  81    9.00000000000000000000000000000000000000000000000000000000000000000000000000000000000000000000000000000000000000000000000000000000000000000000000000000000000000000000000000000000000000000000000000000000
  1  82    9.05538513813741662657380816698406641305212446409694027658174123001865798076605923338496067859099092644576051505867784783045549157475048947370525102072411095040790849762785648260041424017208387870555883
  1  83    9.11043357914429888194562610468866919009913916826495585249693846506602119428340566558534146092917724673924692633758069962771888330184797132126342399340842579021320961088398574462235813419824198528887029
  1  84    9.16515138991168001317609438745601697796891315353594380521448424781373685109554177320872311898689006535520181079517148174662379834151120392714772672468951074056344564885559638388119380982868984018151788
  1  85    9.21954445729288731000227428176279315724680504872246400800775220544267102680187546076789409079328056494033980887887168415212466334651717223393980571114877717320158431327799515743097244544135794677642575
  1  86    9.27361849549570375251641607399017462626346891207629821337382659832823683646384302323204585735847438424521657628246411626132685995620265901336546413723004891427479006748068380186014846293923385374273962
  1  87    9.32737905308881504555447554232055698327624069419165467105619729844678454880724967841422056291188201600448482749874359775885816388628549688780082731576206631174950914286786377155771879856600628121067534
  1  88    9.38083151964685910913126022708893256117645670682347430721140378203404926550647944296423119212308627070919179332301721496330390488156585124333391741836332889500128252432250150985637666372505999990952134
  1  89    9.43398113205660381132066037762264071698362263341512132066298144898002290958511805854102698689038410453501297428174987498294252498985321852219338274332011002903518548953796147774697192072878552322125816
  1  90    9.48683298050513799599668063329815560115866541797565048057251455837778331591771466403274432513790088556204185245852016544564656809136164004407155879010046171003476497153777982197745046042234001845237225
  1  91    9.53939201416945649152621586023226540254623425250545753908151852910362552305650721827782176449122069822480472705655688106296418753660756642055872174851123582536195158983180330307636273278531418309939623
  1  92    9.59166304662543908319487612832538783999341408380825869297061822889651447181492816498438289287383772123494912649147373026785780784246053097769156758866815932945513934330698868795686912283359744263023982
  1  93    9.64365076099295499576003104743266318390690369306325240730017688773128641866864972290005470929360859108137358340794598885250781569231589601596733559183468895593352282776960143051850230016316610861630122
  1  94    9.69535971483265802814888115084531339365215098795467959053971748623303986757330072848325867847691749657612175839614617207497395081866593845722184460593933204990148382864868028384382285736818153977227975
  1  95    9.74679434480896390683841319989960029925258390033749103199175000572008177246024935684871209603806552755653988140775624313925665036982745524597166727329106516422116747086920972573694532494295671322227755
  1  96    9.79795897113271239278913629882356556786378992262668051373077026900384150982926010615943773241856093927437840490645675649943546183935102936650313580494911421131565099011070628499052042108364708089392524
  1  97    9.84885780179610472174621141491762448169613628744276417172315452983644058370767863009320078411542576243810119887174919971807510373814695028492892278097288699896139007747525648149794361033209800038794026
  1  98    9.89949493661166534161182106946788654998770312763863651223675816593512734923474927195271274029349100914509692361638607917447385239095516048850885047969955081989255866149253914929059965350806947442400029
  1  99    9.94987437106619954734479821001206005178126563676806079117604643834945392782713154012653019738487195272103767354858236977682631935457264243933797479913418654190862192448596704773218333383629413343157933
  1 100    10.00000000000000000000000000000000000000000000000000000000000000000000000000000000000000000000000000000000000000000000000000000000000000000000000000000000000000000000000000000000000000000000000000000000
