
  0  0.28254174877422705  0.28254174552571282  0.49237791322893443 -0.49237792126866869  0.42456503435120391  0.49237792550006937  0.42456504434278264  0.49237792299720406  0.28254173827584506 -0.42456504461806660  4.92377925500069370e-01
  1  0.49237792363301625  0.28254174680463745 -0.46257630083671775 -0.49237791810186582  0.42456503336644380  0.49237792550012560  0.42456504029749131  0.49237792244740369  0.28254174138273308 -0.21472884767334349  4.92377925500125600e-01
  2  0.21472889261802755  0.21472888661083603  0.46257629202003037 -0.46257629945390127  0.49237789699914891 -0.49237792549417286  0.49237791006319215  0.46257630444216918  0.21472887495864390 -0.49237790577561197  4.92377925494172860e-01
  3  0.42456506747559541  0.21472888788980024 -0.49237792204536635 -0.46257629628643543  0.49237789601418258 -0.49237792549449699  0.49237790601813153  0.46257630389221566  0.21472887806570215 -0.28254170883037938  4.92377925494496990e-01
  4 -0.42456505156937729  0.28254173064800481  0.49237792128686675 -0.49237792411607489  0.42456504586023086  0.49237792549671522  0.42456504017455188  0.49237792462607877  0.28254174064469828  0.28254171796775823  4.92377925496715220e-01
  5 -0.21472887671180488  0.28254173192714083 -0.46257629277902595 -0.49237792094931487  0.42456504487600200  0.49237792549726778  0.42456503612999041  0.49237792407647835  0.28254174375177010  0.49237791491291932  4.92377925497267780e-01
  6 -0.49237790772609302  0.21472887173350971  0.46257630007798334 -0.46257630230135327  0.49237790850847973 -0.49237792549772680  0.49237790589535024  0.46257630607113726  0.21472887732751872  0.21472885681001860  4.92377925497726800e-01
  7 -0.28254173286769918  0.21472887301163693 -0.49237791398765957 -0.46257629913470816  0.49237790752333011 -0.49237792549776033  0.49237790185034064  0.46257630552129525  0.21472888043465502  0.42456505375519504  4.92377925497760330e-01
  8  0.28254174647346264  0.28254175090295086  0.49237791251672275 -0.49237792032006200  0.42456503085481417  0.49237792551085729 -0.28254172423708934  0.49237792030126187 -0.42456505607346268 -0.42456504871755985  4.92377925510857290e-01
  9  0.49237792133242575  0.28254175218195293 -0.46257630154876078 -0.49237791715389684  0.42456502987023520  0.49237792551109244 -0.28254172828217566  0.49237791975144368 -0.42456505296639013 -0.21472885177290663  4.92377925511092440e-01
 10  0.21472889031731338  0.21472889198797243  0.46257629130777822 -0.46257629850524035  0.49237789350277567 -0.49237792548376008 -0.21472885851679260  0.46257630174577785 -0.49237791939104475 -0.49237790987546770  4.92377925483760080e-01
 11  0.42456506517496440  0.21472889326726546 -0.49237792275767017 -0.46257629533878991  0.49237789251819092 -0.49237792548361997 -0.21472886256222040  0.46257630119698967 -0.49237791628404826 -0.28254171293035130  4.92377925483619970e-01
 12 -0.42456505387078292  0.28254173602594240  0.49237792057465501 -0.49237792316808615  0.42456504236449227  0.49237792550749743 -0.28254172840474856  0.49237792192998386 -0.42456505370521708  0.28254171386804683  4.92377925507497430e-01
 13 -0.21472887901276289  0.28254173730476001 -0.46257629349073137 -0.49237792000096453  0.42456504137947693  0.49237792550765536 -0.28254173244999614  0.49237792138051595 -0.42456505059752653  0.49237791081354687  4.92377925507655360e-01
 14 -0.49237791002742071  0.21472887711105126  0.46257629936610550 -0.46257630135319944  0.49237790501235990 -0.49237792548748094 -0.21472886268522234  0.46257630337522959 -0.49237791702279332  0.21472885271050710  4.92377925487480940e-01
 15 -0.28254173516873804  0.21472887838987956 -0.49237791469998782 -0.46257629818638385  0.49237790402728554 -0.49237792548719256 -0.21472886673007760  0.46257630282534218 -0.49237791391551156  0.42456504965529041  4.92377925487192560e-01
 16  0.28254174352051509  0.28254174114794611  0.49237791607704751  0.46257629345110463  0.42456503886424740  0.49237792549054965  0.21472885674690356  0.49237792225579452  0.49237791950600412 -0.42456504796587713  4.92377925490549650e-01
 17  0.49237791837895095  0.28254174242698044 -0.46257629798874206  0.46257629661787553  0.42456503788017375  0.49237792549145620  0.21472885270168740  0.49237792170688011  0.49237792261333585 -0.21472885102093500  4.92377925491456200e-01
 18  0.21472888736419585  0.21472888223291661  0.46257629486802243  0.49237791526581415  0.49237790151225996 -0.49237792550364312  0.28254172246697262  0.46257630370113895  0.42456505618812490 -0.49237790912328311  4.92377925503643120e-01
 19  0.42456506222245255  0.21472888351176225 -0.49237791919782609  0.49237791843232959  0.49237790052791353 -0.49237792550344112  0.28254171842142362  0.46257630315178838  0.42456505929556332 -0.28254171217819690  4.92377925503441120e-01
 20 -0.42456505682314627  0.28254172627003005  0.49237792413440928  0.46257629060343763  0.42456505037374320  0.49237792548790427  0.21472885257883959  0.49237792388502205  0.49237792187487656  0.28254171461992189  4.92377925487904270e-01
 21 -0.21472888196556100  0.28254172754889301 -0.46257628993097571  0.46257629376992054  0.42456504938895789  0.49237792548808218  0.21472884853377286  0.49237792333545694  0.49237792498219674  0.49237791156531791  4.92377925488082180e-01
 22 -0.49237791297987754  0.21472886735536839  0.46257630292577812  0.49237791241769863  0.49237791302201178 -0.49237792550704945  0.28254171829901731  0.46257630533028665  0.42456505855729681  0.21472885346246900  4.92377925507049450e-01
 23 -0.28254173812157085  0.21472886863428051 -0.49237791113981233  0.49237791558478422  0.49237791203724396 -0.49237792550662618  0.28254171425374958  0.46257630478062783  0.42456506166441005  0.42456505040735276  4.92377925506626180e-01
 24  0.28254174121956727  0.28254174652518815  0.49237791536513076  0.46257629439958986  0.42456503536852463  0.49237792550177251 -0.49237791183385832  0.49237791956001387 -0.21472887484391603 -0.42456505206550010  4.92377925501772510e-01
 25  0.49237791607772563  0.28254174780411956 -0.46257629870046513  0.46257629756629720  0.42456503438379423  0.49237792550182063 -0.49237791587882235  0.49237791901063482 -0.21472887173704655 -0.21472885512060408  4.92377925501820630e-01
 26  0.21472888506310212  0.21472888761037179  0.46257629415594037  0.49237791621388460  0.49237789801621767 -0.49237792549334586 -0.42456504611322232  0.46257630100516078 -0.28254173816128475 -0.49237791322345742  4.92377925493345860e-01
 27  0.42456505992139726  0.21472888888919600 -0.49237791990928148  0.49237791938066255  0.49237789703148560 -0.49237792549254289 -0.42456505015808316  0.46257630045556869 -0.28254173505400504 -0.28254171627766589  4.92377925492542890e-01
 28 -0.42456505912430925  0.28254173164799107  0.49237792342283759  0.46257629155210933  0.42456504687732116  0.49237792549815373 -0.49237791600142600  0.49237792118881740 -0.21472887247524067  0.28254171051989735  4.92377925498153730e-01
 29 -0.21472888426663256  0.28254173292649976 -0.46257629064266353  0.46257629471876432  0.42456504589299032  0.49237792549814480 -0.49237792004668851  0.49237792063966512 -0.21472886936817168  0.49237790746548249  4.92377925498144800e-01
 30 -0.49237791528110175  0.21472887273251515  0.46257630221410589  0.49237791336658265  0.49237790952527194 -0.49237792549617432 -0.42456505028076613  0.46257630263375105 -0.28254173579203301  0.21472884936261019  4.92377925496174320e-01
 31 -0.28254174042256386  0.21472887401194976 -0.49237791185198448  0.49237791653332175  0.49237790854082619 -0.49237792549578191 -0.42456505432595187  0.46257630208455569 -0.28254173268478888  0.42456504630759745  4.92377925495781910e-01
 32  0.28254174895936762 -0.42456504694622804  0.49237791235253681 -0.49237791891972454 -0.28254173610605471  0.49237792550247600  0.42456504851739230  0.49237791778954199  0.28254173221936085 -0.42456504780077198  4.92377925502476000e-01
 33  0.49237792381813389 -0.42456504566686221 -0.46257630171349484 -0.49237791575299678 -0.28254173709056368  0.49237792550273929  0.42456504447217042  0.49237791723983870  0.28254173532649585 -0.21472885085585081  4.92377925502739290e-01
 34  0.21472889280360269 -0.49237790586191460  0.46257629114381732 -0.46257629710505732 -0.21472887345922292 -0.49237792549249376  0.49237791423827820  0.46257629923424182  0.21472886890230050 -0.49237790895865818  4.92377925492493760e-01
 35  0.42456506766171576 -0.49237790458261466 -0.49237792292220306 -0.46257629393826721 -0.21472887444371339 -0.49237792549231085  0.49237791019307514  0.46257629868473077  0.21472887200964619 -0.28254171201330230  4.92377925492310850e-01
 36 -0.42456505138418138 -0.42456506182354053  0.49237792040990569 -0.49237792176755452 -0.28254172459650784  0.49237792549913151  0.42456504434955128  0.49237791941841730  0.28254173458814708  0.28254171478485807  4.92377925499131510e-01
 37 -0.21472887652624620 -0.42456506054420301 -0.46257629365556791 -0.49237791860069258 -0.28254172558149226  0.49237792549910719  0.42456504030455255  0.49237791886840088  0.28254173769568675  0.49237791172999590  4.92377925499107190e-01
 38 -0.49237790754079852 -0.49237792073914433  0.46257629920148935 -0.46257629995205568 -0.21472886194917706 -0.49237792549553211  0.49237791007018866  0.46257630086332024  0.21472887127085866  0.21472885362766223  4.92377925495532110e-01
 39 -0.28254173268245314 -0.49237791946032999 -0.49237791486418797 -0.46257629678592110 -0.21472886293419474 -0.49237792549534332  0.49237790602501813  0.46257630031398617  0.21472887437835597  0.42456505057251276  4.92377925495343320e-01
 40  0.28254174665863269 -0.42456504156841829  0.49237791164017575 -0.49237791797133573 -0.28254173960191992  0.49237792551314252 -0.28254172006223227  0.49237791509320517 -0.42456506212996042 -0.42456505190051591  4.92377925513142520e-01
 41  0.49237792151752297 -0.42456504028958758 -0.46257630242505110 -0.49237791480494963 -0.28254174058687415  0.49237792551339843 -0.28254172410741812  0.49237791454340540 -0.42456505902262753 -0.21472885495539093  4.92377925513398430e-01
 42  0.21472889050272875 -0.49237790048398827  0.46257629043161913 -0.46257629615656809 -0.21472887695540055 -0.49237792548167308 -0.21472885434225084  0.46257629653819754 -0.49237792544792758 -0.49237791305865553  4.92377925481673080e-01
 43  0.42456506536056177 -0.49237789920516389 -0.49237792363460531 -0.46257629299008141 -0.21472887793976136 -0.49237792548204240 -0.21472885838723046  0.46257629598904237 -0.49237792234036054 -0.28254171611271356  4.92377925482042400e-01
 44 -0.42456505368514263 -0.42456505644639619  0.49237791969795336 -0.49237792081923498 -0.28254172809310368  0.49237792550965337 -0.28254172422979246  0.49237791672243175 -0.42456505976136211  0.28254171068508255  4.92377925509653370e-01
 45 -0.21472887882719016 -0.42456505516720522 -0.46257629436727654 -0.49237791765204253 -0.28254172907790909  0.49237792551006498 -0.28254172827542351  0.49237791617268772 -0.42456505665363287  0.49237790763056921  4.92377925510064980e-01
 46 -0.49237790984197249 -0.49237791536182879  0.46257629848918697 -0.46257629900435865 -0.21472886544590447 -0.49237792548523179 -0.21472885851017551  0.46257629816710527 -0.49237792307883993  0.21472884952777735  4.92377925485231790e-01
 47 -0.28254173498355639 -0.49237791408270232 -0.49237791557628607 -0.46257629583758703 -0.21472886643030117 -0.49237792548484544 -0.21472886255513451  0.46257629761765034 -0.49237791997149843  0.42456504647244814  4.92377925484845440e-01
 48  0.28254174370579466 -0.42456505132378258  0.49237791520069379  0.46257629580006415 -0.28254173159282570  0.49237792549322223  0.21472886092181928  0.49237791704828837  0.49237791344973481 -0.42456505114810494  4.92377925493222230e-01
 49  0.49237791856434088 -0.42456505004520778 -0.46257629886532881  0.46257629896648744 -0.28254173257759496  0.49237792549366616  0.21472885687687190  0.49237791649865870  0.49237791655688135 -0.21472885420370846  4.92377925493666160e-01
 50  0.21472888754959860 -0.49237791023971889  0.46257629399168892  0.49237791761408578 -0.21472886894555401 -0.49237792550159681  0.28254172664151178  0.46257629849354581  0.42456505013167706 -0.49237791230601330  4.92377925501596810e-01
 51  0.42456506240753605 -0.49237790896038064 -0.49237792007423764  0.49237792078126147 -0.21472886992999929 -0.49237792550136106  0.28254172259646143  0.46257629794401944  0.42456505323925958 -0.28254171536093131  4.92377925501361060e-01
 52 -0.42456505663752736 -0.42456506620123957  0.49237792325799479  0.46257629295221941 -0.28254172008296441  0.49237792548986836  0.21472885675372699  0.49237791867716207  0.49237791581872076  0.28254171143670942  4.92377925489868360e-01
 53 -0.21472888178022179 -0.42456506492236890 -0.46257629080769863  0.46257629611913764 -0.28254172106818132  0.49237792549021925  0.21472885270858999  0.49237791812755372  0.49237791892588273  0.49237790838240192  4.92377925490219250e-01
 54 -0.49237791279470439 -0.49237792511709844  0.46257630204954331  0.49237791476709841 -0.21472885743588621 -0.49237792550462789  0.28254172247388981  0.46257630012255718  0.42456505250100546  0.21472885027944386  4.92377925504627890e-01
 55 -0.28254173793606285 -0.49237792383759788 -0.49237791201610964  0.49237791793347885 -0.21472885842095332 -0.49237792550454212  0.28254171842867726  0.46257629957232965  0.42456505560790220  0.42456504722446237  4.92377925504542120e-01
 56  0.28254174140463723 -0.42456504594625089  0.49237791448825102  0.46257629674803585 -0.28254173508895897  0.49237792550382214 -0.49237790765889972  0.49237791435186035 -0.21472888090032446 -0.42456505524801119  4.92377925503822140e-01
 57  0.49237791626341398 -0.42456504466750394 -0.46257629957659435  0.46257629991522353 -0.28254173607370192  0.49237792550420956 -0.49237791170373413  0.49237791380243406 -0.21472887779333388 -0.21472885830340932  4.92377925504209560e-01
 58  0.21472888524841927 -0.49237790486188193  0.46257629327975136  0.49237791856286672 -0.21472887244136579 -0.49237792549094295 -0.42456504193813038  0.46257629579734821 -0.28254174421738809 -0.49237791640603085  4.92377925490942950e-01
 59  0.42456506010608552 -0.49237790358268158 -0.49237792078612486  0.49237792172943595 -0.21472887342636424 -0.49237792549042597 -0.42456504598331596  0.46257629524774213 -0.28254174111031355 -0.28254171946048934  4.92377925490425970e-01
 60 -0.42456505893889707 -0.42456506082386086  0.49237792254630286  0.46257629390046345 -0.28254172357959445  0.49237792550056492 -0.49237791182681084  0.49237791598093528 -0.21472887853152489  0.28254170733719752  4.92377925500564920e-01
 61 -0.21472888408149313 -0.42456505954481188 -0.46257629151942475  0.46257629706707393 -0.28254172456408849  0.49237792550088449 -0.49237791587172103  0.49237791543127091 -0.21472887542441835  0.49237790428242678  4.92377925500884490e-01
 62 -0.49237791509568335 -0.49237791973956957  0.46257630133797212  0.49237791571536249 -0.21472886093218893 -0.49237792549423087 -0.42456504610618950  0.46257629742609546 -0.28254174184859099  0.21472884618047061  4.92377925494230870e-01
 63 -0.28254174023743073 -0.49237791846068329 -0.49237791272797476  0.49237791888206756 -0.21472886191703983 -0.49237792549390724 -0.42456505015106377  0.46257629687633817 -0.28254173874148558  0.42456504312496901  4.92377925493907240e-01

