
  0 -0.32519649676097451 -0.21192032095740893 -0.32519649714501619  0.21192032110833375  0.32519649773298503  0.32519649752638025  0.21192032192118704  0.32519649638929549 -0.32519649763681691 -0.32519649694972297  0.32519649654265809  0.21192032139070724 -0.32519649665036859  0.32519649745084184 -0.32519649762041997  0.21192032227489707  0.32519649702925024 -0.21192032219172993  0.32519649758406288  0.32519649771878828  3.25196497732985030e-01
  1 -0.32519649672422124 -0.21192032077763223 -0.32519649724882904  0.21192032173183620  0.32519649776195825  0.32519649673144468  0.21192032161865623  0.32519649666399092 -0.32519649743458218 -0.32519649736514950  0.32519649651594695  0.21192032142217807  0.21192032163987404  0.32519649773683690 -0.32519649762120312 -0.32519649694875485 -0.32519649709559612 -0.21192032209342707  0.32519649753833640  0.32519649771618298  3.25196497761958250e-01
  2  0.32519649718594507 -0.21192032077944781 -0.32519649699397429 -0.32519649759873048  0.32519649773201587  0.32519649738272821  0.21192032158919608  0.32519649673196366 -0.32519649758646740 -0.32519649681744139  0.32519649653083932  0.21192032143601178 -0.32519649714548426  0.32519649739966822  0.21192032140114306  0.21192032192110405  0.32519649643363180 -0.21192032226672267  0.32519649776646231  0.32519649772606496  3.25196497766462310e-01
  3  0.32519649722283039 -0.21192032059955046 -0.32519649709778198 -0.32519649697535641  0.32519649776120779  0.32519649658769018  0.21192032128644941  0.32519649700671571 -0.32519649738410950 -0.32519649723326705  0.32519649650412885  0.21192032146729314  0.21192032114404705  0.32519649768602699  0.21192032140043532 -0.32519649730251465 -0.32519649769128900 -0.21192032216866277  0.32519649772066161  0.32519649772360093  3.25196497761207790e-01
  4 -0.32519649681688306 -0.21192032090331395 -0.32519649747950780  0.21192032111797282  0.32519649771766018 -0.21192031968524633  0.21192032227100077  0.32519649652697658 -0.32519649757855335 -0.32519649716458998  0.32519649689029484  0.21192032162493846 -0.32519649695893293 -0.32519649710232429 -0.32519649767322251  0.21192032229867280  0.32519649720531912  0.32519649759079966  0.32519649755400709  0.32519649774219628  3.25196497742196280e-01
  5 -0.32519649678059792 -0.21192032072339667 -0.32519649758401553  0.21192032174154088  0.32519649774687848 -0.21192032048044263  0.21192032196887081  0.32519649680129675 -0.32519649737595524 -0.32519649758065355  0.32519649686349628  0.21192032165653360  0.21192032133052346 -0.32519649681604407 -0.32519649767387954 -0.32519649692452046 -0.32519649691961378  0.32519649768909437  0.32519649750842650  0.32519649773968456  3.25196497746878480e-01
  6  0.32519649712958615 -0.21192032072513947 -0.32519649732890393 -0.32519649758888092  0.32519649771684311 -0.21192031982928453  0.21192032193886465  0.32519649686943625 -0.32519649752785951 -0.32519649703211323  0.32519649687866242  0.21192032167051528 -0.32519649745472740 -0.32519649715337673  0.21192032134812919  0.21192032194513424  0.32519649660975292  0.32519649751630419  0.32519649773643022  0.32519649774978227  3.25196497749782270e-01
  7  0.32519649716644650 -0.21192032054487547 -0.32519649743291262 -0.32519649696518860  0.32519649774589066 -0.21192032062430960  0.21192032163669758  0.32519649714355048 -0.32519649732553585 -0.32519649744781515  0.32519649685183333  0.21192032170187738  0.21192032083520201 -0.32519649686713237  0.21192032134781211 -0.32519649727837158 -0.32519649751520724  0.32519649761413394  0.32519649769104769  0.32519649774699577  3.25196497746995770e-01
  8 -0.32519649695274039 -0.21192032114354664  0.32519649718024607  0.21192032098169622  0.32519649773438908  0.32519649668348521  0.21192032213927683  0.32519649606417667 -0.32519649741363510 -0.32519649678771395 -0.21192032166345837 -0.32519649767463654 -0.32519649661477201  0.32519649733191547 -0.32519649766449904  0.21192032217286422  0.32519649703533882 -0.21192032219091830  0.32519649757943342  0.32519649773044690  3.25196497734389080e-01
  9 -0.32519649691608160 -0.21192032096364438  0.32519649707631143  0.21192032160506927  0.32519649776366988  0.32519649588841365  0.21192032183653628  0.32519649633827907 -0.32519649721069238 -0.32519649720311822 -0.21192032169063801 -0.32519649764280878  0.21192032167547956  0.32519649761849018 -0.32519649766474196 -0.32519649705062176 -0.32519649708985771 -0.21192032209253434  0.32519649753352592  0.32519649772782422  3.25196497763669880e-01
 10  0.32519649699458608 -0.21192032096555319  0.32519649733104777 -0.32519649772555798  0.32519649773330939  0.32519649654003691  0.21192032180706677  0.32519649640692028 -0.32519649736305056 -0.32519649665554357 -0.21192032167526678 -0.32519649762904934 -0.32519649711015997  0.32519649728087990  0.21192032135706074  0.21192032181931003  0.32519649643958276 -0.21192032226574814  0.32519649776142245  0.32519649773818488  3.25196497761422450e-01
 11  0.32519649703098630 -0.21192032078531392  0.32519649722725241 -0.32519649710154480  0.32519649776261805  0.32519649574451359  0.21192032150455817  0.32519649668126488 -0.32519649716025034 -0.32519649707109494 -0.21192032170220509 -0.32519649759725267  0.21192032118006104  0.32519649756759400  0.21192032135631661 -0.32519649740424722 -0.32519649768533504 -0.21192032216774839  0.32519649771593900  0.32519649773527493  3.25196497762618050e-01
 12 -0.32519649700883696 -0.21192032108889827  0.32519649684516422  0.21192032099115729  0.32519649771921277 -0.21192032052805104  0.21192032248947035  0.32519649620188551 -0.32519649735484790 -0.32519649700283593 -0.21192032131602045 -0.32519649744017604 -0.32519649692332014 -0.32519649722074684 -0.32519649771716819  0.21192032219675866  0.32519649721131605  0.32519649759215574  0.32519649754902380  0.32519649775423742  3.25196497754237420e-01
 13 -0.32519649697213671 -0.21192032090939039  0.32519649674098577  0.21192032161501290  0.32519649774819109 -0.21192032132367195  0.21192032218689527  0.32519649647627225 -0.32519649715241189 -0.32519649741797391 -0.21192032134275707 -0.32519649740862444  0.21192032136632494 -0.32519649693461061 -0.32519649771768122 -0.32519649702617909 -0.32519649691358565  0.32519649769023973  0.32519649750372265  0.32519649775125797  3.25196497751257970e-01
 14  0.32519649693795061 -0.21192032091103682  0.32519649699590458 -0.32519649771569648  0.32519649771828252 -0.21192032067218297  0.21192032215722201  0.32519649654421651 -0.32519649730440581 -0.32519649687007468 -0.21192032132781358 -0.32519649739459150 -0.32519649741890827 -0.32519649727225935  0.21192032130423066  0.21192032184342507  0.32519649661586186  0.32519649751696222  0.32519649773146142  0.32519649776147114  3.25196497761471140e-01
 15  0.32519649697516811 -0.21192032073134720  0.32519649689195923 -0.32519649709242104  0.32519649774744658 -0.21192032146706954  0.21192032185546983  0.32519649681843532 -0.32519649710178200 -0.32519649728625377 -0.21192032135476893 -0.32519649736329231  0.21192032087106522 -0.32519649698599062  0.21192032130388391 -0.32519649738016759 -0.32519649750934670  0.32519649761570102  0.32519649768617181  0.32519649775918258  3.25196497759182580e-01
 16 -0.32519649680783230  0.32519649714021276 -0.32519649723606192  0.21192032120454088  0.32519649771840120  0.32519649776669585  0.21192032161816737  0.32519649675048395 -0.32519649739966450  0.32519649728023547  0.32519649641945003  0.21192032141876363 -0.32519649628827341  0.32519649715980431 -0.32519649762349206  0.21192032229091373  0.32519649708568432 -0.21192032212759959 -0.21192032170491801  0.32519649772149845  3.25196497766695850e-01
 17 -0.32519649677137508  0.32519649732030692 -0.32519649734016687  0.21192032182820125  0.32519649774727266  0.32519649697169772  0.21192032131621177  0.32519649702530112 -0.32519649719736993  0.32519649686528196  0.32519649639221115  0.21192032144996656  0.21192032200175376  0.32519649744604268 -0.32519649762441560 -0.32519649693267522 -0.32519649703940667 -0.21192032202922167 -0.21192032175035075  0.32519649771858905  3.25196497747272660e-01
 18  0.32519649713886406  0.32519649731807254 -0.32519649708502518 -0.32519649750257185  0.32519649771726178  0.32519649762290348  0.21192032128639604  0.32519649709312543 -0.32519649734943834  0.32519649741303502  0.32519649640754328  0.21192032146404244 -0.32519649678375728  0.32519649710871951  0.21192032139776587  0.21192032193716695  0.32519649648965643 -0.21192032220261223 -0.21192032152250162  0.32519649772860459  3.25196497728604590e-01
 19  0.32519649717604898  0.32519649749790897 -0.32519649718904031 -0.32519649687901026  0.32519649774658188  0.32519649682799323  0.21192032098414629  0.32519649736760553 -0.32519649714698928  0.32519649699708464  0.32519649638064640  0.21192032149536777  0.21192032150639281  0.32519649739555140  0.21192032139753100 -0.32519649728645689 -0.32519649763496272 -0.21192032210477860 -0.21192032156793617  0.32519649772625198  3.25196497746581880e-01
 20 -0.32519649686417496  0.32519649719459726 -0.32519649757105562  0.21192032121403573  0.32519649770304870 -0.21192031944521691  0.21192032196856034  0.32519649688794305 -0.32519649734136497  0.32519649706501308  0.32519649676678580  0.21192032165313676 -0.32519649659719918 -0.32519649739310513 -0.32519649767611858  0.21192032231440014  0.32519649726175531  0.32519649765517916 -0.21192032173476563  0.32519649774498260  3.25196497744982600e-01
 21 -0.32519649682753915  0.32519649737443029 -0.32519649767539638  0.21192032183781953  0.32519649773229947 -0.21192032024043986  0.21192032166609096  0.32519649716243004 -0.32519649713891291  0.32519649664991918  0.32519649673966733  0.21192032168452124  0.21192032169261349 -0.32519649710667109 -0.32519649767681186 -0.32519649690868174 -0.32519649686307395  0.32519649775350462 -0.21192032178014047  0.32519649774195103  3.25196497753504620e-01
 22  0.32519649708277043  0.32519649737249584 -0.32519649742029544 -0.32519649749286839  0.32519649770221248 -0.21192031958891697  0.21192032163707236  0.32519649723061289 -0.32519649729079519  0.32519649719787780  0.32519649675525075  0.21192032169844707 -0.32519649709274506 -0.32519649744458046  0.21192032134533403  0.21192032196101865  0.32519649666615502  0.32519649758005631 -0.21192032155252605  0.32519649775202025  3.25196497752020250e-01
 23  0.32519649711972787  0.32519649755224445 -0.32519649752421664 -0.32519649686920277  0.32519649773117243 -0.21192032038393241  0.21192032133426489  0.32519649750510327 -0.32519649708832382  0.32519649678218293  0.32519649672798573  0.21192032172966227  0.21192032119719981 -0.32519649715800736  0.21192032134487895 -0.32519649726248295 -0.32519649745880980  0.32519649767843462 -0.21192032159792884  0.32519649774951270  3.25196497749512700e-01
 24 -0.32519649699950243  0.32519649695433478  0.32519649708878379  0.21192032107764058  0.32519649771994974  0.32519649692378927  0.21192032183668644  0.32519649642522730 -0.32519649717593740  0.32519649744245588 -0.21192032178718462 -0.32519649764642439 -0.32519649625249542  0.32519649704103065 -0.32519649766756159  0.21192032218875825  0.32519649709163589 -0.21192032212650869 -0.21192032170957667  0.32519649773321063  3.25196497733210630e-01
 25 -0.32519649696261788  0.32519649713367482  0.32519649698470410  0.21192032170106673  0.32519649774861376  0.32519649612853457  0.21192032153419144  0.32519649669976053 -0.32519649697347291  0.32519649702657349 -0.21192032181430209 -0.32519649761502956  0.21192032203738909  0.32519649732772593 -0.32519649766797626 -0.32519649703450471 -0.32519649703321857 -0.21192032202831307 -0.21192032175506470  0.32519649773034481  3.25196497748613760e-01
 26  0.32519649694790875  0.32519649713229892  0.32519649723988314 -0.32519649762950037  0.32519649771888204  0.32519649677958556  0.21192032150484075  0.32519649676796941 -0.32519649712585125  0.32519649757460323 -0.21192032179876374 -0.32519649760117991 -0.32519649674782825  0.32519649699023778  0.21192032135400757  0.21192032183543177  0.32519649649571553 -0.21192032220164245 -0.21192032152694226  0.32519649774061277  3.25196497740612770e-01
 27  0.32519649698447406  0.32519649731233158  0.32519649713627541 -0.32519649700570219  0.32519649774771486  0.32519649598476918  0.21192032120197499  0.32519649704235309 -0.32519649692318825  0.32519649715914695 -0.21192032182565967 -0.32519649756963603  0.21192032154205240  0.32519649727661920  0.21192032135368158 -0.32519649738817807 -0.32519649762910358 -0.21192032210342152 -0.21192032157274071  0.32519649773788611  3.25196497747714860e-01
 28 -0.32519649705569592  0.32519649700859743  0.32519649675356987  0.21192032108718598  0.32519649770455800 -0.21192032028837529  0.21192032218683873  0.32519649656271943 -0.32519649711736126  0.32519649722723060 -0.21192032143970657 -0.32519649741191309 -0.32519649656162092 -0.32519649751214080 -0.32519649772049614  0.21192032221250212  0.32519649726758421  0.32519649765629777 -0.21192032173951733  0.32519649775657200  3.25196497756572000e-01
 29 -0.32519649701866843  0.32519649718807037  0.32519649665006700  0.21192032171087483  0.32519649773336812 -0.21192032108342276  0.21192032188424953  0.32519649683709800 -0.32519649691506380  0.32519649681175256 -0.21192032146656448 -0.32519649738074419  0.21192032172832143 -0.32519649722571814 -0.32519649772068621 -0.32519649701059006 -0.32519649685743846  0.32519649775436343 -0.21192032178507783  0.32519649775405784  3.25196497754363430e-01
 30  0.32519649689124314  0.32519649718650739  0.32519649690486857 -0.32519649761973618  0.32519649770363973 -0.21192032043243528  0.21192032185516887  0.32519649690552049 -0.32519649706733872  0.32519649736005707 -0.21192032145157969 -0.32519649736707834 -0.32519649705723364 -0.32519649756344648  0.21192032130100261  0.21192032185921017  0.32519649667219319  0.32519649758092367 -0.21192032155655646  0.32519649776431475  3.25196497764314750e-01
 31  0.32519649692820385  0.32519649736659717  0.32519649680078838 -0.32519649699601322  0.32519649773258780 -0.21192032122700358  0.21192032155258869  0.32519649717996718 -0.32519649686450408  0.32519649694415964 -0.21192032147837075 -0.32519649733503214  0.21192032123289731 -0.32519649727652333  0.21192032130093075 -0.32519649736423450 -0.32519649745267770  0.32519649767930076 -0.21192032160237800  0.32519649776178472  3.25196497761784720e-01
 32 -0.32519649637417120 -0.21192032100097744 -0.32519649686682917  0.21192032152623580  0.32519649773496184  0.32519649715642418 -0.32519649672321932 -0.32519649720492150  0.21192032187531640 -0.32519649700460734  0.32519649732988004  0.21192032133990155 -0.32519649647396948  0.32519649735230616 -0.32519649763919251  0.21192032227181698  0.32519649732018874 -0.21192032222282847  0.32519649757598529  0.32519649772630510  3.25196497734961840e-01
 33 -0.32519649633735220 -0.21192032082109716 -0.32519649697136821  0.21192032214950723  0.32519649776369713  0.32519649636168074 -0.32519649702553927 -0.32519649693040242  0.21192032207792677 -0.32519649741980228  0.32519649730306061  0.21192032137128317  0.21192032181623885  0.32519649763874997 -0.32519649763963127 -0.32519649695193409 -0.32519649680486090 -0.21192032212436979  0.32519649753088847  0.32519649772365528  3.25196497763697130e-01
 34  0.32519649757336144 -0.21192032082286294 -0.32519649671627326 -0.32519649718008464  0.32519649773403503  0.32519649701275655 -0.32519649705457165 -0.32519649686203389  0.21192032192585286 -0.32519649687189456  0.32519649731816802  0.21192032138485134 -0.32519649696920871  0.32519649730112371  0.21192032138240896  0.21192032191793397  0.32519649672441375 -0.21192032229778041  0.32519649775846621  0.32519649773355430  3.25196497758466210e-01
 35  0.32519649761026814 -0.21192032064307351 -0.32519649681965640 -0.32519649655676769  0.32519649776312115  0.32519649621754593 -0.32519649735758466 -0.32519649658763189  0.21192032212851089 -0.32519649728763855  0.32519649729115419  0.21192032141611214  0.21192032132068134  0.32519649758784563  0.21192032138213523 -0.32519649730569905 -0.32519649740035900 -0.21192032219967127  0.32519649771312564  0.32519649773096632  3.25196497763121150e-01
 36 -0.32519649643038273 -0.21192032094647009 -0.32519649720198796  0.21192032153593482  0.32519649771981296 -0.21192032005542866 -0.32519649637297954 -0.32519649706733722  0.21192032193380414 -0.32519649721954924  0.32519649767748116  0.21192032157390642 -0.32519649678272605 -0.32519649720099991 -0.32519649769158165  0.21192032229555094  0.32519649749635660  0.32519649756005808  0.32519649754629348  0.32519649774961962  3.25196497749619620e-01
 37 -0.32519649639327369 -0.21192032076654807 -0.32519649730590999  0.21192032215970569  0.32519649774854842 -0.21192032085039741 -0.32519649667535183 -0.32519649679262147  0.21192032213612580 -0.32519649763508052  0.32519649765054048  0.21192032160549149  0.21192032150706749 -0.32519649691417529 -0.32519649769215797 -0.32519649692772290 -0.32519649662868133  0.32519649765821107  0.32519649750058877  0.32519649774717518  3.25196497748548420e-01
 38  0.32519649751695340 -0.21192032076852821 -0.32519649705104836 -0.32519649717102611  0.32519649771896653 -0.21192032019912999 -0.32519649670473061 -0.32519649672473760  0.21192032198424163 -0.32519649708702664  0.32519649766588443  0.21192032161952357 -0.32519649727803673 -0.32519649725198846  0.21192032132957220  0.21192032194197452  0.32519649690074803  0.32519649748493101  0.32519649772874093  0.32519649775703424  3.25196497757034240e-01
 39  0.32519649755376639 -0.21192032058871998 -0.32519649715486515 -0.32519649654725924  0.32519649774787612 -0.21192032099428995 -0.32519649700697617 -0.32519649645028492  0.21192032218686918 -0.32519649750274282  0.32519649763911429  0.21192032165083116  0.21192032101179545 -0.32519649696567715  0.21192032132951072 -0.32519649728157229 -0.32519649722410998  0.32519649758349084  0.32519649768339504  0.32519649775462006  3.25196497754620060e-01
 40 -0.32519649656565963 -0.21192032118685522  0.32519649745820256  0.21192032139978717  0.32519649773648046  0.32519649631348108 -0.32519649650462146 -0.32519649752967583  0.21192032209921113 -0.32519649684260254 -0.21192032087643128 -0.32519649772530018 -0.32519649643839194  0.32519649723403354 -0.32519649768307007  0.21192032216990475  0.32519649732635203 -0.21192032222184135  0.32519649757119562  0.32519649773832848  3.25196497738328480e-01
 41 -0.32519649652887805 -0.21192032100721836  0.32519649735407069  0.21192032202304303  0.32519649776522430  0.32519649551853236 -0.32519649680718549 -0.32519649725557837  0.21192032230146257 -0.32519649725819533 -0.21192032090342092 -0.32519649769369635  0.21192032185193843  0.32519649751977608 -0.32519649768336406 -0.32519649705387621 -0.32519649679865631 -0.21192032212325235  0.32519649752582935  0.32519649773558595  3.25196497765224300e-01
 42  0.32519649738177520 -0.21192032100894112  0.32519649760915481 -0.32519649730755279  0.32519649773535142  0.32519649616964130 -0.32519649683667329 -0.32519649718750621  0.21192032214960452 -0.32519649671005796 -0.21192032088839965 -0.32519649768010694 -0.32519649693334640  0.32519649718267452  0.21192032133858082  0.21192032181599255  0.32519649673032686 -0.21192032229671204  0.32519649775397480  0.32519649774579368  3.25196497753974800e-01
 43  0.32519649741847445 -0.21192032082913484  0.32519649750514584 -0.32519649668388001  0.32519649776427495  0.32519649537463236 -0.32519649713929694 -0.32519649691309627  0.21192032235223443 -0.32519649712584375 -0.21192032091514648 -0.32519649764869751  0.21192032135627581  0.32519649746904750  0.21192032133818653 -0.32519649740717932 -0.32519649739444989 -0.21192032219859311  0.32519649770822956  0.32519649774274756  3.25196497764274950e-01
 44 -0.32519649662202965 -0.21192032113222675  0.32519649712329307  0.21192032140944392  0.32519649772109643 -0.21192032089851628 -0.32519649615458107 -0.32519649739225082  0.21192032215739101 -0.32519649705719772 -0.21192032052898610 -0.32519649749106799 -0.32519649674712164 -0.32519649731960443 -0.32519649773571480  0.21192032219382667  0.32519649750249974  0.32519649756100860  0.32519649754189522  0.32519649776205134  3.25196497762051340e-01
 45 -0.32519649658501326 -0.21192032095267319  0.32519649701922759  0.21192032203286629  0.32519649775008203 -0.21192032169347383 -0.32519649645719106 -0.32519649711819648  0.21192032236002969 -0.32519649747313212 -0.21192032055572063 -0.32519649745939017  0.21192032154273965 -0.32519649703285392 -0.32519649773646286 -0.32519649702943648 -0.32519649662266698  0.32519649765937908  0.32519649749612922  0.32519649775919052  3.25196497759190520e-01
 46  0.32519649732525330 -0.21192032095466407  0.32519649727381988 -0.32519649729740413  0.32519649772015552 -0.21192032104200578 -0.32519649648636295 -0.32519649704958342  0.21192032220807880 -0.32519649692512642 -0.21192032054064183 -0.32519649744566276 -0.32519649724242733 -0.32519649737035489  0.21192032128551971  0.21192032184009418  0.32519649690639268  0.32519649748614593  0.32519649772394071  0.32519649776893156  3.25196497768931560e-01
 47  0.32519649736207462 -0.21192032077474948  0.32519649717007415 -0.32519649667414219  0.32519649774922271 -0.21192032183729623 -0.32519649678899792 -0.32519649677555884  0.21192032241079745 -0.32519649734071832 -0.21192032056776772 -0.32519649741459855  0.21192032104766778 -0.32519649708413867  0.21192032128553204 -0.32519649738317347 -0.32519649721819427  0.32519649758418478  0.32519649767867570  0.32519649776647375  3.25196497766473750e-01
 48 -0.32519649642096798  0.32519649709676229 -0.32519649695821246  0.21192032162262425  0.32519649772042569  0.32519649739646916 -0.32519649702528092 -0.32519649684362684  0.21192032211270920  0.32519649722571992  0.32519649720641391  0.21192032136791175 -0.32519649611174661  0.32519649706160969 -0.32519649764210945  0.21192032228734065  0.32519649737658651 -0.21192032215840848 -0.21192032171246353  0.32519649772896403  3.25196497728964030e-01
 49 -0.32519649638404408  0.32519649727657673 -0.32519649706220238  0.21192032224594426  0.32519649774957587  0.32519649660131428 -0.32519649732781913 -0.32519649656922894  0.21192032231499555  0.32519649681003771  0.32519649717935956  0.21192032139921635  0.21192032217794185  0.32519649734786171 -0.32519649764252245 -0.32519649693565345 -0.32519649674817985 -0.21192032206006778 -0.21192032175815756  0.32519649772633802  3.25196497749575870e-01
 50  0.32519649752650182  0.32519649727483624 -0.32519649680710166 -0.32519649708434351  0.32519649771937015  0.32519649725268263 -0.32519649735733475 -0.32519649650074489  0.21192032216298709  0.32519649735819106  0.32519649719463156  0.21192032141291453 -0.32519649660714595  0.32519649701031927  0.21192032137910666  0.21192032193393134  0.32519649678081791 -0.21192032223345847 -0.21192032153000609  0.32519649773627779  3.25196497736277790e-01
 51  0.32519649756293817  0.32519649745433343 -0.32519649691089342 -0.32519649646077292  0.32519649774836890  0.32519649645798276 -0.32519649765977282 -0.32519649622667068  0.21192032236566616  0.32519649694237041  0.32519649716763033  0.21192032144461501  0.21192032168256961  0.32519649729683536  0.21192032137914749 -0.32519649728962124 -0.32519649734417366 -0.21192032213513851 -0.21192032157542084  0.32519649773372361  3.25196497748368900e-01
 52 -0.32519649647712673  0.32519649715106813 -0.32519649729321609  0.21192032163222704  0.32519649770509179 -0.21192031981544526 -0.32519649667507289 -0.32519649670607215  0.21192032217099152  0.32519649701087039  0.32519649755380653  0.21192032160214133 -0.32519649642089798 -0.32519649749197888 -0.32519649769475023  0.21192032231164395  0.32519649755270841  0.32519649762441327 -0.21192032174233857  0.32519649775244158  3.25196497752441580e-01
 53 -0.32519649644053855  0.32519649733092626 -0.32519649739694084  0.21192032225569715  0.32519649773408282 -0.21192032061051794 -0.32519649697774777 -0.32519649643165821  0.21192032237355399  0.32519649659486494  0.32519649752727237  0.21192032163354113  0.21192032186887963 -0.32519649720522537 -0.32519649769529840 -0.32519649691157282 -0.32519649657210564  0.32519649772236164 -0.21192032178799119  0.32519649774988485  3.25196497749884850e-01
 54  0.32519649747011381  0.32519649732895817 -0.32519649714219118 -0.32519649707475717  0.32519649770404552 -0.21192031995904012 -0.32519649700717695 -0.32519649636340953  0.21192032222148402  0.32519649714307974  0.32519649754230634  0.21192032164735883 -0.32519649691595148 -0.32519649754295388  0.21192032132669708  0.21192032195777893  0.32519649695692038  0.32519649754945934 -0.21192032156016044  0.32519649775979653  3.25196497759796530e-01
 55  0.32519649750674207  0.32519649750864471 -0.32519649724628674 -0.32519649645115295  0.32519649773342801 -0.21192032075409159 -0.32519649730939837 -0.32519649608859180  0.21192032242434922  0.32519649672735634  0.32519649751544516  0.21192032167867172  0.21192032137366179 -0.32519649725594046  0.21192032132600899 -0.32519649726552197 -0.32519649716812737  0.32519649764729730 -0.21192032160497909  0.32519649775732379  3.25196497757323790e-01
 56 -0.32519649661255073  0.32519649691070734  0.32519649736711465  0.21192032149571022  0.32519649772159454  0.32519649655343680 -0.32519649680712620 -0.32519649716885835  0.21192032233584776  0.32519649738776379 -0.21192032100006244 -0.32519649769752029 -0.32519649607607798  0.32519649694286595 -0.32519649768593012  0.21192032218544063  0.32519649738271622 -0.21192032215748313 -0.21192032171736463  0.32519649774054987  3.25196497740549870e-01
 57 -0.32519649657607808  0.32519649709053872  0.32519649726301098  0.21192032211951467  0.32519649775085263  0.32519649575875254 -0.32519649710967624 -0.32519649689443803  0.21192032253880261  0.32519649697202463 -0.21192032102685071 -0.32519649766610531  0.21192032221376192  0.32519649722930194 -0.32519649768648434 -0.32519649703779591 -0.32519649674260187 -0.21192032205919240 -0.21192032176260536  0.32519649773821341  3.25196497750852630e-01
 58  0.32519649733481359  0.32519649708860238  0.32519649751763530 -0.32519649721143040  0.32519649772045106  0.32519649640980725 -0.32519649713934595 -0.32519649682589363  0.21192032238650735  0.32519649751997265 -0.21192032101155875 -0.32519649765197772 -0.32519649657145139  0.32519649689175312  0.21192032133549737  0.21192032183165455  0.32519649678699936 -0.21192032223225274 -0.21192032153471871  0.32519649774850534  3.25196497748505340e-01
 59  0.32519649737132550  0.32519649726857891  0.32519649741382450 -0.32519649658721428  0.32519649774988052  0.32519649561465747 -0.32519649744185891 -0.32519649655152527  0.21192032258914098  0.32519649710416537 -0.21192032103855554 -0.32519649762061592  0.21192032171851694  0.32519649717811144  0.21192032133490410 -0.32519649739126050 -0.32519649733804978 -0.21192032213397405 -0.21192032157989815  0.32519649774581805  3.25196497749880520e-01
 60 -0.32519649666885253  0.32519649696491315  0.32519649703182296  0.21192032150563098  0.32519649770646258 -0.21192032065807018 -0.32519649645701720 -0.32519649703144915  0.21192032239477149  0.32519649717286919 -0.21192032065240715 -0.32519649746298029 -0.32519649638515269 -0.32519649761030134 -0.32519649773858855  0.21192032220980106  0.32519649755881325  0.32519649762553499 -0.21192032174698067  0.32519649776403159  3.25196497764031590e-01
 61 -0.32519649663204137  0.32519649714506693  0.32519649692777308  0.21192032212929096  0.32519649773560788 -0.21192032145377110 -0.32519649675972645 -0.32519649675695217  0.21192032259749674  0.32519649675686979 -0.21192032067959737 -0.32519649743151957  0.21192032190515139 -0.32519649732394396 -0.32519649773932746 -0.32519649701363323 -0.32519649656635657  0.32519649772366249 -0.21192032179277795  0.32519649776158094  3.25196497761580940e-01
 62  0.32519649727845906  0.32519649714307802  0.32519649718284865 -0.32519649720139837  0.32519649770526587 -0.21192032080231574 -0.32519649678885465 -0.32519649668839112  0.21192032244506448  0.32519649730494676 -0.21192032066425787 -0.32519649741767653 -0.32519649688038765 -0.32519649766125958  0.21192032128281074  0.21192032185600060  0.32519649696294928  0.32519649755064417 -0.21192032156446852  0.32519649777155590  3.25196497771555900e-01
 63  0.32519649731543365  0.32519649732288469  0.32519649707903631 -0.32519649657796557  0.32519649773485093 -0.21192032159708757 -0.32519649709160847 -0.32519649641428633  0.21192032264768404  0.32519649688953994 -0.21192032069102881 -0.32519649738631806  0.21192032140948042 -0.32519649737493739  0.21192032128214108 -0.32519649736749634 -0.32519649716205451  0.32519649764870062 -0.21192032160997806  0.32519649776907844  3.25196497769078440e-01

