
  0 -0.18761026749869428 -0.33601684769078993 -0.23099906883203167  0.33601684815761362  0.33601684809886312  0.18761026854450891 -0.33601684754162409 -0.29673859616776016  0.33601684780778435  0.33601684793987119  0.33601684766659579  0.33601684787726266  0.33601684772283263  0.18761026752211785  0.33601684796407155  0.33601684816156313  0.33601684780712171 -0.18761026773567285  0.33601684797911407  3.36016848161563130e-01
  1 -0.18761026736486885 -0.33601684619557248 -0.23099906897769770  0.33601684815044713  0.33601684815657795  0.18761026863381144 -0.33601684761464984 -0.29673859697428862  0.33601684784722613 -0.33601684780711916  0.33601684765549567  0.33601684787416258  0.33601684799146908 -0.33601684790321573  0.33601684785530445  0.33601684814946403 -0.18761026814749798 -0.18761026765046709  0.33601684812404414  3.36016848156577950e-01
  2  0.33601684762492251 -0.33601684764607892 -0.23099906849890300  0.33601684815533778  0.33601684809524512  0.18761026833168973 -0.33601684729026982 -0.29673859632386901  0.33601684747278493  0.33601684791283393  0.33601684789313185  0.33601684794488434 -0.18761026853282547  0.18761026759193802 -0.33601684778268598  0.33601684815376726  0.33601684777632079 -0.18761026834439620  0.33601684791866177  3.36016848155337780e-01
  3  0.33601684775967933 -0.33601684615115995 -0.23099906864451480  0.33601684814829019  0.33601684815347327  0.18761026842068926 -0.33601684736367532 -0.29673859713111078  0.33601684751213606 -0.33601684783426600  0.33601684788242220  0.33601684794224151 -0.18761026826460961 -0.33601684783288904 -0.33601684789146485  0.33601684814181026 -0.18761026817817023 -0.18761026825929483  0.33601684806383048  3.36016848153473270e-01
  4 -0.33601684737121051 -0.33601684797713482 -0.29673859762301269 -0.33601684817025634 -0.33601684802354470  0.18761026846022416 -0.33601684731268661 -0.23099906698234551  0.33601684784519309  0.33601684776562163  0.33601684776528989  0.33601684798721171  0.18761026830796201  0.33601684755475641  0.33601684783746655  0.33601684817451316  0.18761026788499544 -0.18761026777038331  0.33601684798987119  3.36016848174513160e-01
  5 -0.33601684723662206 -0.33601684648233637 -0.29673859776859846 -0.33601684817738536 -0.33601684796517589  0.18761026854905979 -0.33601684738642984 -0.23099906778957216  0.33601684788420944 -0.33601684798099363  0.33601684775428931  0.33601684798423692  0.18761026857643720 -0.18761026787003068  0.33601684772888818  0.33601684816281852 -0.33601684806959536 -0.18761026768504455  0.33601684813478266  3.36016848177385360e-01
  6  0.18761026775318118 -0.33601684793256648 -0.29673859728971108 -0.33601684817235017 -0.33601684802685289  0.18761026824695975 -0.33601684706154772 -0.23099906713880466  0.33601684750972022  0.33601684773874180  0.33601684799224152  0.33601684805457788 -0.33601684794769587  0.33601684762483941 -0.33601684790880781  0.33601684816673422  0.18761026785446291 -0.18761026837858966  0.33601684792945608  3.36016848172350170e-01
  7  0.18761026788740845 -0.33601684643728585 -0.29673859743498510 -0.33601684817979188 -0.33601684796841119  0.18761026833629815 -0.33601684713512620 -0.23099906794577724  0.33601684754896349 -0.33601684800761533  0.33601684798079218  0.33601684805183724 -0.33601684767922335 -0.18761026779986706 -0.33601684801763870  0.33601684815446398 -0.33601684810001214 -0.18761026829348051  0.33601684807442783  3.36016848179791880e-01
  8 -0.18761026795134503 -0.33601684768649737 -0.23099906855131752  0.33601684817750299  0.33601684805120485 -0.33601684756846006 -0.33601684801928200 -0.29673859651902273 -0.33601684746765204  0.33601684790727121 -0.18761026820376001  0.33601684785364255  0.33601684771249701  0.18761026743250159  0.33601684794324288  0.33601684813272592  0.33601684780926466 -0.18761026774083733  0.33601684795127384  3.36016848177502990e-01
  9 -0.18761026781730614 -0.33601684619112637 -0.23099906869698156  0.33601684816981037  0.33601684810927612 -0.33601684747976701 -0.33601684809277910 -0.29673859732655927 -0.33601684742820181 -0.33601684783990754 -0.18761026821526761  0.33601684785083319  0.33601684798112158 -0.33601684799207848  0.33601684783486235  0.33601684812116028 -0.18761026814497458 -0.18761026765514185  0.33601684809637328  3.36016848169810370e-01
 10  0.33601684717244634 -0.33601684764174045 -0.23099906821832727  0.33601684817462063  0.33601684804807075 -0.33601684778138224 -0.33601684776831758 -0.29673859667549762 -0.33601684780255781  0.33601684788021119 -0.18761026797711594  0.33601684792136410 -0.18761026854228835  0.18761026750257820 -0.33601684780294572  0.33601684812504828  0.33601684777874391 -0.18761026834940475  0.33601684789070385  3.36016848174620630e-01
 11  0.33601684730658249 -0.33601684614679955 -0.23099906836388787  0.33601684816748012  0.33601684810578814 -0.33601684769246898 -0.33601684784141256 -0.29673859748329684 -0.33601684776310509 -0.33601684786692498 -0.18761026798849167  0.33601684791850422 -0.18761026827427968 -0.33601684792166420 -0.33601684791189079  0.33601684811324334 -0.18761026817577642 -0.18761026826384697  0.33601684803578863  3.36016848167480120e-01
 12 -0.33601684782383834 -0.33601684797312781 -0.29673859734200064 -0.33601684815069338 -0.33601684807069088 -0.33601684765292628 -0.33601684779047936 -0.23099906733412881 -0.33601684743067955  0.33601684773317936 -0.18761026810538137  0.33601684796355197  0.18761026829811894  0.33601684746540317  0.33601684781687796  0.33601684814623856  0.18761026788751270 -0.18761026777480100  0.33601684796194020  3.36016848150693380e-01
 13 -0.33601684768967860 -0.33601684647813695 -0.29673859748756543 -0.33601684815803612 -0.33601684801274573 -0.33601684756409494 -0.33601684786379443 -0.23099906814103574 -0.33601684739126786 -0.33601684801332099 -0.18761026811642342  0.33601684796025671  0.18761026856662721 -0.18761026795927643  0.33601684770848383  0.33601684813438504 -0.33601684806731996 -0.18761026768961156  0.33601684810684251  3.36016848158036120e-01
 14  0.18761026730020791 -0.33601684792836617 -0.29673859700849631 -0.33601684815267518 -0.33601684807404569 -0.33601684786613939 -0.33601684753971861 -0.23099906749027849 -0.33601684776581420  0.33601684770665180 -0.18761026787874668  0.33601684803107862 -0.33601684795768161  0.33601684753559574 -0.33601684792987341  0.33601684813828708  0.18761026785650176 -0.18761026838352202  0.33601684790167374  3.36016848152675180e-01
 15  0.18761026743456125 -0.33601684643340746 -0.29673859715429057 -0.33601684816060989 -0.33601684801608289 -0.33601684777694985 -0.33601684761276451 -0.23099906829768438 -0.33601684772632240 -0.33601684804022208 -0.18761026788987956  0.33601684802830178 -0.33601684768914858 -0.18761026788898047 -0.33601684803846638  0.33601684812633342 -0.33601684809784155 -0.18761026829810756  0.33601684804647530  3.36016848160609890e-01
 16 -0.18761026748346021 -0.26146612782105783 -0.27027731875166261  0.33601684815778704  0.33601684799625897  0.33601684800709791 -0.18761026806644920 -0.33601684635286450  0.33601684811143251  0.33601684801599896  0.18761026769013650  0.33601684765934436  0.33601684766453699  0.18761026746587486  0.33601684817738908 -0.33601684813913824  0.33601684786252245 -0.33601684738936205 -0.33601684806291404  3.36016848177389080e-01
 17 -0.18761026734923275 -0.26146612632620864 -0.27027731889762646  0.33601684815084892  0.33601684805454390  0.33601684809570342 -0.18761026814011036 -0.33601684716015023  0.33601684815110200 -0.33601684773069557  0.18761026767915576  0.33601684765697548  0.33601684793287012 -0.33601684795911818  0.33601684806850152 -0.33601684815075661 -0.18761026809215106 -0.33601684730439840 -0.33601684791841663  3.36016848151102000e-01
 18  0.33601684764054474 -0.26146612777628397 -0.27027731841896391  0.33601684815563959  0.33601684799285247  0.33601684779346674 -0.18761026781574933 -0.33601684650941782  0.33601684777650997  0.33601684798900261  0.18761026791734542  0.33601684772730428 -0.18761026859130114  0.18761026753568161 -0.33601684756938938 -0.33601684814685623  0.33601684783153823 -0.33601684799791293 -0.33601684812319466  3.36016848155639590e-01
 19  0.33601684777450219 -0.26146612628133192 -0.27027731856457426  0.33601684814803073  0.33601684805122689  0.33601684788259273 -0.18761026788909096 -0.33601684731671777  0.33601684781619773 -0.33601684775762941  0.18761026790598559  0.33601684772402834 -0.18761026832276184 -0.33601684788908237 -0.33601684767785800 -0.33601684815898442 -0.18761026812315709 -0.33601684791263753 -0.33601684797869180  3.36016848158984420e-01
 20 -0.33601684735604220 -0.26146612810824410 -0.33601684754339706 -0.33601684816994759 -0.33601684812555577  0.33601684792239034 -0.18761026783824855 -0.27027731716692749  0.33601684814848859  0.33601684784237923  0.18761026778940820  0.33601684776921903  0.18761026824898552  0.33601684749850441  0.33601684805101195 -0.33601684812595983  0.18761026794004343 -0.33601684742394622 -0.33601684805248266  3.36016848169947590e-01
 21 -0.33601684722169373 -0.26146612661275098 -0.33601684768892043 -0.33601684817733796 -0.33601684806724275  0.33601684801147830 -0.18761026791144875 -0.27027731797395088  0.33601684818768546 -0.33601684790477321  0.18761026777770462  0.33601684776653912  0.18761026851771609 -0.18761026792605456  0.33601684794205161 -0.33601684813780758 -0.33601684801463944 -0.33601684733830617 -0.33601684790743097  3.36016848187685460e-01
 22  0.18761026776856637 -0.26146612806340391 -0.33601684721039382 -0.33601684817201016 -0.33601684812885008  0.33601684770931989 -0.18761026758696728 -0.27027731732332189  0.33601684781353575  0.33601684781525154  0.18761026801574646  0.33601684783727503 -0.33601684800613690  0.33601684756840328 -0.33601684769544904 -0.33601684813391092  0.18761026790953855 -0.33601684803261694 -0.33601684811273497  3.36016848172010160e-01
 23  0.18761026790261426 -0.26146612656815882 -0.33601684735584469 -0.33601684817961008 -0.33601684807100934  0.33601684779830959 -0.18761026766037753 -0.27027731813077943  0.33601684785295072 -0.33601684793136882  0.18761026800453379  0.33601684783389840 -0.33601684773785367 -0.18761026785620941 -0.33601684780452568 -0.33601684814592736 -0.33601684804557275 -0.33601684794696890 -0.33601684796800352  3.36016848179610080e-01
 24 -0.18761026793628990 -0.26146612781713996 -0.27027731847131192  0.33601684817758826  0.33601684794918801 -0.18761026810630940 -0.18761026854442608 -0.33601684670456672 -0.33601684716399050  0.33601684798365072 -0.33601684818031363  0.33601684763589396  0.33601684765436723  0.18761026737669761  0.33601684815680172 -0.33601684816711175  0.33601684786419261 -0.33601684739438037 -0.33601684809079935  3.36016848180313630e-01
 25 -0.18761026780222539 -0.26146612632185340 -0.27027731861667115  0.33601684817033312  0.33601684800700682 -0.18761026801740535 -0.18761026861807117 -0.33601684751190436 -0.33601684712449992 -0.33601684776330598 -0.33601684819138822  0.33601684763293627  0.33601684792281256 -0.33601684804827331  0.33601684804803961 -0.33601684817941180 -0.18761026809020404 -0.33601684730892822 -0.33601684794574710  3.36016848191388220e-01
 26  0.33601684718778890 -0.26146612777227451 -0.27027731813813216  0.33601684817511235  0.33601684794574666 -0.18761026831985958 -0.18761026829345173 -0.33601684686105432 -0.33601684749870647  0.33601684795658449 -0.33601684795358927  0.33601684770354728 -0.18761026860100913  0.18761026744631365 -0.33601684759002737 -0.33601684817530630  0.33601684783364338 -0.33601684800271442 -0.33601684815107874  3.36016848175306300e-01
 27  0.33601684732215958 -0.26146612627721677 -0.27027731828387441  0.33601684816789185  0.33601684800393822 -0.18761026823074420 -0.18761026836665590 -0.33601684766805684 -0.33601684745944621 -0.33601684779012408 -0.33601684796487830  0.33601684770072104 -0.18761026833260341 -0.33601684797795583 -0.33601684769848583 -0.33601684818729727 -0.18761026812088732 -0.33601684791717890 -0.33601684800623871  3.36016848187297270e-01
 28 -0.33601684780852148 -0.26146612810375808 -0.33601684726265590 -0.33601684815025457 -0.33601684817270472 -0.18761026819096197 -0.18761026831576566 -0.27027731751822892 -0.33601684712701702  0.33601684780952451 -0.33601684808145593  0.33601684774582841  0.18761026823943255  0.33601684740924609  0.33601684803009629 -0.33601684815462518  0.18761026794217239 -0.33601684742879695 -0.33601684808015614  3.36016848172704720e-01
 29 -0.33601684767441681 -0.26146612660865115 -0.33601684740818544 -0.33601684815777749 -0.33601684811502464 -0.18761026810189813 -0.18761026838919356 -0.27027731832597895 -0.33601684708743468 -0.33601684793743408 -0.33601684809264565  0.33601684774314500  0.18761026850821957 -0.18761026801553310  0.33601684792152398 -0.33601684816633165 -0.33601684801221898 -0.33601684734325787 -0.33601684793518671  3.36016848166331650e-01
 30  0.18761026731589883 -0.26146612805907632 -0.33601684692939954 -0.33601684815258492 -0.33601684817617850 -0.18761026840390296 -0.18761026806486575 -0.27027731767523450 -0.33601684746225424  0.33601684778272539 -0.33601684785523178  0.33601684781338792 -0.33601684801634635  0.33601684747930477 -0.33601684771632451 -0.33601684816225463  0.18761026791133972 -0.33601684803728815 -0.33601684814049931  3.36016848176178500e-01
 31  0.18761026744950010 -0.26146612656394919 -0.33601684707492041 -0.33601684815997807 -0.33601684811837340 -0.18761026831491917 -0.18761026813829509 -0.27027731848265524 -0.33601684742259963 -0.33601684796408443 -0.33601684786619479  0.33601684781059288 -0.33601684774732871 -0.18761026794543501 -0.33601684782522984 -0.33601684817428262 -0.33601684804320087 -0.33601684795176134 -0.33601684799564052  3.36016848174282620e-01
 32 -0.18761026773504505  0.26146612617194409  0.33601684731015685  0.33601684816975946  0.33601684810542015  0.18761026858636234 -0.33601684741763527  0.27027731857897130  0.33601684768032009  0.33601684809326893  0.33601684771659895  0.33601684794867975  0.33601684785935687  0.18761026788533217  0.33601684786222713  0.33601684816839822  0.33601684792096376 -0.18761026785611284  0.33601684800909387  3.36016848169759460e-01
 33 -0.18761026760125446  0.26146612766701127  0.33601684716465485  0.33601684816229915  0.33601684816360822  0.18761026867536301 -0.33601684749098726  0.27027731777192587  0.33601684771974344 -0.33601684765378120  0.33601684770516532  0.33601684794588665  0.33601684812787447 -0.33601684753916694  0.33601684775353591  0.33601684815657373 -0.18761026803359471 -0.18761026777065609  0.33601684815350985  3.36016848163608220e-01
 34  0.33601684738872306  0.26146612621628224  0.33601684764339312  0.33601684816723237  0.33601684810229188  0.18761026837331266 -0.33601684716683616  0.27027731842228769  0.33601684734534276  0.33601684806607329  0.33601684794315873  0.33601684801644099 -0.18761026839615771  0.18761026795569069 -0.33601684788451902  0.33601684816017879  0.33601684789015013 -0.18761026846481080  0.33601684794843711  3.36016848167232370e-01
 35  0.33601684752292066  0.26146612771147493  0.33601684749785843  0.33601684815993993  0.33601684815993554  0.18761026846247780 -0.33601684723974651  0.27027731761547008  0.33601684738471499 -0.33601684768057100  0.33601684793211040  0.33601684801340181 -0.18761026812732523 -0.33601684746888677 -0.33601684799345549  0.33601684814865973 -0.18761026806410191 -0.18761026837909833  0.33601684809338095  3.36016848159939930e-01
 36 -0.33601684760742356  0.26146612588506102  0.27027731851885922 -0.33601684815792049 -0.33601684801653570  0.18761026850182883 -0.33601684718888147  0.33601684776484497  0.33601684771760276  0.33601684791936604  0.33601684781530228  0.33601684805848775  0.18761026844457657  0.33601684791821707  0.33601684773544976  0.33601684818141309  0.18761026799841266 -0.18761026789039645  0.33601684801948878  3.36016848181413090e-01
 37 -0.33601684747325750  0.26146612738016517  0.27027731837321101 -0.33601684816553490 -0.33601684795851461  0.18761026859103452 -0.33601684726250930  0.33601684695762268  0.33601684775700363 -0.33601684782739910  0.33601684780376551  0.33601684805582605  0.18761026871297509 -0.18761026750621759  0.33601684762683121  0.33601684816899507 -0.33601684795582198 -0.18761026780496734  0.33601684816467681  3.36016848168995070e-01
 38  0.18761026751648383  0.26146612592932500  0.27027731885238165 -0.33601684816026134 -0.33601684801997728  0.18761026828872326 -0.33601684693806377  0.33601684760843509  0.33601684738266774  0.33601684789237302  0.33601684804175030  0.33601684812627625 -0.33601684781128649  0.33601684798839959 -0.33601684801094911  0.33601684817396577  0.18761026796804245 -0.18761026849901796  0.33601684795922593  3.36016848173965770e-01
 39  0.18761026765066363  0.26146612742465558  0.27027731870628968 -0.33601684816782174 -0.33601684796167319  0.18761026837805042 -0.33601684701155959  0.33601684680105426  0.33601684742187204 -0.33601684785444952  0.33601684803064946  0.33601684812311911 -0.33601684754264244 -0.18761026743631715 -0.33601684811987370  0.33601684816123162 -0.33601684798671549 -0.18761026841342995  0.33601684810417881  3.36016848167821740e-01
 40 -0.18761026818797100  0.26146612617646120  0.33601684759084893  0.33601684818912769  0.33601684805818166 -0.33601684752699218 -0.33601684789568620  0.27027731822708811 -0.33601684759499933  0.33601684806030169 -0.18761026815442364  0.33601684792500325  0.33601684784922092  0.18761026779667819  0.33601684784136154  0.33601684813995147  0.33601684792305114 -0.18761026786062354  0.33601684798133369  3.36016848189127690e-01
 41 -0.18761026805379200  0.26146612767130195  0.33601684744495380  0.33601684818193256  0.33601684811616567 -0.33601684743817384 -0.33601684796878445  0.27027731742004180 -0.33601684755610173 -0.33601684768637735 -0.18761026816535123  0.33601684792205111  0.33601684811767868 -0.33601684762840101  0.33601684773250107  0.33601684812809685 -0.18761026803127989 -0.18761026777531428  0.33601684812568927  3.36016848181932560e-01
 42  0.33601684693591571  0.26146612622119009  0.33601684792382586  0.33601684818659139  0.33601684805479742 -0.33601684773996143 -0.33601684764452855  0.27027731807097410 -0.33601684793009162  0.33601684803372955 -0.18761026792746596  0.33601684799277176 -0.18761026840618933  0.18761026786680232 -0.33601684790536024  0.33601684813215504  0.33601684789212266 -0.18761026846927004  0.33601684792074843  3.36016848186591390e-01
 43  0.33601684707045221  0.26146612771592947  0.33601684777879609  0.33601684817940802  0.33601684811316263 -0.33601684765090412 -0.33601684771793872  0.27027731726386939 -0.33601684789078506 -0.33601684771324308 -0.18761026793863619  0.33601684798984116 -0.18761026813767315 -0.33601684755822903 -0.33601684801402054  0.33601684811985505 -0.18761026806228984 -0.18761026838405356  0.33601684806585247  3.36016848179408020e-01
 44 -0.33601684806022419  0.26146612588948975  0.27027731879942724 -0.33601684813862515 -0.33601684806411081 -0.33601684761145251 -0.33601684766669848  0.33601684741313470 -0.33601684755789335  0.33601684788643360 -0.18761026805542350  0.33601684803520021  0.18761026843435127  0.33601684782943153  0.33601684771515417  0.33601684815310034  0.18761026800109973 -0.18761026789498042  0.33601684799187714  3.36016848153100340e-01
 45 -0.33601684792595971  0.26146612738452746  0.27027731865399823 -0.33601684814598232 -0.33601684800584841 -0.33601684752239563 -0.33601684773997048  0.33601684660589154 -0.33601684751897420 -0.33601684785997304 -0.18761026806674586  0.33601684803225412  0.18761026870312500 -0.18761026759513000  0.33601684760658529  0.33601684814100324 -0.33601684795372111 -0.18761026780966078  0.33601684813672189  3.36016848145982320e-01
 46  0.18761026706356249  0.26146612593374735  0.27027731913254854 -0.33601684814100591 -0.33601684806718890 -0.33601684782437308 -0.33601684741597182  0.33601684725689862 -0.33601684789343711  0.33601684785966457 -0.18761026782907869  0.33601684810297000 -0.33601684782095020  0.33601684789939540 -0.33601684803170340  0.33601684814481919  0.18761026797068045 -0.18761026850377982  0.33601684793123510  3.36016848144819190e-01
 47  0.18761026719801124  0.26146612742938619  0.27027731898729962 -0.33601684814820898 -0.33601684800942294 -0.33601684773537355 -0.33601684748917199  0.33601684644932467 -0.33601684785389102 -0.33601684788678493 -0.18761026783974610  0.33601684809978383 -0.33601684755265138 -0.18761026752532856 -0.33601684814041577  0.33601684813298344 -0.33601684798438841 -0.18761026841844824  0.33601684807645454  3.36016848148208980e-01
 48 -0.18761026771996658  0.33601684604141624  0.29673859738954916  0.33601684817015393  0.33601684800354448  0.33601684804857151 -0.18761026794295327  0.23099906839445597  0.33601684798412262  0.33601684816981181  0.18761026774030698  0.33601684773087398  0.33601684780081376  0.18761026782965559  0.33601684807542009 -0.33601684813230248  0.33601684797597337 -0.33601684750997929 -0.33601684803332160  3.36016848170153930e-01
 49 -0.18761026758605850  0.33601684753651612  0.29673859724419438  0.33601684816269822  0.33601684806144455  0.33601684813750515 -0.18761026801627539  0.23099906758700395  0.33601684802316029 -0.33601684757737432  0.18761026772870612  0.33601684772780355  0.33601684806919446 -0.33601684759527239  0.33601684796678261 -0.33601684814438321 -0.18761026797834018 -0.33601684742420646 -0.33601684788839903  3.36016848162698220e-01
 50  0.33601684740409832  0.33601684608626403  0.29673859772305350  0.33601684816783700  0.33601684799996456  0.33601684783525215 -0.18761026769216854  0.23099906823801572  0.33601684764908540  0.33601684814261801  0.18761026796692504  0.33601684779865110 -0.18761026845459375  0.18761026789952828 -0.33601684767131285 -0.33601684814031918  0.33601684794560194 -0.33601684811825938 -0.33601684809386079  3.36016848167837000e-01
 51  0.33601684753826316  0.33601684758136596  0.29673859757727500  0.33601684816043326  0.33601684805809334  0.33601684792449227 -0.18761026776519493  0.23099906743054199  0.33601684768819212 -0.33601684760418510  0.18761026795589328  0.33601684779594732 -0.18761026818622811 -0.33601684752520139 -0.33601684777997359 -0.33601684815215443 -0.18761026800927283 -0.33601684803304610 -0.33601684794908698  3.36016848160433260e-01
 52 -0.33601684759208167  0.33601684575452190  0.23099906859893282 -0.33601684815802008 -0.33601684811870747  0.33601684796381592 -0.18761026771427469  0.29673859757961168  0.33601684802103732  0.33601684799587339  0.18761026783886986  0.33601684784064201  0.18761026838596623  0.33601684786216923  0.33601684794874009 -0.33601684811908805  0.18761026805364495 -0.33601684754427963 -0.33601684802267323  3.36016848158020080e-01
 53 -0.33601684745797600  0.33601684724951325  0.23099906845321583 -0.33601684816523275 -0.33601684806054577  0.33601684805269333 -0.18761026778727288  0.29673859677204462  0.33601684806036863 -0.33601684775114837  0.18761026782754392  0.33601684783783226  0.18761026865431055 -0.18761026756258789  0.33601684784021274 -0.33601684813088345 -0.33601684790062381 -0.33601684745842003 -0.33601684787779124  3.36016848165232750e-01
 54  0.18761026753142512  0.33601684579895819  0.23099906893208946 -0.33601684816002841 -0.33601684812236143  0.33601684775087098 -0.18761026746319642  0.29673859742280728  0.33601684768593060  0.33601684796899989  0.18761026806528650  0.33601684790829484 -0.33601684786971442  0.33601684793240194 -0.33601684779731622 -0.33601684812694449  0.18761026802305261 -0.33601684815265942 -0.33601684808325527  3.36016848160028410e-01
 55  0.18761026766620548  0.33601684729460296  0.23099906878667209 -0.33601684816768101 -0.33601684806401888  0.33601684783992747 -0.18761026753660764  0.29673859661586521  0.33601684772556251 -0.33601684777790458  0.18761026805415937  0.33601684790565339 -0.33601684760122513 -0.18761026749248513 -0.33601684790634384 -0.33601684813913946 -0.33601684793135117 -0.33601684806709814 -0.33601684793816089  3.36016848167681010e-01
 56 -0.18761026817287293  0.33601684604553173  0.29673859767036181  0.33601684818958827  0.33601684795600301 -0.18761026806501979 -0.18761026842117184  0.23099906804278006 -0.33601684729109083  0.33601684813715077 -0.33601684813032295  0.33601684770731555  0.33601684779089230  0.18761026774049921  0.33601684805451737 -0.33601684816069965  0.33601684797794185 -0.33601684751463817 -0.33601684806092447  3.36016848189588270e-01
 57 -0.18761026803878070  0.33601684754097710  0.29673859752508486  0.33601684818232336  0.33601684801421261 -0.18761026797601521 -0.18761026849416212  0.23099906723540783 -0.33601684725215164 -0.33601684761003825 -0.33601684814186156  0.33601684770456414  0.33601684805957988 -0.33601684768470957  0.33601684794629832 -0.33601684817265770 -0.18761026797653657 -0.33601684742898807 -0.33601684791612046  3.36016848182323360e-01
 58  0.33601684695115513  0.33601684609019489  0.29673859800343266  0.33601684818706296  0.33601684795258407 -0.18761026827798946 -0.18761026816977522  0.23099906788606875 -0.33601684762653489  0.33601684811010646 -0.33601684790357922  0.33601684777529051 -0.18761026846462908  0.18761026781051379 -0.33601684769188767 -0.33601684816856264  0.33601684794767739 -0.33601684812359145 -0.33601684812133648  3.36016848187062960e-01
 59  0.33601684708536156  0.33601684758555600  0.29673859785813156  0.33601684817957755  0.33601684801066106 -0.18761026818869286 -0.18761026824314267  0.23099906707924292 -0.33601684758705447 -0.33601684763642314 -0.33601684791489717  0.33601684777212298 -0.18761026819611107 -0.33601684761422973 -0.33601684780062435 -0.33601684818039590 -0.18761026800697239 -0.33601684803752357 -0.33601684797626752  3.36016848180395900e-01
 60 -0.33601684804516846  0.33601684575896429  0.23099906887953012 -0.33601684813826194 -0.33601684816602606 -0.18761026814935067 -0.18761026819216109  0.29673859722824020 -0.33601684725410647  0.33601684796317810 -0.33601684803217019  0.33601684781727881  0.18761026837573147  0.33601684777311314  0.33601684792837933 -0.33601684814775490  0.18761026805602463 -0.33601684754878458 -0.33601684805065923  3.36016848166026060e-01
 61 -0.33601684791061159  0.33601684725381215  0.23099906873387002 -0.33601684814596999 -0.33601684810827992 -0.18761026806008346 -0.18761026826536759  0.29673859642066408 -0.33601684721507064 -0.33601684778361179 -0.33601684804325876  0.33601684781424945  0.18761026864448424 -0.18761026765152275  0.33601684781959223 -0.33601684815934785 -0.33601684789852160 -0.33601684746335497 -0.33601684790557745  3.36016848159347850e-01
 62  0.18761026707902662  0.33601684580335489  0.23099906921289962 -0.33601684814091870 -0.33601684816948463 -0.18761026836261355 -0.18761026794116317  0.29673859707129824 -0.33601684758960382  0.33601684793666448 -0.33601684780506591  0.33601684788486447 -0.33601684787976155  0.33601684784307290 -0.33601684781827723 -0.33601684815541483  0.18761026802534864 -0.33601684815711647 -0.33601684811097088  3.36016848169484630e-01
 63  0.18761026721329768  0.33601684729842218  0.23099906906730885 -0.33601684814791233 -0.33601684811151045 -0.18761026827328051 -0.18761026801443231  0.29673859626393068 -0.33601684755001038 -0.33601684781044650 -0.33601684781657637  0.33601684788210850 -0.33601684761142886 -0.18761026758160257 -0.33601684792696379 -0.33601684816739558 -0.33601684792927511 -0.33601684807151855 -0.33601684796595088  3.36016848167395580e-01

