
  0 -0.27707157077957534 -0.28842371312341142  0.28846117475867161  0.28866437288076569 -0.20623384331332451 -0.28856575780955890  0.27361465159036563  0.28860317253916512 -0.28844034785738981  0.28826266950277502  0.28854875314835271 -0.28842477926043197 -0.28866437289042624 -0.28866437286484681 -0.28841832828113362 -0.23933438050015363 -0.28859654668164719  0.28837093595186603  0.28851040754557988  2.88664372890426240e-01
  1 -0.28140766533851269 -0.28854013124804412  0.28842650920811663  0.28866437286068897 -0.21882354623118172  0.28848221874203467  0.24572184478819495  0.28858966156031202 -0.28845408292655367  0.28816938495613409  0.28858632702543696 -0.28840730788149055 -0.28866437289058039 -0.28866437286435825 -0.28854553042161896 -0.25320903970130210  0.28824883173590798  0.28831386372071427 -0.28865263734402175  2.88664372890580390e-01
  2 -0.23652499330116258  0.28842909024289637  0.28852688157631934  0.28866437288181485 -0.22166844873263730 -0.28849712391160814  0.28597075218937223  0.28864534047896073  0.28830810047507444 -0.28823074742076626  0.28854606471481220 -0.28864772375483788 -0.28866437289491709 -0.28866437282968238 -0.28844396338832096 -0.25424709027818448 -0.28841300485322724  0.28832437058550131  0.28851897574816565  2.88664372894917090e-01
  3 -0.24086108786002833  0.28831267211784078  0.28849221602570047  0.28866437286144975 -0.23425815165124717  0.28855085264003749  0.25807794538542622  0.28863182950053057  0.28829436540584957 -0.28832403196777490  0.28858363859178082 -0.28863025237581574 -0.28866437289534019 -0.28866437282940804 -0.28857116552887763 -0.26812174948615325  0.28843237356444884  0.28826729835423581 -0.28864406914154145  2.88664372895340190e-01
  4 -0.27358334166150333 -0.28841137936184791 -0.28860370506315258  0.28866437288107510 -0.18930663081406321 -0.28850745376237646  0.27402497649832347 -0.28857790983218723 -0.28854401408406988  0.28838894139975124 -0.28863906693360508 -0.28653766797892621 -0.28866437289059960 -0.28866437285647895 -0.28726454707829313 -0.25954261465992623 -0.28860050939113718  0.28796714452282363  0.28864568053772555  2.88664372890599600e-01
  5 -0.27791943622063126 -0.28852779748668289 -0.28863837061379338  0.28866437286069974 -0.20189633373295110  0.28854052278889730  0.24613216969639787 -0.28859142081075556 -0.28855774915355825  0.28829565685339176 -0.28860149305648525 -0.28652019659980643 -0.28866437289085989 -0.28866437285600349 -0.28739174921935257 -0.27341727386643139  0.28824486902653257  0.28791007229175331 -0.28851736435221947  2.88664372890859890e-01
  6 -0.23303676418309599  0.28844142400423606 -0.28853799824558513  0.28866437288172997 -0.20474123623439103 -0.28843881986442488  0.28638107709735738 -0.28853574189230075  0.28820443424810244 -0.28810447552329349 -0.28864175536741538 -0.28676061247315338 -0.28866437289530594 -0.28866437282151036 -0.28729018218568153 -0.27445532444329201 -0.28841696756284169  0.28792057915632685  0.28865424874027706  2.88664372895305940e-01
  7 -0.23737285874223843  0.28832500587908994 -0.28857266379611074  0.28866437286175384 -0.21733093915288965  0.28860915668720971  0.25848827029364752 -0.28854925287053623  0.28819069917939744 -0.28819776007009540 -0.28860418149005368 -0.28674314109380350 -0.28866437289563091 -0.28866437282095531 -0.28741738432658032 -0.28832998364857854  0.28842841085482346  0.28786350692543161 -0.28850879614935854  2.88664372895630910e-01
  8  0.24452737319023529 -0.28853342591486730  0.28850252637441037  0.28866437288067659  0.26727599608824565 -0.28858827706433715 -0.25465688464043917  0.28862163632489096 -0.28851407291063547  0.28850413316347040  0.28855764527538730 -0.28843528573746091 -0.28866437289789659 -0.28866437287345115 -0.28842604334925592  0.23464034990037502 -0.28847341751534555  0.28850917987138175  0.28849949574611866  2.88664372897896590e-01
  9  0.24019127863155260 -0.28864984404023103  0.28846786082392989  0.28866437286041086  0.25468629316730912  0.28845969948727779 -0.28254969144480541  0.28860812534648383 -0.28852780797978089  0.28841084861666744  0.28859521915254965 -0.28841781435822250 -0.28866437289799735 -0.28866437287298141 -0.28855324548996880  0.22076569069523247  0.28837196090211309  0.28845210763999568 -0.28866354914362324  2.88664372897997350e-01
 10  0.28507395066895480  0.28831937745124381  0.28856823319222336  0.28866437288164920  0.25184139066440475 -0.28851964316600409 -0.24230078404444050  0.28866380426493654  0.28823437542182323 -0.28798928376008004  0.28855495684137217 -0.28865823023168063 -0.28866437290243574 -0.28866437283846336 -0.28845167845655151  0.21972764011871457 -0.28828987568674930  0.28846261450438149  0.28850806394849893  2.88664372902435740e-01
 11  0.28073785611002555  0.28820295932629053  0.28853356764189275  0.28866437286146113  0.23925168775071323  0.28852833338522843 -0.27019359084590089  0.28865029328634251  0.28822064035255535 -0.28808256830684525  0.28859253071891733 -0.28864075885213247 -0.28866437290294866 -0.28866437283785773 -0.28857888059696535  0.20585298091386275  0.28855550273042085  0.28840554227400977 -0.28865498094133973  2.88664372902948660e-01
 12  0.24801560230754116 -0.28852109215326316 -0.28856235344703551  0.28866437288082619  0.28420320858695430 -0.28852997301726901 -0.25424655973206800 -0.28855944604643241 -0.28861773913728439  0.28863040506086074 -0.28863017480714537 -0.28654817445573255 -0.28866437289815711 -0.28866437286502961 -0.28727226214647317  0.21443211573904117 -0.28847738022487096  0.28810538844223171  0.28863476873855365  2.88664372898157110e-01
 13  0.24367950774923797 -0.28863751027799361 -0.28859701899794815  0.28866437286045676  0.27161350566859011  0.28851800353445606 -0.28213936653650806 -0.28857295702462521 -0.28863147420630680  0.28853712051448033 -0.28859260092982619 -0.28653070307677880 -0.28866437289838986 -0.28866437286464414 -0.28739946428762697  0.20055745653367857  0.28836799819256759  0.28804831621121318 -0.28852827615193249  2.88664372898389860e-01
 14  0.28856217978784060  0.28833171121293300 -0.28849664662977109  0.28866437288170099  0.26876860316687934 -0.28846133911916938 -0.24189045913641052 -0.28851727810623656  0.28813070919514111 -0.28786301186216445 -0.28863286324081477 -0.28677111895018625 -0.28866437290269975 -0.28866437282974389 -0.28729789725387850  0.19951940595692524 -0.28829383839672390  0.28805882307635278  0.28864333694056821  2.88664372902699750e-01
 15  0.28422608522842785  0.28821529308801913 -0.28853131218044925  0.28866437286153612  0.25617890024646478  0.28858663743276597 -0.26978326593794949 -0.28853078908475416  0.28811697412580467 -0.28795629640900106 -0.28859528936336803 -0.28675364757099170 -0.28866437290315655 -0.28866437282962498 -0.28742509939478544  0.18564474675275053  0.28855154002090433  0.28800175084502305 -0.28851970794904108  2.88664372903156550e-01
 16 -0.28413600138459622 -0.28824197514932076  0.28845942471900832 -0.28866437287224778 -0.20185908806622815 -0.28854674642743527  0.27213117776684076  0.28855979952055494 -0.28811485567643080  0.28807906706066633  0.28861737452784331 -0.28832132553932888  0.28866437290449953  0.28866437285653768 -0.28850041102574631 -0.23758375211737268 -0.28859614445076803  0.28814470031682482  0.28851710660106372  2.88664372904499530e-01
 17 -0.28847209594413775 -0.28835839327469209  0.28842475916867422 -0.28866437289228575 -0.21444879098423619  0.28850123012409912  0.24423837096552717  0.28854628854177145 -0.28812859074555647  0.28798578251391993  0.28865494840552142 -0.28830385415986698  0.28866437290430452  0.28866437285696928 -0.28862761316644903 -0.25145841131640939  0.28824923396645241  0.28808762808600447 -0.28864593828883434  2.88664372904304520e-01
 18 -0.24358942390559638  0.28861082821683071  0.28852513153707571 -0.28866437287141061 -0.21729369348578470 -0.28847811252944577  0.28448727836598658  0.28860196746025091  0.28863359265605604 -0.28841434986292397  0.28861468609458452 -0.28854427003353739  0.28866437289977398  0.28866437289149810 -0.28852604613332999 -0.25249646189382668 -0.28841260262275914  0.28809813495113634  0.28852567480351848  2.88664372899773980e-01
 19 -0.24792551846342420  0.28849441009182558  0.28849046598645928 -0.28866437289156610 -0.22988339640366559  0.28856986402178331  0.25659447156199006  0.28858845648186904  0.28861985758634662 -0.28850763440938965  0.28865225997183874 -0.28852679865371583  0.28866437289938124  0.28866437289185398 -0.28865324827386785 -0.26637112110296074  0.28843277579505017  0.28804106271957008 -0.28863737008654711  2.88664372899381240e-01
 20 -0.28064777226646398 -0.28822964138788354 -0.28860545510290114 -0.28866437287224994 -0.18493187556783666 -0.28848844238066562  0.27254150267445926 -0.28862128285067695 -0.28821852190295555  0.28820533895861250 -0.28857044555397315 -0.28643421425771870  0.28866437290439917  0.28866437286488827 -0.28734662982338643 -0.25779198627687688 -0.28860010716065698  0.28774090888788267  0.28865237959291418  2.88664372904399170e-01
 21 -0.28498386682512472 -0.28834605951326359 -0.28864012065314770 -0.28866437289256541 -0.19752157848548119  0.28855953417093272  0.24464869587334578 -0.28863479382892226 -0.28823225697211641  0.28811205441191917 -0.28853287167682856 -0.28641674287806845  0.28866437290400193  0.28866437286521890 -0.28747383196411191 -0.27166664548383052  0.28824527125709543  0.28768383665676156 -0.28851066529682384  2.88664372904001930e-01
 22 -0.24010119478762848  0.28862316197846138 -0.28853974828502038 -0.28866437287125168 -0.20036648098704468 -0.28841980848255444  0.28489760327346586 -0.28857911491057403  0.28852992642927011 -0.28828807796528250 -0.28857313398733597 -0.28665715875139208  0.28866437289961688  0.28866437289986868 -0.28737226493091189 -0.27270469606049852 -0.28841656533212112  0.28769434352169310  0.28866094779561557  2.88664372899868680e-01
 23 -0.24443728934608627  0.28850674385336245 -0.28857441383542759 -0.28866437289154245 -0.21295618390549917  0.28862816806887220  0.25700479647033075 -0.28859262588892298  0.28851619135998269 -0.28838136251229596 -0.28853556011057341 -0.28663968737219536  0.28866437289932367  0.28866437290028540 -0.28749946707096713 -0.28657935526586492  0.28842881308543539  0.28763727129056410 -0.28850209709430735  2.88664372900285400e-01
 24  0.23746294258563727 -0.28835168794089105  0.28850077633520294 -0.28866437287218982  0.27165075133561961 -0.28856926568194319 -0.25614035846391203  0.28857826330647635 -0.28818858072956210  0.28832053072178249  0.28862626665498620 -0.28833183201569212  0.28866437289695768  0.28866437284793695 -0.28850812609384813  0.23639097828254979 -0.28847301528459518  0.28828294423672535  0.28850619480166179  2.88664372896957680e-01
 25  0.23312684802687178 -0.28846810606583317  0.28846611078470175 -0.28866437289257635  0.25906104841614358  0.28847871086950067 -0.28403316526772932  0.28856475232790896 -0.28820231579868616  0.28822724617505519  0.28866384053224792 -0.28831436063651611  0.28866437289662727  0.28866437284819668 -0.28863532823476984  0.22251631907811104  0.28837236313280989  0.28822587200550603 -0.28865685008837549  2.88664372896627270e-01
 26  0.27800952006466578  0.28850111542539514  0.28856648315310668 -0.28866437287139440  0.25621614591393949 -0.28850063178423302 -0.24378425786708505  0.28862043124602405  0.28855986760289387 -0.28817288620171433  0.28862357822175816 -0.28855477651016159  0.28866437289237912  0.28866437288283403 -0.28853376120113011  0.22147826850113853 -0.28828947345633710  0.28823637887057202  0.28851476300418394  2.88664372892379120e-01
 27  0.27367342550525120  0.28838469730042166  0.28853181760234020 -0.28866437289184099  0.24362644299726649  0.28854734476726013 -0.27167706466879749  0.28860692026791485  0.28854613253319489 -0.28826617074830685  0.28866115209884241 -0.28853730513052689  0.28866437289185831  0.28866437288316499 -0.28866096334202679  0.20760360929680180  0.28855590496109362  0.28817930663950386 -0.28864828188564551  2.88664372891858310e-01
 28  0.24095117170382563 -0.28833935417952239 -0.28856410348649020 -0.28866437287237728  0.28857796383485201 -0.28851096163521872 -0.25573003355557167 -0.28860281906479329 -0.28829224695639122  0.28844680261928174 -0.28856155342736212 -0.28644472073387889  0.28866437289686209  0.28866437285612717 -0.28735434489177403  0.21618274412121891 -0.28847697799435185  0.28787915280690923  0.28864146779357946  2.88664372896862090e-01
 29  0.23661507714508778 -0.28845577230472408 -0.28859876903729431 -0.28866437289246888  0.27598826091558415  0.28853701491663292 -0.28362284035947394 -0.28861633004303067 -0.28830598202579089  0.28835351807303955 -0.28852397954977110 -0.28642724935480546  0.28866437289635977  0.28866437285657243 -0.28748154703243883  0.20230808491640057  0.28836840042309697  0.28782208057655806 -0.28852157709616161  2.88664372896359770e-01
 30  0.28149774918247406  0.28851344918719313 -0.28849839666883309 -0.28866437287147895  0.27314335841450160 -0.28844232773686357 -0.24337393295977131 -0.28856065112493567  0.28845620137598005 -0.28804661430435913 -0.28856424186110313 -0.28666766522847603  0.28866437289209523  0.28866437289129510 -0.28737997999925435  0.20127003433956880 -0.28829343616621317  0.28783258744125179  0.28865003599605571  2.88664372892095230e-01
 31  0.27716165462337666  0.28839703106201897 -0.28853306221930153 -0.28866437289148067  0.26055365549493242  0.28860564881444051 -0.27126673976075766 -0.28857416210298786  0.28844246630670295 -0.28813989885078956 -0.28852666798356386 -0.28665019384921553  0.28866437289168528  0.28866437289154873 -0.28750718213947857  0.18739537513522703  0.28855194225133113  0.28777551521016304 -0.28851300889362319  2.88664372891685280e-01

