
  0 -0.27899013926181493  0.27899014028349006  0.42811664192332738  0.27899013975409109 -0.27899013958228380  0.42811664140115702 -0.42811664222762014 -0.27899013968797826 -0.27899014024267793 -0.42811664177592784 -0.42811664179148418  0.42811664161429874  0.42811664167497832  4.28116642227620140e-01
  1 -0.27899013983795301  0.27899014057287119 -0.27899013981210052  0.27899014006250816  0.42811664161223140  0.42811664151925505 -0.42811664221532764 -0.27899013959545915 -0.27899014021194807 -0.42811664185840770 -0.42811664170048919  0.42811664109500036  0.42811664157315410  4.28116642215327640e-01
  2 -0.27899013924410859  0.27899013994346200  0.42811664209979572  0.27899013944573203 -0.27899013958874413  0.42811664144121481 -0.42811664223571949  0.42811664200037663 -0.27899014017934182 -0.42811664189887200  0.27899013945070383  0.42811664162894442  0.42811664173040015  4.28116642235719490e-01
  3 -0.27899013981966475  0.27899014023341390 -0.27899013963594110  0.27899013975407105  0.42811664160572305  0.42811664155938012 -0.42811664222335666  0.42811664209273037 -0.27899014014864360 -0.42811664198134153  0.27899013954199481  0.42811664110957903  0.42811664162875779  4.28116642223356660e-01
  4 -0.27899013923515731 -0.42811664132179350  0.42811664189718124  0.27899013965492703 -0.27899013983757581  0.42811664174551867 -0.42811664224537893 -0.27899013976243747 -0.27899014010301654 -0.42811664175975911 -0.42811664204206057 -0.27899013971179948  0.42811664172797381  4.28116642245378930e-01
  5 -0.27899013981034160 -0.42811664103223201 -0.27899013983873638  0.27899013996325139  0.42811664135701527  0.42811664186291448 -0.42811664223295598 -0.27899013967003600 -0.27899014007227912 -0.42811664184237486 -0.42811664195073407 -0.27899014023125035  0.42811664162599261  4.28116642232955980e-01
  6 -0.27899013921691229 -0.42811664166090480  0.42811664207375083  0.27899013934650746 -0.27899013984429089  0.42811664178519193 -0.42811664225294976  0.42811664192590887 -0.27899014003953665 -0.42811664188193027  0.27899013920021715 -0.27899013969733943  0.42811664178335601  4.28116642252949760e-01
  7 -0.27899013979244380 -0.42811664137154232 -0.27899013966201319  0.27899013965459979  0.42811664135041427  0.42811664190306642 -0.42811664224095514  0.42811664201774852 -0.27899014000850003 -0.42811664196450994  0.27899013929097338 -0.27899014021636748  0.42811664168172520  4.28116642240955140e-01
  8 -0.27899013941679973  0.27899014016660079  0.42811664157928098  0.27899013986607374 -0.27899013983984550 -0.27899013977085824 -0.42811664222274148 -0.27899013967373565  0.42811664151545725 -0.42811664199073746 -0.42811664182861309  0.42811664152655404  0.42811664179605352  4.28116642222741480e-01
  9 -0.27899013999198174  0.27899014045621523 -0.27899014015657292  0.27899014017437568  0.42811664135495681 -0.27899013965335406 -0.42811664221065954 -0.27899013958145069  0.42811664154614554 -0.42811664207349759 -0.42811664173788372  0.42811664100738911  0.42811664169434771  4.28116642210659540e-01
 10 -0.27899013939841921  0.27899013982719145  0.42811664175559400  0.27899013955717383 -0.27899013984664489 -0.27899013973070480 -0.42811664223042095  0.42811664201414068  0.42811664157945495 -0.42811664211370953  0.27899013941332185  0.42811664154082313  0.42811664185190657  4.28116642230420950e-01
 11 -0.27899013997404193  0.27899014011713219 -0.27899013998035949  0.27899013986593851  0.42811664134812577 -0.27899013961320579 -0.42811664221848672  0.42811664210680112  0.42811664160985197 -0.42811664219611623  0.27899013950420831  0.42811664102207703  0.42811664174990494  4.28116642218486720e-01
 12 -0.27899013939000350 -0.42811664143806982  0.42811664155278328  0.27899013976707726 -0.27899014009514306 -0.27899013942702655 -0.42811664224025542 -0.27899013974831172  0.42811664165550994 -0.42811664197435823 -0.42811664207897915 -0.27899013979928394  0.42811664184928483  4.28116642240255420e-01
 13 -0.27899013996530098 -0.42811664114875364 -0.27899014018305285  0.27899014007545769  0.42811664109995878 -0.27899013930919525 -0.42811664222849016 -0.27899013965592923  0.42811664168654195 -0.42811664205702260 -0.42811664198868216 -0.27899014031903174  0.42811664174772329  4.28116642228490160e-01
 14 -0.27899013937210232 -0.42811664177801567  0.42811664172936431  0.27899013945870077 -0.27899014010198636 -0.27899013938680228 -0.42811664224839302  0.42811664194012927  0.42811664171888836 -0.42811664209713046  0.27899013916312659 -0.27899013978499654  0.42811664190530591  4.28116642248393020e-01
 15 -0.27899013994686073 -0.42811664148768697 -0.27899014000623801  0.27899013976679266  0.42811664109306202 -0.27899013926884331 -0.42811664223602464  0.42811664203199068  0.42811664174920905 -0.42811664217940254  0.27899013925344601 -0.27899014030436259  0.42811664180303755  4.28116642236024640e-01
 16 -0.27899013922427418  0.27899013993174832  0.42811664195455312 -0.42811664182244785 -0.27899013916022342  0.42811664125305776 -0.42811664221379442 -0.27899013971385073 -0.27899014006383271  0.27899013957836094 -0.42811664195169680  0.42811664208122746  0.42811664187422660  4.28116642213794420e-01
 17 -0.27899013979975673  0.27899014022175411 -0.27899013978140019 -0.42811664151419260  0.42811664203393979  0.42811664137131777 -0.42811664220211387 -0.27899013962144659 -0.27899014003338291  0.27899013949556800 -0.42811664186075704  0.42811664156184048  0.42811664177289671  4.28116642202113870e-01
 18 -0.27899013920656762  0.27899013959198321  0.42811664213087258 -0.42811664213136152 -0.27899013916713811  0.42811664129323701 -0.42811664222125417  0.42811664197434507 -0.27899014000016248  0.27899013945565387  0.27899013929024963  0.42811664209589723  0.42811664192998283  4.28116642221254170e-01
 19 -0.27899013978198067  0.27899013988236171 -0.27899013960486391 -0.42811664182261172  0.42811664202778299  0.42811664141134220 -0.42811664220927426  0.42811664206671213 -0.27899013996968058  0.27899013937318956  0.27899013938125156  0.42811664157682555  0.42811664182823600  4.28116642209274260e-01
 20 -0.27899013919770999 -0.42811664167312680  0.42811664192847620 -0.42811664192171756 -0.27899013941594758  0.42811664159741070 -0.42811664223136797 -0.27899013978868387 -0.27899013992378191  0.27899013959439900 -0.42811664220209972 -0.27899013924503652  0.42811664192763471  4.28116642231367970e-01
 21 -0.27899013977290482 -0.42811664138339639 -0.27899013980781001 -0.42811664161335872  0.42811664177916070  0.42811664171529384 -0.42811664221958617 -0.27899013969580189 -0.27899013989346078  0.27899013951259616 -0.42811664211146949 -0.27899013976376491  0.42811664182619680  4.28116642219586170e-01
 22 -0.27899013917939197 -0.42811664201219762  0.42811664210494704 -0.42811664223060453 -0.27899013942226758  0.42811664163709873 -0.42811664223910423  0.42811664190012089 -0.27899013986074711  0.27899013947185280  0.27899013904012515 -0.27899013923060323  0.42811664198328975  4.28116642239104230e-01
 23 -0.27899013975464493 -0.42811664172215508 -0.27899013963113517 -0.42811664192161564  0.42811664177236614  0.42811664175534864 -0.42811664222705931  0.42811664199242394 -0.27899013982959592  0.27899013938908401  0.27899013913101117 -0.27899013974955583  0.42811664188153720  4.28116642227059310e-01
 24 -0.27899013937939682  0.27899013981524351  0.42811664161010266 -0.42811664171045816 -0.27899013941792067 -0.27899013991928523 -0.42811664220883994 -0.27899013970010572  0.42811664169439856  0.27899013936311806 -0.42811664198882088  0.42811664199396282  0.42811664199572286  4.28116642208839940e-01
 25 -0.27899013995466132  0.27899014010493645 -0.27899014012595141 -0.42811664140206479  0.42811664177682712 -0.27899013980105686 -0.42811664219661461 -0.27899013960748836  0.42811664172540642  0.27899013928081517 -0.42811664189834525  0.42811664147447265  0.42811664189419874  4.28116642196614610e-01
 26 -0.27899013936149597  0.27899013947607276  0.42811664178653602 -0.42811664201938210 -0.27899013942448841 -0.27899013987909688 -0.42811664221630313  0.42811664198845284  0.42811664175789244  0.27899013924054672  0.27899013925320865  0.42811664200794364  0.42811664205157340  4.28116642216303130e-01
 27 -0.27899013993630462  0.27899013976560394 -0.27899013994955257 -0.42811664171064556  0.42811664177025827 -0.27899013976110687 -0.42811664220464818  0.42811664208067340  0.42811664178917852  0.27899013915790860  0.27899013934436778  0.42811664148890638  0.42811664194997501  4.28116642204648180e-01
 28 -0.27899013935244338 -0.42811664178964398  0.42811664158380425 -0.42811664180969849 -0.27899013967338798 -0.27899013957494712 -0.42811664222662127 -0.27899013977400888  0.42811664183423043  0.27899013937966888 -0.42811664223926882 -0.27899013933255029  0.42811664204936478  4.28116642239268820e-01
 29 -0.27899013992766086 -0.42811664149980055 -0.27899014015217533 -0.42811664150153811  0.42811664152152584 -0.27899013945705947 -0.42811664221464940 -0.27899013968187397  0.42811664186511872  0.27899013929726646 -0.42811664214869960 -0.27899013985156668  0.42811664194746862  4.28116642214649400e-01
 30 -0.27899013933426237 -0.42811664212858647  0.42811664176024117 -0.42811664211829231 -0.27899013967986219 -0.27899013953484730 -0.42811664223428869  0.42811664191414367  0.42811664189799731  0.27899013925697674  0.27899013900290875 -0.27899013931816058  0.42811664210468275  4.28116642234288690e-01
 31 -0.27899013990959626 -0.42811664183927900 -0.27899013997560757 -0.42811664181013520  0.42811664151507145 -0.27899013941675288 -0.42811664222261325  0.42811664200592675  0.42811664192846133  0.27899013917454402  0.27899013909376713 -0.27899013983768395  0.42811664200271132  4.28116642222613250e-01
 32 -0.42811664145021450  0.42811664195024285  0.27899014026362262  0.42811664178141384 -0.42811664170015767  0.27899013938260070  0.42811664222489670 -0.42811664182237119 -0.42811664223940060 -0.27899013936594669 -0.27899013931480743  0.27899013975268178  0.27899013956801361  4.28116642239400600e-01
 33 -0.42811664202518501  0.42811664223970786 -0.42811664147230727  0.42811664208941452  0.27899013949409640  0.27899013950044593  0.42811664223700163 -0.42811664172988984 -0.42811664220841944 -0.27899013944851991 -0.27899013922438132  0.27899013923295612  0.27899013946601248  4.28116642239707860e-01
 34 -0.42811664143228018  0.42811664161108748  0.27899014044014064  0.42811664147274492 -0.42811664170722380  0.27899013942257705  0.42811664221740592  0.27899013986620697 -0.42811664217584111 -0.27899013948857115  0.42811664192718540  0.27899013976738091  0.27899013962373514  4.28116642217405920e-01
 35 -0.42811664200751559  0.42811664190082166 -0.42811664129554866  0.42811664178124204  0.27899013948795448  0.27899013954033086  0.42811664222929952  0.27899013995867289 -0.42811664214494566 -0.27899013957082580  0.42811664201792704  0.27899013924825855  0.27899013952176338  4.28116642229299520e-01
 36 -0.42811664142318784 -0.27899013965440772  0.27899014023791102  0.42811664168185798 -0.42811664195563170  0.27899013972682951  0.42811664220706652 -0.42811664189685994 -0.42811664209947342 -0.27899013934938327 -0.27899013956534496 -0.42811664157342105  0.27899013962110508  4.28116642207066520e-01
 37 -0.42811664199849003 -0.27899013936484096 -0.42811664149852940  0.42811664199042659  0.27899013923885735  0.27899013984441895  0.42811664221932294 -0.42811664180446168 -0.42811664206883421 -0.27899013943170575 -0.27899013947481077 -0.42811664209289607  0.27899013951943236  4.28116642219322940e-01
 38 -0.42811664140489508 -0.27899013999366701  0.27899014041353631  0.42811664137340838 -0.42811664196220617  0.27899013976642911  0.42811664219943124  0.27899013979131032 -0.42811664203569993 -0.27899013947222490  0.42811664167647817 -0.42811664155885820  0.27899013967644370  4.28116642199431240e-01
 39 -0.42811664198054800 -0.27899013970440562 -0.42811664132164506  0.42811664168198205  0.27899013923251786  0.27899013988460747  0.42811664221144241  0.27899013988396665 -0.42811664200519478 -0.27899013955445329  0.42811664176764380 -0.42811664207821282  0.27899013957506213  4.28116642211442410e-01
 40 -0.42811664160520774  0.42811664183390208  0.27899013991964028  0.42811664189325915 -0.42811664195838217 -0.42811664179012099  0.42811664222967782 -0.42811664180852788  0.27899013951943702 -0.27899013958075081 -0.27899013935222572  0.27899013966533143  0.27899013968959013  4.28116642229677820e-01
 41 -0.42811664218005385  0.42811664212325407 -0.42811664181655662  0.42811664220154949  0.27899013923695226 -0.42811664167176605  0.42811664224173190 -0.42811664171560798  0.27899013954999785 -0.27899013966289260 -0.27899013926171840  0.27899013914535731  0.27899013958772939  4.28116642241731900e-01
 42 -0.42811664158670437  0.42811664149434198  0.27899014009551432  0.42811664158451396 -0.42811664196429156 -0.42811664174994268  0.42811664222203477  0.27899013987990195  0.27899013958254559 -0.27899013970334302  0.42811664188961374  0.27899013967938729  0.27899013974485559  4.28116642222034770e-01
 43 -0.42811664216219325  0.42811664178406411 -0.42811664164011171  0.42811664189285348  0.27899013923062704 -0.42811664163188440  0.42811664223398260  0.27899013997222571  0.27899013961334129 -0.27899013978590831  0.42811664198075922  0.27899013916023152  0.27899013964306563  4.28116642233982600e-01
 44 -0.42811664157772161 -0.27899013977145237  0.27899013989281601  0.42811664179403430 -0.42811664221324897 -0.42811664144585448  0.42811664221216911 -0.42811664188271559  0.27899013965883351 -0.27899013956427726 -0.27899013960305091 -0.42811664166162405  0.27899013974302467  4.28116642213248970e-01
 45 -0.42811664215343365 -0.27899013948139334 -0.42811664184284204  0.42811664210239464  0.27899013898162511 -0.42811664132799165  0.42811664222419105 -0.42811664179023229  0.27899013969004249 -0.27899013964662439 -0.27899013951215729 -0.42811664218016715  0.27899013964086733  4.28116642224191050e-01
 46 -0.42811664155970053 -0.27899014011070999  0.27899014006919121  0.42811664148538270 -0.42811664221963563 -0.42811664140607042  0.42811664220434004  0.27899013980546217  0.27899013972237302 -0.27899013968692410  0.42811664163928848 -0.42811664164647839  0.27899013979802167  4.28116642219635630e-01
 47 -0.42811664213531603 -0.27899013982061160 -0.42811664166610125  0.42811664179405606  0.27899013897512337 -0.42811664128782245  0.42811664221626794  0.27899013989777932  0.27899013975300202 -0.27899013976941356  0.42811664173031799 -0.42811664216613321  0.27899013969654518  4.28116642216267940e-01
 48 -0.42811664141245220  0.42811664159927115  0.27899014029456781 -0.27899013979556797 -0.42811664127823423  0.27899013923442822  0.42811664223859219 -0.42811664184823572 -0.42811664206006478  0.42811664198857546 -0.27899013947545137  0.27899014021960272  0.27899013976745191  4.28116642238592190e-01
 49 -0.42811664198774368  0.42811664188861026 -0.42811664144150080 -0.27899013948708301  0.27899013991628935  0.27899013935234546  0.42811664225056006 -0.42811664175593672 -0.42811664202962724  0.42811664190544785 -0.27899013938437384  0.27899013970043246  0.27899013966588060  4.28116642250560060e-01
 50 -0.42811664139438277  0.42811664125951809  0.27899014047116216 -0.27899014010360151 -0.42811664128499782  0.27899013927429095  0.42811664223133833  0.27899013984000143 -0.42811664199663368  0.42811664186555631  0.42811664176697500  0.27899014023412921  0.27899013982289605  4.28116642231338330e-01
 51 -0.42811664196998622  0.42811664154955664 -0.42811664126478505 -0.27899013979551307  0.27899013990980942  0.27899013939237849  0.42811664224281726  0.27899013993229882 -0.42811664196591681  0.42811664178311959  0.42811664185795190  0.27899013971509168  0.27899013972146980  4.28116642242817260e-01
 52 -0.42811664138555811 -0.27899014000599076  0.27899014026839530 -0.27899013989486171 -0.42811664153375439  0.27899013957852781  0.42811664222090623 -0.42811664192237364 -0.42811664192047816  0.42811664200449279 -0.27899013972563480 -0.42811664110659359  0.27899013982075516  4.28116642220906230e-01
 53 -0.42811664196111338 -0.27899013971586806 -0.42811664146747924 -0.27899013958621643  0.27899013966141445  0.27899013969668623  0.42811664223318013 -0.42811664183014719 -0.42811664188953169  0.42811664192195403 -0.27899013963500174 -0.42811664162605850  0.27899013971931008  4.28116642233180130e-01
 54 -0.42811664136734218 -0.27899014034509334  0.27899014044475207 -0.27899014020347934 -0.42811664154037349  0.27899013961838570  0.42811664221352802  0.27899013976550630 -0.42811664185703674  0.42811664188197690  0.42811664151664325 -0.42811664109180686  0.27899013987662113  4.28116642213528020e-01
 55 -0.42811664194308480 -0.27899014005537559 -0.42811664129117966 -0.27899013989491817  0.27899013965468727  0.27899013973615888  0.42811664222506324  0.27899013985771115 -0.42811664182613784  0.42811664179954173  0.42811664160751400 -0.42811664161122787  0.27899013977490988  4.28116642225063240e-01
 56 -0.42811664156734708  0.42811664148218748  0.27899013995001942 -0.27899013968344766 -0.42811664153582402 -0.42811664193766358  0.42811664224393564 -0.42811664183400966  0.27899013969796110  0.42811664177336850 -0.27899013951260310  0.27899014013180867  0.27899013988866533  4.28116642243935640e-01
 57 -0.42811664214244993  0.42811664177240744 -0.42811664178607645 -0.27899013937509914  0.27899013965893577 -0.42811664181977693  0.42811664225578405 -0.42811664174180053  0.27899013972893122  0.42811664169078822 -0.27899013942193235  0.27899013961267521  0.27899013978724901  4.28116642255784050e-01
 58 -0.42811664154911666  0.42811664114335712  0.27899014012651396 -0.27899013999231581 -0.42811664154213686 -0.42811664189778365  0.42811664223643270  0.27899013985388660  0.27899013976139764  0.42811664165073077  0.42811664172960784  0.27899014014676737  0.27899013994476440  4.28116642236432700e-01
 59 -0.42811664212458916  0.42811664143279055 -0.42811664160940144 -0.27899013968380038  0.27899013965227848 -0.42811664177997666  0.42811664224801360  0.27899013994672650  0.27899013979244291  0.42811664156787177  0.42811664182054987  0.27899013962718894  0.27899013984274418  4.28116642248013600e-01
 60 -0.42811664154035550 -0.27899014012241796  0.27899013992395078 -0.27899013978284892 -0.42811664179146591 -0.42811664159397428  0.42811664222603152 -0.42811664190868209  0.27899013983776066  0.42811664178985154 -0.27899013976324877 -0.42811664119454063  0.27899013994221022  4.28116642226031520e-01
 61 -0.42811664211571637 -0.27899013983286708 -0.42811664181190601 -0.27899013947423801  0.27899013940359174 -0.42811664147597733  0.42811664223806994 -0.42811664181624726  0.27899013986879395  0.42811664170748581 -0.27899013967236141 -0.42811664171346225  0.27899013984075566  4.28116642238069940e-01
 62 -0.42811664152245049 -0.27899014046200826  0.27899014010018397 -0.27899014009115813 -0.42811664179770681 -0.42811664155400425  0.42811664221802392  0.27899013977957332  0.27899013990142651  0.42811664166684354  0.42811664147915707 -0.42811664117977244  0.27899013999749622  4.28116642218023920e-01
 63 -0.42811664209776562 -0.27899014017204998 -0.42811664163556074 -0.27899013978251413  0.27899013939713352 -0.42811664143594497  0.42811664223002655  0.27899013987168148  0.27899013993228189  0.42811664158450630  0.42811664157008805 -0.42811664169877017  0.27899013989594440  4.28116642230026550e-01

