
  0  0.28722935109564257  0.28640189049591291 -0.28722933936440681 -0.28722935079927397 -0.28690749524757964  0.28713531688471006  0.28716556526141263 -0.24450025431403294  0.28722935030368801 -0.28704659379093289 -0.28692798624173327  0.17382156909923197  0.28716118561159293  0.28718960830999085 -0.21227573947244077 -0.21453105357341759 -0.28722933930745764 -0.28722935109437397  0.28722934966047708  0.28722935113435288  2.87229351134352880e-01
  1  0.28722935112312536  0.28640790312998060 -0.20760519705567321  0.28722934944815254 -0.28691303940399421  0.28714769139798557  0.28716293272492588 -0.28722935109018782 -0.28722935077854556 -0.28709636314771853 -0.28695356918227111  0.21655114613568480  0.28708664527038713  0.28717619452152682 -0.21228747036825191 -0.21450785002957334 -0.28722933418187868 -0.28722935110580594 -0.28722934909927988  0.28722935114007503  2.87229351140075030e-01
  2  0.28722935109684222  0.28674774764007022 -0.28722934722272336 -0.28722935083288686 -0.21325799840649001  0.28712505666339572  0.28716253821103804 -0.24450024119603042  0.28722935008581674  0.28720423237025489  0.28720294338828956  0.17382156853429515 -0.28711171799219493  0.28712949064181453 -0.28573215875077124 -0.21424890224390958 -0.28722933020179470 -0.28722935110478903  0.28722934973091629  0.28722935113903725  2.87229351139037250e-01
  3  0.28722935112436909  0.28675376027423977 -0.20760520491440523  0.28722934941445333 -0.21326354256259636  0.28713743117664731  0.28715990567466421 -0.28722933797196881 -0.28722935099656149  0.28715446301300379  0.28717736044760589  0.21655114557089286 -0.28718625833313655  0.28711607685326623 -0.28574388964658737 -0.21422569869964875 -0.28722932507617283 -0.28722935111621273 -0.28722934902866198  0.28722935114414344  2.87229351144143440e-01
  4 -0.28722935113507209  0.28629679335831815 -0.28722934023720320 -0.28722935021281926 -0.28689718829364230  0.28707059916364902  0.28717709803488012 -0.17382089529484079  0.28722935047012443 -0.28706774755693865 -0.28694688500884036  0.24449976529313824  0.28719992426562191  0.28719560398763655 -0.21287995291603420 -0.21404465478473572 -0.28722934604793499  0.28722935110041831  0.28722934935772459 -0.28722935113829429  2.87229351138294290e-01
  5 -0.28722935110785919  0.28630280599257435 -0.20760519792886789  0.28722935003435712 -0.28690273244951420  0.28708297367707036  0.28717446549816611 -0.21654999207135917 -0.28722935061264682 -0.28711751691431447 -0.28697246794963310  0.28722934232984471  0.28712538392486159  0.28718219019896712 -0.21289168381182003 -0.21402145124101898 -0.28722934092207136  0.28722935108930903 -0.28722934940206135 -0.28722935113284642  2.87229351132846420e-01
  6 -0.28722935113393483  0.28664265050272764 -0.28722934809573514 -0.28722935024650864 -0.21324769145225539  0.28706033894252381  0.28717407098441533 -0.17382088217670935  0.28722935025226076  0.28718307860408854  0.28718404462118868  0.24449976472848467 -0.28707297933759768  0.28713548631933122 -0.28633637219437602 -0.21376250345527514 -0.28722933694208641  0.28722935109021397  0.28722934942835926 -0.28722935113377146  2.87229351133934830e-01
  7 -0.28722935110656073  0.28664866313701753 -0.20760520578704231  0.28722935000046323 -0.21325323560844936  0.28707271345550761  0.28717143844775006 -0.21654997895291572 -0.28722935083029560  0.28713330924684821  0.28715846168067827  0.28722934176506337 -0.28714751967859131  0.28712207253086286 -0.28634810309052677 -0.21373929991150398 -0.28722933181646654  0.28722935107892544 -0.28722934933153815 -0.28722935112819320  2.87229351128193200e-01
  8  0.28722935110883385  0.21318633882237920 -0.28722933770460701 -0.28722935061628840 -0.28716169366077127 -0.28709677255916416 -0.28717325783468889 -0.24450025314523230  0.28722935078885597 -0.28704342973512587 -0.28694584115973099  0.17382157320579691  0.28718361231081535 -0.28710098512601495 -0.21286915763284403 -0.28679310321721957 -0.28722934069148892 -0.28722935112610998  0.28722934907987874  0.28722935113562670  2.87229351135626700e-01
  9  0.28722935113612980  0.21319235145641996 -0.20760519539597019  0.28722934963108104 -0.28716723781699072 -0.28708439804587371 -0.28717589037116265 -0.28722934992136873 -0.28722935029369562 -0.28709319909265058 -0.28697142410066029  0.21655115024231611  0.28710907196963459 -0.28711439891453361 -0.21288088852868048 -0.28676989967333155 -0.28722933556576885 -0.28722935113750031 -0.28722934968002939  0.28722935114130427  2.87229351141304270e-01
 10  0.28722935110975911  0.21353219596666759 -0.28722934556292296 -0.28722935064999228 -0.21351219681970007 -0.28710703278041538 -0.28717628488487063 -0.24450024002713155  0.28722935057117938  0.28720739642555237  0.28718508847040503  0.17382157264090986 -0.28708929129259181 -0.28716110279428597 -0.28632557691129051 -0.28651095188792819 -0.28722933158601005 -0.28722935113640147  0.28722934915021792  0.28722935114020137  2.87229351140201370e-01
 11  0.28722935113734416  0.21353820860081763 -0.20760520325435741  0.28722934959737051 -0.21351774097587295 -0.28709465826751734 -0.28717891742137019 -0.28722933680324336 -0.28722935051146398  0.28715762706836562  0.28715950552977298  0.21655114967748681 -0.28716383163367332 -0.28717451658271681 -0.28633730780705752 -0.28648774834382662 -0.28722932646020088 -0.28722935114737463 -0.28722934960960567  0.28722935114585840  2.87229351147374630e-01
 12 -0.28722935112205156  0.21308124168470599 -0.28722933857743865 -0.28722935002983213 -0.28715138670689355 -0.28716149028009669 -0.28716172506168869 -0.17382089412604523  0.28722935095554969 -0.28706458350171354 -0.28696473992668947  0.24449976939987728  0.28722235096473131 -0.28709498944832296 -0.21347337107625769 -0.28630670442872075 -0.28722934743195311  0.28722935106886749  0.28722934877687961 -0.28722935113711867  2.87229351137118670e-01
 13 -0.28722935109471054  0.21308725431874531 -0.20760519626894719  0.28722935021753171 -0.28715693086271998 -0.28714911576717228 -0.28716435759832926 -0.21654999090229657 -0.28722935012714301 -0.28711435285892367 -0.28699032286766013  0.28722934643641490  0.28714781062418310 -0.28710840323708525 -0.21348510197259590 -0.28628350088457016 -0.28722934230620839  0.28722935105766062 -0.28722934998268568 -0.28722935113126480  2.87229351131264800e-01
 14 -0.28722935112093972  0.21342709882905181 -0.28722934643588999 -0.28722935006348610 -0.21350188986545496 -0.28717175050133109 -0.28716475211177328 -0.17382088100785226  0.28722935073757111  0.28718624265944909  0.28716618970317148  0.24449976883496907 -0.28705055263840557 -0.28715510711666248 -0.28692979035489108 -0.28602455309935720 -0.28722933832619579  0.28722935105861386  0.28722934884724982 -0.28722935113239734  2.87229351132397340e-01
 15 -0.28722935109347614  0.21343311146298735 -0.20760520412737934  0.28722935018362938 -0.21350743402144542 -0.28715937598806851 -0.28716738464828695 -0.21654997778398657 -0.28722935034485214  0.28713647330194864  0.28714060676271203  0.28722934587157822 -0.28712509297920230 -0.28716852090538053 -0.28694152125079653 -0.28600134955530154 -0.28722933320031196  0.28722935104707237 -0.28722934991226146 -0.28722935112680109  2.87229351126801090e-01
 16  0.28722935109073983 -0.21390654748313812 -0.28722933972064568 -0.28722935096129892  0.21306108750597205  0.28712228851211968  0.28718354435004051 -0.24450025136911124  0.28722935032027491 -0.28712794468315050 -0.28711875308486834  0.17382157315193056  0.28715075939945800  0.28720229796502483  0.28652993766480145  0.28638384560821262 -0.28722934052280175 -0.28722935107343006  0.28722935093426710  0.28722935113538406  2.87229351135384060e-01
 17  0.28722935111797460 -0.21390053484891325 -0.20760519741198602  0.28722934928543586  0.21305554334965068  0.28713466302546564  0.28718091181370720 -0.28722934814506895 -0.28722935076222483 -0.28717771404049325 -0.28714433602554579  0.21655115018861140  0.28707621905852093  0.28718888417637245  0.28651820676867445  0.28640704915167209 -0.28722933539717060 -0.28722935108476766 -0.28722934782518655  0.28722935114094139  2.87229351140941390e-01
 18  0.28722935109189379 -0.21356069033895822 -0.28722934757916607 -0.28722935099502273  0.28671058434689878  0.28711202829094457  0.28718051729987576 -0.24450023825088629  0.28722935010230538  0.28712288147785064  0.28701217654500744  0.17382157258711980 -0.28712214420380250  0.28714218029678817  0.21307351838648841  0.28666599693747508 -0.28722933141710405 -0.28722935108367659  0.28722935100474450  0.28722935113982978  2.87229351139829780e-01
 19  0.28722935111915121 -0.21355467770492484 -0.20760520527045837  0.28722934925205179  0.28670504019063620  0.28712440280417006  0.28717788476342160 -0.28722933502702408 -0.28722935098001334  0.28707311212043407  0.28698659360465473  0.21655114962386668 -0.28719668454464897  0.28712876650832619  0.21306178749037333  0.28668920048152874 -0.28722932629150111 -0.28722935109509812 -0.28722934775486963  0.28722935114549908  2.87229351145499080e-01
 20 -0.28722935114022080 -0.21401164462080480 -0.28722934059372973 -0.28722935037512065  0.21307139445974038  0.28705757079086469  0.28719507712348424 -0.17382089234967033  0.28722935048660336 -0.28714909844954778 -0.28713765185216972  0.24449976934610718  0.28718949805412236  0.28720829364257067  0.28592572422130047  0.28687024439657138 -0.28722934726318794  0.28722935112186099  0.28722935063154886 -0.28722935113734249  2.87229351140220800e-01
 21 -0.28722935111260184 -0.21400563198662215 -0.20760519828505153  0.28722934987228221  0.21306585030376890  0.28706994530410535  0.28719244458652088 -0.21654998912594778 -0.28722935059581606 -0.28719886780654180 -0.28716323479284395  0.28722934638262737  0.28711495771304907  0.28719487985406400  0.28591399332502215  0.28689344794022620 -0.28722934213744611  0.28722935111047004 -0.28722934812825368 -0.28722935113171860  2.87229351131718600e-01
 22 -0.28722935113874537 -0.21366578747657758 -0.28722934845213821 -0.28722935040864400  0.28672089130108624  0.28704731056971639  0.28719205007323639 -0.17382087923139034  0.28722935026900831  0.28710172771171982  0.28699327777807604  0.24449976878122734 -0.28708340554939132  0.28714817597429720  0.21246930494284472  0.28715239572588019 -0.28722933815745999  0.28722935111125758  0.28722935070181888 -0.28722935113279069  2.87229351138745370e-01
 23 -0.28722935111182191 -0.21365977484236839 -0.20760520614328160  0.28722934983849119  0.28671534714489488  0.28705968508299540  0.28718941753673272 -0.21654997600780226 -0.28722935081362633  0.28705195835411118  0.28696769483704010  0.28722934581788867 -0.28715794589037030  0.28713476218597689  0.21245757404687360  0.28717559927026282 -0.28722933303157167  0.28722935110004122 -0.28722934805775335 -0.28722935112713072  2.87229351127130720e-01
 24  0.28722935110394804 -0.28712209915695791 -0.28722933806056267 -0.28722935077848294  0.21280688909236609 -0.28710980093187127 -0.28715527874578228 -0.24450025020018420  0.28722935080542872 -0.28712478062796443 -0.28713660800292723  0.17382157725856742  0.28717318609876458 -0.28708829547104880  0.28593651950461163  0.21412179596421532 -0.28722934190680749 -0.28722935110497821  0.28722935035342473  0.28722935113669984  2.87229351136699840e-01
 25  0.28722935113126169 -0.28711608652271553 -0.20760519575217348  0.28722934946893158  0.21280134493635172 -0.28709742641867753 -0.28715791128251344 -0.28722934697635100 -0.28722935027719143 -0.28717454998504083 -0.28716219094364592  0.21655115429537980  0.28709864575806116 -0.28710170925944861  0.28592478860840548  0.21414499950810947 -0.28722933678128904 -0.28722935111629549 -0.28722934840608239  0.28722935114234138  2.87229351142341380e-01
 26  0.28722935110498027 -0.28677624201222707 -0.28722934591937721 -0.28722935081211348  0.28645638593364514 -0.28712006115313060 -0.28715830579606932 -0.24450023708230262  0.28722935058767468  0.28712604553313298  0.28699432162714128  0.17382157669358647 -0.28709971750436297 -0.28714841313881528  0.21248010022591859  0.21440394729377674 -0.28722933280100071 -0.28722935111508729  0.28722935042393560  0.28722935114136133  2.87229351141361330e-01
 27  0.28722935113233017 -0.28677022937851171 -0.20760520361079127  0.28722934943524098  0.28645084177764635 -0.28710768663984954 -0.28716093833275835 -0.28722933385808758 -0.28722935049469589  0.28707627617579579  0.28696873868639788  0.21655115373036801 -0.28717425784549427 -0.28716182692786046  0.21246836932994270  0.21442715083769170 -0.28722932767541792 -0.28722935112661552 -0.28722934833564279  0.28722935114691245  2.87229351146912450e-01
 28 -0.28722935112713299 -0.28722719629447996 -0.28722933893394204 -0.28722935019207041  0.21281719604651350 -0.28717451865307553 -0.28714374597288500 -0.17382089118092672  0.28722935097165886 -0.28714593439399660 -0.28715550677017065  0.24449977345266646  0.28721192475320029 -0.28708229979340316  0.28533230606010890  0.21460819475278245 -0.28722934864704802  0.28722935109005221  0.28722935005073091 -0.28722935113596598  2.87229351135965980e-01
 29 -0.28722935109958653 -0.28722118365998878 -0.20760519662519719  0.28722935005529360  0.21281165189049456 -0.28716214413957131 -0.28714637850933888 -0.21654998795707092 -0.28722935011067008 -0.28719570375126580 -0.28718108971079515  0.28722935048902137  0.28713738441259712 -0.28709571358218811  0.28532057516403281  0.21463139829687783 -0.28722934352142793  0.28722935107872244 -0.28722934870915123 -0.28722935113033188  2.87229351130331880e-01
 30 -0.28722935112584830 -0.28688133914986280 -0.28722934679231760 -0.28722935022561369  0.28646669288805854 -0.28718477887428467 -0.28714677302292280 -0.17382087806289478  0.28722935075399386  0.28710489176677861  0.28697542285962890  0.24449977288788954 -0.28706097884995024 -0.28714241746168440  0.21187588678223510  0.21489034608227933 -0.28722933954148400  0.28722935107991820  0.28722935012098488 -0.28722935113145848  2.87229351131458480e-01
 31 -0.28722935109839054 -0.28687532651587344 -0.20760520448395015  0.28722935002157346  0.28646114873203826 -0.28717240436091457 -0.28714940555964380 -0.21654997483901683 -0.28722935032855013  0.28705512240967174  0.28694983991950324  0.28722934992461502 -0.28713551919102265 -0.28715583125020683  0.21186415588617089  0.21491354962630982 -0.28722933441560811  0.28722935106822511 -0.28722934863851635 -0.28722935112572717  2.87229351125727170e-01

