
  0  0.35355331974527537  0.35348249446022950 -0.35355331978345494  0.35189495799588699  0.35355331980284194  0.35094810857331038  0.35349527693123989 -0.35113381376489328  0.28169973831312189  0.35355331980975552 -0.35319389892663322 -0.25452160803711538 -0.35341331310670282 -0.35338989001349974 -0.33336844391298648  3.53553319809755520e-01
  1  0.35355331974169424  0.35348369850840383 -0.35355331978141835  0.35217290368003601  0.35355331980267962 -0.35299505736615755  0.35340678969136308  0.35273025418726828  0.24136212305964305  0.35355331980959043 -0.35317325584593057 -0.33012388437790857 -0.35342795311784481 -0.35334669001787938 -0.29218011088273427  3.53553319809590430e-01
  2  0.35355135946349159  0.35341767123698825  0.35355271246915038  0.35196982025561696 -0.35355207602992728  0.35060561218761460  0.35346308486325650 -0.35127263779396023  0.28288708732497603  0.35355202300315036 -0.35321668968522690 -0.25331784441272898 -0.35343247290911362 -0.35339078325976064 -0.33347784377173489  3.53552712469150380e-01
  3  0.35355135945946753  0.35341887528530680  0.35355271247132897  0.35224776593954216 -0.35355207603079830 -0.35333755375231113  0.35337459762371848  0.35259143015729544  0.24254947207243038  0.35355202300301619 -0.35319604660497245 -0.32892012075567267 -0.35344711292029946 -0.35334758326343046 -0.29228951074105447  3.53552712471328970e-01
  4  0.35355331972100229  0.35347778433276639 -0.35355331975302040  0.35286073499177373  0.35355331982669908  0.35089533771991943  0.35351945490282000 -0.35148579956948173 -0.27927147850559830  0.35355331980262755 -0.35308014226538748  0.35007840706911852 -0.35343951969107590 -0.35339533683957358  0.23211280488708780  3.53553319826699080e-01
  5  0.35355331971734288  0.35347898838038283 -0.35355331975066667  0.35313868067565940  0.35355331982629873 -0.35304782821952951  0.35343096766334764  0.35237826838178848 -0.31960909376021301  0.35355331980188648 -0.35305949918469598  0.27447613073182281 -0.35345415970232003 -0.35335213684371053  0.27330113791251492  3.53553319826298730e-01
  6  0.35355135943892313  0.35341296110933185  0.35355271249965697  0.35293559725179169 -0.35355207600662714  0.35055284133402337  0.35348726283551818 -0.35162462359899094 -0.27808412949335121  0.35355202299574617 -0.35310293302475132  0.35128217069039186 -0.35345867949396553 -0.35339623008538162  0.23200340502938879  3.53552712499656970e-01
  7  0.35355135943483612  0.35341416515790769  0.35355271250204368  0.35321354293547996 -0.35355207600713812 -0.35339032460568770  0.35339877559554816  0.35223944435206700 -0.31842174474727852  0.35355202299530503 -0.35308228994407592  0.27567989435366191 -0.35347331950466648 -0.35335303008942093  0.27319173805488656  3.53552712502043680e-01
  8 -0.35355135951568500  0.35348397179777713 -0.35355271247148212  0.35167363025970916  0.35355207599821509  0.35081658606552546  0.35345820650919835 -0.35152262184000049  0.28013327451872838 -0.35355202299695837 -0.35327738223149063 -0.25604249331026718 -0.35346904308724142 -0.35347049775763734 -0.33329617875170658  3.53552712471482120e-01
  9 -0.35355135951965105  0.35348517584642841 -0.35355271246948405  0.35195157594346399  0.35355207599783317 -0.35312657987407708  0.35336971926937644  0.35234144611098905  0.23979565926549540 -0.35355202299728772 -0.35325673915071049 -0.33164476965000411 -0.35348368309815603 -0.35342729776132387 -0.29210784572179660  3.53552712469484050e-01
 10 -0.35355331979747656  0.35341914857437345  0.35355331978130466  0.35174849251969564 -0.35355331983491106  0.35047408967964039  0.35342601444162458 -0.35166144586991543  0.28132062353130721 -0.35355331980321991 -0.35330017299053423 -0.25483872968787230 -0.35348820288952376 -0.35347139100299352 -0.33340557861036946  3.53553319834911060e-01
 11 -0.35355331980151583  0.35342035262253985  0.35355331978289883  0.35202643820334356 -0.35355331983577964 -0.35346907626010821  0.35333752720171285  0.35220262208142872  0.24098300827783861 -0.35355331980389182 -0.35327952991004852 -0.33044100602803744 -0.35350284290084677 -0.35342819100698952 -0.29221724558035833  3.53553319835779640e-01
 12 -0.35355135953993139  0.35347926167086985 -0.35355271244072534  0.35263940725641274  0.35355207602156408  0.35076381521136996  0.35348238448085201 -0.35187460764490286 -0.28083794230038817 -0.35355202300458183 -0.35316362557080350  0.34855752179689836 -0.35349524967171819 -0.35347594458280041  0.23218507004796582  3.53552712440725340e-01
 13 -0.35355135954377698  0.35348046571877711 -0.35355271243877362  0.35291735293969517  0.35355207602117938 -0.35317935072771622  0.35339389724121772  0.35198946030636713 -0.32117555755416594 -0.35355202300487376 -0.35314298249022708  0.27295524546002387 -0.35350988968278524 -0.35343274458726520  0.27337340307379554  3.53552712438773620e-01
 14 -0.35355331982198018  0.35341443844699083  0.35355331981198995  0.35271426951598350 -0.35355331981189719  0.35042131882616195  0.35345019241344544 -0.35201343167345406 -0.27965059328740349 -0.35355331981080929 -0.35318641632971787  0.34976128541923923 -0.35351440947406693 -0.35347683782852540  0.23207567018994066  3.53553319821980180e-01
 15 -0.35355331982598043  0.35341564249581642  0.35355331981362376  0.35299221519948515 -0.35355331981156551 -0.35352184711321061  0.35336170517376764  0.35185063627703961 -0.31998820854184007 -0.35355331981138949 -0.35316577324900850  0.27415900908183027 -0.35352904948556535 -0.35343363783205106  0.27326400321601335  3.53553319825980430e-01
 16  0.35355331975400334 -0.35347780083834296 -0.35355331978673693  0.35214026270011378  0.35355331980367349  0.35263210756023389  0.35343855433865157 -0.35228314467454958  0.27270927291542091  0.35355331981207072 -0.35301226113546696 -0.27131506915750736  0.35352226445488921 -0.35345001473395504 -0.32430614728228735  3.53553319812070720e-01
 17  0.35355331975012233 -0.35347659678988774 -0.35355331978481491  0.35241820838387122  0.35355331980312038 -0.35131105837905879  0.35335006709816114  0.35158092327647961  0.23237165766312190  0.35355331981140803 -0.35299161805521723 -0.34691734549613928  0.35350762444354400 -0.35340681473789132 -0.28311781425457816  3.53553319811408030e-01
 18  0.35355135947190008 -0.35354262406124853  0.35355271246593628  0.35221512495982071 -0.35355207602974464  0.35228961117435947  0.35340636227042077 -0.35242196870401810  0.27389662192817144  0.35355202300559319 -0.35303505189447454 -0.27011130553571799  0.35350310465150303 -0.35345090798005446 -0.32441554714023335  3.53552712465936280e-01
 19  0.35355135946814820 -0.35354142001317529  0.35355271246802666  0.35249307064367646 -0.35355207603031480 -0.35165355476511351  0.35331787503084855  0.35144209924759640  0.23355900667561666  0.35355202300499888 -0.35301440881440160 -0.34571358187363488  0.35348846464096673 -0.35340770798346371 -0.28322721411288315  3.53552712468026660e-01
 20  0.35355331972955201 -0.35348251096605415 -0.35355331975598514  0.35310603969606463  0.35355331982685156  0.35257933670647251  0.35346273230978703 -0.35263513047908590 -0.28826194390314219  0.35355331980459448 -0.35289850447545212  0.33328494595044816  0.35349605787090715 -0.35345546155976271  0.24117510151533328  3.53553319826851560e-01
 21  0.35355331972584669 -0.35348130691728030 -0.35355331975398063  0.35338398537982468  0.35355331982665467 -0.35136382923242987  0.35337424506997389  0.35122893747163580 -0.32859955915629624  0.35355331980386145 -0.35287786139518990  0.25768266961320219  0.35348141785957449 -0.35341226156357269  0.28236343454185187  3.53553319826654670e-01
 22  0.35355135944792537 -0.35354733418905993  0.35355271249679837  0.35318090195673896 -0.35355207600621913  0.35223684032067998  0.35343054024227688 -0.35277395450857923 -0.28707459489062959  0.35355202299804739 -0.35292129523431270  0.33448870957677185  0.35347689806800731 -0.35345635480556753  0.24106570165680363  3.53552712496798370e-01
 23  0.35355135944386218 -0.35354613014046238  0.35355271249817682  0.35345884763986968 -0.35355207600646421 -0.35170632561829096  0.35334205300210142  0.35109011344238894 -0.32741221014375121  0.35355202299725774 -0.35290065215372751  0.25888643323569321  0.35346225805619946 -0.35341315480981816  0.28225403468358801  3.53552712498176820e-01
 24 -0.35355135950697392 -0.35347632350064412 -0.35355271247459918  0.35191893496349330  0.35355207599869748  0.35250058505248621  0.35340148391596304 -0.35267195274981078  0.27114280912094069 -0.35355202299488270 -0.35309574444120795 -0.27283595443048070  0.35346653447434195 -0.35353062247750416 -0.32423388212108972  3.53552712474599180e-01
 25 -0.35355135951074873 -0.35347511945203797 -0.35355271247263009  0.35219688064736870  0.35355207599832256 -0.35144258088694003  0.35331299667598859  0.35119211520146937  0.23080519386925094 -0.35355202299517524 -0.35307510136057013 -0.34843823076835417  0.35345189446328051 -0.35348742248137516 -0.28304554909402047  3.53552712472630090e-01
 26 -0.35355331978899329 -0.35354114672354336  0.35355331977807114  0.35199379722408791 -0.35355331983459276  0.35215808866625958  0.35336929184839949 -0.35281077677936973  0.27233015813293576 -0.35355331980150512 -0.35311853520020409 -0.27163219080831263  0.35344737467175852 -0.35353151572313612 -0.32434328197901324  3.53553319834592760e-01
 27 -0.35355331979317556 -0.35353994267496719  0.35355331977989801  0.35227174290748775 -0.35355331983480676 -0.35178507727307357  0.35328080460838313  0.35105329117171796  0.23199254288124566 -0.35355331980182475 -0.35309789211941600 -0.34723446714658329  0.35343273466085334 -0.35348831572721023 -0.28315494895160825  3.53553319834806760e-01
 28 -0.35355135953144801 -0.35348103362787947 -0.35355271244399922  0.35288471195994509  0.35355207602233313  0.35244781419864657  0.35342566188831931 -0.35302393855479547 -0.28982840769808932 -0.35355202300241079 -0.35298198778038153  0.33176406067807557  0.35344032788988433 -0.35353606930321085  0.24124736667607322  3.53552712443999220e-01
 29 -0.35355135953509015 -0.35347982957964613 -0.35355271244233077  0.35316265764437077  0.35355207602183414 -0.35149535174109053  0.35333717464804903  0.35084012939704889 -0.33016602295034087 -0.35355202300279193 -0.35296134469951973  0.25616178434003201  0.35342568787881246 -0.35349286930693591  0.28243569970247884  3.53552712442330770e-01
 30 -0.35355331981343696 -0.35354585685139867  0.35355331980867422  0.35295957421970375 -0.35355331981120336  0.35210531781297311  0.35339346982008313 -0.35316276258404988 -0.28864105868532075 -0.35355331980918836 -0.35300477853948775  0.33296782429979882  0.35342116808711083 -0.35353696254953504  0.24113796681780958  3.53553319813436960e-01
 31 -0.35355331981696203 -0.35354465280266262  0.35355331981059407  0.35323751990370622 -0.35355331981168997 -0.35183784812614138  0.35330498258065063  0.35070130536706678 -0.32897867393857738 -0.35355331980963539 -0.35298413545883217  0.25736554796266453  0.35340652807619616 -0.35349376255296899  0.28232629984381746  3.53553319816962030e-01
 32  0.35355331979383736  0.35354435527669248 -0.35355331982124577 -0.35003356739442071  0.35355331981595123  0.35168077528693614  0.35347717988676136 -0.35065728205069718  0.34860960439708200  0.35355331980571730  0.35243992255278550 -0.25688190661351112 -0.35339208964940361 -0.35340439633359888 -0.26341141331217893  3.53553319821245770e-01
 33  0.35355331978976579  0.35354555932580867 -0.35355331981889943 -0.34975562171240748  0.35355331981557053 -0.35226239065297182  0.35338869264710382  0.35320678590043386  0.30827198914231330  0.35355331980552218  0.35246056563388761 -0.33248418295174459 -0.35340672966054598 -0.35336119633731916 -0.22222308028747376  3.53553319818899430e-01
 34  0.35355135951213373  0.35347953205410948  0.35355271243148950 -0.34995870513569510 -0.35355207601754912  0.35133827890082364  0.35344498781932976 -0.35079610607999573  0.34979695340867667  0.35355202299951094  0.35241713179407552 -0.25567814299086716 -0.35341124945144825 -0.35340528957958839 -0.26352081316979342  3.53552712431489500e-01
 35  0.35355135950759492  0.35348073610244329  0.35355271243329012 -0.34968075945265226 -0.35355207601836275 -0.35260488703862169  0.35335650057948853  0.35306796187091710  0.30945933815496346  0.35355202299882654  0.35243777487410716 -0.33128041933053776 -0.35342588946257947 -0.35336208958346399 -0.22233248014570850  3.53552712433290120e-01
 36  0.35355331976955545  0.35353964514952030 -0.35355331979050714 -0.34906779039888886  0.35355331983917943  0.35162800443324671  0.35350135785873338 -0.35100926785520048 -0.21236161242546628  0.35355331979864374  0.35255367921338182  0.34771810849442231 -0.35341829623356857 -0.35340984315951224  0.30206983548476385  3.53553319839179430e-01
 37  0.35355331976567034  0.35354084919815570 -0.35355331978869120 -0.34878984471567048  0.35355331983937877 -0.35231516150637004  0.35341287061910981  0.35285480009567477 -0.25269922766729019  0.35355331979794191  0.35257432229374353  0.27211583215634388 -0.35343293624473843 -0.35336664316316152  0.34325816851259572  3.53553319839378770e-01
 38  0.35355135948756122  0.35347482192663282  0.35355271246181030 -0.34899292813937116 -0.35355207599428523  0.35128550804735637  0.35346916579118903 -0.35114809188446261 -0.21117426341291975  0.35355202299174787  0.35253088845445318  0.34892187211744558 -0.35343745603628451 -0.35341073640515652  0.30196043562664382  3.53552712461810300e-01
 39  0.35355135948337540  0.35347602597491873  0.35355271246378206 -0.34871498245542121 -0.35355207599435778 -0.35265765789199288  0.35338067855160354  0.35271597606648142 -0.25151187864698943  0.35355202299128990  0.35255153153495855  0.27331959577906223 -0.35345209604738792 -0.35336753640861085  0.34314876865473587  3.53552712463782060e-01
 40 -0.35355135946709476  0.35354583261457551 -0.35355271250946629 -0.35025489513045893  0.35355207601117261  0.35154925277896254  0.35344010946488580 -0.35104609012591131  0.34704314060208225 -0.35355202300083183  0.35235643924812637 -0.25840279188705229 -0.35344781962991689 -0.35348500407717026 -0.26333914815053588  3.53552712509466290e-01
 41 -0.35355135947106586  0.35354703666298609 -0.35355271250724712 -0.34997694944586055  0.35355207601043798 -0.35239391316042590  0.35335162222526434  0.35281797782506796  0.30670552534769513 -0.35355202300141136  0.35237708232812248 -0.33400506822544879 -0.35346245964039968 -0.35344180408079517 -0.22215081512681564  3.53552712507247120e-01
 42 -0.35355331974892074  0.35348100939158550  0.35355331974342580 -0.35018003287094773 -0.35355331982278626  0.35120675639287957  0.35340791739708327 -0.35118491415467212  0.34823048961472525 -0.35355331980733040  0.35233364848842247 -0.25719902826443658 -0.35346697943263850 -0.35348589732288332 -0.26344854800849410  3.53553319822786260e-01
 43 -0.35355331975297299  0.35348221344010916  0.35355331974519183 -0.34990208718681731 -0.35355331982298799 -0.35273640954684155  0.35331943015749939  0.35267915379575698  0.30789287435963830 -0.35355331980797117  0.35235429156898851 -0.33280130460239316 -0.35348161944358203 -0.35344269732684408 -0.22226021498473314  3.53553319822987990e-01
 44 -0.35355135949135541  0.35354112248725800 -0.35355271247869091 -0.34928911813503766  0.35355207603443028  0.35149648192573058  0.35346428743667030 -0.35139807593074307 -0.21392807621993631 -0.35355202300838251  0.35247019590803769  0.34619722322211488 -0.35347402621414359 -0.35349045090298403  0.30214210064593394  3.53552712478690910e-01
 45 -0.35355135949524569  0.35354232653589557 -0.35355271247648939 -0.34901117245182811  0.35355207603410982 -0.35244668401417328  0.35337580019670017  0.35246599202062717 -0.25426569146614847 -0.35355202300885769  0.35249083898904615  0.27059494688438818 -0.35348866622476771 -0.35344725090692158  0.34333043367345867  3.53552712476489390e-01
 46 -0.35355331977340659  0.35347629926421481  0.35355331977401816 -0.34921425587552241 -0.35355331979901178  0.35115398553931076  0.35343209536893877 -0.35153689996041720 -0.21274072720756634 -0.35355331981529653  0.35244740514946904  0.34740098684397064 -0.35349318601712293 -0.35349134414844885  0.30203270078830763  3.53553319815296530e-01
 47 -0.35355331977714433  0.35347750331321032  0.35355331977606558 -0.34893631019201959 -0.35355331979936983 -0.35278918039996088  0.35334360812933996  0.35232716799093972 -0.25307834245150068 -0.35355331981538413  0.35246804822988170  0.27179871050626148 -0.35350782602779385 -0.35344814415237186  0.34322103381554275  3.53553319815384130e-01
 48  0.35355331980252275 -0.35341594002103205 -0.35355331982474852 -0.34978826269110591  0.35355331981614652  0.35336477427405016  0.35342045729363836 -0.35180661296063309  0.33961913899916107  0.35355331980804272  0.35262156034346170 -0.27367536773344586  0.35354348791226170 -0.35346452105380144 -0.25434911667998988  3.53553319824748520e-01
 49  0.35355331979852883 -0.35341473597271977 -0.35355331982254695 -0.34951031700786833  0.35355331981647842 -0.35057839166595450  0.35333197005413969  0.35205745499062241  0.29928152374431466  0.35355331980751470  0.35264220342363578 -0.34927764407093626  0.35352884790176420 -0.35342132105781060 -0.21316078365922886  3.53553319822546950e-01
 50  0.35355135952020283 -0.35348076324441841  0.35355271242814684 -0.34971340043136911 -0.35355207601729816  0.35302227788828078  0.35338826522632238 -0.35194543699035963  0.34080648801201191  0.35355202300132416  0.35259876958390168 -0.27247160411070342  0.35352432810939755 -0.35346541429969636 -0.25445851653803397  3.53552712428146840e-01
 51  0.35355135951675398 -0.35347955919604429  0.35355271243032277 -0.34943545474731724 -0.35355207601740651 -0.35092088805201527  0.35329977798670043  0.35191863096132719  0.30046887275770301  0.35355202300070820  0.35261941266486441 -0.34807388044861692  0.35350968809843697 -0.35342221430306825 -0.21327018351695415  3.53552712430322770e-01
 52  0.35355331977847537 -0.35342065014828383 -0.35355331979380528 -0.34882248569438123  0.35355331984002103  0.35331200342049202  0.35344463526589887 -0.35215859876481426 -0.22135207782269481  0.35355331980034682  0.35273531700344374  0.33092464737648059  0.35351728132775395 -0.35346996788008783  0.31113213211402402  3.53553319840021030e-01
 53  0.35355331977406801 -0.35341944610046788 -0.35355331979191035 -0.34854454001131263  0.35355331983956667 -0.35063116251921478  0.35335614802635446  0.35170546918642986 -0.26168969307263751  0.35355331980002930  0.35275596008429699  0.25532237103728544  0.35350264131698922 -0.35342676788346106  0.35232046513978543  3.53553319839566670e-01
 54  0.35355135949632049 -0.35348547337214847  0.35355271245885200 -0.34874762343504068 -0.35355207599373634  0.35296950703444807  0.35341244319778731 -0.35229742279526660 -0.22016472881018903  0.35355202299401217  0.35271252624455657  0.33212841099739676  0.35349812152520316 -0.35347086112550291  0.31102273225587979  3.53552712458852000e-01
 55  0.35355135949220984 -0.35348426932374372  0.35355271246100789 -0.34846967775133103 -0.35355207599417210 -0.35097365890510301  0.35332395595848137  0.35156664515666852 -0.26050234406021694  0.35355202299325222  0.35273316932537013  0.25652613465968077  0.35348348151405928 -0.35342766112939616  0.35221106528176221  3.53552712461007890e-01
 56 -0.35355135945838378 -0.35341446268337673 -0.35355271251273024 -0.35000959042721669  0.35355207601117683  0.35323325176602077  0.35338338687195064 -0.35219542103556073  0.33805267520503157 -0.35355202299845195  0.35253807703808532 -0.27519625300594441  0.35348775793157333 -0.35354512879712446 -0.25427685151907581  3.53552712512730240e-01
 57 -0.35355135946239719 -0.35341325863539952 -0.35355271251052173 -0.34973164474387397  0.35355207601086530 -0.35070991417391589  0.35329489963224681  0.35166864691532279  0.29771505994867303 -0.35355202299950655  0.35255872011880113 -0.35079852934247252  0.35347311792076930 -0.35350192880096143 -0.21308851849802452  3.53552712510521730e-01
 58 -0.35355331974048398 -0.35347928590716371  0.35355331974009840 -0.34993472816756588 -0.35355331982197608  0.35289075537958936  0.35335119480454946 -0.35233424506503935  0.33924002421716076 -0.35355331980533727  0.35251528627852907 -0.27399248938358645  0.35346859812915532 -0.35354602204275781 -0.25438625137745846  3.53553319821976080e-01
 59 -0.35355331974449949 -0.35347808185835294  0.35355331974221382 -0.34965678248436022 -0.35355331982251637 -0.35105241055978659  0.35326270756455191  0.35152982288613732  0.29890240896167464 -0.35355331980610116  0.35253592935942990 -0.34959476572193487  0.35345395811855224 -0.35350282204709471 -0.21319791835631080  3.53553319822516370e-01
 60 -0.35355135948272215 -0.35341917281050383 -0.35355271248189440 -0.34904381343100005  0.35355207603507138  0.35318048091210436  0.35340756484373337 -0.35254740684066449 -0.22291854161720490 -0.35355202300662447  0.35265183369877140  0.32940376210360789  0.35346155134752560 -0.35355057562292391  0.31120439727457960  3.53552712481894400e-01
 61 -0.35355135948677274 -0.35341796876247639 -0.35355271248000902 -0.34876586774737872  0.35355207603441502 -0.35076268502733199  0.35331907760426673  0.35131666111056320 -0.26325615686754800 -0.35355202300687094  0.35267247677916874  0.25380148576351447  0.35344691133616585 -0.35350737562705098  0.35239273030035428  3.53552712480009020e-01
 62 -0.35355331976490623 -0.35348399603373171  0.35355331977083876 -0.34896895117110421 -0.35355331979881183  0.35283798452571580  0.35337537277607556 -0.35268623087024820 -0.22173119260439736 -0.35355331981317650  0.35262904293951486  0.33060752572546021  0.35344239154471951 -0.35355146886906386  0.31109499741666585  3.53553319813176500e-01
 63 -0.35355331976883692 -0.35348279198544852  0.35355331977284665 -0.34869100548734377 -0.35355331979895466 -0.35110518141325897  0.35328688553675358  0.35117783708135702 -0.26206880785538039 -0.35355331981344901  0.35264968602014557  0.25500524938654495  0.35342775153365569 -0.35350826887257769  0.35228333044262455  3.53553319813449010e-01

