
  0  0.074165736621850536202109512  0.000000000719608611015844050 -0.499999999727768234359737490 -0.602697501688048797418694597 -0.299014516017514148874933272 -0.220130246239957335589038090 -0.227825325010309664077877596 -0.038772664270729233528114477 -0.238973407300694646950597715  0.364516352906278126458448213  0.574165737069227357649518068 
  1  0.574165738933804018742819431  0.000000000000024666835043511 -0.000000000000001172602243411 -0.243449970618122119318717939  0.068575055715967585072672524  0.057444864997141088092244207 -0.126239994967659420108379437 -0.176683132466283891105654318 -0.262177137567895011900425892 -0.697977827849007292199644270  0.574165738933829910141219688 
  2  0.574165738933820109820942157 -0.000000000000010224994829870 -0.000000000000001646375425410 -0.079794808006622529525917777  0.397342131230811460024113582  0.323893182111222072773514327 -0.025118051037101151824203790 -0.186813718296577297890161649  0.368945150206362869018577103  0.479090935510262925167094400  0.574165738933831929250925508 
  3 -0.000000000109203568435210899  0.574165738721311273446562540  0.000000000043685123940825416  0.026402743128875235509417352  0.414052168840795250620524445 -0.066063714030703635196226878  0.347196578609948021588603104  0.014014865532235471256527180 -0.583980502763394084821905322  0.179047140548117975173358050  0.574165738874199961918123880 
  4 -0.000000000436643908922910803  0.074165738180270420071835743 -0.500000000255499456498515382  0.268225190735453860734101295  0.408263422721021926824593387 -0.066473223065779248222670773 -0.464909212162735811769108396  0.511492858261171321170978493  0.077049081146449254839793201 -0.133247505986034261266873907  0.574165738872413837880822468 
  5 -0.000000000126582317987317495 -0.574165738697741040929504314 -0.000000000101639062378577064  0.240669022404182867270593799  0.019053289327500850028939750  0.433785916131309386313671603 -0.130944385360140049348078028  0.022268534635664520525467924 -0.605469901265957296837994656  0.199104887588031581932947536  0.574165738925962393065030587 
  6 -0.000000000907709678676013889 -0.074165740037508775122667131 -0.499999996919398202174312021  0.466908568144528096118114555  0.009664112155603907687412247 -0.241768720460114258313604439  0.112401738488466819579716677 -0.673285106055845562441405233  0.020931776305704820066014619 -0.039562630229384438670042030  0.574165737864616686648294719 
  7  0.074165734777683271409078405 -0.000000001050279903347004786  0.500000003097334001962454703  0.132436253906088685996806503  0.118913018589180593258703301 -0.528372185023320048923804043 -0.580332795783494469036862401 -0.200564906328266928970684678 -0.140992548994630967416734346  0.191706215491853319810543199  0.574165738925297235194841056 
  8  0.574165738933806284400099273  0.000000000000018075057123331  0.000000000000003725515204513  0.383989038179960548121446434 -0.442653241093166219125368266 -0.284653014799158955071495605  0.255748881450107771052659283  0.394412395287066238415722361 -0.057687315585060248327944508  0.147038898966285309813199766  0.574165738933828091717335995 
  9  0.000000000035546211639104629 -0.574165738501656405042179732 -0.000000000209537635086320221 -0.239930473153366673712207253  0.446486472473064887082558339 -0.477206480565814642261224243  0.403568955219473224658782370  0.144785650108669535274566985  0.028738143920113030902493793 -0.032159144539252455462197914  0.574165738746740266396518387 

 0.574165738933831929250925508 

