
  0  0.000000705652142427467035709 -0.000000665345185232549504649  0.021706040843813805811480710  0.070522484420076418712364170  0.000000751140362285514399545 -0.198571015043535124581557337 -0.000002948139976737780368618  0.707077352043195281694647088  0.000010826338000791955447559  0.000007549890620884513176162 -0.000001993719056233964191197  0.000011227072658494461996490 -0.000001649009937860346508100  0.059887131806646285406358104 -0.599314856188359975688428219  0.299311132502507645890098314  0.053053533653201233794235182  0.997915208658561635264278233 
  1  0.000000924394447896834893946  0.000000348574148564560596385 -0.008980834699040162806493635 -0.029179103860504977591194605  0.000002065911467268831257854 -0.959763400132841568388508886  0.000000238198197594835800691 -0.000000216868408058156416872  0.000000315444608674188695576 -0.000000261876476410582885343  0.000000463830473696483652617 -0.000000654837168218738354689  0.000000462391222120331639046 -0.024774118502259535278784924  0.247973792155822439428263382 -0.123835305729052618885566572 -0.021959024941295282467669075  0.997929291019005203649006936 
  2  0.000000017505236953736409326  0.029177816426732645516746808  0.008980634930407607049714855  0.000000050534564964191320965  0.000000963647816103149532111  0.000000174623561643476818158 -0.959765747538506336106986019 -0.000000607197199289950403428 -0.000000546955938806716172647  0.000001953299385405111334786 -0.000000259992295821477548146  0.000000770283641062472103581  0.000000217780115500038838755  0.035363633819530193754515297  0.084532223438228357224823598  0.119901131725963067552700810  0.234830041274576785427484327  0.997929760715402098711213572 
  3 -0.000000000000000440022751077  0.000000000000000660667872108  0.997929834359562348360797131 -0.000000000000000345472772377  0.000000000000000132856448033  0.000000000000003738620778131  0.000000000000001712306399608  0.000000000000001205285100691 -0.000000000000001590463481847 -0.000000000000001384000320668 -0.000000000000000633881055923  0.000000000000000731212994263  0.000000000000004576812262351  0.019070863376880653561514241  0.007135398250926867798199706 -0.059559640471499495316762207 -0.013194058657712728129420787  0.997929834359579547064954255 
  4  0.029176164586445886551132784  0.000000414037557625312909019  0.008979137491342492531237537 -0.000000072209616894118682111 -0.000001603255668497807401209  0.000003542613892200071327276 -0.000000011779670042067854075  0.000002643654935197761142866  0.000001995553238471255073827  0.000001257903433186729721383 -0.000000178304863227687885142  0.000000849241442822798952661  0.959761645427730022905844907  0.046544104860098566184448651  0.096640042401910702774528915  0.210017990666930388774633325 -0.149373701001038340656011001  0.997929516059836558741666719 
  5  0.000000096991028479997316283 -0.000000256695048357515557535  0.008982927024096586212850210  0.000000892424203689958714107  0.959760491205149176095555581  0.000001383617693448262258507 -0.000000266881912767932058828  0.000000121739482156737600205  0.000000101738161756300970537  0.000002608983394631253337584  0.029178420661786540765998331 -0.000000539252697423987810543 -0.000001155819582067867511575 -0.271934364238993056428410518  0.004980502447632456299129852  0.062506668560987211674732654  0.006894840593794950036116848  0.997929263034237076652628292 
  6  0.000000637260915012380766226  0.000000078188723817010546922 -0.021707565238002314665596228 -0.000001283726411090627488031  0.198561718189519429552624926 -0.000000488535374495670602293  0.000001078996844772311507459  0.000001007904220458424710339 -0.707135215764109848214600069 -0.000000671710200100097186914 -0.070512335056034619889398640 -0.000000105994801508918448932  0.000004057680164898979817844  0.657155358426814569208227901 -0.012040222210213198216072693 -0.151041656997549600347509233 -0.016676590848892014228225871  0.997926244245322381346681858 
  7  0.000002055906117954477970652  0.000000144290016084050428973  0.021704984584198128614212093  0.070516867593379006134309779  0.000000096805493292432852771 -0.198554192981334236892959978  0.000000599902438316923836333 -0.707136208960797797101914760  0.000005891919583871322037672  0.000005131898551357213742368 -0.000001487217092827994811606 -0.000000676010895369241849677 -0.000001121687354475642045986  0.059882464278097703483073043 -0.599258286888036468630936043  0.299299351096409443538744487  0.053050672821124262993362738  0.997929459757252675892871896 
  8  0.000000754859189838867471490  0.000000331169698568390350464  0.021710212938318198627736995  0.000002552350490537446156457 -0.198577550500002568757645132 -0.000004634274914446174789601 -0.000000809846503445130519302  0.000003925957892606103689993 -0.707078345206337002643406067  0.000013964755590412699707270  0.070518198691675534656480494  0.000007027800338806064532029 -0.000005244879995629048867383 -0.657204724313587257983604086  0.012031382264829311592593599  0.151070594714110523022287320  0.016670085840107438231807127  0.997923553230947641634074453 
  9  0.070512766364307391135425823  0.000003129191298286204774528  0.021700593860124063601412123 -0.000000695749179355771873559 -0.000003384163111754156817555  0.000007792455289763869706145  0.000004212736876996909729153  0.000011401720867544195192798  0.000003475215658538116919307 -0.000002595730085389726172955 -0.000001869882517659419840137 -0.707095396663448760813613115 -0.198569465577872635139279154  0.112501274207628520463550573  0.233561006442374687795204105  0.507568223481453755826888493 -0.360985483356201009079253883  0.997916779310638167832073817 
 10 -0.000002620007518820103070262  0.070520022092895611190799370  0.021704570176318317712929484  0.000000301703721800397007687  0.000002314190362309643082313  0.000001426124101073316498608  0.198562555228260033516496974  0.000003641297238437462960228  0.000005803281676433894610350  0.707091472772984488667240360 -0.000001339371607606872580613 -0.000003977547829150445581214  0.000004824980898505487815354  0.085471358941222184237196093  0.204301854611878851324203059  0.289774485697961509407971387  0.567570740304353238390651669  0.997904868775412540725228179 
 11 -0.994587851606092212903914101  0.000000120098480623162285640  0.003340199972485945474889855 -0.000000059401458861284542935 -0.000000262853652104860028250 -0.000000087497351686338568023 -0.000000307540659625253449992 -0.000000109706115009324291779  0.000000052254474192555082406 -0.000000067522038239216684615  0.000000035691486092274037232 -0.000000093115339617338834757 -0.000000349485346339210250454  0.017316766555113618204034942  0.035949326933297076779432151  0.078126926724279543638324152 -0.055568042174633513305589846  0.997929596744980535400911637 
 12  0.000002877270840709940313782 -0.070517081187600659565004041 -0.021704422235626173451112060 -0.000001366881644808458676984 -0.000001744954426999218660576  0.000001779749769311478384546 -0.198551306801966164445623963 -0.000006058590801101244558911  0.000007489012111810506763399  0.707122089056597246110719057 -0.000000214134733482061588510  0.000002840104539352580324482 -0.000007670467415386023638303 -0.085453668854643165951124143 -0.204281478943450608870306607 -0.289768506447712653099399679 -0.567549953208161578613974731  0.997926940448073207316576899 
 13  0.000000089919956260709504435  0.000000134682395668008326995  0.003341558605137553265756919 -0.994586612850296619447590460  0.000000094811984912869096818 -0.000000105719257768389715594  0.000000110829112658574717107 -0.000000173474905197956355808  0.000000274293143153925837433  0.000000149595957911515200324  0.000000030446946652212347549  0.000000392385068217712195657  0.000000103393946210245060537  0.009216048587959371058162137 -0.092258135407780052363573594  0.046076780564989767515505305  0.008169131960261463557828692  0.997929831008108757517890708 
 14 -0.000000341231012342034074162  0.000000046055444847878545517  0.003341607490673949890785100  0.000000007296817335975315291 -0.000000086681803444262231148 -0.000000006035762221569002681 -0.000000115525516136322371003 -0.000000149548104705050958554 -0.000000133802104194584799017  0.000000009819790180453173953 -0.994587258116496016122651428  0.000000024961961573677142919  0.000000011682571415251938726 -0.101165478692367705608534782  0.001853672631164055789710963  0.023249490134145303063983733  0.002567231725903574642469503  0.997929798248058411422626865 
 15 -0.000000029765712596921428495 -0.994586810062653612964931018  0.003341398763202960973216234 -0.000000062074113460496683872  0.000000017842939421515018423 -0.000000252224412002836566094  0.000000025788444035588359629  0.000000094365690881799740416 -0.000000426535056814612416379 -0.000000022624474565222298566 -0.000000123073868594661325760 -0.000000222518853604898860986 -0.000000024479472878626887092  0.013157064138362929641750125  0.031451395467039658846536628  0.044611750729288281263071634  0.087369361830568949052005151  0.997929510118895410644458080 
 16 -0.070510329849071961102406786 -0.000003464236895109725513499 -0.021699538959453321815114896  0.000001223149260173732722616  0.000000648767278842666929678 -0.000009866381589014722409515 -0.000007172544495510503270272  0.000000501095617273836162807 -0.000010396345580537418506640  0.000001458624967780615770032  0.000002523861640295097967139 -0.707118165383498613355580566  0.198564224305842273797454591 -0.112503892516892936079656379 -0.233564367855140608293505459 -0.507548231867712149880772451  0.360969423482674759562453653  0.997929513505190690149031327 

 0.997929834359579547064954255 

