
  0 -0.301511344577775982798636956  0.150466553362702512428765791 -0.697391745067687196524275350  0.171606293196014286303748529  0.211522397535900988997702513 -0.277776594323163379619736485 -0.009069749208033922187195935 -0.244265073722610326568049563  0.387246566499657669341251040  0.115143273151443845254396272 -0.160560378782246715933471753  0.301511344577776008168967792 
  1 -0.301511344577776301201709960  0.048081362579375083680103186 -0.161623571904025441190485939 -0.115019113598128193255254285 -0.294133594924340622628290351 -0.015268144213756319432238114  0.635760936405679157826936754  0.040399196507302212773976840 -0.062175822790052570299227383 -0.587540330915563672586204857  0.160581105846227978746444329  0.301511344577776285724723948 
  2 -0.301511344577775827757726290  0.176044418648055315558802886  0.017989541122788336821415665  0.361651306318648333950520682  0.164527206513448633076420781 -0.001721163854776770737762242 -0.182533814962250290572939003  0.450628592230749253056375225  0.036474784435206970712047524  0.030285321754308266473741770  0.693743096801651750631708543  0.301511344577775841635514098 
  3 -0.301511344577749312699131365 -0.050220463853296877398171274 -0.076169503739212672162870506  0.196857473837806883990302238 -0.401385226486583573550287127  0.636393625350565607357543330 -0.414454513689840640640674185 -0.028036806052366893827457097  0.182831598251160515734934503 -0.210640515273076562159605338 -0.213428636696187781220893781  0.301511344577749307305225557 
  4  0.301511344577742393347971617 -0.165978694391879471212668772 -0.525830561763055059822796755 -0.502211681618548237758352382  0.213025582695478064707743718  0.412817264087483880096547326 -0.098195050584615373992156129  0.050696742101913064079953550 -0.059187990377677049928665035 -0.044822041936314005613849589  0.345405523380755539970344073  0.301511344577742368411321650 
  5  0.301511344577732373829119863  0.210555448974358924536733235 -0.147841918423809194453599769  0.115399589567202515445602275  0.186495607806803079066807448 -0.239249186246487616745726168 -0.339191556834467854885306268  0.350726064440227833923779954 -0.168195267324644252506958206 -0.615014951337265947030764207 -0.304909012998105056303299945  0.301511344577732376404100023 
  6  0.301511344577767990466797207 -0.603161760396032885439901450 -0.229773015345029498835219273  0.371661877888142718254476521 -0.241534530129350407089963357 -0.069063619701380056059396295  0.221568383743235704686110055  0.431096835892198433138645941  0.174730515429464509471785445  0.137160885976404305465828348 -0.083480565192030725119845449  0.301511344577768014563190491 
  7 -0.301511344577770158383251201 -0.694133251903494703804499422  0.097926529751039780109160386 -0.042098531123648835571395346  0.175220399046574498705592694 -0.287641970908288687608367340 -0.303765241239625975142339340 -0.293899192121174112051623650 -0.113387162667326602287151682 -0.296346119737485494811902662  0.152119118505305580689619671  0.301511344577770179498088510 
  8  0.301511344577765049080513363  0.015189473392855457785569745 -0.039386961652623110628957835  0.614503224645701040182443897  0.260255339974657375133430814  0.294383042292542799979373352  0.207753085724853597598613120 -0.482110579416375224586464865 -0.245459626764574909986958706 -0.146632548675250199294575401  0.134003497902975604534657819  0.301511344577765072472175234 
  9 -0.301511344577766105391584961 -0.020780977411395213676737989 -0.297866133174340247424024403  0.059961087106172169916334849 -0.096532284112127861995685234  0.004669317730713741559683323 -0.018719819959322556159698808  0.128947981370924032913931508 -0.817425684625515988125134259  0.295976526876933663634094279 -0.185025248274392443284595659  0.301511344577766127184048628 
 10 -0.301511344577778335381825978 -0.152853173842657984058063594  0.174302425826992204611356162 -0.033605505254340351100630045  0.659023102774622284393251509  0.340232430650892858896988669  0.284717064702400800887266419  0.296634364805083484208396080  0.088323351859460109381200037 -0.016186811828904194461033715 -0.356409614306779028635938089  0.301511344577778339637319505 

 0.301511344577778339637319505 

