
  0  0.999999676327150267102997910  0.000000000000001247350218053  0.000000000000000122541211134 -0.000000000000002693577752306  0.000000000000000777215967938  0.000000000000000777992723462 -0.000000000000000585157356002 -0.000000000000001987084254735  0.000000000000000601546540227  0.000000000000007371935182985 -0.000791185351626265707105667  0.000146189377618226431247805  0.999999676327166419709593925 
  1  0.000017687838377253360742271 -0.000056988950856833109618196 -0.000055563508422136628628595  0.000036770970526642768968825  0.000048527820611581316394413 -0.999618101606096577335137943 -0.000008328726604547674921230 -0.000096239399395704388719983  0.000011974726527899099454030 -0.000041747848298592446528332  0.018575874786075215559704517 -0.020458891581210706115390966  0.999991931395717733720585746 
  2  0.000038763688609474244676870  0.002031989624985002477271069  0.000322895566902248082758987  0.996471832249323970014890511  0.000098076952775655036714707 -0.000054400126326114311535163  0.000149563361705130649811107  0.000006763901761937126824873 -0.000422882524388192183717123 -0.000338108072044987190875351  0.059857443350584366778945142  0.058791250395702112399961463  0.999935276068822749149980073 
  3 -0.000010715851448607342610546  0.999715372672558675595181482 -0.000092841606761840621092380 -0.000030240087341234382977815 -0.000038974202678454635570084 -0.000018368227546017243726826 -0.000005638280176188525722972 -0.000025287418059681796587990 -0.000016490406580932983422858 -0.000001507237393902584149892 -0.016693291860382218538876248 -0.017043919688427630855851033  0.999955435990545582090535670 
  4 -0.000000512678512953130083715  0.000000232517088317137539365  0.999990765702027303949307041 -0.000000268595697689333432206 -0.000002177640901288713915526  0.000001587533157999315522750  0.000001691839935711495528870  0.000000970682460891452033986 -0.000000797206028676223832441 -0.000000442193610328553473009 -0.001398806725525639883355595 -0.004063476114201920253320204  0.999999446589421128663444788 
  5 -0.000172565589812394635908527 -0.000313244124076243555381837  0.000412268688348791453966775  0.001631867316520289667514457  0.001517124187728926808239003 -0.006864830164479551117274857 -0.967962782878448884315517736  0.000480786763460511868998814  0.000264973693285900773404559 -0.020276982412449775174567886 -0.187511653847479395923621669  0.165600678847354668206284627  0.999897425818611219840072873 
  6 -0.000498691162395956248289300 -0.001657186169937226267165193  0.001016992583600605922077058  0.007011242524126322992318681 -0.009943081314793299192572042 -0.019264565282862728248507059  0.183238024893032171904329146  0.683806031366585922841045547  0.019193737979536997317092282 -0.056979439537705966092564136 -0.549094950447727446528681239  0.439533436599577660236709900  0.982608992814577183690961937 
  7 -0.000258269623036761941712852 -0.015825864673379340260656002 -0.002688982789561587084241643  0.055891254966900404405879882  0.716884018260676927230580502  0.002778637551391654809063647 -0.005553788844628852936067040 -0.000158457472579731130915894  0.193358041818722202449072275  0.005357123734820854660817026 -0.421945721587614426182060584 -0.516916727407454401762524482  0.998754439735698329504241105 
  8 -0.000259640639601644017585051 -0.016337311989622711253092096 -0.002786162474944482418737684  0.057624397720533507359885446 -0.697112823721166546234347117  0.003040244707473411078789110 -0.010332079400863194006871296 -0.010283296747442196808005222  0.194285160509419233061298958  0.006497575159543134076876435 -0.427598753553695287065112077 -0.538132906121509329558025292  0.998558693070610087477029237 
  9 -0.000120898452935940826847978 -0.006554621109912673332449271 -0.001070559639600009895408566  0.022668601083322498565604682  0.003110955523265828488736664  0.000523858902537792098344385  0.002573571569971672826444145  0.001371774589869949331613481 -0.961414424818949039973706161  0.000475161949690175491862954 -0.189404520921733789419190257 -0.198069580374330862676296623  0.999884427640055550498814768 
 10  0.000464034589870204597704069  0.001366636959031422826941509 -0.000992660722916546816937960 -0.005799943937353991500140198 -0.000357601360528051741014920  0.017971248603547621685788487 -0.171253127014903648830577119  0.729589882106681953159114246 -0.013401417514444615963166896  0.053310005211351524192407931  0.509011624996553429655255646 -0.419400500693243389585453812  0.994506558020629583580056454 
 11 -0.000053686726385944090106931  0.000022682032582888081908788  0.000153296575217784330603837  0.000395392443458506273817980  0.000171503131559088633700785 -0.002279068750458115429144700  0.000038781503215011402277854  0.000145684129585859337694281 -0.000028182148963530405075333  0.996709070742119128231972791 -0.057263398903772740489176050  0.057328013438523874808089862  0.999997348183545846584188710 

 0.999999676327166419709593925 

