
  0 -0.000000000000003282007719636 -0.500000000000003252931778108  0.000000000000024428543488432  0.000000000000009235928912559 -0.178476351375227980725068910 -0.269209351233635851168880804  0.081552136020410765701170886  0.243012995519141246616372058  0.606078029095460244261243249  0.257643151729159101362854473  0.080210936193159604975686742  0.099362144703945010445643102  0.347320051894573231357531487  0.050491663686866232103493202  0.028869088946419118302979374  0.077040238905615164782066020  0.500000000000040166112623419 
  1 -0.000000000000001178690810737  0.500000000000049901218140275  0.000000000000006739163223819  0.000000000000000002760328014  0.452656351464200576884423094  0.187213697383371187836628366 -0.018222026711235099395391171  0.342341523284302664181582773  0.225036475382134894352510919  0.326484438245710206273099419 -0.058372814540562637085233198 -0.067144186245491552593163496  0.211762641552821588846345496  0.406056478753402954137317546  0.101078680204696745956887988 -0.086209555091542331003648392  0.500000000000057769652776762 
  2 -0.000000000000002067831193776  0.499999999999964931101260196  0.000000000000010776865437632  0.000000000000019281526735204 -0.109035730609062162931467005 -0.289418587765489365276052811  0.375457137717710011604261081  0.281206409558166291998322628  0.068758821312963719532389013  0.093560425719360537988376729  0.250242945448602068008120761  0.055535319161275881170866881 -0.051360676307733528921144412 -0.547033144623438947096345786 -0.164076785397963251860137084  0.162208444239022023253141494  0.499999999999997043190940252 
  3  0.000000000000016255784393275  0.000000000000029468558119200  0.500000000000000222911966663 -0.000000000000019889303687786  0.174977017212602629312465444  0.098474950364008318216542219  0.113150065695470213111373334 -0.016850793284831314838403461  0.347574669954181919752237220 -0.289309511341185295643348499 -0.466408666720143106433410160 -0.274250850377733067979400122 -0.044572359715858397144613509 -0.329459054243601158224602488  0.291266284711647592932728945  0.063040549194223564068672010  0.500000000000065835683259186 
  4 -0.000000000000018220271955312  0.000000000000003838533735355 -0.000000000000004028677373478  0.500000000000024737644658407 -0.132629074175338815106913772 -0.092690713129387838228553410  0.254790248619187559476649205  0.362018788538232821807433259 -0.066386761949257370737465054 -0.289940303671936292927071438 -0.253141187037516406278673045  0.394743770525926055314953900 -0.267254681719066338520815820  0.340473281833955975417185108  0.103010360753400867054880696  0.146657234978219275256007548  0.500000000000050845449812292 
  5 -0.000000000000004106759039981 -0.000000000000013437441614095 -0.500000000000019224476611318  0.000000000000016317033271742  0.082370924382903827474415939 -0.274928431909555469813896678 -0.193383701602495843103134664  0.305799891383178069957735762 -0.030169013692974704038223237 -0.348454550862075090563504259 -0.356409829562488475170143470 -0.190610118724618144621396100  0.231068487725085968556115561 -0.180003992492720190905872851 -0.152390601421487678718779367 -0.376843007658945804031012244  0.500000000000053068064265888 
  6 -0.000000000000014811215982264 -0.000000000000018574633920351  0.000000000000005571298059931 -0.500000000000021231660093241  0.193093486713334171637015436 -0.188882992637269191114088134  0.208119148072735255723436816 -0.026544169183458601166242219 -0.289521218293088482704502815 -0.272258923363929015163320199 -0.045331177835402017160988403  0.283944347098605907848229910  0.445734568361271655710046519  0.104117311922672486596637333  0.245500323848429700685901816  0.350147188420526612388609944  0.500000000000060162432761329 
  7  0.000000000000033990334483418 -0.000000000000004285825178918 -0.000000000000019831289731358 -0.499999999999972692769087748  0.051110520141252051654225498  0.085895925324322801869682091  0.301528023834031091423776849 -0.071920561581812573784494406  0.323144141978823195513739405 -0.178678224608898186180454271 -0.113897073155469956620017020  0.199474835900975791408711209 -0.330180734794840409452795771  0.210331005612760658986270558 -0.504256356964327207969157191 -0.217426234483570726704437619  0.500000000000030795949557821 
  8 -0.499999999999995257293121734  0.000000000000007867971399808  0.000000000000039375986540141 -0.000000000000017924810277693  0.002691338189444622459759409 -0.230116030806074734239310108  0.212273302736525454451109798 -0.235859665309700011637402371 -0.164561581911906854947067608  0.478961907619151519598706818 -0.423472472386485223282397844  0.214545953652104714958165181 -0.025761221086200856906603157 -0.090587579609506780803948427  0.133794935498731166359054172 -0.296200731168115503243653749  0.500000000000060450288438124 
  9 -0.000000000000039084946170313 -0.499999999999981864767101269 -0.000000000000000046893816124  0.000000000000036357874400112  0.522096972230500065259139325  0.167004460851558152471776214  0.275682974985994780711294136  0.380534937323330664678527196 -0.312282732400290325157398222  0.162401712235938986829777465  0.111659194714856680195934693 -0.110971011788143661496418031 -0.186918086649544567534055560 -0.191468329556875297488716808 -0.091867194139620992761568856 -0.001041349758128714568400555  0.500000000000057337544000918 
 10  0.000000000000038067258659046  0.000000000000015316594539700  0.500000000000011133617899145  0.000000000000000876479901139  0.265813536296969303476377816 -0.639640053272471823138638908 -0.395695054674328877675464761  0.056690955586080013822763068 -0.093492446204615616428014718 -0.017884586632126699785524937  0.103726692446672113064780676  0.031477918592402951301271845 -0.153075001325237418874471509  0.139395667885455059451156080 -0.208941163901142582843975873 -0.055543003001421712982061405  0.500000000000065362537431113 
 11 -0.499999999999972016606402878  0.000000000000039785080224094  0.000000000000043088729825786  0.000000000000007032524004428  0.160413159315978446183416188  0.189148794095359493226769093 -0.228979360337744679626732248  0.094961026184842809267315760  0.194989533750761221122193255 -0.306559617629230527727658001  0.406617333237269780362712832  0.397209740813533449541386511 -0.039295350476468926394864236 -0.192313144201075482593327887  0.255100898832486602606879275 -0.261387295310287104545916501  0.500000000000061928706520525 
 12  0.000000000000013664562832693 -0.000000000000000389464689967  0.000000000000012300603130021  0.499999999999981276885578294  0.376833081029930566240200573 -0.010296354183560913978583390  0.254856923287543553552966097 -0.460483519303603043961239938  0.100009685634991574784832206 -0.160996844300880935694727548  0.093912936046610546592247008  0.088675412473641223795595145  0.382808515285552990463531498 -0.026024964298523794630215128 -0.361766393869254556612266929 -0.013936281041219171872773224  0.500000000000007647365813518 
 13  0.500000000000005797174806171  0.000000000000018279340575868  0.000000000000000458425107040 -0.000000000000000532089415205  0.124673023718387932884344924  0.172126268835191006503532347 -0.324256207981808155192942483 -0.005013507377745892217501492  0.027535268574375431287516182  0.209644293842940735014476750 -0.260389608080298183865686559  0.605822746979937045764576242  0.014111330170992631068295877 -0.340574105218515186220551438 -0.062606162713086630404533527  0.004439477184844175747494997  0.500000000000025042955990179 
 14 -0.500000000000026873035047226  0.000000000000009746689210635 -0.000000000000004141012679410 -0.000000000000013374612887987 -0.038431473787038679388504631  0.213093505545876293029374134 -0.307550150380619930569380330  0.135885131747055420032036996 -0.002892683264420426128917763  0.037242003852984622582454610 -0.243534468931062825886816464 -0.005932947485671296995279715  0.079167901733654140790797781 -0.057673381407929588101995630 -0.451501997044327397243333039  0.562027503663153405832984127  0.500000000000054129715033185 
 15 -0.000000000000019435461534360  0.000000000000051356967048147 -0.499999999999969381181972108 -0.000000000000012797943646665  0.358419629126712772356844541 -0.266236670998953266328770212 -0.089161287376363976034626506 -0.265959729081956839806316281  0.284251237442582637419052558  0.041260452888811085944497465 -0.006272144710946760276983617 -0.052162813060656120476183155 -0.428715848766178009586523892 -0.010059393865454594434889204  0.234715722232056844668603157  0.384340553851751042744580231  0.500000000000052948205715719 

 0.500000000000065835683259186 

