
  0 -0.353553390593290712119820679  0.454354419492756430698065379 -0.190712164845621925650539195 -0.624882186479612439342253005 -0.446189549243571581549090005  0.173721543942788158695531529  0.012683162893119151412669250 -0.110851402258710658213210296  0.353553390593290717269780998 
  1  0.353553390593288676042350860 -0.255588312401580813182496929  0.164353736031776727870420615  0.145148449678654055543833117 -0.862549069224712208921439921 -0.126385471419356197408196893  0.040316165687746289719467930  0.002194117113924514583573369  0.353553390593288663357185442 
  2 -0.353553390593257256161547827  0.169001721244775783694691898 -0.548880938545959665467686983  0.574651886298702711689066064 -0.167909395101822969242205685 -0.293275380521200637319546509 -0.156111864846224555509481523 -0.276348357985863590021314434  0.353553390593257244045588550 
  3 -0.353553390593269282647041069 -0.268831648374259543182425783  0.448432514264279463765770078 -0.184866904370746180244293976  0.055695735625247617720624338 -0.437952459944253833353184149  0.085249740511601829942697674 -0.604392390964694078850458908  0.353553390593269289965405733 
  4 -0.353553390593235929362713951  0.171551552890733639573223046  0.542495402209230193600348474  0.393744064874800353337003581 -0.119255279678889361086075067  0.539188385443476956009490469 -0.300494048904952954973492443 -0.031492927821866222020682309  0.353553390593235927763515747 
  5  0.353553390593281024963144901  0.594969783592731900237308984  0.166847640703006462988477673  0.218781056170535478474950368  0.059368988781585094658928888  0.023686764150740929688049178  0.566814158402042068702481048 -0.346328804858131951183468009  0.353553390593281002818315528 
  6 -0.353553390593290894184470494  0.243222340549500026704024189  0.273306357032911652094357355  0.096176170880498849844700716 -0.064188346409969123895181316 -0.478761981352985563071926467  0.272411397177115346940725130  0.651425762847850430372655117  0.353553390593290883803234692 
  7 -0.353553390593276309957632142 -0.429916914612361397316983580 -0.193439793380010749093049841  0.109106474645647939507200723 -0.061333245634151784165958091  0.394381185163605294560600079  0.693391937259085714339787443  0.027524628439019315198342552  0.353553390593276284370460871 

 0.353553390593290883803234692 

