
  0  0.000000000000039925355847870 -0.333333333333319121457661086  0.089403187426894224597165653  0.024645740679411628225290473  0.315148381216957230446188559 -0.281752143776265851301708262  0.369645904894709299024282978 -0.093261883890819871045763621 -0.505554842136991213722308630 -0.330779960194585048559182475  0.241013258310077026260191853 -0.078222931520394811676121557 -0.234867396557850601412562042  0.102156180943264197139290928 -0.175736563590683007754326972  0.048165430871338710463330519  0.001378417536964951779658130 -0.168044261264556129189932411  0.333333333333359029340432073 
  1 -0.333333333333345786705361954  0.000000000000002708389462058 -0.032731681451919073982855793 -0.026109788002482941941443219  0.209885509126582987563208564 -0.175037628049704875520474999 -0.541304775254977670604413648 -0.312364041969663375523328513 -0.191006272142596314790054766  0.096023569675928059715828890  0.075809204123827497337300124  0.151279834164146311767428291  0.290112610337620763879340827  0.060596774897541919260331297 -0.014310186006506514059308905 -0.041283633304299722985568778  0.416991436023518402325879761 -0.289652780712848263375280844  0.333333333333348513229880267 
  2 -0.333333333333337375356487595 -0.000000000000018947347235005 -0.242916659567170275008823367  0.462600477773382560167615349  0.010224895293059168403577606  0.123787977515135816971702382  0.098232922716191768661739107  0.341527165232770421490586521  0.101426746821302751975211499 -0.042572004361496175801795726  0.099095840388938744171904924  0.014876202894170469821472460 -0.113140053841729386898361503  0.191337954629814501619571553 -0.021677336382111870276826653  0.480325700943970575960669314  0.393542999789117917472510907  0.128654378199415826797714218  0.333333333333356314498192169 
  3  0.333333333333326183001935755 -0.000000000000026216851637112 -0.269110079372977067637068629 -0.000893561814773522830516036  0.305793951279066462560279546  0.001316126070429281307043347 -0.388823768420857844102739645  0.477613793701856872877913041  0.007110137414082959103791534 -0.225923064774779672173499363  0.097338814488965462783586716  0.147460217117285856874625213 -0.281003941307728297653968988 -0.117651185701764729778717126 -0.044432506400327099639201330 -0.375537171542022285612933211  0.146801438381981650110191806  0.063151283463421668306952885  0.333333333333352426251046038 
  4  0.333333333333342128119341011 -0.000000000000015385119267994  0.355460212709238073308442782  0.225214665826066321547768712  0.249306478573341090487032121  0.058933078258067053510079565 -0.144662437181008170233734514 -0.085985349070775772248635075 -0.244633844084724623836948898  0.110872463875627540030443120 -0.356029540105875467982058519  0.342589568067065556661787359  0.027287906661363000171354018 -0.190703192142736882965306511 -0.178501589015389975227177978  0.371636153202221087345777720  0.011173353754510562901809461  0.307231600082866393528618909  0.333333333333357526229645193 
  5 -0.000000000000027330939356665 -0.333333333333337845981545616 -0.363368922283843382320953422  0.373814912947243934527663881 -0.046736523900755135252317249 -0.220033434769424281833550237  0.230471444933939480546143327 -0.173800009158070977748262488  0.010832029109240467422607223  0.439840572350275090093753988  0.087018584690059690987297154  0.189111070250951843083010370  0.054635745727646430632793188 -0.349240048053033556553969782 -0.000320609388456432450754012 -0.303236915200929292243687413  0.015547680187027868382468136  0.170679091253003942864644935  0.333333333333365197691851994 
  6  0.333333333333341671480491014  0.000000000000002144600322897 -0.274813411061474287283177761  0.136697227844497060927496553 -0.039208710401993553582001249  0.338891945985700836208292380 -0.076723307643991339850543434 -0.484755810757579034669115595  0.143235777272416094291814653 -0.318171071436060679909997237  0.148470025878098520969849278 -0.324811430933430853360650500  0.024046727212169726408557725 -0.306464302321530305731446878 -0.174390967827954255166722670  0.173278612209886332561807956  0.155619348145953533839769452 -0.094719558234822610259600554  0.333333333333343841619559461 
  7 -0.000000000000003304703320505 -0.333333333333349688776085784  0.230680202258204450937767623  0.346782960516765739891016304 -0.023692435050063624217022134 -0.138795405111740670201880658 -0.176392707517195771775510467  0.199659640828696571219027546  0.083127662720388539834947671 -0.078059414122273984660356667 -0.321714674116821470177150430 -0.564834336010833537849301633  0.293045759444625641000192057  0.097891831534522672190622074 -0.207230887094317228194415015 -0.222605683740303933844861470  0.008668969037946030973983060  0.032247590852770900638808336  0.333333333333352995321661322 
  8  0.333333333333345488224503869 -0.000000000000014086190515499  0.199675742451604533382711511  0.037809453408736944993976010 -0.383040017304016824082127379 -0.264725982076840957868272067  0.206130811900264937830732324  0.074137889619681357479769133  0.275965408200060489430933269 -0.097986909826259715899942661 -0.046990256288232027179755561  0.346159758189711431721142035  0.044995336486109664925030216  0.069328177135626028249396329 -0.234362795433467265856066278 -0.032722195204133735267160252  0.392008506552190533320147864 -0.398135381830189360183661074  0.333333333333359557970306322 
  9  0.333333333333268918180795556  0.000000000000008609118875544  0.023788730011721966943564208  0.097839868988964234164048845 -0.276834800191416055331269930 -0.037523939194891486013249847 -0.064974229677690912159750396  0.251797664750622587556683207 -0.447642152591773945203516144  0.106261647900729940484886027  0.185348323716840513727217507 -0.180557518749713320874465336  0.219699172158230525753511674 -0.149319176769834154573581182  0.564520820734898381998163180  0.171314314318308001750608589  0.096708708399883950189641121 -0.162794829335426713328512267  0.333333333333277531001538618 
 10  0.000000000000008765440756728 -0.333333333333340358565870243  0.210416841002387386996798010 -0.377138559412493530245821458  0.010983778651423171036197765  0.476601420721036911614526543  0.181712824420653762613970042  0.117428026915948302488985119 -0.062532211989881640713622151  0.113435778356307685594520258  0.238143684997874407788427675  0.021940685647326282127714410  0.262847228564823044569742291  0.001207105306886020998240587 -0.121191311852369208062248779 -0.153248437922646498841167638  0.404015083441537564375774932  0.289550011873645474826674887  0.333333333333349130195126520 
 11 -0.000000000000003566254328684 -0.333333333333361281905970683  0.211041213907226247442476021 -0.061458076975228555404508765 -0.172903710188569834912747022 -0.352330367633026426103662679 -0.308111870390017832360262523 -0.107681019053192804562702530  0.316353689149746740248833263 -0.235144867547596001631127378  0.412766345858674067091859464  0.093572228324449789587248082 -0.036654392912167272219556031 -0.006278170126691514724026773  0.176905572919425463864384791  0.211505747825848309276149453 -0.111160162478211549700549826  0.394637180062669851930397605  0.333333333333364858716042767 
 12 -0.000000000000028823967622635  0.333333333333332243393924352  0.227189139843671272968187239  0.314652460871351804920243583 -0.349559404802934757365302093  0.120048299173179158381909604 -0.177597682991382880396923072 -0.081056806959131946211901450 -0.277865058434153145485454375  0.154904200743495712428278790  0.415142412814390595417104318 -0.036433685292972163361136699 -0.202705621651016538585943910  0.195917769100716895294862774 -0.349289553662785407352284889 -0.246560343276998734736893577 -0.077041274176963570054189282  0.143089010992381673905413965  0.333333333333361084093284313 
 13  0.000000000000030077038947918  0.333333333333323240721185118  0.436032160169656758327578344  0.133079762909506656189660180  0.434838422042884470848081099 -0.125981443155321220635721978  0.188151503247345825502417731 -0.034206387187951848499539113  0.309848230945505285404079424  0.178003818739938776769676787  0.225081039623393807606183126 -0.251063320066692140908977057 -0.127415976771703595100200708 -0.247037934985656185791634727  0.223927459587771285465089034 -0.101575294015052957205460116  0.244382818822971111576906715 -0.026375094209790765534167701  0.333333333333353344353445699 
 14 -0.000000000000032385952604313 -0.333333333333328707702219659  0.167593455414506938751391905  0.187970879925398831540887465  0.176215376671730664903908585  0.358243638001847454439613080 -0.132196925015828999663532531  0.146332300131881331244207076  0.201376288694049809793935359  0.207270033363363642798051813  0.267487589474073904154648174  0.168281250211016712695533300  0.014074065958665866439165622 -0.009332079183666588522955783 -0.047642236691817623205633461  0.116644547352675370111821287 -0.398981082054989302933907178 -0.518131709713901736965441236  0.333333333333361093363212888 
 15  0.333333333333343739894290628 -0.000000000000020728754896503 -0.230353038896626706238598969 -0.296768020286512748142065260  0.135085959673249190297092230 -0.265303747431892405849547176 -0.074070853143827449715727324  0.057487469312602519728116167  0.077831974727729786530684968  0.527728758495096637241676685  0.132912132429276462180080080 -0.294102741002882628372841478 -0.037739268479118630618542951  0.265832534049540489409042474 -0.304039563329401303881345878  0.311084386759545588355081389  0.011304908026305708326779062  0.013396114709385066246296616  0.333333333333364479678963266 
 16 -0.000000000000024365645294452 -0.333333333333307478264740872  0.117455322287946543235092819 -0.046885633900265978062549439 -0.173735850160796306777669963  0.152133148585487923686336217 -0.154574851070249866561920338 -0.203940249921607193379132633 -0.011619443035280115999805905  0.216345877277944922847767451 -0.284491336776191068954526900 -0.117344972262193972628000101 -0.683202608648500014779710726  0.112475013693794157982675571  0.249853941623268456208783669 -0.045360326478060659764496992  0.247872638975693886952459365 -0.084223986281120695522551742  0.333333333333331867799186748 
 17  0.333333333333348664530293437  0.000000000000005908521499720 -0.080296496860616382852898851  0.236591055804002939655958197  0.229007542791257500818273216  0.117162867854914584864927177  0.100051931628189202204003323 -0.261132534293238141533035485  0.098553173740843259668410747 -0.049330258919806316380678992  0.013855544393731304325067231  0.129418184370291541388496050  0.179686623764874840250842410  0.680911875278006248866924377  0.335219078883129451674289731 -0.180012032104149863228877496 -0.003081827448226120845403120  0.110872368631286347835098686  0.333333333333354599940876600 

 0.333333333333365197691851994 

