
  0 -0.000000000564371879552662011  0.701531900080863376253231811  0.000000000331477398017273035  0.000000000508313345043871556  0.000000000397525162114791290 -0.000000000045341899634699531 -0.000000001500445746082808220 -0.000000000168401690626190367  0.125817805036176007536840096  0.040839135374073974437135514 -0.261291807617258294341687497  0.070749931178987145532783415 -0.146976535113524911358817530 -0.377212995649790539264044689  0.093154486267328184947783196  0.083625447109861532445486496 -0.135049398319553998803533613 -0.466652476357152015565363939 -0.038864936422545136872656272  0.701531903596740534132490674 
  1  0.000000000268256074411085959 -0.000000000249511086679884822 -0.000000000175857015852379368  0.000000000187725661446378360 -0.000000000019828097211788901 -0.701531904450858328852434764  0.000000000258146413423241970  0.000000000053821273422232098 -0.133770436086189804301515953  0.054733084918080949814384647 -0.155379061143606345222209844 -0.389825220446560355110673241 -0.007013612666095516508922315  0.283633756778033348743255776  0.074566736978618455943380958 -0.371700173213016298452400846 -0.185005043610903284056080215 -0.228909066087965128470302356  0.003413102477592165772429352  0.701531905664003957077100304 
  2 -0.000000000691984551645030378 -0.701531900964537370854381265 -0.000000000158139692049960632 -0.000000000788863111001228094  0.000000000430868054043813033  0.000000000361974778837738208  0.000000000765152292234335988  0.000000000824238985811858459  0.147320477556586063979586314 -0.034876424886753617742284886 -0.218413333173751673076112834  0.050445919832824049637342917 -0.192417805460278770962948003 -0.378458986467937321887403460  0.164715575485972687998898444  0.082980865558086164020647289 -0.184391062106170900886689505 -0.426153019999924873327306826  0.069316718619839290610809557  0.701531904985758790504243171 
  3 -0.701531905931543276388941827 -0.000000000000054281756628173  0.000000000000007925181240354 -0.000000000000004828162482227 -0.000000000000019408359726156  0.000000000000022543933504653  0.000000000000000092008280651  0.000000000000041636487992905 -0.342100807880317040376907251  0.373713726437002806488995449  0.049049849426402591651678485  0.242294810938953168621859229 -0.331613483890995914079745030 -0.068805756726940395358262017 -0.033972709518215316940579519 -0.137354075223264734790747967 -0.167055812980996800482750425  0.116994381111006908758058378  0.117166795858453641106797834  0.701531905931693958535823319 
  4 -0.012980558136168087967929710  0.038041012882412572540925897 -0.088617137223951476455898867 -0.000000002653270876922740752 -0.561893168623810181549951132 -0.000000000731529460536275190 -0.000000006289581457159915225  0.000000010883890184159877332  0.351918920497392223497570493  0.092649700330150460831073623 -0.229014374962128725856606165 -0.233929617517911064687209655 -0.150130149854871367145038932 -0.198837844132344348450480015  0.309855749870461429854983509 -0.150351020516655392475187727 -0.031004358215004867697730021  0.499616423687536920824735914  0.062741586904644355066529206  0.701531897424614345139173149 
  5 -0.083298406097291564990610716 -0.000000000253445805521411847  0.000000001260118573225476166  0.000000001326253387385087567  0.000000000433497800587359321 -0.053294795445218219890405912 -0.000000000065229996430608298  0.564938700360136660048437224 -0.077005715640858503538246187  0.218360224138250882621901591 -0.105278199613072849263027426  0.100659822030051141202402522  0.236605377979345822951639557  0.143547545010192558655398934  0.502801956677296785420180208  0.179437673936413422925962267  0.408068041983184088996976235 -0.122750997945617765559980523  0.230337393676053395411679713  0.701531905241192068711612861 
  6 -0.000000002443308243726888151 -0.000000001223535646850595418 -0.000000000289711479309446978 -0.000000000827105777279819571  0.000000000785734064302333502 -0.000000001253280320256719655  0.701531898531685404205113926 -0.000000000428790971518097423 -0.130060273537830791830915110 -0.176665150559346858914365128  0.174979840344909954127266064 -0.036304632738007400336363974 -0.075473855280670934259773519 -0.303288601714999106148153152  0.029460636564787932188062402 -0.399603877123600139553314878  0.405825758225162167860088080 -0.066500143084614083965617603 -0.021035511231733043687919965  0.701531905783151908293730076 
  7 -0.024028549906292543581105576  0.070418425013686711838481296 -0.000000007683859484516777628 -0.000000000491576659430302330  0.607084897774500700622091198 -0.000000000423345063780508617  0.000000004001616317190674949  0.000000011850099055665128817  0.278947912437064372365375445 -0.231048470217775228107196482  0.098254517510686415861025870 -0.082741260512358522809846922 -0.508859994650152873971529766  0.163158696930038677965933355  0.380106913177632575729075065  0.009585391192746625649081529 -0.014690216193023523733280982  0.195308847880728606540207994  0.098603514315722103181259886  0.701531897144976534022586812 
  8 -0.000000001327004926571508902 -0.000000000698323411276588725  0.000000000214937657930603585  0.000000000072327072296939705  0.000000001618888549969604811 -0.100126435568743102506037487  0.000000000963948488277285218 -0.601405463391550288983038175 -0.125091475281669400301982897 -0.176209257038445856073985950 -0.470315025294414787009620108  0.438238525366205790566613218  0.104713017822154262269579526  0.168476829704129410362253155  0.204534323722869520255471416 -0.041400662967366769709888063  0.233853264271496907956223062  0.063592078744828442787211196  0.163433452827337809197777267  0.701531903855723535409598390 
  9  0.012980534379941561281238030  0.038041001335531173477516684  0.000000004510750909477361617  0.561893240043375995587150717 -0.000000000044579559871386798 -0.000000006434060360130735733 -0.088617113627652970125870256  0.000000000111169066755344632  0.094601772323629057623740196 -0.039201291979189524188986575 -0.012070963460765440174841143 -0.143803537598101351387505122 -0.060577037837368737741445537 -0.049284936255549586236888093 -0.339830236723213510556269173 -0.022691553196332617477586351  0.141660858527575219827131583 -0.048592760166889096349593152  0.706377268670336940740040604  0.701531900487061637044367002 
 10 -0.024028543485124720554052731 -0.070418443511383485286308451 -0.000000005679619959624002493  0.607084893040464347699521064 -0.000000008626733587161297069 -0.000000000362638390534185793  0.000000005699306180193134288  0.000000003650284823954774581  0.143681116849716458095330938  0.245255017910069303085397741 -0.171480877954612769643654921  0.044985075351290289905330667 -0.223002676555953766821547082  0.170996744287024006489039522 -0.070061967601766675123754063  0.013640228595542926510244272  0.295702999748889606155058396 -0.059460784332231940305996858 -0.581934278517447391989528965  0.701531904055555463758063472 
 11 -0.012980566405583578478888829 -0.038041023765566689735406931 -0.000000000263004690282715392 -0.561893156601506351842043041 -0.000000008657760320414054924 -0.000000007343416215581651429 -0.088617121611839260338615038  0.000000003884612744024037620  0.249838833312400016435335728  0.225779001411529882639337395 -0.197343641976701756127199339 -0.095200439621629843610535471 -0.301515299494614577748138537  0.135464666641394907960552207 -0.415527172810818698619680922 -0.007954273940617666194742195  0.461146572691731654710300611 -0.112835845501338206359567308  0.077639498937190455136623732  0.701531888533289906548576220 
 12 -0.000000000143875621680027031  0.000000000030623342860944604  0.000000000047926615495160653  0.000000000223512198594239110 -0.000000000101014267550638695 -0.701531904744543400285778506  0.000000000011767259934052090 -0.000000000231280086998650866  0.161740686669396985534943173 -0.015332979052694326920119655  0.260540747881561728289435964  0.291835791501457698303130875 -0.016400046718994557063780971 -0.321304905552585690905543006 -0.120300274915906542025356707  0.380957296155026132095143890  0.132715822650223224480887756  0.214689980721333633232662287 -0.039956566914892503439283005  0.701531905534542803907875619 
 13 -0.701531905931687602292166905  0.000000000000002396237197896  0.000000000000000156767930705 -0.000000000000000568736868638 -0.000000000000000442142026902  0.000000000000002936508228336  0.000000000000004233062647579 -0.000000000000000778042127960  0.321651316382695862491252273 -0.448612863186216868265424051 -0.079525761018655607767079314 -0.208756665217137045174118810  0.328359752915397901405552758  0.037887029547095305746583866 -0.076394642434752376368954641  0.088249016691816866276958098  0.084466214930726767295922006 -0.087174596440612612498536043 -0.124990744709934131249982718  0.701531905931699083071601680 
 14 -0.000000001289442651239787285  0.000000002274202664707006489  0.701531897635404600344251336  0.000000000236876252407024956 -0.000000001257718881700374228  0.000000000195801790338529280  0.000000002145994637761923488 -0.000000000829617974977681753  0.430775174114621804650560391  0.177217524825476961306382553  0.161825649817333664656293993  0.292532829329214085514699814  0.170794188146882658645587388  0.073619806824639912937982729  0.032416725349594486122313487 -0.355771723419959283170148356 -0.101358841306660125573856426 -0.060405287091638554918665831  0.054583791900695187186486968  0.701531905865059430779141769 
 15 -0.083298405924845513343822596  0.000000000813330235595400454 -0.000000000491962164439067996  0.000000001418763732269931573 -0.000000000195396349825379054  0.053294796573353988218714602 -0.000000001574774454071341911 -0.564938698832177750097996438  0.056160422228938947528608348  0.405943779833053730522925140  0.395395630974183180103087923 -0.365866985258742001785271444  0.125133122487174176343011252 -0.035804453099125263072571249  0.285064964799643666339568765  0.223510747266664325157712115  0.159119565979700223589798219 -0.190447930529840974697231362  0.056354320675598314138927177  0.701531905824604168104164509 
 16 -0.000000001482867286788695120  0.000000000013811663961101176 -0.000000000515502095618635230  0.000000000040477674107733638  0.000000000256658379348211266  0.000000000035089633800969421  0.701531901107900339269445728  0.000000000544278919103456187  0.173569817426048025519030177  0.200233550189235128219465004 -0.201432984557487188896044046  0.006113775680312635636736910  0.029734561797824666675070190  0.314174764117329226846163023 -0.124876963103192847068072246  0.395732710789351907086294768 -0.329679459225243153778356353  0.046108580506401216867753360  0.120072070678469110920625392  0.701531903996585965799324264 
 17  0.000000000667677957884565051 -0.000000000304043206486130030 -0.701531899443839468345947286 -0.000000000340676596764226103  0.000000000405690332695036544  0.000000000262069090534418829  0.000000003277103498021857268 -0.000000000874349978823635345  0.379937291849710080167022361  0.122277340828580614015325036  0.233093267639041577899490683  0.340340105710139568867197979  0.139274208282953553919331253  0.146121712562634187320331422  0.006011717698959402564429862 -0.316479001723676470306549288 -0.095530842148514264406723457 -0.159972275678206343583901208  0.052190144922459395282926834  0.701531905575450085159501523 
 18 -0.012980549017652364344316534  0.038040996269546429295099668  0.088617118284325231427581582  0.000000001414777160723859651 -0.561893222906290480775804569  0.000000000076882092381103623  0.000000013286939930215181433  0.000000000818858055821678733 -0.050535894138263008335237424 -0.342280823777525502419477599  0.335171240564812854907574685  0.144533662393364795397863141 -0.399656195583256291001912272  0.375118965232354206279724931  0.100822255708473696879227434  0.160707326479362865164716295  0.015132631060235087220797179 -0.288599320436803494016120633  0.043792377252902679294775581  0.701531902075271768704119169 

 0.701531905931699083071601680 

