
  0  0.000000000000058304548418083 -0.000000000001606234047066052 -0.114752322817825774162560967  0.439320905326980701380854347  0.180033466537412341937048413 -0.041554224493784683010997845 -0.186384603324119516666633814  0.113438929019134969500596458 -0.062091456731328801767102587  0.356606973107059124479620987 -0.037122031371683945389933906  0.290013948474821804489462082  0.219627668864154670239140048 -0.545164906907929736653694447  0.387468097377308904477339474  0.554073228146471011951700036 
  1  0.439320905323747049536298528  0.000000000000466229935578705 -0.114752322820284553795636834  0.000000000001226131270883742 -0.027291935919733256819881442 -0.528444248770211833432161597  0.050002585884933000139133388 -0.327455610955568602584916937 -0.333241066637537262760818471 -0.409316731871655989550987456  0.041387889904060126879402392  0.268285404757221603239472629  0.151910351377511551300577251  0.055392089988788207009095957  0.160245396743896435055387953  0.554073228145723982126548413 
  2 -0.000000000001579741618500694 -0.439320905325565178164634594  0.114752322819239615415292961 -0.000000000000109746131906997 -0.461319548036698601933174382 -0.299216518090408225075127469  0.204654464553402985253446368 -0.139477678082045702666097627  0.142369685639866985429760962  0.116031018257067849574083046 -0.412861604156519494858304867 -0.143747067776751361964523122 -0.060447156957287797291833269 -0.404416783987601727344898817 -0.195162193276812414370851960  0.554073228146494268034089742 
  3  0.000000000000006679330661786  0.000000000000005466904492278 -0.554073228146480253365757651  0.000000000000023505796881545 -0.190177271461701356131124285  0.464656905104670759482348580  0.217143376772730904188178462 -0.319533273536219291938598880 -0.091795178088137511502708332 -0.209305293291173898827467817  0.177601037291409323548574406 -0.303845133355030384505633331  0.126250012808087286564047783 -0.298317492681080737243828893  0.103175668799413869718107576  0.554073228146515953053321407 
  4 -0.000000000000377024668533867  0.439320905323622119142577477  0.114752322820573074522044338 -0.000000000000584743495567135  0.519222313289659627379060008 -0.148337600525295534471402654  0.272937156236869614682905710 -0.241967207355012894516035037 -0.044083660228211033969543484 -0.020900357718308234913001187 -0.212857556955546665768195906 -0.269627649106731855554921345 -0.372655157893030560721991593 -0.323715669560451199660271876 -0.071687288444801368871212889  0.554073228145156952738695222 
  5  0.000000000001091395041061067 -0.000000000001386455571914239 -0.114752322820520828831902544 -0.439320905320580614838305022  0.148030344361469762078553809 -0.114512942236009541619097020 -0.345135660887805414400938964 -0.206263642341163728588081944  0.329854260375535718964384521  0.038879981653303083348162872  0.359951434726463064580747470  0.243496937124068850088966405  0.067317671399552798873651416 -0.362966717522936481411192228 -0.402109125079552954477174476  0.554073228143579287656786403 
  6 -0.554073228140943628333616594  0.000000000000512764483671320 -0.000000000002398222344321438  0.000000000001969748099352154 -0.072484140545835159925532921 -0.228173073353451166993071351  0.076919510373687423290432145 -0.562444999084331205378706198 -0.112515302901935177451095676  0.402306900658468014894209377  0.202571874646145653242113906  0.029492668695420040301291066  0.008231259115648925105043201  0.256621890719150728401784511  0.176314213041024895340237559  0.554073228145824353768969517 
  7 -0.554073228144400504069800456 -0.000000000000341771281956164 -0.000000000000054487489445882 -0.000000000001061726820048308 -0.168406667420913142314419127 -0.032712293280677653591612727 -0.223489975759758666940218812  0.162140876163400557741808665 -0.248205085681632174631795762 -0.501314691809620516943241803 -0.007828836480257940358245801  0.225719456563923806914975789 -0.404994517133873581788945997 -0.231839903372792015474098543  0.075043166664642714335084137  0.554073228145858505866352267 
  8 -0.000000000000888416910928471  0.554073228142267833239500985 -0.000000000002072958756544318  0.000000000001042039193375691 -0.333678907812298383088033676  0.034938194015095979851482765 -0.494348381207260003885640975 -0.221669860537225219435466562  0.162510138817694903010731451 -0.043236730508033034903669564 -0.448825580667140149054719980 -0.097353407856274370852354451  0.203063776944536315377217231  0.061107224752118467015680981  0.052465983965303836435861446  0.554073228146271196689707367 
  9 -0.000000000000971411605910832  0.000000000000693486159988982  0.000000000000588155710286961 -0.554073228142901384014277349 -0.005364600047888424803316758 -0.067936262228955246228641329  0.174234407187766650803532192  0.125330501698068384359703413  0.374446241523691200246085758 -0.036230132286654049484958713 -0.069017947725465285185256908  0.026396677927240391867388437 -0.050352376350390094078400159 -0.046653404169504963768579662  0.700427445190960661211207472  0.554073228145154439612269509 
 10  0.000000000000224903767363671 -0.000000000000046507115695281  0.554073228146151102054516036  0.000000000000030157314383837 -0.083750463329049366883311250 -0.104384812399969091014273383 -0.185488855779324176585912652  0.038726071095783741330201289 -0.137337734222924772413540126 -0.130302689209663242304263614  0.423587876321842675614911394 -0.528169546443154157256642117  0.262259637011780037245964672 -0.224409427869204548895341010  0.160676050323470051258215041  0.554073228146452688121833402 
 11 -0.439320905326209305223183338  0.000000000000493320230241024 -0.114752322817013085040291093 -0.000000000001287708459668443  0.276520484529795637602478733 -0.199414613450750115324809977  0.234857824782238012995255055  0.177409500029388098418076623  0.121700885216053127252670753 -0.284447722015345175823781976 -0.204222784445910339446404735 -0.053589116554215193537880459  0.652309709828585209063014916  0.024136951520576795226567086 -0.156767504539943331050809439  0.554073228145003435782603440 
 12  0.000000000000127263714432068  0.554073228143686093822260774  0.000000000001069446127644596  0.000000000000456695244786351 -0.443786084802216654538516843 -0.154569064615567278118675280  0.440207498006195909720549356  0.302933113296863164157820408 -0.014672545251483730204340630  0.151808689963542432983020086  0.290243727903752630429418113  0.197163267174228347584918897  0.044483829858237385184989258 -0.125094591136561426462968719 -0.150368398702155254320123913  0.554073228145339496822710523 
 13  0.000000000001237466346596849  0.000000000000254365222432193  0.000000000000067183805083613 -0.554073228144341785469072226  0.030739658601950448152059520  0.125784734777968816333030763 -0.048361770168728889028841563  0.128159499168386660064079298 -0.685217342760278547294464785  0.288153709249886447857878780 -0.245818910913256775916681772  0.010486344936177159655921903  0.171117940500116457965863737 -0.097810304678149557673931449 -0.074377019769387614198422835  0.554073228145900804875699508 
 14  0.000000000000056408221767235 -0.000000000000020460166841862  0.554073228146398776981958190 -0.000000000000031613642011239  0.001142298908614061924580977  0.478666135757435450400138280  0.252634840933437183289195227 -0.329559716869708703651867254  0.036830940094509263066314877 -0.160480101718883072685404960 -0.083260209922094525472266446  0.464895899544877453220476440  0.179676556178477222778578672 -0.094716109908304340055736244 -0.004546005366352755621162524  0.554073228146507292717418136 

 0.554073228146515953053321407 

