
  0  0.576931410815933682040106134 -0.000000000921542999176597597  0.000000000349511168694979998 -0.000000001671185920218056433  0.000000000026287249328903789  0.252722549992281747923469210  0.436744482128115410018943596  0.063103265204536848970097614 -0.068896909857338537850506618 -0.005148095409343559870204505 -0.254573545256416126220111451  0.342490267697861508304491007  0.229515770351916473799355062 -0.151200138656177831932079896 -0.205448852763104537557411859 -0.322373902219985761317261330  0.576931413784461024816217767 
  1  0.000000000000000011551640269 -0.000000000000000688002096344  0.000000000000000205519172793  0.576931415723741703566705696 -0.000000000000004228023974692  0.039009337075780090516616098  0.050374202971361778850649654 -0.031646052725727123926062999  0.171577350900678126633075275  0.023466930084970300938085244 -0.074638807126446491393360460  0.468432037383191365447236351 -0.345947472819449079484708034 -0.168091460151513618080957799 -0.088745081933397592113767129  0.501288627812817312026302807  0.576931415723746869302166612 
  2 -0.011309990581228066264275203 -0.456859131909122137099295638 -0.017163191075677447013797267  0.026757173005231563246548673 -0.064841883489402074910036133 -0.091102877900270502489158287  0.286691458563887347415826898 -0.339343989119767703714928772 -0.432355533350223753013457165  0.161796718822608205228278863  0.021352664504764013681599628 -0.171273836302943164146359717 -0.167112329562741079221088215 -0.458214352951915273172260601  0.315010644282667365425427627  0.016491755809616592459696297  0.576931370060661296086945704 
  3 -0.013228344335324155374958202 -0.534354705058869447649450013  0.029348262166007185795758502 -0.000000001100901125569096492 -0.000000005142102316092724970  0.290312123026441816888224001 -0.148536722239478074028551369  0.314434620525657502538479163  0.342316489982792756440127882 -0.288076596827633657965433631  0.297149364242893526205863478 -0.012090862825418881490871037 -0.275213896011811791201574773 -0.211972045816467039426687219 -0.063105421707934355406816821 -0.308132362432516433183027349  0.576931317803204178661438672 
  4 -0.000000000000006797649809926  0.000000000000002154543920308  0.000000000000004869685113131  0.576931415723725433432594184 -0.000000000000006734557591830  0.197325113227992123685256877  0.098019559164969751428875266 -0.176978606259237838911136179 -0.149913589066483890775748414 -0.397735436118750322164860228  0.363476016051937989823116329 -0.185724269085575431102795411  0.446669600974323597361408111  0.176221565403565707885009603  0.095375219571593613667012841 -0.018536327260794904001723563  0.576931415723745972395919424 
  5  0.576931406160158331776401791 -0.000000001444403342810858477  0.000000000057195012929669320  0.000000004279604664909913617  0.000000000743276894172892351 -0.384552918118745608701616878 -0.103668804088131037208892447  0.242245498388259595788662461 -0.004248126693805428809486857 -0.356512763076482241649325933 -0.056619765382802281768832766 -0.053765516426550810930848128 -0.158277111348110294516207570  0.124730911065329639086679981  0.506940612484862017643894722  0.137930958012013877216983895  0.576931412684638281359022355 
  6  0.000000004701955303842647976  0.000000000646496147681270673  0.000000001355928127799898787  0.000333638154402280866972893  0.576597769627482533121975300  0.210902058812422159544529982 -0.004539480747299039872239685  0.317985463015739583267577420  0.072158698064373783015890574  0.027868760992372887245845299 -0.239655726628940161701390200 -0.357281592212699814197635062  0.276011915891953457500738664 -0.357716024775084422945891152  0.040621414884251111527424137  0.353635236270326926388525915  0.576931414486264408343976773 
  7 -0.000000000354174152311116974  0.000000005922799069686511016  0.576931403284950802465552017  0.000000002961988608254432965 -0.000000000044915392386974875 -0.206322430313258595150249959  0.573563268537275665001368835  0.114383870320924861565918540  0.150747268511230682008186950 -0.009731841418270308044709846  0.124145233716494101980473870 -0.318801565237931911335304835 -0.190813200946696488106806011  0.173093330835539469236003876 -0.252205211187066746585886540  0.112598160329936834451319827  0.576931412568828072659661566 
  8 -0.011309922994057714149460070 -0.456859044576992150485513985 -0.017163262276918880544745571 -0.026757226914599267720692110  0.064841858126221558229621608 -0.200662395251151117500469645 -0.145976850420954571124071419 -0.345771940878544384794868530  0.041373090034862709196098341 -0.376544763854818189942287240 -0.509254412500487679891884862 -0.072267265874022130499646464  0.089849477169726562056828369  0.192452184017756298240560062 -0.377868235068038183443409755  0.094066742194275148483228847  0.576931314888789594647056092 
  9  0.576931408428697704350064657 -0.000000001727329957503967920 -0.000000000160429664609095744 -0.000000002799610691348254353 -0.000000002449351641851599057  0.134984571286444214905796309 -0.335254810656763539158074783 -0.326293550951139520811860109  0.073765370456638712093474456  0.325249419046588290633376106  0.301930355234448147348346597 -0.305731805986609912458105281 -0.097583204461907855756838247 -0.007434304431302730625335363 -0.310511737200007130905174760  0.167953461814001366560135560  0.576931415565419678209268389 
 10 -0.031931652471253427111498461  0.544999629505277460471066031  0.000000037751729196575627066 -0.000000041988639853809072379 -0.000000038367862497867673422  0.040062473833930712911895709 -0.027678057332791905045571608 -0.266021869973247198596245228  0.007879869796396992728574021 -0.462467575634737539563888856 -0.117649918112849612646694623 -0.216008914849845169795774721 -0.334605888436697912257994023 -0.430613418259488112008279842 -0.114564684880861778277962981 -0.209435604581823895159920119  0.576931400084762450140851708 
 11  0.000000000842060082211238986 -0.000000009394328452980732337 -0.576931399316841273243895022  0.000000001901226690513891179 -0.000000003831750340099980135 -0.514395318071975148923030002  0.270536307695173115181767540  0.003278613156638000179412808  0.368861352863229046924499477  0.009828875716850672048461310  0.258217853278055726453862895 -0.045584829659012159088480633  0.200420153601694527118674653 -0.224479964228673196807999253 -0.184046411734133319424463852 -0.002158536498091222758650531  0.576931415286206797149101688 
 12  0.000000002092572349708941654 -0.000000000273869736063012155  0.000000000579273910131623690 -0.001832157893108044072070229 -0.575099253387680243521443146  0.266220772324527599509910725  0.096628623236307543717762449 -0.125406872602035303733772342  0.522890353321320006574259714  0.082360340703427159330090451 -0.303330193718028185269428715 -0.245199644010630111163446219  0.163058283775873156211519074 -0.044584534481272544310655019  0.313817855440831730730452329  0.118037992321915871470256777  0.576931414226504238264466029 
 13 -0.000000000057160533185981663  0.000000000660069812528053083  0.576931402502859238807901565 -0.000000005885279629275174013  0.000000006553915061350787658 -0.331520725075085469869600949 -0.291284843876304928953369783 -0.147482029068633404230207438  0.189069213571628317997232183  0.027826477622939670465243588  0.104442059662462358461654764  0.266586671056754495731308530  0.402934901575094075705865682 -0.394696495064536398747999379  0.069498953337064416238913218 -0.095793091890111729127892624  0.576931415659284272637492841 
 14  0.000000000000003319703247552 -0.000000000000012654494564588  0.000000000000050858771410378  0.576931415723660104071749549  0.000000000000009788627908374 -0.241145313003616442321932686 -0.169163137324414981845117911  0.210738279536374540395668974 -0.000755096456394796227892051  0.348769319503591155245221175 -0.314248909846862460354573188 -0.279375646667019361424648058 -0.087483484113946028559597248  0.020487127055986246423934308 -0.040162670900139212545437153 -0.477328429790560232882749847  0.576931415723736756406402754 
 15 -0.000000011344695248325128452  0.000000000667158436389403940 -0.000000003633479916292947859  0.003880855157548663452755374  0.573050542617166958645012059  0.067361867776488868411071710  0.150498990765804035402782197 -0.445081725678912751742628828  0.398550978885625798770918002  0.115527947243140371220320502 -0.003236124711938452157669575  0.102214110798070139911743019 -0.143155015572756386848032872  0.241562068917420902310110378  0.352467604653177000361080964 -0.246142061250591152041840987  0.576931413420049189039705284 

 0.576931415723746869302166612 

