
  0  0.288675134594822125022562861  0.038976564558953332740725032  0.404828777127262098026400441 -0.072451321913444769346477128 -0.509849311791462770618223871 -0.138223489016842672968163157  0.226443537132065984430876783  0.257987744278670771887760141 -0.411197754990363814484250274  0.032131925325320689641045435  0.324159290752144329237662002 -0.271901187515293656505981079  0.288675134594822135891689641 
  1 -0.288675134594823583681060669 -0.303795202043097121248670447  0.392594788368554550064522604 -0.145787517860576384823648177  0.475252632400850048898042349  0.017150365885391453767868362  0.115424489499416826005569626  0.524799047030769821864382152  0.105720134427576867410046146 -0.094854826233579344935305244 -0.099728605183354273735021368 -0.322450681336861088785439300  0.288675134594823579181621653 
  2  0.288675134594820272337890518 -0.019621085342627942950968723  0.071635454906962828643341226  0.597880804290734115728853798  0.087163222085321290260500129 -0.307888768160891740095601310  0.109125365185477817575620575 -0.156146081564978693096193939  0.344157680397878832962051121 -0.446879651279673624264575718  0.069753019124800023967574846 -0.303305629352595161580359237  0.288675134594820248512547778 
  3  0.288675134594824660131187621  0.305968290192696201328656849 -0.569238757912504311374437410 -0.032946811861795771041102080  0.028716075487769479918125559 -0.166074579018976051705673048 -0.098988925347149917139137534  0.624615709387377640398036210  0.119630889443707530109706639  0.125615331482643841350490578 -0.062790552105503269836252363 -0.188545567311086944927269252  0.288675134594824633893495047 
  4 -0.288675134594809873104332906 -0.117442906280388099261185759 -0.062491716063057677429557965  0.315978939759020515531820830 -0.530083272016960866778855638  0.328754835876223781333544532  0.385797089690814057761757833  0.195650866734417064169934165  0.351691458798939784725868726  0.158668832241856273647449653 -0.272135724978707810528750013 -0.004326511816170350753194310  0.288675134594809867927267533 
  5 -0.288675134594779832952109525  0.284235418563452387169347702 -0.195554742116567223161730828 -0.365810522190539847786714539 -0.139734420409823251248040803  0.073655612376479752326631587  0.248625694121061775176679924  0.035833758038278007850994857  0.020514763190162416804475441 -0.744982795592568209123388728  0.134503869917004998188339929  0.047505099270349460170801553  0.288675134594779836394451422 
  6  0.288675134594817658705923416  0.058678329226576987255609022  0.380258157462231121499415809 -0.041719904904879625585911729 -0.089302073209282560860853076 -0.171271047525800980315040072 -0.098800279522941449712129108  0.303362017722754739770373716  0.215979346049057963693052625 -0.184556200016001438580040030 -0.261711531376295778052567045  0.691799875682161159848228976  0.288675134594817639488439909 
  7 -0.288675134594822317685288912  0.511417442265070187293763554  0.254984744097165508486344671 -0.034940710206204508099427780 -0.145332621278952830746198158 -0.312590741947616907256283017 -0.217308971529430592151198136 -0.146390932146267311285414703 -0.049953393346321346926860139  0.053837078704757745054872804 -0.549766649738417327380416572 -0.306195386748103202191649899  0.288675134594822302425143334 
  8 -0.288675134594811494908152619  0.504007369518063810213005099  0.123025078107342355773431725  0.234815259150446710849119598  0.278868760680245522735583655 -0.182382609907684430658805774  0.383732979329270677815427043  0.057334055186668486288212527  0.057362986309953232057570749  0.308384030363670120475404549  0.404571304192092606033916494  0.262166558543173963577140387  0.288675134594811477750653239 
  9  0.288675134594796351151678102 -0.100087197248958846017871487 -0.058661725407802252221718979 -0.477327862739634300619012350  0.080374310839750110252899425 -0.284490659080671902625382305  0.591786395802527972846967391 -0.280888554257100219184624390  0.250440589164587018323202341  0.202486665037729697167682291 -0.224187682888096918458259096 -0.069858389213217801714909949  0.288675134594796378717518337 
 10  0.288675134594814860759586991  0.220267014777391669281235431 -0.003439717503009328517854236  0.233209925470323893199344444  0.300339193956914727429673151  0.422409944544382761017018574  0.349441439105054317960756538  0.008929568722466090551109807 -0.489677461385126281491258701 -0.124156206521062456841380302 -0.408339372666875216572957355  0.031428260515483589029064838  0.288675134594814863930878346 
 11  0.288675134594811474904622536  0.374240205859021909609194931  0.287175963720342924950920324 -0.202389379689167076911845110  0.041529662006398578649263515  0.570126060541579180633922630 -0.162736251243912828512851003 -0.090633609445367367613347314  0.456002660700581518671108128  0.076410455455281447209158613  0.180561023368394445366051995 -0.212918284893083613722457488  0.288675134594811477750653239 

 0.288675134594824633893495047 

