
  0  0.000000027180485355128620920 -0.000000003725433059970948541 -0.000000026789043388769495886 -0.000000018526718566774247332  0.000000023588870785903356383  0.577160593407492620297068869  0.180406711082832077916687612 -0.031174386437102816117494211 -0.037857097212849101863590094  0.176097277998028901291045593 -0.231008369578139028090927980  0.264816708605579963854747064 -0.165383499756620994333993109 -0.374465980358776445252816725  0.441034955363436378158580736 -0.285167520631958892136838951 -0.042520836322880135451854214 -0.178674189530283099899398563  0.017022100487246830148116710  0.577160693218043751326427199 
  1 -0.000000009791809192528946317  0.577160371239260078441487417 -0.000000072980893911668145718 -0.000000134690629846695650205 -0.000000094476981176765713729  0.000000011933280589841537500  0.030637615512644242092172848 -0.020492064610274290053061955 -0.014293017209760869645749129  0.115276615038292417653338889  0.242925217122281603054022824 -0.119397730359844260975422502  0.001735550884070927556198476  0.151342135251506918050328973  0.539227931970435532722536048  0.264330458384650557302451845 -0.209981022260188060116854400  0.274177493612630425137048976 -0.275600643378337023162551536  0.577160695112854834590461472 
  2  0.000000000000003964185875312 -0.000000000000000951874793077 -0.577160697647116213899499970  0.000000000000005811378474349  0.000000000000000014061132870 -0.000000000000000579846819322  0.276428007880627897070334106 -0.209362357870015765973800530  0.224159203297196037515557829 -0.260150272725049863144219930  0.124974545649705286458515385 -0.165277087310164800829852087  0.195463348289723781142754495  0.057124695804320175690661906  0.117222862046878462698098079  0.107144317228469524751199859 -0.087286034104376494441378080 -0.557862054936055180636919615 -0.016144460430266906137826920  0.577160697647127515568735850 
  3  0.000000057759127619689333420 -0.577160373772242875150487867  0.000000044873348430023689441  0.000000033359677155615306074 -0.000000099637952049423906075 -0.000000032883035782879408149 -0.171525257205706534987870934 -0.008321015885893487573196007 -0.090573017547318012474401403 -0.173912147956437603530765838  0.036469750185597243473406169 -0.011986304877790758086514864 -0.264725773927501510082499134  0.496126313679155831501237095  0.459392756649220288916448882 -0.065230474337319591388170085  0.112455615483485671808041792  0.005694634895175139397337590 -0.230817374592458471471039839  0.577160642285383867133505276 
  4 -0.555836159164690521644960897 -0.021320038134288320737894811 -0.000000884145451127768741732 -0.000000123802473083383042249 -0.000002592692482950569358249 -0.000000424006541590750852806  0.085333507644173624087939514  0.218913562732768517810327119 -0.138151393504082115084295214 -0.443308925451681377162592781 -0.323110157620902638302357382  0.314619690286486160723990885  0.332134436300970555021663810 -0.038962812403334879314710645  0.105603037542793356523139654  0.266652946158781988872984309 -0.037081779303482007717967595  0.138544930012284014220853498 -0.041658066696481907941336216  0.577160221945927607266335624 
  5  0.000000041369855248189946596  0.000000104840815315677016205 -0.000275717158544277652615507  0.576884622631414586101106234  0.000000050429841022695495239  0.000000146856681967601405264 -0.049295435632922172073126701  0.295119002717740284047649724  0.375998330213680938196186415 -0.199807949062517220480171901  0.299062314374714300648210735  0.008088024592512603419936325  0.235308975259137206743832900 -0.093090777499061590358946181  0.105594831103249329057054261 -0.442887766873632086672479477  0.071150811674679837467245771  0.173447290537696262668703427 -0.019866954152519322744622110  0.577160683287152432674287084 
  6  0.000000019648409874943697817 -0.577160331584882330688626717  0.000000029254394178675348635  0.000000081498425044224700257  0.000000024247804353008755536 -0.000000148818204046790935058  0.197599332752649851143453633 -0.023872872409017571602424094  0.083665266906526523819703171  0.312887624845906739959799578  0.223723905995004493764757858 -0.124231776464639478386119652  0.248710660226373604474300535 -0.342699922729378022526885994  0.074192018727143321059065532  0.315306135995863027180917057 -0.320455218580109902509235609  0.261076693001328186290437711 -0.042554046879549033165402892  0.577160635052119833229237328 
  7  0.498682512825736515309953470 -0.008549850540077479218396134  0.020450937496012431794783506  0.049463567145503244702129915  0.000000263874195025795532784  0.000002138045622027837112766 -0.296116234651793823484406537 -0.174579340846494039858095848 -0.003037182771834623982356579 -0.131861185279102597145222363 -0.388211357781132659683148364  0.129770558422111004467686297  0.367141781954638457991521930  0.126536775363881382223539725  0.017782391042292513787581912 -0.115567188357385281301150780 -0.525464442731401823168200377  0.039457053341251024428906931 -0.055888916498282703843020593  0.577149269927146706549853095 
  8 -0.000000012631351982539294407  0.000000025679305007187226928 -0.000000007522829733775466418 -0.000000028117377398316318298  0.000000018088616373764089405 -0.577160604036882326443175240 -0.219734156978292435736101022 -0.187769538539009865990244731  0.128452425109059964930579081  0.197308470644270136291919572  0.096420656613328457335682347  0.545215315642395960979513930  0.020702447081650510622027558 -0.185093934284112099231535235  0.308820255565210064949664692  0.059892939455672438043572865  0.132352489578624975749012414 -0.180368699796088634962863695  0.194067711463729390312200548  0.577160696076362792091268145 
  9 -0.000000000000018573221503141 -0.000000000000014766145031074  0.577160697647069660589248113  0.000000000000003879926117714 -0.000000000000003292960451649  0.000000000000005146092068432 -0.012096634514955715266369479  0.358174358723943641821547273  0.054899374844395749886585920  0.082100206157173336935428329  0.111450490778028134178769069 -0.016101918506264246958481663  0.135038192991390007205053034  0.043132295867750827113144569 -0.011475922220754873100501765  0.131371424995649178056340151 -0.138900005891824338132727913 -0.619816932640803619817236603 -0.273976937276915472329079024  0.577160697647115334286277433 
 10  0.000000120413477037068322245 -0.000000022098537361557723530  0.000000125796525455377135655  0.000000466328044050009218416  0.574634718591420286671733048 -0.002525181461022763782971404  0.000116686916042191470527257 -0.273051881493158655870873847 -0.048923749485163391660750296  0.145934298348920283062177088 -0.106291492097813620096020785 -0.022158086465156684549099417  0.321416760759860559133012023 -0.079226012865938587513233750 -0.055572081953922190516184871 -0.088761666016240675678523799  0.407853110931628406890612354  0.024637985836316117691421868 -0.521774309406958785185343119  0.577160634689026902778390127 
 11  0.000000000000004857692642644  0.000000000000012580509786531 -0.577160697647089686453895224  0.000000000000000048444247154  0.000000000000012147327112616  0.000000000000000015567000427 -0.307262013818273801426736447  0.553404446244028267755648426 -0.165776290540972168687937523  0.344305075355399955837213191 -0.027406166829153276884382387  0.149198761189800504009658408 -0.047090200722358572578445839 -0.006512727787535533246118103 -0.129828401992687737310019913  0.011178365467097750660045827 -0.079882632633637295173551808 -0.062605370192104744874557129 -0.260075049307280675741542789  0.577160697647119309513542851 
 12  0.000000016398254122510503644  0.000000047546392835046110215  0.000000072450425374344915866  0.000000137104716060460831396  0.576960006055661142436441491 -0.000200149292462458995370148  0.020436802834112126475165326  0.101789401109979688403125477 -0.521777538968793216044537997 -0.092564613300157655329956832  0.346423078521071373396707227  0.011870904042187473661953533  0.070086270847002724996069583  0.049465038485921410109532031  0.071287247226881061054333359 -0.143495214039000398126809388 -0.226398645178731954981095169 -0.079758376440273729246867914  0.405856036233849226023623694  0.577160428847911963494594911 
 13 -0.000000033893609101339964636  0.000000037670835458661416774 -0.000000025316768130471517977 -0.000000008620964987591282107  0.000000127206820031957484695 -0.577160455705348265280450054  0.404421888073568818372559644  0.148888368833037611528038145 -0.165238456824676273546341661 -0.035219301145938252212234118 -0.312260092382902382820812626 -0.260838151824421517541293877 -0.204685929833780137302172604 -0.194832862551486806507324533  0.118422355223537587394142239 -0.345672050536830627656941645 -0.190305477335406084701905499  0.004075160953447221386955837 -0.193576776325180647140233002  0.577160688414345950949212172 
 14 -0.470289691495862510978252097  0.008068121661130295436880288  0.010845074500425237398279639  0.026230348575403218270560074 -0.043688749231698691349954494 -0.018036077081953362027065806 -0.276052959629885716032670837 -0.080179699613698085066868480  0.068960622738517253717445161  0.406495866133907328822481159 -0.251954175262495431856287625 -0.428579533977349170603514394  0.273257015150060681893916248  0.182746654348210745507133899  0.171177155750081025017712150 -0.202186483837625895239992722 -0.037041242110519889887959707 -0.100349258596288651997042399  0.293673799909843084979038305  0.577158062546473334814001177 
 15  0.470307900889921030992881640 -0.008063616145923393065793815 -0.010841172852012956591706539 -0.026219001208442834781916879 -0.043690333467673422658994649 -0.018038236717706868858580632  0.138791128565297573947104511  0.363659948615546184782013062 -0.091096323202867946795943319  0.022369412168274777635241309 -0.222181200435765572280674349 -0.194327716351547281889758888  0.276489139454873590189551771  0.002520126146366910971968454  0.277122846974152319319108576  0.235506306323359231074321060  0.476301458578124505856407275  0.021557240086052096159755279  0.303689596073987754638011383  0.577160261281680504394375752 
 16  0.000000127996786210481231824 -0.000000124507104212746498806 -0.001035768114149285149875232  0.576124163458891657427565769  0.000000004929516262433218559 -0.000000038233946922988070853 -0.350872335630268444216185372 -0.165371801519501360704491114 -0.273992619476550904148185947 -0.153653660591289405377393891 -0.116856106490182192140093835 -0.273952280110538953805145168 -0.240357986233882776162329789 -0.364597374826223610908698669  0.037004891459330770154965073  0.338677165149189996498852243  0.029289121760312750071688455 -0.146520130525677202829645113 -0.033663774408890050311509660  0.577160227240394507590166145 
 17  0.000000145176278784847940083  0.000000015878873478496190661 -0.001432104751828734295501643  0.575728207372537426436166774 -0.000000015913182516701548798 -0.000000051609020384278962813  0.444846557202464699064779763 -0.095012806840267462005829736 -0.109602010950898900232600413  0.347795911286965227340916076 -0.148012590334870313760738149  0.265563734928399668605873349 -0.026659587064804904884123015  0.439043348501607495797593658 -0.139543419923672267580821646  0.134733092619692460342349302 -0.032079427388748255848150565 -0.025011021828290887004771150  0.058846052225457499469272668  0.577160540701721280266479897 
 18  0.000000191862575838836516253 -0.000000220617270512673453029 -0.000000058551438037411401798 -0.000000123574009853609579972 -0.577143430653795862261042776  0.000016399577358558528983307  0.030936171440582377750456566 -0.191568900263718011617178685 -0.568646275246006223673313901  0.020302279162007063438165518  0.276376533870151591481233166  0.036957508694025376887323190  0.348466748590838347205550507 -0.043456675333757616665393032 -0.018002782670144133170581796 -0.234349742046368866109210850  0.146500930615011581300785072 -0.049238415738353091371777917 -0.158999218797134313631118363  0.577160424836448609185735048 

 0.577160697647127515568735850 

