
  0  0.002315339365226478628887756 -0.000215835591012896125041336 -0.000421787384044162687169360  0.002121677796426310963582852  0.000214538493841305884284048  0.667367315305642069117857823 -0.000846578645836007183406795 -0.077145238647309321186845525 -0.293016909670874785368835033 -0.104565139864401550081447149 -0.307568948684595175953760543 -0.112898570750212471915888569 -0.471809432122908370199143926 -0.245521529308224802049952402 -0.198727985506546613633360038 -0.075643999477701975450662144  0.079579747205309302106757824  0.075637625865529258240807942  0.066085782921557729098949348  0.673503072582029244943190027 
  1 -0.150966770113874564841391877  0.000004653748533887456359576  0.522617618967298885445521561 -0.000010376554479425870888788  0.000000137207695679494658207 -0.000007581762116193968337858  0.000004351779947556192815773 -0.030419841505533890138542096  0.080644173032461211533274657 -0.155706053607375794283992389 -0.369254098747894498721427992 -0.162394562587659704988433430  0.100605294566179869741851492 -0.236410848122942318191744109  0.317544093094902336486340735  0.008794416175028772293860175 -0.383675007337666961571920679 -0.401716873749803589447584726 -0.184878298883236394335380370  0.673611490133946177647460141 
  2 -0.000112838620235254520451120 -0.000011900500600497052390546 -0.000581405508085035874271513 -0.000070499723901140882710876 -0.672472081169279549482230979  0.000153805941596303298536598 -0.000103715344377971768208716  0.277628594227259114114031435 -0.434902220485754184027939531  0.151134570586583373094798598  0.030647601392447223682838982  0.079247042185928761978588441  0.130090142233670534867534356 -0.150552487040252714643804970  0.143082942056515162397556905  0.353777068347193939190859294 -0.097416359967786990943310575 -0.002431554737442188198375318  0.238298145072768628071257710  0.673506246808075793061458547 
  3  0.022522393441243865685823765  0.002479302785545507780276336  0.000086380912867818677537638 -0.000797779096793609430657635  0.000687521002680997080269171  0.000422880581319397391538704  0.646354632276402916253501413  0.141990409911727634339399622  0.439326260026439799040789969  0.058092574640602392061557602 -0.023952853274472414738668837 -0.009343026458231311971090694 -0.260438818424243438844718421 -0.031380042057388224065243810 -0.027194563127452646608391094  0.181339697741058697246278007 -0.009794421162520546620949694 -0.199483238198910087734215535  0.471359907631082658774563168  0.673350890096854081334157988 
  4 -0.003805762251756384474798826 -0.002989376197953610482726803  0.000762256517977820452178538  0.001820058674954120910216190 -0.109412017706208879909836156 -0.000257478969861518204562243  0.554399602037444054177320329 -0.570949999673391413027630920 -0.227328589365084707219974436 -0.094745642824449331652521007  0.208427771666727112715583603  0.096181618039942806936521639  0.157144708308529277524597141 -0.167784637017776191037637945 -0.102897142202340068432820600  0.153487391764997444822387490  0.113288564191601149874560287 -0.071877614788892200145629247 -0.369212283097358238466044120  0.673446552356156432131688988 
  5 -0.150965529162880201713751137 -0.000002593898424717560987664 -0.522615373847673926957502211  0.000001660423505786885537371 -0.000017888349947243145861765  0.000004482606367103831482529  0.000002407021480489413915145 -0.202879011462894172382006620  0.098190134116970908510909580  0.096030902501707279957880031 -0.386120896632905056015342554  0.302328117044358494390704842 -0.075334099901176908199316919  0.134178620040037173072127417  0.027563044425062592774190815  0.205599130555733789068543343 -0.555035637870153786635214060  0.120796733547489556051849572 -0.119170255521337927681602403  0.673609935310279518065439130 
  6  0.009713685146246108517339155  0.001031433127337602714579693 -0.000883353756481065320869322 -0.654770559830064615553218282 -0.001436008253948327205267905  0.000957840176046614725001626  0.004343504114034510603355795  0.169470893250122258517301882 -0.122227934294900431753591857 -0.054477234976694732029720751  0.231443785788070027276998319  0.171029120352908227571664401 -0.025732552338577155797832161 -0.006007221789563461632052092 -0.421893531561667570162991320 -0.225198713873006104175937027 -0.330908686503377998659085682 -0.320155105557894483994272813 -0.017485643867263281211481729  0.673136384404158831669916230 
  7 -0.000000790306219213625635749  0.000003411007740149799708890  0.673602506457324392620013287  0.000003989223884113809927976  0.000001833472904168154569118 -0.000000002821899109416328482 -0.000003862784148772662148819 -0.131975377038806984168425353  0.012351104569681580535815267  0.195298455536504865051356146 -0.013551236881712887214702554  0.360680640226141096789727603 -0.136534518265959912207787620  0.287340210889070161331439179 -0.225997531667634040915618177  0.151919476548432532368726466 -0.133936795094884773549845716  0.405367429194273043029138684  0.051494324454748408569917332  0.673616396074119973269578310 
  8 -0.151091915005639723689531001  0.522508547661797088273224338 -0.000002076975035803166476056 -0.000003435777868576398266098 -0.000000549401159760663804246  0.000002002156720316327990807 -0.000005532146880380506638893  0.018930318177127450291673217  0.162799277193059258300039671 -0.108167362918708978202430530  0.271606090962976915787656720  0.225149862948505449669698436 -0.033741513677112943130498995 -0.539522595970583672669168562  0.189904006059111639094722293 -0.226333429427222520663150543 -0.158960200811981537289698484  0.362154293578186857449890262  0.072069615322472049319000795  0.673614059125101676027760900 
  9  0.001061471085840442690830992 -0.000005895998568923368729884 -0.000275997937656947630595111  0.000264411057699627217056641  0.671243703544675477236456512  0.000565387007330699823889473 -0.000180567381201075204255794 -0.047500916179229824055522740 -0.423882152862842972285790585  0.030517419280145883929867157  0.156513964386662693232827454 -0.084413877782328906587618490  0.159747719213362398066259791 -0.103406516130106425224808447  0.095739827900611072109958877  0.343539168470779730178146436 -0.199169521093274146870651456  0.003339264869491340351035394  0.363135025828017302953424489  0.673597434012973156629462690 
 10  0.010840736874500859515492511 -0.001053769567113913373130044 -0.000789239779468351804070521  0.532807676863024025587598637  0.126284343572841858155289367 -0.001069940595297435649523259 -0.000553118161318947475940654  0.327848929853198224913584866  0.021791069478858695248208724 -0.000571347358370419689175515 -0.128429142166678426120436998  0.314581672217812743767330341  0.262479984157558191004960130 -0.275811528079378661499568987 -0.533552136182489851337976128  0.028057502692025469683489384  0.007785355015194185517707608 -0.183942378167689390608928457 -0.110921190916897469469558184  0.673398825413565351263346648 
 11  0.150842693892754183400363097  0.522752190944614546078746814 -0.000000842791087343061759368 -0.000001688248715628281725522 -0.000004028461959323200416407  0.000013057130506032248216089 -0.000000091603749566608706830 -0.250834763500821615844456683 -0.180336109173717554836845721  0.210188969965408675765264346 -0.310583295024936667673822258  0.261816034249988988439044463  0.170609429933160746466441586  0.212488303549487573998032913  0.083575906934091964087946147 -0.293231633192621297191770083  0.204341849509823501399312547 -0.326665852813426485745347885  0.289229433110578192702702291  0.673614593073386628207469690 
 12  0.001189427614499691864662970  0.002324788288850966332253466 -0.000286049594758528853212067  0.536078680016397488038767255 -0.127336710360697420927320912 -0.000691935211590085344641186  0.003558176094780584263363942 -0.117133762112738764999656134 -0.167680731821772206467679490 -0.064837710553060878803375341  0.411356831765687586566649508 -0.102847767306565757986956070 -0.292642187079391929299416325  0.267618881799152438967503986  0.016142902680439610198977218 -0.301860207186732881453391369 -0.411974810652150967143223306 -0.209798478213001835402523598  0.090408239529212404884830987  0.671465767181574733543907713 
 13 -0.002745582535201704254230413 -0.000198271317021730512067943  0.000150083879266698178877763  0.000690440314140551947152946 -0.140683408879047222559441170  0.526811814043513630147468757  0.002226107169459869435204261 -0.128394302157827587968766045  0.264260827233108690291051718 -0.143768477416472687923504337  0.086638474452546085146980789 -0.207421917286683971326727641  0.621495649434608787918359052  0.177046747051763806853562876 -0.132600864517471297645981668 -0.045992700359365170651641894 -0.187085035899747671974866457  0.142854584771721026346794937  0.228991640142026442610620300  0.673505708137651414816465811 
 14 -0.000040436864145875099337518 -0.673566629350046335391634378  0.000002858177235913301079333 -0.000001923391432479867614167  0.000001234690844409655316521  0.000000076803206664220888929 -0.000002485957002848233081896 -0.177324999263852197084424464 -0.011780478697262640512252784  0.079807631818450716898992198 -0.029136819029449286115086588  0.377125332511903994602659937  0.103086687845330557107646069 -0.251493808372869549235114825  0.213155528775982835504787180 -0.404518121370236488794618762  0.032875995749241123254944874  0.025881682550056638549541518  0.283877521078347419466189963  0.673615645233914487905596546 
 15  0.023806368634244347924741776 -0.000086050355087479885173508  0.000899115171467091750074848 -0.001404423725721666391398263 -0.117816260095387090089990093 -0.003302440127130774907724138 -0.524220538242137083935999475 -0.430944158290061883246442262  0.299941680873070642406952660 -0.032420544247172671699906178  0.193810462058669161027318201  0.086744857931136952442787401 -0.153860161625737316216976439 -0.214048219368920050869882325 -0.148909538399162131471669193  0.380421986935783604255340712  0.100567055360948789113028062 -0.323225997908876597572045905  0.194787769627898995722327033  0.671535196351175557301187158 
 16  0.673617227209068196349794205 -0.000000000003926350717937126  0.000000000005382104601660162  0.000000000004425854337871937  0.000000000005085969573105016  0.000000000000635594192832766 -0.000000000000071725536752389 -0.074512717466759749591063196  0.099639580383757815509708500  0.553281588740142908232257785  0.003618376706035266068375278 -0.259886808166334628845397722  0.011113009739434000131111423 -0.266441158420752145677239120 -0.042741093497453829709738747 -0.068907280407749040593116951 -0.235037930694373227167638142  0.071947185210701176659464119 -0.137754300980761159938717958  0.673617227228595846734091057 
 17  0.000057489828076613333221624 -0.000452276304405077663714243 -0.000402572748009289576438315  0.000409345628241675029273436 -0.139300946852894539439529122 -0.526380226866368616063171504  0.004695701166172891629441101 -0.223391968041428733509853356 -0.109072337690354673201949352 -0.276090010915937251025423227 -0.304262775615674943715215084 -0.351576605279259360469813755  0.024520248736130769666086344 -0.132640417234734977482667195 -0.383263962021630470521733544 -0.143855433533021737467906369 -0.087351605432220697262522997  0.240841160893273864448916807  0.312846589449059090190389046  0.671698559394168738772689514 
 18 -0.673617227232786716173765229 -0.000000000000321897698383787 -0.000000000000066399757888122  0.000000000000026393713788541  0.000000000000429948556626104 -0.000000000000380913201323978 -0.000000000000054378181692922 -0.082258163927933820217355040  0.004839831287791320809539011  0.638628482634037883966873772  0.048112664572294725495331174 -0.273304706501862682200458890  0.035596278906092816282175301 -0.088350892725632531664954530 -0.164257863869161303631803717 -0.116119192766274395744909975  0.054693647917615546119504124 -0.045407898800137380429693679  0.001676684480368565865314202  0.673617227234066650448651714 

 0.673617227234066650448651714 

