
  0  0.707106389171527922779102865  0.000000348137613538624516739 -0.235702273646136432053892554  0.000000060632226366836634151  0.636051124299612829398123393 -0.199709688968560235129115661  0.942809071587504250115240739 
  1  0.000000249371028627531467238 -0.707106784512392261147009642 -0.000000028769440011739146911 -0.235701923654924306444913285 -0.199709489728072229084636195 -0.636050877048686601807764296  0.942808986307785239591207349 
  2 -0.000000103383531338239037090  0.707106777860616761107511591  0.000000111087927340811293318 -0.235701925872538238775771857 -0.199709792056393530543852849 -0.636050788695621252251486549  0.942808918204613630436455862 
  3  0.000000000000088488062173192 -0.000000000000247395530200587  0.000000000000116384284805085 -0.942809209397818396669425922  0.099854722526667590453591013  0.318024887491188060955130124  0.942809209398270694157083438 
  4  0.000000013182042267158000438 -0.000000019012898851266463631  0.942809104686493406157540148  0.000000038730170456396184352  0.318025202874498697766568814 -0.099854706733756771054426327  0.942809175611604945903623798 
  5  0.707107173201298104038038661  0.000000004617137913553384274  0.235701994726988492057291082 -0.000000011969639605206191709 -0.636050383752969409310602106  0.199709600712354857100089278  0.942809184515064136519052473 

 0.942809209398270694157083438 

