
  0 -0.010283077297012503532034657 -0.321262879160562417395164900 -0.097363306611620887881693165  0.170353104371475437366339339 -0.030473133520603833189642679 -0.297083657751536705946210706 -0.082750951548863139541642540 -0.318724585536124627719494276 -0.006891965739394169318894265  0.091108863183568964995700124 -0.147019589755020109396498398  0.525302499445035330199321733  0.137975251625528294807882315 -0.121799683156595722356555812  0.047497165484548463968247261  0.093574728596617787957832012 -0.440820307773348963361736280 -0.339114270852592915604433940 -0.021280471251117526661978860  0.331545956457574900883011892 
  1 -0.000000796648761441780054310 -0.331545159826439619004745732  0.197560385952563817107919750 -0.111349519879814726531250084  0.030489744037937164834931969 -0.319308484853752430957223724  0.264754648144087886081545630  0.369956316524972547509593143  0.127199879265205143601623859  0.032270592300494626617320603  0.296365639377974635310184631 -0.149538548653907595408873825 -0.286513140083492789586799149  0.028750522074462458366796982 -0.256553435228990294559659260 -0.014456932667171139561986513 -0.063095905383360345815605633 -0.392053217699616649163192258  0.307817029342766982990360278  0.331545956475201058903136409 
  2  0.331545956481005851476401985 -0.000000000000101023698256995 -0.051820709693410920116893054  0.021221474128863188943043289 -0.258085211857599358225819411 -0.047556269590083079857364533  0.491427864696890484661351978  0.162849908531149591871733592 -0.102475005645806208781373875 -0.181905388621475615503028829 -0.594888033476840167928720304 -0.059638016260694078662690960 -0.294339061115333545075182023 -0.015247357601089086538350022  0.142852275120246476725711579  0.060500497207148374501268790 -0.151971948464016322081419734  0.052994432521929829532609342 -0.110328756582008829979118288  0.331545956481106900501235404 
  3 -0.000017672604694149325311023 -0.331528283859250834115367512 -0.306834506089452996384055530 -0.404145787117923357235427587 -0.233622384651459293758305261  0.435343129186874132910889043 -0.041099513319401034294514521  0.319225503721908808284343437  0.023377502879258984522177532 -0.251726689978326571069545264  0.126910091285725488941763667  0.142418926445960034385266116  0.206931355459330554259420043 -0.255033439776269487206253675  0.175109871547030902403860320 -0.073365940757377330791423001  0.010467153988804855711877565 -0.181844754935005486308008740 -0.086733572066273521241252988  0.331545956463944965650564659 
  4 -0.092644636455469781414540954  0.238901319970019416219974770 -0.222009838247632251451873543  0.065639440103779310680797571 -0.014069996606384749393225627  0.220923078887263252858804211  0.307258162633790891845588997 -0.014447435505984858162484015 -0.588964570115110156898422661  0.342095067647251030516601655  0.096414655031415683523771543 -0.055423413468067087407978311  0.107129931358077544291461207  0.170894268979475370763467662 -0.119961670846021309158060085 -0.105884740201198828370089851 -0.023195670773213990901269119 -0.432752953354178478937190275 -0.082169917505363091095153556  0.331545956425489202201717376 
  5  0.331545956476846087119430065  0.000000000002583591747732869 -0.084413628567823463085743711  0.068909688805698035396322693 -0.189886687543353414772380819 -0.103268343608138990884627410  0.411798873878554932509389250 -0.394675062353293609019666902 -0.011145654734013876175706913 -0.331788894442808591638298041  0.364096850739430297791247859  0.083313807666785544231251564  0.272288547680511969120275423 -0.062616791855006195672531284 -0.192346489070701593500009596  0.191314617464466752146481400  0.294969233981374206673975458  0.077992830802298902664068756  0.108023821579128877889270071  0.331545956479429684924525867 
  6  0.331545956477660293894348456  0.000000000001146686520503113  0.243993404345158898053062997  0.065148579693094840817313689 -0.205475360812571402092398774 -0.021577738402133597499178621 -0.281625819184446932988592771  0.361484967921929170646616961 -0.372850787064235445389306228  0.119180036430622420398162207  0.203353321330249929384443620  0.268167787079945680846562728 -0.003041975845237902835642313  0.221637374604174692107119715  0.164124941305222020611863376  0.460196675826273359389152057  0.018207991637358351851345051  0.128090504188274607324463800  0.050524874075494642452371398  0.331545956478806961751585464 
  7  0.000007388797673100330628402  0.331538567667026470246055547 -0.086699437690177753069737786 -0.200841709811294840068722663  0.005615336942252795830952521  0.125699155577079547407045972  0.065749908234323828354469729 -0.259725079048201016283792253  0.311443163628410780763332635 -0.003100710890382511939301831  0.194203831842757195538752210  0.072144350457942294754971890 -0.371381777864515338818257595  0.197543971428719308949329206  0.514042142890443224550502122  0.246731814380143861628776059 -0.021375192324556064241334826 -0.313785209733106267823753502  0.117079490120937866785909114  0.331545956464699596166626275 
  8  0.027161942509776386932624143  0.304384013965606786651174956 -0.120131990613381851190112626 -0.229232665463667389834897040 -0.187820791652091128462139825 -0.088561696881765429395993398 -0.179524405808713387994700328  0.100112200750562868236260682  0.243787360845609221384660062 -0.147206705596606528114425778 -0.182023612691656272644840156 -0.227296070161702599822062081  0.379901721414934245759503773  0.320851954051654543654701832 -0.364480984023056387707340323  0.286103315498201545203672824 -0.309827538757237384842288183 -0.174033262217751124692238958  0.010504379074358341380235099  0.331545956475383155753755560 
  9 -0.000017326850448317503193877 -0.331528629568599218058839659 -0.360092229297177046968246594  0.182508220828381970309017834 -0.189325643731411781051825541 -0.166947901202924129326031488  0.144484268353072335970468248  0.056959608188368286902682203  0.245932019264204274004563013  0.371946719790416303397847381  0.193963097335787215447265933 -0.268441928532239333535193079  0.158113054404188435570583968  0.343614763936276120171635709  0.276796409741956353788060533 -0.011291194454163506156705330 -0.050448292859205973263101233  0.235239121920264985786419056 -0.230370281382466031262572746  0.331545956419047559870410050 
 10  0.331545956477148556160996704  0.000000000003422978945056875 -0.183781805564624429297801260  0.085444495615516086429671889 -0.004839794287464061957704204  0.006145411730547752644399252 -0.252384304402348693573609681 -0.072838675855365499069800275 -0.136641911545534128070273315 -0.355651030104557977235685273  0.189311789211279972341668912  0.032041854055827470228602193 -0.211002025278563076478386545  0.385891829744900373704193097 -0.035615662637783811615330674 -0.562155410729239102122275357 -0.272041606874066954006429614  0.048044859686846863145814977  0.104285567631578375124429270  0.331545956480571552368223978 
 11 -0.331545956479949342592117301  0.000000000000770189365583459  0.200435114807888199912628419  0.064198216970285186897947783 -0.033522722055056867467991329  0.185371370852514828905192174  0.266328640110690596722216317 -0.008019783154745175323857055 -0.132651641127144969615862802 -0.125014664424215059409205286  0.092402588707800219672392102 -0.093796093984641604661227614  0.233346919569047189606508103  0.001420342436955179688422288  0.237410069876664768387733440  0.024035704506723057394832008 -0.493326301323768010226918784  0.296131848569550567011783582  0.496266070922958055824632598  0.331545956480719522410476052 
 12  0.331545956473665095299652519 -0.000000000000485999251174764  0.196590994397318106652323803 -0.019410552500660940844490199  0.056292701606735815755708447 -0.231859566774352130974034929 -0.171554274947624790426570392 -0.066095123162596876814991759 -0.118247887026863104517821531  0.009557896535088426186500018 -0.115544619943726947886128605 -0.430183177374229371481458017  0.375193209452759846364707993 -0.184446601624632476720735269  0.451847309825448769678287939 -0.179948858731575139972380488  0.116211229830621159474864004 -0.313859352130028905887527621  0.156500696010330669425271270  0.331545956474151081415369102 
 13 -0.331545956479704507325690158 -0.000000000001178243241174117  0.351657785340465629911636466  0.417853587039624122998187489 -0.138430870258539974882849161  0.009790351685716811622100576  0.041235097662528834449213906  0.108116519336684812447680129  0.042751724892384724344672215 -0.458847057059550281140096126  0.090084399880253254753526612 -0.022870704460617657838942813  0.072907434821405472618444620  0.185202715418741399399206807  0.140978779564718183946918709 -0.017956375458616302503877973  0.068930216979036890470025536 -0.271042827520807793896225404 -0.447357588502983023748260649  0.331545956480882772113944965 
 14  0.035622554586217550193189647  0.295923401875057837340189312  0.302517047083215613920799056 -0.453533017689519501926959100 -0.045769620866431592452766184 -0.299744825495188603014899698  0.242709375793134372130323978  0.089283549822805032245866524  0.057917416929940276510975321  0.139254864844779426721302525  0.168812740401244609466367176  0.305369807848569417612011670  0.179535148384190632099587960 -0.001174043969261253032704228  0.090006974207215459100710209 -0.351688439131206097894993823 -0.138670055489152976960524552  0.153056550770899359775116359 -0.322427729853296858347939946  0.331545956461275381776943050 
 15 -0.000007100705071686034344641 -0.331538855757943962620191980  0.098829096215542965656313413 -0.267618949471243923482087143  0.525556879401723558672184650  0.079919951252743670874257621  0.160838403130617259385111602 -0.056235295232704547671337848 -0.065205155402348229624768031 -0.115390563283296210779558903 -0.252966567472185816547710149  0.155136926283127348657640485  0.195327123348491762830315618  0.545317853987992827370819005  0.063682477159840975587722176  0.069467174147256604089595896  0.214763568800382485617615769 -0.001420989271875307752004385  0.030153189562540670647439243  0.331545956463015637042139258 
 16 -0.331545956479847262084442033  0.000000000000481271598353717 -0.326227446108364975413526285 -0.272383999298672773597441987  0.111216937938860592283770324 -0.499576045692180865383886720 -0.093295824105020291627007444 -0.029760202736529202660801618 -0.427500873533806167520665217 -0.305160258844114177010200042  0.092380214951930888342868271 -0.173094387866034799564008903 -0.154763520316201149833222964 -0.083591241447047288110213346  0.127673782253875200994714355  0.209514523752110948059024405 -0.006848170007211996832619308  0.123658890310602885731397060 -0.130669554339531711383351475  0.331545956480328519642118701 
 17 -0.331545956477567570430892499  0.000000000000868287419823645 -0.017560258449373302647508873 -0.079464646359509826951928423 -0.556664545313707825478690555 -0.185700942882868553967319787 -0.088531298075834660969046005 -0.047903659467395345674837559 -0.032976764121535169518536525  0.052891470725562208858268939 -0.247702466158298669973649060  0.196861151341980875065164509  0.003781383225831925749617186  0.224356730143052151364691481  0.036649369007720599194583488 -0.233341973306466774997674010  0.416492449382408147533956091 -0.021863657741960488430134628  0.380630799234649643870715546  0.331545956478435859026213106 
 18  0.000010481593854922345077605  0.331535474874565188832141113 -0.377912822054210893475125962  0.333288048578418718138720311  0.321400465009419102253591244 -0.194925363641687591283613995  0.109823776073385626731999769  0.479591011388640461480864161  0.162061197286768895767738140 -0.107171926495427687947212519 -0.025436784059312557642153815  0.292506730638913600413362343  0.192693261861467419007211410 -0.069589296015306165172763665  0.131733330602968750209949382 -0.058164982105499523560958319  0.130844731565219807558546165 -0.019908530820864521053051950  0.220541345216726231227345224  0.331545956468420117046937839 

 0.331545956481106900501235404 

