
  0 -0.000648026185066336584846060 -0.000493196343718379266402506 -0.006183709646927361871925093 -0.176881329540805300182260140 -0.014215419309770172105117164  0.001791244950726327373069755  0.737410444694093130616613374 -0.026681782401803335967645377  0.005353774143268481795288408  0.002810569928746376064446200 -0.008949575715279024887547396  0.615292063302394809517440605  0.165457062964928945070458392 -0.048136659878468075463817414  0.052628688082374225462763129  0.113220090380617533831265117  0.981419072860204201786717138 
  1 -0.011782839287939469843436487  0.008517744404692021296405114  0.003126069295842343738113268 -0.003281425632619035699291050  0.015932471079629858743193145  0.000289352421938449328997859  0.000661886506860978543288836 -0.037247437190428327407585056 -0.731970510112600959956152130 -0.173609959953368206010530274  0.004563367931268432470260488  0.145657197996408630734062675 -0.031810448023762452876610435  0.095986173465561780050064357 -0.386326887916503700759864384 -0.501492304709433338967203286  0.990983063817188063486171568 
  2 -0.004111947935540938038719900  0.003544269335816269901065650 -0.000361794184463713916922783 -0.965178972968849794428474603 -0.000026255854009687455556626  0.001629439666695426644113623 -0.001010732048452393406860163  0.010789417833370943472371252 -0.001022149693078424414040112 -0.003917661572796159906408779  0.002350156876451912638312439 -0.245921348169985381435778335 -0.069775791919861127175653357  0.013367744857424205208229267 -0.005018977753125237722146769 -0.052039282660086300170060097  0.993942797969525672916249470 
  3  0.023378449644855196455021495  0.009967552712493673676577924  0.001696108275431349987792191 -0.002117314388830946837103926  0.002184340165407330195231888 -0.005437800112109044177623993 -0.014140515965560681152437140  0.040051518136877901275728561 -0.680077795478617233440946088  0.187014787530571153237671234  0.011397079848135067883102556 -0.123138743132569721417529651  0.011247663521368649770409466 -0.080966149407902118888540489  0.416091937400957656898294393  0.552195986105074517814091800  0.977463262258889590151228477 
  4  0.002657722779114106240984578 -0.001444086794193411262605201  0.002242935614953658558477643  0.003047441543171121554848204 -0.001961287778618536066139208 -0.001966207345317076148519700 -0.002150576625053680454344621  0.014380677958473608571514900 -0.000003188585412317806919381 -0.966838982957065216027568721 -0.000097308228571442450482575 -0.045592604211373820469963827  0.007533409570432559047682502 -0.031190030600895003080555044  0.144753251521387786654947692  0.202281990956800077351455600  0.996790416209944122498745611 
  5 -0.006677717051746642644312324 -0.015744182302389738471206076  0.002571471277564714826448556  0.001272762905299771280592500  0.228053691928942724311902071  0.004775698120817035882725563 -0.003707804647622998208226499  0.013675624011547999915278746  0.009538470352062398849701927  0.000556765184472367487079550 -0.656020325139111620783242268  0.098663964136989341699294533 -0.223218789620957574316257796  0.594263407716194311280252099  0.308624696131665899792974675 -0.095151805840131563126870103  0.942594512921577967301360601 
  6 -0.002151248344123523616027040 -0.008220336052433972099547890 -0.968616262439260755049037777 -0.000509178970269679599612726  0.000096754819626008702312628 -0.000252083767806527388549595  0.003767082065734355698388187  0.003656604244195561555668108 -0.001896943205835325073546921 -0.000725337218735096828918975 -0.005229887557894960549804357 -0.027445965682341480948425692  0.044957930802759808408216625  0.124184328769902986558848652 -0.160423124404972932067125688  0.133113265114519911048638311  0.995121718685915810796629305 
  7  0.032497845390446255341002947 -0.000005868158094304819053957 -0.007961413567584171752279524 -0.192005820159360359198957510 -0.013182352691207676962509548 -0.007444327264424945120831943 -0.674608298460588878180197586 -0.029590842334953220832676358  0.020182654255248159151075863  0.002119397826782517986714119 -0.004094556264170276367520462  0.677352226112662334943023690  0.166470712657708764880366489 -0.047642730167961032120086664  0.029549877799683771410904089  0.125391172006998649911301350  0.983693376372860777594533954 
  8  0.003501850111078136190028145 -0.003320010931637002009977311  0.007143845126431338307218972 -0.001298320270972233603957827 -0.187565320920035455946753636  0.001609828385724367106835408 -0.002164533573375245039914697 -0.011087092047216946135213315 -0.023387506762234199997004848  0.001448502611495265242712898 -0.754331103028725833933073458 -0.100600494026881945707082265  0.199974602290482121984814025 -0.514167868085803143798212522 -0.269568846408630838541340899  0.088894866696583631782428887  0.996857913768926036986867123 
  9  0.000000000000042113335240269 -0.000000000000009874487351748 -0.000000000000062297907300464  0.000000000000096211495412498 -0.000000000000078683828951419 -0.000000000000107043473664914  0.000000000000014850038516886  0.997149159399190498193846915  0.000000000000013511673568989  0.000000000000067946607505969 -0.000000000000072682309993210  0.045556730102352184144366655  0.026420095864286535106369097 -0.014244847643113068314238889 -0.026119583307710992846386038 -0.045110624800009106281776291  0.997149159399755680751719494 
 10  0.646930904296917560233979444 -0.061844635561412540089099368  0.001703609822075326346352527  0.003119451463384330795042864 -0.003225578689277052906092178 -0.184033121091039994829787266  0.026085478106082132845799297  0.012021972387011766964012968  0.016703958380072000087729150  0.000160454336854250858865349 -0.005133679356218108489279880  0.125955640580099189433367461 -0.664954126739456607671566180 -0.140245562291648229714621267 -0.196884773793925017682372551  0.161780067556084378863003222  0.960962843490345088254614425 
 11 -0.032196051139155071037310091 -0.728669147609142969638281601 -0.163710573458600095432470718  0.006811421275138749970826275 -0.002989912083909146733998985  0.006421715713971735427802846 -0.009500070634974842223717149 -0.009263280508865573810487165 -0.015809063790524764632944342 -0.003326642874027648256530623  0.004808287146439743331428863  0.042145852491601661592417888 -0.102325072807761866668194595 -0.337659494111748387961454559  0.427374014520437871928436324 -0.362956766354260168923806171  0.983506166234750299308398080 
 12  0.000336506084862425142339855  0.000304587487883986236624530 -0.000365914718191540430899748  0.005779190979192029300429579 -0.955030270277648068305564877 -0.002544867020740972727605391 -0.002140092463693331795522898  0.005572745346425717287719437 -0.007303615542541445193315498 -0.000738828293631216023271874 -0.008223202870842156434338531  0.025409355836686069779183105 -0.090484957520839191899997972  0.248062079343250577604718977  0.120834914431323115821114312 -0.052447952095010179477302436  0.988339821085652906309040877 
 13 -0.053061873495645416332338207 -0.681190094201291405310444427  0.186537644173371695892555203 -0.012540974281904068694145347 -0.001293325613933412097704358  0.002302383439229141694552084  0.006821373862578396827520448  0.009072262387997943083165256 -0.003567202300158655203537772  0.006317816123491975253942984  0.014337873146859701562495770 -0.054593093503176610015186930  0.151425781038982521469046447  0.356037367710245780341336494 -0.447426157967564553340211742  0.380728186855474614208897852  0.977042823026461815325710569 
 14 -0.758796011661651573817610056  0.026115049574382023761832407 -0.002209314933253005507578356  0.000396874585149544185770822 -0.006604114271447785284601295 -0.150940740913175051526873283 -0.007813221958030916816221364  0.010416975212791790315990505  0.006255933494984098895882048  0.005020428684188127239484690 -0.003159632649313723969779503  0.132114461612139972836394222 -0.563729484180726826334211638 -0.144507377869026878053392363 -0.138000321055390721874446026  0.159057659448571694018486657  0.977728297938367627354077499 
 15  0.005420788732073479024979894 -0.001100495166661782140168299  0.000306958267961379960003700  0.001117539310102400184991047 -0.004999164393793138609791262  0.971172190670006379162922799 -0.002820611065941642191633249  0.003972313993447625288371388  0.000779582931129430863126347 -0.000030495870445129441101269  0.002967201709941831419867870  0.047637924086626690838784355 -0.211587547765072798468255488 -0.049878461104301316906162612 -0.058442239257411213048694484  0.061583104697255328631119199  0.994687342111504213472590596 

 0.997149159399755680751719494 

