
  0 -0.000000000000760756860787114 -0.000000000000454298166016745  0.000000000000147532919033285 -0.673887362036914788407642590  0.000000000000240591710613786 -0.000000000000639485130120396  0.024320007173395137084281155  0.054876583313623767220639296  0.406988960765612027456169034  0.079986246278663255205242880  0.173113588169465819463412742  0.364857274484709607147809793  0.419555695826494413279124721 -0.127298430100996477973827360  0.003464076476544242747379468  0.122074117556620130494718021  0.673887362039157459137755923 
  1  0.000000003477384636670275770  0.673887335689268336333130477 -0.000000001884911812497128412 -0.000000016159936924929336619  0.000000001090397462229165927 -0.000000000090416744561581270  0.368398550619823801063673283 -0.245732340828637208182704844 -0.222665514097742859282334435 -0.203200549902718340567094046  0.175242281058679839867656819  0.022067052712958693476470880  0.126245862130982580148015268 -0.133065205551235963288563176  0.440334618196852289824560003  0.012955084650060054191501174  0.673887358392315866215289966 
  2  0.000000001022112063914681164  0.000000003820141101063893760  0.000000000645968991928866392 -0.000000003831244073177354346  0.000000000733398250357592826 -0.673887350367105343834465969  0.068633237415537342871797201 -0.106374901682079668189292564  0.493539055484159731293416357  0.098488258713852731687299954 -0.194458801991852752911083164 -0.115908872687427870808456101 -0.291928821378531412150626398 -0.102937425326909973774937388  0.318927812181103200313237941 -0.166692439929696835035225280  0.673887360419969822628548373 
  3 -0.000000000000252010829235367 -0.000000000000223358459722606  0.000000000000025634528311174  0.673887362038295803881061963 -0.000000000000193607281421022 -0.000000000000598884446902996  0.144553170379475658056923036 -0.081623813185358444011532897  0.282982340603185742150104537  0.249791147681089571174774776  0.114051939041481361240067301  0.293928520734263944765712884  0.331456301872437238608889998 -0.362399590219410420186083727 -0.174799930169451905263150460  0.068480333357460936308453488  0.673887362039589296266745705 
  4  0.000000000722086733610653419 -0.000000009263407112835114379 -0.673887281255974570086560160 -0.000000022638567853030372776  0.000000011103767327568956448  0.000000036900479806030161179 -0.217775480550533561866595120  0.207947138677206253175246305 -0.264902334118371780873795254  0.427379786131843609472752074 -0.074742001165948800140575742  0.195892241021453250801620007  0.045411003733418388571838401 -0.070220657905598996527396505  0.352078071441025888051352954 -0.165737220490185301567925141  0.673887361884283357096533940 
  5 -0.000000001098725286210380992  0.522434625675076088214664888  0.000000002925759512790714591  0.000000009405664987509609311  0.000000001090746367669663222  0.151452717683336711225927824 -0.196194860504422323438508333  0.359032738772728562563546148  0.280934808138447243930314531  0.055924264468596503053744945  0.220136654843426819144606467 -0.139077802686582822542203652 -0.142295857919914882060434709 -0.029181047902000107115234244 -0.300376939476195733508484889 -0.524925311935180917747266471  0.673887357879308897929369893 
  6  0.000000007722076848462990849  0.000000010941335809439037747 -0.000000032571520822823966066 -0.151452688734366111932938374 -0.522434597767084339865230336  0.000000001845718516286241399  0.163440934313771571586388839  0.120636832731157561106013262 -0.141569161485305678702161306  0.033706782941487368720877163 -0.413488007438146900810295795 -0.379765602478628671630081839  0.236135063960802177887533457 -0.491292134194344186489886162 -0.155937280168947980807793267 -0.071004260363546129090710733  0.673887339582102463486461275 
  7  0.000000002976696017500095572  0.000000005138783756768212022  0.000000015595764075408339488  0.151452656306339090728292802 -0.522434646462668890649384823 -0.000000009212568481675393093 -0.253802969101114332331351267  0.396388982424113005498212889  0.133974951035521573530599759 -0.278044706682720565250671249  0.293147345144778837580093120  0.073459303002704926138820892 -0.204322905106306709776837344 -0.084434166111579605361228251  0.273492014685138217563054736  0.415113621704364728104722990  0.673887335692820321102810416 
  8  0.000000003773052336338248100 -0.000000011309959307555938714 -0.000000000281622491129242378  0.000000007451586201804198032 -0.673887328291139316019994071  0.000000007039666695738905325  0.070053665933137162533203991 -0.400826929430953131947099749  0.005887434692927893022502500  0.189424276300118176193207527  0.093294708832174763576711597  0.237465513188654406658483972 -0.024662542085568898541430237  0.446334760219007601835970386 -0.091134929657070731394202454 -0.266772561831821655270154461  0.673887358147026319619976586 
  9  0.000000012751788386388537318 -0.000000000091690015116420307  0.522434687304727002126955582 -0.000000014290652649430702406 -0.000000005572318596630362134 -0.151452625699135432919806808  0.084895354101967309792581458  0.378965266156690020149478901 -0.311236274741842697396602274  0.030706060733022985828499676 -0.234694227248191039292475081  0.566134137134985135169067821 -0.105024100814731283828331806 -0.067738483173777124481313751  0.079004430774443647646622466 -0.240918698356104310522832375  0.673887345710312045746204213 
 10  0.522434633895087806982303336 -0.000000007455409248952774734  0.000000014405514151304195049 -0.151452678600817467992811424  0.000000009029891614002595141  0.000000000015099511819873125 -0.245295795557133678899846586 -0.375703691605188772083875198 -0.159768625959326087681579807  0.027347144209296087832543483  0.165845743189040641717775688  0.168035962941530863276845369 -0.393726326639864317462249449 -0.482714672029783352672979713 -0.180436172720674548728054566  0.013963718222356481895453210  0.673887343401819803438181078 
 11  0.000000016019184944436328534  0.522434609011847362442741011 -0.000000002828858353652435046  0.000000014409515735586507190 -0.000000001005821537582151161 -0.151452713805485827776504439 -0.279001693601866735072692879 -0.042063124467546349429154535  0.006280968739545630180144063  0.206183721701214014510386563 -0.446181316648507146404916898  0.110613575223283373160547763 -0.020548411032982608732675779  0.200821602311672670298885179 -0.267609764751065466763984071  0.508214576690827781336578378  0.673887357080713755440488921 
 12 -0.522434643067183971103673717  0.000000011900638075134719509  0.000000012668828220268538067 -0.151452661546489993971750104  0.000000020977011658385961655 -0.000000005748836979024842347  0.363028399253679158589563566  0.044098467859582196663276133 -0.116453545649615945391144433  0.416446804700344480230315286  0.277995319779091355918239012 -0.030407950027030880206193502 -0.438729196984804154050294547 -0.156507780893433195103692408 -0.183318929360219216146386800  0.233689125098241443068396855  0.673887355908988925864457065 
 13 -0.000000002198185357813773628  0.000000009522715693156126270 -0.522434617595581273603259215  0.000000021025426885877241335 -0.000000002556025573738655165 -0.151452692138375422551224182  0.365803458425320930370557362  0.110734743664367002277573292  0.030460638586165995995102239 -0.520570201914305065340853040 -0.138284667006731438665596313  0.313453267171947372212977359 -0.163599713396618496875608087  0.022838986174428593768707648 -0.375140292829077153533099548 -0.027134635809839548506813443  0.673887345036310229256550086 
 14  0.000000000325783850521450182  0.000000000721165890757290281 -0.000000000412526466523507187 -0.000000000003577814007544093  0.000000000236119961243681053 -0.673887359293347946705230594 -0.151315050943994505597625655  0.086461633027120756240710680 -0.368709188096285691541194318 -0.022163838757351984414567287  0.428035373999657632707342356 -0.137890625897282437299596822  0.324938514139876539593134938  0.061336438312234701621068539 -0.259737039510600189448413441 -0.005256879900707811601686433  0.673887360992521959189745229 
 15 -0.673887302915086145252161060  0.000000000038671723421443845  0.000000012214333324473246605 -0.000000012226066459400176737 -0.000000021329398682888357944 -0.000000003098403195867668811 -0.471606501592009042244128467 -0.325453801561619240212278395 -0.033580247699243895409646106 -0.301651532827101953983597871 -0.086944563036304483606697691  0.153844685220084641979251122  0.034888715463051750400246768 -0.252893586504222568314042066  0.002234873327696370413199964 -0.170343259186038040390166574  0.673887351821959525405118796 

 0.673887362039589296266745705 

