
  0 -0.003647301445231770207674383 -0.608106058573974982443474668 -0.002115619321960804387365633  0.082392834363192897658128427 -0.003362309721321735558364701 -0.001955339984631697778134584 -0.001865671635406977152189590  0.204844634536620726230184489 -0.120584857247388934958689383 -0.173770314515505276372394489  0.401649921781526038843616183 -0.265277056104907390865011232 -0.135809426019656601938249280  0.367098728175454338981632471  0.376748519302329753897671735 -0.099217946061994259244879758  0.703445135045720817360687116 
  1 -0.001940886358110479732106772 -0.552187002116956504073341794  0.080101706315180900892672453 -0.049310506832354674075106831 -0.002975641380207791841604583  0.003039021731649110884010637  0.008066501487245420827198170 -0.329919022535382961070415594 -0.171070029015886591953728504 -0.003784019327994605935981302 -0.537752765029342466856100008  0.063333415044849942311449773 -0.249510214100328214415652241 -0.406530276098112186328355222  0.147031539197039500866705242 -0.075493715047967458375757083  0.697621266221704865260339057 
  2  0.000109128663644151847983327  0.000676086538589431611466661  0.000888780316906755633419479  0.703351718020963608717695953 -0.000374402582848009348087442  0.000391060971505935117853175 -0.000186996143687245741337145 -0.341953850018202584385264634  0.122306632685026146877135204  0.013324864401552379329724744 -0.015249907042103835365890070  0.353199697809643854386684944 -0.293986751540293897607108303  0.342058437350561470925193464 -0.041139434953467060692762101  0.207650306642509828832432114  0.705978173238145163663221499 
  3  0.704419463076479452257223912  0.000570524330668935280664362  0.000171597986576808966301889 -0.000214733290770071523913784 -0.000152899554648825683754588  0.000549961386334598738350629  0.000351966705633824847822388  0.215107060838968156406031569 -0.074086174472580699542766536 -0.332090405480240308456378953 -0.443658746944250340343146588 -0.090358989264954180460262794  0.098216688929841803655062908  0.303942797621440902573969681 -0.095269998569662630182768633  0.160145488437058484940708585  0.706431146331112466859019489 
  4 -0.060027993967190226695044685 -0.003362126953946558227469239  0.000082558170061963064813627  0.002851924708918367227659775  0.039534528095304815835381437  0.004259352223323501311337086 -0.580475614322079033692743100  0.164588962227697144520663537  0.451709648646094672245435847  0.351937916088346044183113315 -0.297967708141065532235656696 -0.268127462230471602362778111 -0.221105332374768588957984067  0.198187715404788683803147600  0.003138464078280319661553682 -0.232378627229533172535462168  0.690594098440824492673127677 
  5 -0.000846018969655100497522848  0.000363028436557702823097424 -0.703190758159377921087708485  0.000447359370762891505010474 -0.000023254302161424214717806 -0.001514190784493174255327293  0.000343741745931964858573160  0.166494825673091906964844860  0.314405195298555964418573197 -0.214196716886522457170497630  0.030049206063768333958643206 -0.042978277033178131905349212 -0.244032695749204422616934068 -0.313107381199729266563680161  0.163304393726238371688588846  0.382179683288020987990893373  0.706728351768940184771724405 
  6  0.001447617211605534766109941  0.000167723048850458085347451 -0.702097980876764847610761039 -0.000138242949115658741860401  0.000390525602183589907737977  0.001926138177960968527202737  0.000441764652507269658495974 -0.221162677585637792377812848 -0.352057416622773329436786940  0.178077713626163234664234215 -0.101029380482180735411419821  0.032265999968636506752624367  0.178417746985760134503557102  0.263792696309111819651192082 -0.088545105187738722823942439 -0.426585809535942080041731606  0.706609992518988372909617690 
  7  0.000713985705025764228420377  0.000208298916888184505207283  0.000621289214840060221419595  0.000666420877822448563680666  0.703406682702279080108501846 -0.000275340050121248472896102  0.000590590488386214129393049 -0.016388190768464286844620218 -0.147429551434714016538594580 -0.174080070380618647359277987  0.133660020934044287027912465 -0.204750570187367709681924843 -0.374771599136297637634707147 -0.068248800202455119769215808 -0.490312630522243888869706602 -0.087197427810369316878043571  0.706482607955363049224723621 
  8  0.704653820433054163020758498  0.000166587223427457994257783  0.000222672333229221312356987 -0.000003152463690715115013177  0.000201225793843947239644569  0.000077960404549580920292953  0.000126852635665231681898404 -0.183153906156464511283837350  0.100831428570900346803110824  0.407423484447274264610766234  0.402239452547647082512102118  0.040607259720289443473764668 -0.142561319698997930472262989 -0.273735811431384762652460618  0.100342719018118016639914622 -0.158074080779831502451449228  0.705452271287460288651076368 
  9  0.000000000000010767177837993 -0.000000000000085021754499356  0.000000000000070582644080555  0.000000000000134292344971966 -0.000000000000162755594465684 -0.707089333199909074977040913  0.000000000000057219384726644  0.445714187687967297298117370 -0.119704567486060737336098486  0.041966558795091352756335490 -0.031721712171249285225642280  0.452620331995494286651728760 -0.204802058584752868212628882 -0.042001208517854306595724380  0.004910096622502214491504612 -0.188864068867782611426298263  0.707089333200429714714960183 
 10 -0.059744847702550196597910031 -0.000421968213012212401862900 -0.014432252239343344827086565 -0.000794765212295229441039678 -0.060201466021048198758012669  0.003045718508319175547624283  0.562503604433151549284175541  0.217735833764480337518330659 -0.133400877532860022620900438  0.574831812436187634019098269 -0.176104698289570444646209672 -0.289571113404230516021053976 -0.245448345993431851072758866  0.145625656759828187223585090 -0.067012447405462140767368109  0.282373282347531742231868529  0.701144622329719862925765522 
 11 -0.007081090319758611905985666  0.570336003074709013195044138  0.075937194764407613103084863  0.039063904483953117413569779 -0.005391429956376183718106488  0.000884722672512170067829449  0.002902884168766472369629686 -0.099723856841740530850709025 -0.291607092778568394712173165 -0.185763743784755335351657583 -0.094159469242791927139730676 -0.223161141821014173667095913 -0.386845710374839343311621429 -0.001149769136240957033332736  0.545032578472349263354595345 -0.180194139283220653742620052  0.701597229440483158269779851 
 12 -0.000979854096576253663319992 -0.000183425289716823162974492 -0.000993203857418335372784340 -0.703229809602754083114935918  0.000169841051685592752852981  0.000015237455763215545674133 -0.001350485749515226227156130 -0.300109667403873013933170502  0.108519346902863410624323712 -0.017470187875748445938483915  0.063134048264219129056949286  0.304363123284286073589460786 -0.315185874207244833179611745  0.414045325717021098693498490  0.022818661938054757749871643  0.188141850610978649688004999  0.706921857103429498905399625 
 13  0.000000000000435727861678903  0.000000000000617644720434609 -0.000000000000843080531470787  0.000000000001457493858232081  0.000000000001137511566038390 -0.707089333193935383817252394 -0.000000000000548265951472281 -0.446960771161886306966463944  0.120547603382661340595154772 -0.036641364351762880814932519  0.024702846937223425091297003 -0.454300759293696097108157181  0.202384839579506187458800802  0.043002384314142852542737008 -0.005186285147478627348649845  0.185852880578371338433831678  0.707089333198975134335204085 
 14  0.002231003713934792198205046  0.000918137254707468431592952  0.002419264093165616588990504  0.000267802214653014399494210 -0.700492991269811970196559198 -0.000137124357236376604701906  0.000451091414740523238573492 -0.030437059750004920526502469 -0.028358010614423775666470182 -0.229493342435604665339012390  0.117792441100377496225734206 -0.191415173254698822602362478 -0.359979601489882485509334137 -0.061145065960962002982030140 -0.484141902932908177334620295 -0.191487790478283466104217174  0.706917414318249806689988674 
 15 -0.002631405261956271773454718 -0.000087111240332149398112093  0.013325733256338420661066279  0.002924969759344391774924640  0.096393980409592977615855329  0.001237109720985236593466994  0.588691698529263560026991015 -0.040874019631682818914008778  0.576832325492288239667058175 -0.201400189100811637923828940 -0.116280270642019375719618778  0.012904683153536839003268041  0.021222085171128274239322250  0.064049713471097730467344877  0.064526324904119225987200650 -0.496571663321971147202248467  0.705292008177812952186315487 

 0.707089333200429714714960183 

