
  0  0.000000321571956919480113339 -0.000000125479260285060949397 -0.707107326571929753835938498 -0.169883623195284537863380091  0.000000250828348317007182256  0.202410251509561394425403338 -0.150426541214040172765305063 -0.078202979296759199143791903 -0.633581110110999253220553235  0.876991647646779833285418659 
  1  0.000000000000063375256538038 -0.000000000000100502157469407  0.000000000000075391425326895  0.876991878316474025520117080 -0.000000000000302541831150960 -0.162572002665683324029830166 -0.400712915218558872882921931 -0.109820633030683771218542419 -0.178393322335775207719121144  0.876991878317015882335610372 
  2  0.000000183181015740270390718 -0.707106389974508367719015917 -0.000000238460646226365493138  0.169884628981668393176091350  0.000000000613150105828337366  0.175418350834368626464947367  0.450091013531710541285043442 -0.486276525661567296190566576 -0.036350906618017823032255409  0.876991441210988832406867527 
  3 -0.707106844060722878882001285 -0.000000097164581228633020513  0.000000008227512923741825232 -0.169884272935221600588952262  0.000000488490080082144081892  0.173753459228375230558169204 -0.440968358495529171351377806 -0.424119785378975830734222738  0.258105200942427319248106965  0.876991710878118715271657690 
  4  0.000000073349491615788415438  0.000000007122948669480600283  0.000000272206534317225133589  0.169884274963232405382808181 -0.707106793224712558800556378  0.620365791400114021368356748 -0.007187930947732435023014619  0.267416533328720848656807202  0.121335618460742483169854770  0.876991420866919607862537134 
  5 -0.000000599188789275499040373  0.000000375936986588068796530 -0.707106235800574874691276639  0.169883913211294883526545144 -0.000000713577591423614511201 -0.202410612451986022362220886  0.150426791145673286766420301  0.078203443198076603758226843  0.633582017790390401184609515  0.876991837715237038965686300 
  6  0.000000014713613289938782108  0.000000107766029136968989714  0.000000190541751346379326119 -0.169884740430798128273765998 -0.707106769147564501816396326 -0.620365245948133995084090853  0.007187135754079745866128049 -0.267417367754577819233523933 -0.121336103930287838173018942  0.876991822599756439037335665 
  7 -0.707106718312008462499432954 -0.000000016609603502991806333  0.000000269388604082846669533  0.169884156704613020969483507 -0.000000576552550449594566215 -0.173753112453796642019655284  0.440968401219304220099801800  0.424119607440591196419275161 -0.258106074786175749424680173  0.876991737567379492661236856 
  8  0.000000069407056744637074321  0.707107172398243986693143481  0.000000011996794308062059923  0.169884325362213121403138355  0.000000115502539425979672480  0.175418408354084882176389219  0.450090357571932959263039109 -0.486276053299484485565413669 -0.036351269000316300880880924  0.876991694666847545894857591 

 0.876991878317015882335610372 

