
  0 -0.000000000000100720559726305  0.000000000003503773630640953  0.000000000001553129422578565 -0.447213595495932881375466053  0.275494316965446214612225212 -0.036100745673912394979984848  0.130675894527060689417094323  0.063957881064461299887346016  0.207007421612751534538551454 -0.213909596119014623120360881 -0.321987228246846778561369648 -0.419911005205585200438216792 -0.194352338996048569578481077 -0.292561689560061429676070949  0.002438163791069743782517662 -0.307906844140960156376227164 -0.040976619404104871128419457  0.289027444384319727086439522  0.169088318558967302726440442  0.032215719172573979511782537  0.447213595501090493261869135 
  1 -0.000000000000252834616501670 -0.447213595502805723650146391  0.000000000003965330135650246  0.000000000000167817589175787  0.306968763227853098647483765  0.158901885062023586636268876 -0.275400175922404510345676415  0.116263947526441087718237707 -0.052620782521744823267409105  0.128940158875517433306376845  0.066759249098926999539714913 -0.350627619848137131886717244  0.333390469546536665477499961  0.108659606591748669350604509 -0.121376318371967656738034686  0.338088722080755893533354425  0.048344879142835828341948079  0.316100089461293649276563827 -0.196638455819452644547217640  0.226828755482332310462593485  0.447213595507191687600028959 
  2  0.447213595492291913070619092 -0.000000000003154823389713294 -0.000000000005195025822439745 -0.000000000005256930806954133 -0.248982131389772119817670702 -0.232318601270595327069000934  0.040838557465391361079454094 -0.380219143532984163241176395  0.173913267460281865850100190 -0.258627882243642211434466946  0.326039715674495480672622286 -0.367207440110008862264910981  0.299010934075972291965386796  0.218885985821436365129032640 -0.129221483222324104840833883 -0.132200764935354704443927314 -0.114062567482354165602663129 -0.017026519884469794321348707  0.121277510207783920016149422  0.004681976998329003970083747  0.447213595505898673239083066 
  3  0.000000000000371364363773302 -0.000000000000630718027546279 -0.000000000000499318114769801  0.447213595504277578623116701 -0.023157572112308249840680443 -0.240312085684866760226774916 -0.148049050367356216413995511  0.096085297303071043236713175 -0.082844976518185317586751969 -0.069569074957795298672818055 -0.367430804985758050531510430 -0.182856673233952639538008565  0.008595529303709697208935329  0.356846762956788290352709223  0.294267754546342800270981518 -0.219397187802735822674126027  0.364971835342340509899606085  0.248319432747660482000535108  0.045362329957680924893157013 -0.267116008387984834492523065  0.447213595505778983959978973 
  4 -0.000000000001886071750587623 -0.000000000006153095981080146 -0.447213595498429950658584101 -0.000000000000547931810260337 -0.257854980567528576800061593 -0.388013444952487398701508267 -0.075640525627229119988242066 -0.188747136169707638642177409 -0.048433486376547473844708918  0.093969609511244049770820920 -0.290259362857494921484691544  0.262879574688448518351513786  0.219744716664016392904373171 -0.322014471393989594813359392 -0.240762639009741049895153148 -0.019148465876905096450438576  0.060904619993938574161321860  0.304621062005087469626903734 -0.139457149265643080791594703  0.225413205831361198992366865  0.447213595507017027292110886 
  5 -0.000000000002761867149310182 -0.000000000000060964190931417 -0.447213595500191046132679173  0.000000000002107395711449814 -0.112872861056653335557430334  0.460921720641608218606592381 -0.236948337573174198957535498  0.051097596983206868456717752 -0.139664336786822233489949174 -0.378914261746688576707299892  0.173919562621715862818527233 -0.086501946374411692516350706  0.050100565330028624479229236 -0.169932573404389844349193436  0.164212615180067475275662268 -0.311767113148776629506482919  0.281610244685656963269408323 -0.182016224726123929328683304 -0.192350615104006741033640729  0.101281798883578196777141903  0.447213595505121246098407389 
  6 -0.000000000000226362476660411  0.447213595501096648928123639  0.000000000003500089602543265  0.000000000001593411490243105  0.249236321781242144187264002  0.039009196974425014943824684 -0.267239034040400123625564818  0.071976869275342648707601001  0.492412860254408581519615373 -0.016830407974842219247338685  0.020721472948753822039639214  0.065827849944390114686563337  0.341086646312164307566971652 -0.163280961831380598534338953 -0.173109079433451723258139549  0.132761434415485004567072068  0.173507798069861893385684194 -0.032645039070996862588054568 -0.107409759540362371990824576 -0.423019099962279519668972155  0.447213595506416491503478769 
  7 -0.447213595504044970473794818  0.000000000000727124443107648  0.000000000001918034258810264 -0.000000000000429772478118008 -0.285020221066183072509622742  0.111100300736057341567566536 -0.071770691319369559327322281 -0.090627530991112256637538391  0.000164761927988378057834750  0.559002190304532935909501146  0.155639847665566232392479057 -0.352226191157092463846151401  0.052366150905748441473275181 -0.061413162473923974275026886 -0.238859020865312770201126409 -0.326337738562993817182170120  0.090396946417130459907327607 -0.036354630019636534580954653  0.180664866612470466643346548 -0.141733851290171425189867715  0.447213595507119922902979428 
  8 -0.000000000004066554551939652 -0.000000000001545701360434101  0.000000000000896549498365267 -0.447213595496366750163801801  0.112385661168735227423323263 -0.047338019197826987873907326  0.160954852042007535967539991  0.168831693008964448305298141 -0.223276807708237086979902349 -0.068030472841800650902479523 -0.044892606968666152389348546  0.221980460727433722071372767  0.166519848481565283025533641  0.463566502358456300090724933 -0.428094945009812002690045493 -0.173115109842008024957737793  0.394837214137685705786376747 -0.104444035921547034100292754  0.047761895313862391824262944 -0.001885403722483072905830855  0.447213595502875550200287333 
  9 -0.447213595496706460167635547 -0.000000000006907154573277095 -0.000000000000374705187441494  0.000000000002691968248968802  0.094286625484310026767639269  0.040645340027038936286105705  0.236637551407928223740377224 -0.034966943991468573739602290 -0.057161642141117447679058306 -0.188017302990543220622969740 -0.087213827894429897936816320  0.092141441667281217600129432  0.547201548894711515018049464  0.139404013488780937303685749  0.207631940366441757075369363 -0.239950225146298153175872941 -0.476084890610065871406880039  0.037802789513168426919966381 -0.154848654347069937490676168 -0.076873838630476429284585013  0.447213595506680301039760875 
 10 -0.000000000001886672724059057  0.000000000004131936917302096 -0.447213595500429120016203099 -0.000000000000394116256160838  0.300905304318519503051915231 -0.258579779879238027650700110 -0.327825055759958235200926535  0.135167492717300441869244729 -0.330526479975560119758080935 -0.021394852576654416202291890  0.084479045114791224240760516 -0.068373101659290857798454040 -0.071515858915803929375448397  0.026185772429270758413779544 -0.093906599163937138579456246  0.056342925004302994640892257 -0.360196158285799092617536499 -0.194327058875821682482672864  0.384782665103236997387230536 -0.248959290417021090292349142  0.447213595506841832228576289 
 11  0.000000000001005681529688850  0.447213595497423417666864320 -0.000000000007457047590348245 -0.000000000000088770699199077  0.135786098311935153880878127 -0.062445618350127774108982055 -0.073425504299575378303868625 -0.018762356240381880545859045 -0.005449165835384981919880924  0.195370363494765033127035028 -0.233012228760219815827084595 -0.201885007570641315344066313  0.211371426075426815650816145  0.095355359198274860149440943  0.224980128953805197237255514  0.064229523657794963073140119  0.068005972269820314971651085 -0.357426255984061885996204075  0.171490889222078076730587139  0.606933556453540605437214223  0.447213595505974899400967321 
 12 -0.000000000000904749622776074 -0.000000000000620912871422036 -0.447213595499411093370147746 -0.000000000003849021156534897 -0.030149127308236975118205226  0.151214255632760372744481658  0.530811893235658320252048914  0.105543761667969160626017518  0.147808703493662868460136774  0.108322822466877594417848565  0.156565111560903810837119127 -0.000040787043405157003329071  0.142821158339367293031631906  0.033051708938486953524241857  0.252177851108449870086002792  0.311976254331746183059070540  0.200944123043807671455222852  0.199178268618120727891443456  0.395037740287133960255397738 -0.081927741060494374164037152  0.447213595504785770988259372 
 13 -0.447213595502292150199886295 -0.000000000000934571290575102  0.000000000001660004877682920  0.000000000000209349404477157  0.041238673135171877685037313 -0.055266113393267153242505337 -0.316301256532724041321087347 -0.189716059442603370227900528  0.330810317275550988330105190 -0.273138010241174287063160159  0.248690816130434100498093446  0.244300895436460816268777439 -0.207003964729424541117383009  0.250406226086861869974597647  0.002273609240901834842989791  0.010298680529159933141002646  0.055185871996616969688737074  0.254758217876843291250024692  0.302146084766077734713642794  0.297878891630390260473765923  0.447213595505096097188759904 
 14 -0.447213595504454197515154315  0.000000000000934788068896724 -0.000000000001554995498805465  0.000000000000032343413752523 -0.099487208939387501172317476 -0.328798128634616674745554804  0.192272953911809457337115520 -0.064908609091959542565530329 -0.099900169596249511875813570 -0.356474759312578085848014636  0.008922879760552273392967642 -0.351423586046994140819066388 -0.093552800996359244896415433 -0.109511091283874327631303255 -0.100268011956215950842305571  0.423788518245486341850690112  0.216439504702820554883071699 -0.273232897255983746401036480 -0.206684786826733743006511736 -0.074589224708314566082234618  0.447213595506976346915292003 
 15  0.000000000000595996960280473 -0.000000000002452639710494143 -0.447213595501328507026382597 -0.000000000002274878418609700  0.099971664620233464990486146  0.034457248563388304873564023  0.109602025719889283271706992 -0.103061715198033834025236836  0.370815599644613449369567534  0.198016682349225858506555978 -0.124704356437373255908434254 -0.107963739605371569118185890 -0.341150581418837455627930330  0.432709563424672375027933702 -0.081721228119864972086721765 -0.037403600308502833260773657 -0.183262829432957458013577802 -0.127456047005901907645444154 -0.448012641024687140710053984  0.004192026751886675937900273  0.447213595506652013120878555 
 16 -0.000000000005675656284630915  0.447213595494133965866723548  0.000000000003311530732556247  0.000000000001095357903988516  0.250302017001925630599505970  0.221414678854901921019478726  0.074631710122310710425329750 -0.537550899188989016327325926 -0.448087835262531738214327251  0.027845958501410551352560374  0.076081941520057836852227329 -0.063388115098688674484627651 -0.132679010863628441414243872  0.056952407040972521949293277 -0.052247689711084069571388677  0.096603789950396417159040816  0.032713851007479411047069486  0.358425131786378822117350787 -0.108368212652412742532683203 -0.090758514007213009464915526  0.447213595504216520205680030 
 17 -0.000000000000424934049007242  0.000000000000220286119096759  0.000000000000337563000522081 -0.447213595505482573440152183 -0.467063657181038227616566572  0.247239020425285066512180801 -0.312543985086028657985985843 -0.130082437153076622564406087 -0.018927766616669907237381176 -0.035523477167096047925023321 -0.381969260475005570185840290 -0.027456572283992431137352743  0.036256289597839483053670975  0.198731073614145055394875072  0.176442201382666400053781004  0.336698578584374763768673547 -0.127765599711672698041088798  0.004264881238790600016736246  0.102918441573250931173446124 -0.213550654541092053032382871  0.447213595506465347171254007 
 18 -0.000000000002797245861574303 -0.000000000000498485594722688  0.000000000001671991873334865 -0.447213595497729916769221251  0.056026106948484552184366067 -0.404112341241524583259530148 -0.127135811851967011945597173 -0.006621839609799419352535407 -0.047647823811807098249481362  0.247894471166081372233641958  0.381418290700845625835081060  0.042530443530186845937300340  0.000171730220735422507611509 -0.012889123458668069845798232  0.543482334383960147673828939 -0.075073812417676127354204067  0.138876840328996285103368806  0.059471143049795065010313527 -0.274406325494009650876187090 -0.083895669298013258723015033  0.447213595502697655473343247 
 19 -0.000000000001618512611606847 -0.447213595504329964859741367  0.000000000000544918452745185  0.000000000000121590274621958  0.328355673865580113016072669  0.039076372417251110743152860  0.009367347699539016305441764 -0.600600333660729549694386881  0.091496641681500338123995963  0.077445755143876168107627128 -0.202968063386840141159228254  0.151182347117934005368785656  0.086388591961507283251706438 -0.119632802191660067869544582  0.120999678179979137933417344 -0.044493974055765685941544714  0.225882742204185376025545560 -0.347746252736266683224181442  0.152351372858311505747671601 -0.133672813006311992284672573  0.447213595506615007294957606 

 0.447213595507191687600028959 

