
  0 -0.000000165260870345367057545  0.000000139457057407833645536  0.000000009742041549991601648  0.141421092631999009434974092 -0.000000050904203925749735187  0.000000342978399729153917317  0.000000094559839484821015585  0.707106811127812571050443163 -0.321011110490737062972931015  0.483150549595154348123289545  0.042004368871290632852827547 -0.196958970520842659003113266  0.118648462868283694011321654  0.235181409898178860873037103 -0.183227970591414417183715943  0.848528706662224045426286267 
  1 -0.000000096574114696243240220 -0.000000047678797775328775096  0.000000475843822203304605859  0.141420935399731526703058677  0.000000578146602286538603296  0.000000307993028566228832808  0.707106233895121330718970543 -0.000000306448179555436045480 -0.119757966158090970182489247 -0.117394795463292426984604124 -0.369787056666506305975267860 -0.160826719414509185067255551  0.333372960906016219947501159  0.078869394245517333577263647  0.414622444144984635453453359  0.848528981979397889682734113 
  2  0.000000085065229359049124386 -0.707106776331447328426838689 -0.000000763320635023120498169  0.141421098325482848349085932 -0.000000016644961406979348740 -0.000000127521022744048037449  0.000000001374614264973957705  0.000000271270516259682268396 -0.292334989295513949147855420  0.153141679279560964760625690 -0.044947678460802894041847041  0.138680964109240118653640014 -0.454883661642628937761458768 -0.190710313713089491777599206  0.326413368175501688499360459  0.848529139853909277770548092 
  3 -0.000000136232099261872030426 -0.000000030191549961564876552  0.707107372506538183983861023  0.141420579096344090617477784 -0.000000317580206920638866360 -0.000000045458811164486179681  0.000000243493642956061197459  0.000000018478357964460574072 -0.115131782694599585688689358 -0.227422706290880485127995324 -0.240567812671395195325504436 -0.408177606410111734641004214 -0.194413568893376724643269095 -0.224830530330541384905016639 -0.319680676339543560923956225  0.848528743037550531270671317 
  4  0.000000167002573432270231399  0.000000146535705134741681034  0.000000140339322144190482611  0.141420912059621472003922982 -0.000000184837894675207671319  0.000000031884517117866962259 -0.707107328476825496390342080  0.000000155267260102226450201 -0.119757853822674503471246241 -0.117395125746681675276035517 -0.369786895152521048583688784 -0.160826775961365754535913920  0.333371875069065868874961661  0.078869200459323394196604635  0.414621556343063549541572491  0.848529066403719538105952097 
  5  0.000000000000068781552001024  0.000000000000045940431984340 -0.000000000000019448735956973 -0.848529149868906863729296070 -0.000000000000039031716452443  0.000000000000042996430076851 -0.000000000000025237738679989  0.000000000000026349447852272 -0.456900959544799882029730842 -0.052788454557547148069822406 -0.248128883836653705061538536  0.044485784188154474426760143 -0.007672998734983194695101260  0.032529214282929580074373976 -0.061556651751916025773790153  0.848529149869174603986344413 
  6  0.707106591040431608835223343  0.000000136137658185231258170  0.000000071132283502011501276  0.141421518512113038044454051  0.000000193436734293208290725  0.000000038333745515765384526  0.000000325565218455619666131  0.000000265830677515584088155 -0.020729581819706003450448227 -0.177947864355559135264030733 -0.252744453660300140462099255  0.250645533764838997176993898 -0.219536775525490162209313327  0.500081149874647678860075523 -0.151408620286826399477914627  0.848529139988862118936050610 
  7 -0.000000001270210870723832052  0.000000484729566598919143049  0.000000000850615811411842384  0.141420480066582298655131385 -0.707106924361175426501768121 -0.000000494290378675445227878  0.000000370130596009695915343 -0.000000072532836805445421465 -0.413986002488898651341560353 -0.367882638971775801630878511  0.376688110047308224792106737  0.088329860585582292628874668  0.150493029518756536863036827  0.016287373335722051252461321 -0.025854826203756736150102345  0.848528828231962474828737469 
  8 -0.000000010455438255992536586 -0.000000506657304768682560010  0.707106189865291385305244576 -0.141420789675930638073933845 -0.000000093595446292166867206  0.000000029303355050497230749 -0.000000578998078583024450230  0.000000027127002730125940516  0.115131913048247701201163857  0.227423603717393426766591423  0.240568166114415647640744494  0.408178728472612083470923150  0.194412945666278518235675632  0.224830439593789944456516013  0.319681257873090378883972063  0.848528225677847706661174887 
  9 -0.000000103324523835631459187 -0.000000218720502869941165360  0.000000122912450574006446174 -0.141420721628287141639619511  0.000000303441368728613865506  0.707106903783896638155271469 -0.000000071149897701005069693 -0.000000271507037603460539894  0.087758150104927080877590187 -0.095988824868014045016938185  0.255034116675454830948464174 -0.421764286494700179301750240 -0.243301678868982150042159403  0.317292850528503087161697957  0.245533469689732180511049231  0.848528716467965079520065913 
 10 -0.000000154326166650091740343 -0.707106786041173502937659534  0.000000226472063567585261401 -0.141420756934934170571276958 -0.000000594828229595345180430 -0.000000122687149960052178399 -0.000000195588382951024691200 -0.000000227526819736993977277  0.292334541359598068364531939 -0.153141932926245376183943710  0.044947479113367394350686719 -0.138681047775276873365688131  0.454883645039002727891892797  0.190710414613700858377644091 -0.326413733309171176386271132  0.848529064404920123712312147 
 11  0.000000135845258299792135398 -0.000000031487328475322169319 -0.000000106757334572229728558  0.141420728068556634350128390 -0.000000898532705377855794308  0.707106658588809469667430668 -0.000000204958177938236569603 -0.000000177437390772095901608 -0.087758256719491862255172823  0.095988552394902625326605309 -0.255033818544093549853489511  0.421764544307433547843050672  0.243301657208668215429743682 -0.317293170522651557231797945 -0.245533715283387910996697884  0.848528941675561563867061926 
 12 -0.707106971332503030970313002  0.000000205398574080021017730 -0.000000075555629082889501987  0.141421478840913840364706608  0.000000092852757828056309566  0.000000070854296524583580259  0.000000061988366870842556960  0.000000073460350661984022001 -0.020729567679871789882234769 -0.177947696323319235994059838 -0.252744476392495178021036298  0.250645670756020873362916387 -0.219536706506618998176248551  0.500080708561856421658694399 -0.151408373669451733618514580  0.848529030283391874503809427 
 13 -0.000000027109517951956267593 -0.000000095713516534877699533 -0.000000055346871390891634983 -0.141421250175388661454180771 -0.000000049668248338086268800  0.000000105966094433796211612  0.000000367155293051768407573  0.707106751244975870163665677  0.321011312450513209193394409 -0.483150676953240022781788099 -0.042004243820747294576949636  0.196958679178299518705737292 -0.118648000698166648584610996 -0.235181477892378655193271648  0.183227944279634082165217866  0.848528702379906281795356182 
 14 -0.000000101853995844517073010 -0.000000126743566272496455392  0.000000412026158971279568114  0.141420571218282098413781406  0.707106638010630073553318409  0.000000100800316012769443379 -0.000000392854027432347139760  0.000000028039533196370960042 -0.413986042303665057340983369 -0.367882683854309632844048483  0.376688097709138424253917654  0.088330358231384379802148422  0.150493718064792178075949301  0.016286679374567133984436562 -0.025855791848365285803912979  0.848528371546509956816883163 

 0.848529149869174603986344413 

