
  0  0.049435501444379190739443746 -0.006584392596434645237136687  0.001199027811611078225089782  0.014400857727047982482388724  0.014791898315508482884501407  0.008920019778391975824981676 -0.132571609942282915098354414 -0.000851586732095327295668850  0.004076735060536263575635375  0.005039807127381580070202104 -0.006101459096592530747190405 -0.029884813231842784134585731 -0.005139987846623922117006059  0.000338912993951470022726356 -0.711103000618417528568959013  0.182884730800921769608836757 -0.609454509237118051282258713 -0.063010202280417106139543890  0.187281202579142153042627422  0.169814933068630157851175259  0.990439610323097741008315648 
  1  0.002754441100896542308043127  0.001050804547354591610317780  0.017271885515336200039987198  0.001851531078593992779718222 -0.000934228161061345413012142 -0.000737927916611838949291410  0.000616040451898985921464307 -0.966582138046916338922857209  0.000027018858851596724158094  0.000251387304888779711695941 -0.001953859194967622283928553  0.000518279762057747807769778 -0.000485175463858990223310520 -0.002522911692327227322800982 -0.001711547391696943910186105 -0.040417787036712685580877071  0.036237854414425347727995866 -0.194794804062571824134451892 -0.052984262438347062046015666  0.147288590578465106595978940  0.999269176487318690302753127 
  2 -0.000000000000135772853008000 -0.000000000000156739729741009 -0.000000000000001018287885116  0.000000000000044560868702983  0.000000000000025701896314347  0.000000000000054278727208660 -0.000000000000072206512099433 -0.000000000000093055803100300  0.000000000000019437301704673 -0.999965679008905273302681982  0.000000000000059669685872445  0.000000000000198473185164154  0.000000000000012622047828524 -0.000000000000057788023287033  0.000000000000007431524350390  0.001737214934902118384064281 -0.005164586007180013346142195 -0.001950155060172819250912952  0.005245781068260190605827368  0.002761994954475315844109881  0.999965679009844073501286216 
  3 -0.015304118090875245271239831 -0.002422729875476743841524103 -0.045982715506967418604217712 -0.005590225515260553588092404  0.000030996197343011377742802  0.006034043718267719438547392 -0.001139902624143603202423798 -0.178445587113755067289449369  0.008528279359781516742881121 -0.000922473502688274847052787  0.004769480899942877625131803 -0.001102558939267426709778249 -0.714010888812065966477389545 -0.008210518213060362617161279 -0.007221500234082760967666334  0.064326660712045233143072977 -0.094884908615153313681098071  0.535434685938845943153647361  0.108376309285024263715803937 -0.379642286146332152854763337  0.999716018602978573912107990 
  4 -0.000157687923677774126249180 -0.000364114162572930935891418  0.997644477972246951304104851  0.000496196757016168274105883  0.000168063694632901167456751 -0.000066433434727505469488643 -0.000001216363868791209313383 -0.000225298914172397116703504 -0.000221627273392062581023143 -0.000081955736803109409384091 -0.000143730773812591006634533  0.000040490507483701266145147 -0.000085551752338446744972326 -0.000205503865329176883318594  0.000048223247635835313438644  0.015354966996419124697892107 -0.005169454339579568570672532  0.053604038916399936137268788  0.013699180323538562869224657 -0.037166109382357571666317519  0.999950572379710370606812481 
  5 -0.009938588419225827574456718 -0.029421026465059064454167460 -0.001405710629756324797769226  0.150684277228036156174250347 -0.003479238403204048483534507 -0.735204021864760623829800762  0.016250478539780598245744164  0.004263829966508134270552496  0.011595554232113829904548652 -0.001724343438763961293551045 -0.022809532690974151188432030 -0.000403741397101564057320168 -0.004143783507025620032876293  0.003997617178324755500558156  0.000131975260822191602112870  0.265496135730430286750296254 -0.040742806112109110201849891  0.239340064087107491104912740 -0.496023470686327734596341929  0.243611210036084650988217823  0.995453719221456856001625790 
  6  0.980575408763845752363724068 -0.000015857186969407171721453 -0.000680558376893215116980431 -0.000392275808214824994905435 -0.011806076187712018968803515  0.000572319463943240705577391 -0.000100416187537206176948121  0.000155041983787894010515494 -0.000734561950420058098564574 -0.000400696060065447189247232  0.001270369135063847534644728  0.000315787103874425878700510 -0.001081789581343216316339819  0.000282959899299735099457299  0.001529685313817811448369770 -0.110820583274224558601415980  0.063333305369715420555468827  0.114196189532998526963182562  0.015902503623011135057955688  0.093485468328443975751147494  0.999913803002788094040614170 
  7  0.000092361196307196958488346  0.000027048171821360739675067  0.000071800606507997699215808  0.000365989178629031183038905  0.998178762905083153138176971 -0.000157602985358784445709403  0.000134540565752337647935649  0.000056064863284020722351474  0.000014087797792131726053073 -0.000130454844600022256617108 -0.000313711320294358874940608  0.000069641747326324685696637 -0.000094175169441279152556913  0.000093817769315125236706579 -0.000062324793865794677440448 -0.038224205578626702396456520  0.018635628622084229312168887  0.029527047224946999308777722  0.000818959460162580558166123  0.030950396460313168235022009  0.999862383915378882793222048 
  8 -0.000686602049999962161027313  0.000581641485709383391650077 -0.000362987394047330150463057  0.001309471131529392631114388 -0.000149804885102896549173836  0.000053141794352052767097857 -0.979428346808681286124638465  0.000254053734584631894219827 -0.000341607030887835200710179 -0.001506047790384480279625765  0.000495478258157668652759329  0.009201755697973247284211448  0.001246651092335087178098835 -0.002687216129633965028997326  0.001170804577548076205399839 -0.000685146181652775887935326  0.162768396230424285396924319 -0.009249066281789185692616259 -0.088658240895377217303955156 -0.078613418560953095875413858  0.999475609860927303432134167 
  9 -0.002719575117961945311676397  0.019063119610432624264224335  0.007140597611836216877489168 -0.003136207965951734923662963 -0.004239202466525676603152222 -0.023381598723629967827099848 -0.001113651753687138449451205  0.009797776336589660689536648  0.183477976839461036890981636 -0.001647127655934791567849773  0.639699491820890818287448365 -0.001547471758031427451970094  0.006458870008552251447048512 -0.022987928761130126446653567 -0.002910216937889559825811781 -0.508236777804674275918657422 -0.323426918197657815010927218 -0.068468746920256508813886712 -0.376565925976434687168269491 -0.214577874948710289824938512  0.929320813368504972324171676 
 10  0.000054019434682106437664926 -0.000054014494338049298271157  0.000049069862314876401979187 -0.000045624634694455087093707 -0.000033771029276183903134094  0.000068975116214320245564984 -0.000016217734371053587715555 -0.000014628423402937864154922  0.000015523941848707941531144 -0.000325993589239226750767567  0.000143528780775997963783305 -0.998941731320749263926296602  0.000150604142678009294767559 -0.000008691292952434662816574 -0.000039900139700853395793843 -0.002281966410792959247299448  0.039140269300278229666682729 -0.004585760712664772384574943 -0.014933300084617408263386535 -0.018276995346741020460250380  0.999962293937238472761337010 
 11 -0.014569442503967035486892566 -0.003151311553868642361610179 -0.046897855209345606385443715 -0.004150139053096464939779278  0.000088489868441121760803568  0.006878175222724484482014675 -0.000663881292680894654536841 -0.182783739752081422414082580  0.005887506609837658621208026 -0.000876874040372076765372517  0.010486754947102060625935521 -0.001228181301480213590317620  0.699963286755445285606744288 -0.006430505271061461385616895 -0.011383110716555546851006941  0.079619416590823378771500131 -0.095732941038617426131546260  0.552452796980550226075591669  0.114608108449161357440880364 -0.374157606225289201439454176  0.995439254098059972451859739 
 12 -0.002129766768190262085159900  0.004870340663990422676494791  0.001179330998776935402628143  0.002524763699434524243701711 -0.001560993361733809466305831  0.007276436969470622365123598 -0.000135042008992889720475096  0.000467710866319727348743799 -0.970430904844227984278569321 -0.000592429762252051953738317 -0.000418591419249934671711504 -0.000719546148747682798056118  0.000640593021196778019554638  0.001870065971590083805679299 -0.001963771367193685104960213 -0.151583625337959386654429483 -0.109746264455000940138320459 -0.002480037530043424116487554 -0.137826688130696118508400176 -0.064336808266370481074127204  0.996780287871367413909690774 
 13  0.000040272985746557249845319 -0.017335172990177461908493190 -0.004794627380459933011850313  0.012430962596132587208346888  0.003670744303874028474741765  0.009140038968008183949853123 -0.000623387353118606804282706 -0.006662699173398415532705742 -0.152691440326994402746415419  0.001413386048078336677298136  0.767800305772732219673250287  0.000796183536164241796990463 -0.010758719530645963058204694 -0.002629530102431836582764946  0.005090634305308356226324733  0.433820477172713995611371199  0.257777346095375337189448475  0.058916203578134721750961299  0.292984308988353859707970059  0.206001677173922246772449877  0.995878105373271094386336544 
 14 -0.128243504985130947181341983  0.000090428557882541492325249  0.002375482808143412890817004 -0.010499761568374317143290716 -0.038590563226446197593583589  0.003262210791057977739875248 -0.050457786889119176058514284  0.005453969910502743452618231  0.005957890046106899803223721  0.000622507731600478087158948  0.008051108286709982095268154 -0.010087254730134890373086012 -0.003027804814060618328445623  0.711421206228093999668089104 -0.001898408844455587212572682 -0.383992606622581408675181497  0.024682682787953458235704891  0.330289448283167299744156331  0.164037465467313551279252004  0.434704235037217200679450155  0.980039889417819797749580057 
 15 -0.000070589050584264305143524 -0.010169375830983120808604313  0.000634956298767996343188149 -0.974557006783307550631771654  0.000367672322944443704235548  0.000345279703209799776630767  0.001911266383431546077442003  0.001500705981370212357363677  0.001954006887861823763139683 -0.000450605610677533833509180  0.001764624504313509759671609 -0.000573966399990596403573630 -0.000533227358369792840652715 -0.001616538651051025727837378 -0.000557128436915014697640090  0.103201161304506707694285828 -0.025835745745727187261948205  0.065809309157503395333165680 -0.165422452451950087806697987  0.084288586818408334908254466  0.997006950203778268969519172 
 16 -0.009952621300906552545266384 -0.031041981503879237701550259 -0.000288199223753799991469321  0.163769626255691817516579357 -0.003282241925210846431199967  0.677149702099269789473678927  0.020860124879551851345999979  0.007299629709833642586210879  0.031203773775391400958825056 -0.002022826484046163855948642 -0.012901791522737157453454076  0.000329843435644889985647111 -0.004779798163145470793850093  0.009383482248999100816156554  0.006657450493599239346969291  0.268607076170084857556340924 -0.045856448841959168642831886  0.241173057411930870147422773 -0.562341667398823778225517428  0.251278979653570452661420082  0.980923093021661018909001378 
 17 -0.000084645609330172902258856  0.998638250087520847010288949 -0.000172652474994432840759101  0.000007192431423801134951903  0.000087993920683419605926366  0.000082585203091567877202305 -0.000028036745944908760641197  0.000024209401248838305830158 -0.000004320826856937266405899  0.000002060857248448589229732  0.000000156042397276272544849 -0.000424252535948090728404919 -0.000154422476562800713450659  0.000087433055579494610932067  0.000064994016765636639965332  0.037696636244334430414855593 -0.000299852475193459415182066  0.020341711375567654100559515 -0.017504731372160802938963038  0.024084219632069324249317691  0.999863205685596655300159674 
 18 -0.046755080295448887519249234  0.006321202114371026721689365 -0.000044514073677573702752346 -0.011952545857871843577772497 -0.014816262904732724475583721 -0.002817307473928320905312632  0.133017039690334624142220403  0.007927476669854295007122344 -0.003177755242919865358873553 -0.005083513396271293295227393  0.008784676072839339482544103  0.030418664749582993609241426  0.001062136715825972658127797  0.000645842375159975728063384 -0.702887684932064203159607363 -0.176538146840173066072867715  0.622316155726035658164990022  0.050907628131587978230688423 -0.194690556787902755334182699 -0.160053552446769880072095782  0.975711702564882951617831336 
 19  0.129349176561245038515838429  0.000835172232320871406333252 -0.002795366876794430381329178  0.005197422393275115931616907  0.038915086248449810561625233 -0.008788699778681917467255600  0.046890178838980605623257313 -0.012588267512021534074882420  0.001658087153612217208996850 -0.000663188599128128137724333  0.016108235781928843126825949  0.010157201257137642345773209  0.001389593903173415233388931  0.702218873279420227725890896  0.002560026365903882253574771  0.371009038566166781997115315 -0.035091349488933919365137287 -0.330534734485521945556276216 -0.165217748231311292205002010 -0.458660657674500605007197537  0.980114576782073677559993519 

 0.999965679009844073501286216 

