
  0 -0.565685424942905414026021044  0.000000000009353157971539554  0.635602101933369970998902176  0.317692893821943471747374504 -0.398097206642185031668593892 -0.127257060018537512897300427 -0.020135738854424953679615067  0.565685424952258570621601436 
  1 -0.000000000000060154801240521  0.565685424981849778523594618  0.376564881943793598945754292  0.107286432790591509246855718  0.632062533098995711980383483  0.216236866035787097124190245 -0.283596690757019798644067432  0.565685424981909970717705582 
  2 -0.565685424746231355097071669 -0.000000000175533238443318813 -0.365625791205943003923332230 -0.337651376021519975418336626 -0.054132359582501477134405679  0.116856560842863513759377122 -0.644766284121220944320056895  0.565685424921764640703546190 
  3 -0.424264069117504821071354751 -0.141421355856683199762901561 -0.286057080566857055875821733  0.291828299606203224084806022  0.537953869480432862162835178 -0.535033648112499081905997500  0.239483234629259833723389540  0.565685424974188000302177670 
  4 -0.000000000000466885284117185  0.565685424979251323543763541  0.050676697033105451282346612 -0.539682146646474777094970587 -0.174897860235261240504614673 -0.573114883595329627533846578  0.164697060148474899105909032  0.565685424979718224204692373 
  5 -0.424264068585471219570513096  0.141421356254766355530524784 -0.073911333650410844579815503 -0.265216990521169310732543800  0.065018884959275265167637919  0.548900981076400115070499514  0.647052795659901781746923405  0.565685424840237566224132593 
  6 -0.000000000000099071214387941  0.565685424977405329862497479 -0.480278015635700386906778089  0.571657036083509024094063272 -0.338930927117916024060573221  0.085894360657410209538837990  0.017007239976803230533346353  0.565685424977504442312515459 

 0.565685424981909970717705582 

