
  0 -0.000000000002358888793644468  0.000000000000337657201259330  0.000000000000739127673786317  0.707106781183825343828006083 -0.000000000003101642560183503  0.000000000002310218974599467 -0.000000000002283945187777738 -0.082589440993232800442870600 -0.490929484832278327597482326  0.240820364388097861698605044 -0.050216323790068320007730926 -0.204743553272339670175898434 -0.386424184867052005729103417  0.020187244161466921838377509  0.707106781194956786275492011 
  1  0.000000000002057213152945474  0.000000000000727880541024481 -0.000000000000465581413186049  0.000000000001070416168822668 -0.000000000001208632150394006  0.000000000000603349443452556  0.707106781190840308229470651  0.276492744124864420164275347 -0.200419203120667081138525124 -0.321946195325676457079213180  0.252930924913650513786858923  0.370450388629239812059287459 -0.225573539506285188503058141  0.166263609480265919416557864  0.707106781196973433975018486 
  2  0.000000000003472685628437554  0.000000000000743448248966501  0.000000000001049131960761815  0.000000000000814626893175930  0.000000000000910585265437815 -0.707106781186094724637580117 -0.000000000002881487694514122  0.285264973002400608190947187  0.287799021062711957646496411 -0.140039332705440613404627298  0.014119005438896301207043007 -0.285393452744232140673745143 -0.380168230668006138010762626 -0.300013251634389353138471571  0.707106781195966678477907857 
  3 -0.000000000000486138372831443  0.707106781189280609353341872 -0.000000000000561091726660903 -0.000000000000522999555243451 -0.000000000001585520442637637  0.000000000001455268919570287 -0.000000000003893611293597827 -0.073866769698368413557749198 -0.258245352660737148895288631 -0.212682454672660870001661172 -0.202142500425925615142050754  0.181577625032914810850937816  0.112966757077974147240777628 -0.544082437722679004995195162  0.707106781197785239025284387 
  4 -0.000000000000267538082429060  0.000000000001928929256303166 -0.000000000002200203247836057 -0.000000000000028857547184582 -0.707106781184776441535541625 -0.000000000001337993555065581  0.000000000004453053000823896  0.198648798218261418073275759 -0.246216693908095047852910807 -0.313651236517107792601231908  0.022434996843639454225578268 -0.436096790278915468787573201  0.309445163840381729566247904  0.122877367493182831266755779  0.707106781194993008656923122 
  5 -0.000000000000166996668410811  0.000000000000324813543990174 -0.000000000003541379919807038 -0.707106781189269704502101122 -0.000000000002280065572154704 -0.000000000000943408005727806 -0.000000000000459340594282534 -0.082589440987763116370340942 -0.490929484829989242118154780  0.240820364390465891773476445 -0.050216323789025632600503722 -0.204743553269776682837261146 -0.386424184861169909486729515  0.020187244161744141315677475  0.707106781196985732839202510 
  6 -0.707106781181629734844753393 -0.000000000002245707918272113 -0.000000000001437379985463636 -0.000000000004505215948416770 -0.000000000002077465388654555  0.000000000001180112602221459  0.000000000002047336576373975 -0.455026020143392166558910308  0.091894462211020967219591085 -0.418102543386493031560063524 -0.168397542912038190003479535 -0.068167723127498195838163894 -0.212797271373232766821653739  0.177227939075702004749577473  0.707106781195122947251529427 
  7  0.707106781191465314569555983  0.000000000001967954365072055 -0.000000000000831952553792146 -0.000000000002313323827854289  0.000000000000105433527654876  0.000000000000412878838862380 -0.000000000000446436495980891 -0.455026020138865029945191010  0.091894462205606924815905461 -0.418102543377711635078780583 -0.168397542911968010599741558 -0.068167723127102533175645464 -0.212797271366468545314518807  0.177227939079947487255165851  0.707106781197543285270076113 
  8  0.000000000002450436999241477 -0.000000000003802776753471165 -0.000000000000456566493432413 -0.000000000000792719441489319 -0.707106781188318607390876774 -0.000000000000568878360250249  0.000000000000188131159606125 -0.198648798216003848846771852  0.246216693912888524124206978  0.313651236518616888617784488 -0.022434996849057055319607169  0.436096790275237726052653953 -0.309445163833474780757781114 -0.122877367492449062094759128  0.707106781196578109739431933 
  9 -0.000000000003727523905595993  0.707106781183814430628408604 -0.000000000000602828709837674  0.000000000000510155890135425 -0.000000000000288327053565359  0.000000000000613050384266426  0.000000000003039124857769687  0.073866769697980379538228019  0.258245352665672298948665656  0.212682454676663144533415618  0.202142500425511353323300250 -0.181577625030887301139708931 -0.112966757081297885633580647  0.544082437726069281065058997  0.707106781192595436498753853 
 10  0.000000000001693486632553048  0.000000000000340058748525554 -0.707106781187033863215682383  0.000000000001338100467992379 -0.000000000001149595087491917 -0.000000000003310154960342555 -0.000000000001932832993401949 -0.288770355396447629930511275 -0.015303355900336784360520894 -0.018014528210649988564063476  0.602977835174222149986020952 -0.107700887687633535186445752  0.038269670619590901984542405 -0.198511076027583878404075314  0.707106781196798079289819045 
 11  0.000000000000436559903258750  0.000000000000126605888634333 -0.000000000002248349675670698  0.000000000000754188426152794  0.000000000005849816305389575 -0.000000000002808639295164758  0.707106781182254726819159940 -0.276492744128469232928755131  0.200419203121364091323554184  0.321946195330538995890484397 -0.252930924917599152213724262 -0.370450388631578501278784205  0.225573539505397401222844267 -0.166263609490515913249858611  0.707106781194478832878146102 
 12 -0.000000000001088059188599355 -0.000000000001503979205943907 -0.707106781186061178012900591  0.000000000002942407125506970  0.000000000003806364829531260  0.000000000001593883142781775 -0.000000000000781098101657110  0.288770355398989495330315178  0.015303355902250533539620653  0.018014528210935751651044384 -0.602977835173734107220098327  0.107700887690677746777424221 -0.038269670618959697985697176  0.198511076027130171589118839  0.707106781197776975615796463 
 13  0.000000000004239919394608292 -0.000000000001324871067724431 -0.000000000000667139853245261 -0.000000000002439000041661250 -0.000000000000996286657070890  0.707106781187000315994691663 -0.000000000000676197850207104  0.285264973000187171725582427  0.287799021063986020207677366 -0.140039332703444136676656194  0.014119005442581229635008971 -0.285393452746542383545317115 -0.380168230664737010881387702 -0.300013251635840722978754505  0.707106781197343736559187549 

 0.707106781197785239025284387 

