
  0 -0.000000122439198667355189356  0.000000001945801715995167401 -0.000000023313105236296084768 -0.565632626351884547387990215 -0.000000032374358965931828288 -0.251098683781144199167294218  0.017880111299935770381757316  0.359806976681261911398326814 -0.075826154667419013726708567 -0.313488172860884055229754169 -0.143742113942406811262692858  0.076616979317509959756800179  0.442042575443305623956839756 -0.152546208532500214704479870 -0.068439908642276133661464747  0.023021928632897612387032374 -0.151770217796648338104891982 -0.331288112554875634901702802  0.565632806424349078794691636 
  1 -0.000500200307222010330399239  0.000019578899580090652785896 -0.554921904423996014039683483 -0.005343463905782177154157430  0.001030950387576656732226469  0.409749265589113856268679154  0.140902494552917320161139654  0.173068816910784120996881844  0.197515022995817140266292498 -0.015231127596571216822906626  0.148552883824091430759405628 -0.092924762711368031183273644 -0.074425956059685728393230091 -0.521492011795818977333040467 -0.347465237585079717887170947 -0.075850779596536625221786781  0.007459165517923931134485637 -0.018699465509713045218247976  0.561816097924156961215466644 
  2  0.000000188283100490747992449  0.141677354816781642430452079 -0.000000312117897542867759260 -0.423954236539498689929775579  0.000000721446033681138217111  0.231562820493337339261595911  0.179968404685979779103542457 -0.319173365741609750447903976  0.088697125028431443688708806 -0.065577080318092131948435469  0.376466084830510882869736983  0.274483839870395250474296306 -0.121612994322131272968093990  0.109344121132429331199752316  0.261242372262740057888442263 -0.348803875610687863197600586 -0.405101352334023255644676956  0.048046020857776594074152248  0.565632813203312070221562280 
  3  0.109892739582071298113730498  0.009256851248829664571035180 -0.432553938692057399168855794  0.011161531286537088545925535  0.002280808628122380885812164  0.076684191377805374521998711  0.215361197780397518113343173 -0.284145025038750905930964169 -0.212852870103962760593859470  0.288381496775327043777465211 -0.539579634410381873217601306  0.176857286265082763461031073  0.023298941667745931462517621 -0.000715644389518833234679170  0.310933599251024769729440100  0.080120290586353015871597365 -0.035271742314894173627825950 -0.334401812887768902981741603  0.565145869437617813860197380 
  4  0.000000000019063083772753609 -0.565632922281697396265070371  0.000000000003838763455059474  0.000000000027151124667652478  0.000000000003239250664792438 -0.149152383308205408872938041  0.195215297944242917419247971 -0.183288843698208541615254225  0.161708784190320818457877600  0.292337733788243208071355034  0.209347300581400348369067420 -0.469087875294310595872867425  0.330682665061005294358147458  0.017653526885670188071401627  0.072773978344875935064025446 -0.254772202196606402862600130 -0.035725075446752625110810511 -0.171710403249130363125549495  0.565632922334989592658745922 
  5 -0.000486342640052815282695121  0.004347798727767618262602122  0.548713036624478217595252821  0.004508781397808624594543734  0.000512576532199134440106364  0.028178756254986535881258344  0.282840968843228007063503315 -0.069141659308482622929852186  0.163680905391072795558018646 -0.019312632163704737284928652 -0.216941658082771086452295375  0.067911877707411056412508624 -0.364497333429785501910953133 -0.334117881167093131871163522 -0.117309291834718645915094752 -0.259517946127957422762684569  0.194397494570620131413207429 -0.413601304641391899355809536  0.558568535922306427105032967 
  6  0.000000204637006667321065684 -0.141244666782362798175694783  0.000000214992542916853660549 -0.424387607608676153866369626  0.000000056553771119734322498 -0.009474213392590146092265830  0.348701744298764202155188272  0.042016018080107124789234060  0.053620605995175342578339247 -0.000288889437203141234205456 -0.069300631430045396803396682 -0.015597446005978091353694171 -0.054191101658555918082116245 -0.114947832808848728354382020  0.297056679091084762663705840  0.160473623402567483199306422  0.544875372282910913407025233  0.491469911054149481905491820  0.565632750574359673329839782 
  7  0.564281929134964047283917060  0.000116635208670718755636928  0.000150239536166708686291708  0.000389813632176518392679088  0.000277955036324520354996600 -0.083824925917865661568768171  0.139630193972434465046338244 -0.111491745771667139369438381 -0.402324266078207593634900527 -0.367769965685158302544626591 -0.010927342639502818397130102 -0.461774617709025441591097136 -0.256634810016117604556913981 -0.114502916751761040790099245  0.017970786505346652577158584  0.031467478670213187489621042 -0.208502250978368675521151462  0.091643710090370970613408031  0.565216572548302466090074797 
  8  0.116140473581155337616120562 -0.003688811282756147665653221  0.001853604282081173486526897 -0.006138299727686160720464446  0.436212479091722405067548321 -0.006150670394413302550303164  0.315638119630882371116024215 -0.227494294591218415915734319 -0.270341137343086336460333194  0.005333724042195670400645803  0.040824321952864390699634595  0.241996026724264621743051319  0.225132558668589791218733916  0.243952426311645804575772671 -0.587016883824238385500109139 -0.109597369538466161502626283  0.188346843609401485880767979  0.095616728423992498520534063  0.564033667965401215409204649 
  9  0.106317543420835405101063445  0.003614854337845610155227326  0.451514526646913706247861778 -0.001311687011246199983468909  0.000823806446577720016621060  0.543916219702023227464647570  0.034652067334570767547180601  0.028188790127217045214066179 -0.159514985234049039758202557  0.282217003288938904402918806 -0.070159815289909751452308937 -0.027900304602791377271494449  0.372609709743294298823351740 -0.234998138781982756864057452  0.016392209565258215828932229  0.298175894236127984085167955 -0.260691829408378825707866613  0.158061078698754936273495469  0.563582417863418655271968982 
 10 -0.000000000000689903512825724 -0.565632922343086428469075694  0.000000000000083432851366056  0.000000000001865098975618596  0.000000000000211904418840143 -0.232422887719238224204718057 -0.146650493813016999830839242  0.129620618046306504761379548 -0.329645568862420042282245988  0.188890892550796154634919904  0.084848205329290466904657974  0.448560157006424600664154165 -0.269855225270453674810047090 -0.301830578926934056698460837 -0.045635098996391737135246928 -0.022144824742490021107717323 -0.210269434238756887649724608  0.155788292973377924711822842  0.565632922345936714828007474 
 11 -0.000000000073286405073205432 -0.565632922167516333277273444 -0.000000000021820913478156199  0.000000000002265166252503409 -0.000000000020014909855078670  0.447192615578330457816024629 -0.090067868571658021339661291 -0.042406180054186508281409982  0.175028891244378673034721994 -0.492870265788381331951029801 -0.197329981236466636221348926  0.093626565095716952681376578 -0.077951521428415571826739307  0.332128437517103249315524038 -0.027034129418189751114075660  0.147308725899991109029182022  0.006252604793719022252286430 -0.100253934460068734973417666  0.565632922284903766709830697 
 12  0.562943379877531459374705863  0.000710899020487909036590844 -0.001485581936586021783748280 -0.000196721765309698749796457 -0.000274298368771813717865951  0.192710977181554243120977302 -0.275172046993148157549005303  0.363322262373536607237348162  0.024274442263212488250643433  0.161967987967047961380242030 -0.082542224357720484626183867  0.111328103246432702036505281  0.101290802668714190107985499  0.139231358292372028913753794  0.129588879034731821435796721 -0.536931150402715284342472501  0.237145147245290916415347282  0.035075385726969491871808518  0.565610880968686956715360536 
 13 -0.000000138064773730369228940  0.000000398798151614977294498 -0.000000111244785208642926784  0.565631768948193437230101410  0.000000304678335427194236324 -0.083851033956708055145832723  0.411387514461031398449323074  0.153302557905987814104958704  0.037263638679317760108063162 -0.368538935127079483227222068  0.093641563231411314448845822  0.269306536881820159816999100  0.317829395186635480679334526 -0.158623452656626421017620372  0.331684921400390023236027376 -0.122229345070846751146736043 -0.048905618548258360638318794  0.090887196666773527447820251  0.565632721734239428575119479 
 14  0.560854130493953441285309713 -0.002626156754612398442594212 -0.000005487160656389739344117 -0.000627394417963064712449573  0.000622450931762980897589241 -0.229319576999083370952986494  0.086768575877415729198161628 -0.051338076733864129361749329  0.540998002609891975270717951  0.133645390615000662771333882  0.158944923240596809065386906  0.239375467293801890317521061 -0.020120757259638653093679187  0.023539058426043528717575026 -0.083229248915700910765728179  0.453930775981220272841717284 -0.088262710721447617757604281 -0.088597892182582852980672703  0.564735619758948329200212712 
 15 -0.115064127832186302791616858 -0.000421012229836645039616195 -0.000551061529426723714511163  0.001399089059947388872938032  0.447565233087017910436952034 -0.012324344321298815954335542  0.320615218364559275939559141  0.514437861976301055429248305  0.145943398638699479893379371  0.184864838073348896886572909 -0.203499620597777374950924228 -0.165157511136751004247446434 -0.269945614293274323085801425  0.272163894337223220902229406  0.044025994329313589655726597 -0.008281808548438686439733137 -0.368821838743762424930308294  0.098524212007891498098721087  0.565000523738414965504821275 
 16 -0.002826443217637045522931192  0.000795467740973354004964105  0.000474600151055005589746310 -0.007131640008712553616379879 -0.553582830843944658047884461 -0.133821534172430157638386018  0.143757017986461126422348747 -0.085414900760280046881694690  0.202420023440814876873519029  0.013096658788460553411408366 -0.443668580247659338354655756  0.017771710664532668934312287  0.076393675116071465024992788  0.075547481091330873935788502 -0.330765169022001667215515316 -0.232638270159124970393096227 -0.263009062557782538854626864  0.406288048537211933411254783  0.564810981962322621258501543 
 17  0.002574282704059323384532360 -0.004021163636678874397845562 -0.001100662877329924083671989  0.003483537094043636241748270 -0.550401978855800952622305544  0.121226788221140583786598725  0.368055823691694589084536654  0.322760838003643089292454826 -0.299370755066626745137005339  0.142834963413095686994027343  0.311060560057278928316895975  0.040179001194070261934510090 -0.117946487298096376361870516  0.336926378975665515475316700 -0.096350273193386430565273836  0.141579458910969937466281868  0.113223839377662136539137716 -0.254381055972435839824478260  0.561581625167912757128768630 

 0.565632922345936714828007474 

