
  0  0.404061017815894232352649795  0.000000000003563593952128478 -0.484530444743584792289051166 -0.384981580221374094038675959  0.045575377890227339787259080 -0.011476102425080803489012952  0.085041202476602303721685272 -0.467385950410276001913429528  0.237204363775579713294848483 -0.323788581299221331068162108  0.231115620205750106478433809 -0.080859666876500289452926566  0.069325355590308349752325535  0.404061017819457801795437688 
  1 -0.000000000000541720082455820 -0.404061017829825247765079821  0.225293883235889432647578931  0.044014601421089929932594330 -0.070908444994696803845334390 -0.689611709421536479629969568  0.096635369773849818630494929  0.183452162024265081859738385  0.135378926670656740769566051 -0.488065625868472131561673355  0.013123327124346464772859449 -0.059660311762839097478550122  0.013696118707937760257766814  0.404061017830366950922020217 
  2 -0.404061017809805994094925902  0.000000000012009651360233967 -0.036016361791891757129606411 -0.010298473530119539183650464 -0.345965096154063616549221086  0.085446862936618328169353573 -0.194829691145195965041518431  0.007347403734654816777319597  0.362544278495538316688714259 -0.075594427417372968111455422  0.506535139835237541757872320  0.515363345863396010541890302 -0.104860633714123286642746265  0.404061017821815618184400770 
  3  0.000000000001490197145999458  0.404061017829124386981825071 -0.041013507425339571544644062  0.377366367929149509066960935 -0.350098755591979891654353177 -0.256017325033703849624516780  0.266681902116533444378494028 -0.078443625167800222494434402  0.118599652054388298803974579  0.218603073119339577027459010  0.356522764545438393543001082 -0.488154566980649851109424001 -0.002004459346447180224017607  0.404061017830614599720190014 
  4  0.303045763424152977749204477  0.101015254400263784392269197 -0.032170744898975596308150077  0.154162111860200364945650865 -0.270111827857311513292502478 -0.392287886900834424880150919 -0.301721115315379663805381294 -0.351335484855923930341305150 -0.488695034700654365493943318  0.128043536765727480127192994 -0.049315872427583474270498072  0.399661448388978873672624376 -0.120235257452657353696419493  0.404061017824416737753701057 
  5  0.404061017803755639514516965  0.000000000005755493865681273  0.198149067813111174463482425 -0.178795467088423153887702041 -0.438485453289656530815460167  0.105890339985885541951174740 -0.545982430003032210901955934  0.231229504292985543759055174  0.330558108023348178522221250  0.087118884445054803683451856 -0.162095460472106805616316662 -0.230902843759975379183064029  0.118356423650044053269341990  0.404061017809511133794470386 
  6 -0.000000000000265181906181936  0.404061017830643208806860878  0.139009067576858414124548087 -0.192908291755304053195405577  0.044265748696037757644710644  0.124918585675253041329256683 -0.198708406627416543004192168  0.282800356488213429557478096 -0.478045881056014031391422636 -0.508723499567037302972888346  0.353256470017719969716222736 -0.163299534542690287836530678 -0.066242334851212869083843162  0.404061017830908369584310552 
  7 -0.000000000000017386841400265  0.404061017831390404487839837 -0.261553363769042369261878800  0.122719093026345444739780895 -0.060510855091490545902327327 -0.037780216061442631113814023  0.057789082692296592244185320  0.158526493207283099184565743  0.256400995413709293637913311 -0.281922701321623203407152128 -0.483383020229219350857603060  0.105969051742132107489524368 -0.574103611204207429669511137  0.404061017831407810106886594 
  8  0.000000000000440223575911823  0.404061017830734702595317856  0.397863338275176670841845952 -0.567540708672806587704613018  0.234223105683079356565214936 -0.349377603108879143857133306  0.136789444369481289000040243 -0.029930842443731673362092879  0.190134221448537095336232816  0.305561770172646436633098407  0.023436232469141148337954134  0.157516150967308027715978527 -0.070178410855976379256011485  0.404061017831174949121618087 
  9  0.000000000000826724294837501  0.404061017828925416177799496  0.060612323989470161418862543  0.230126212381386321308499032  0.009246216212606247354334119 -0.000041498215749878951196321  0.069789572986232234410187286 -0.036906017245980869330050167  0.133813806321985632558036958 -0.270254617483861543783063910 -0.230130781005094856662756761  0.285077159806375368097984893  0.740683317714609491073593506  0.404061017829752119385642792 
 10  0.404061017702997240873914395 -0.000000000063352386276950875  0.467242513014430308528881705  0.438868681809556433726874497  0.379956388208720840274053646  0.204928131650661524306138855 -0.056388733874506293555312021 -0.204342868684843084682752068  0.247884901010610149689906284 -0.120990401412254976864092248  0.228251454867647832539228475  0.095792185407629538390996728 -0.239070792740238988050428641  0.404061017766349624569938159 
 11 -0.303045763537735917271098013  0.101015254288828136668414604 -0.246325156843334167365089718  0.142845602816245238555234280  0.477976209171693755160207490 -0.292966724393880462699478115 -0.641103788966190717613004985 -0.099041326943746262397190710  0.146599564704436007041960487  0.066637860192345840515133325  0.023002517811891715413444141 -0.226735739570539367445192215  0.062401726356945314284338294  0.404061017826564075616779803 
 12 -0.404061017799046575104402260 -0.000000000007845653624319909  0.377493306815062119939467589 -0.106122510346091018055831971 -0.228054619166637289351417563  0.139404634407869381032963989 -0.067963264757482935301017776 -0.637067336959078392780164712 -0.023367855452536986901170631 -0.236011413406491867781602720 -0.263502317992776102193201379 -0.261535779986222121105748570 -0.083506117628974119368998920  0.404061017806892227075378846 

 0.404061017831407810106886594 

