
  0  0.000000000071294337549616841 -0.443833126612418508576433582 -0.106632272104441177838014994 -0.000000000499255458710760932  0.000000000231661109261904473 -0.257147560152446571981200291  0.077897233120209964206002908 -0.399201702996923659820570698  0.303039345018780389003033512 -0.368697765385289234817221132  0.255762560710257628413281591  0.331602487280284790547310939 -0.001774255984261488669954419  0.071552002803492269103306789 -0.321121481103718657643814050 -0.028835693987939183700945590 -0.194983724923442176582793865  0.029307646540005764717730743 -0.094817472104104706952286755  0.550465399519070610581845948 
  1  0.000000000066619213614231748  0.550465398884318544189386130 -0.000000000154217614720164004 -0.000000000140464934874458256 -0.000000000233372129977947093 -0.130768520559603870461579632  0.099022217726623674297135695 -0.036529205215178978036059303  0.428339060067756493627643896 -0.052096995127520504173231162  0.046234996892857528227491985 -0.163455238512411255501991653  0.045112429447962033412632826 -0.091130894396782454414346428 -0.101287508221445942482874265 -0.122157570938461553113453875 -0.040883626120707719965049034  0.576903615605610304076494160 -0.289297535007815048821618042  0.550465399478992450661273689 
  2  0.000000000003692778213608732  0.000000000002229975090173057 -0.550465399970554729932193522 -0.000000000001760725055441844  0.000000000004686469117649323 -0.456514838259789220461896952  0.196254922833727824663433391  0.018204669759462791527742948  0.008932361590036660285660275 -0.112257884346884670917010932 -0.333200511987875760088178428 -0.114066114766947342554009263 -0.373414026863604669813747131 -0.282632797881865453797816182  0.237841888299135809466859984  0.169696148998508905967794701 -0.016577558335047642931148431 -0.067843372132201728297849243  0.058795768925001424804030383  0.550465399982924716965580758 
  3 -0.000000000030874024814736078  0.000000000027749063889460227  0.000000001090233880224407462  0.000000000081511551489769368 -0.550465398481354956398622913 -0.201932530975755832728150106 -0.467922993213800094417431294 -0.226013695722574277089983626  0.047208871426187392559133084  0.202405650420464018959809671  0.021057756189920187594254272 -0.134561934722831165231579816  0.054084131319697865728862935 -0.234454440016738610224971383 -0.192679984859880758799521513 -0.001437346830111823559392300  0.057580421141785753059104923  0.122696085960229049688027542  0.459389221571502545096374326  0.550465399711723526500212894 
  4  0.000000000020660254498168041  0.000000001179238923893661595 -0.106632270106552165548827443  0.000000000262485492089194249  0.443833128412604065431840139  0.307074260957867472274836901 -0.508622943821051708439186928 -0.034312979384997379712934256  0.064170277670367758564491135 -0.309763001598029765495901852  0.200249394193028632053235269 -0.265368710185324508532426005 -0.259364861202405561888028121 -0.202115130103443906592168566  0.096222220046962562320879125 -0.028205945595790537298424563 -0.281394654356785593312404239  0.049695818530231657905130594  0.164479615699777215577850886  0.550465399981540924796187542 
  5 -0.000000000095211053244386498  0.550465399620925374842266703 -0.000000000181355312832363562 -0.000000000020219448329781322 -0.000000000065694513182745036 -0.146537296921485163134842196 -0.196514415270697317752470433 -0.278529705337759712191871356  0.060283642948634955668305328 -0.261016210096523926270000240 -0.012220901081818737517276845  0.339271889124510325709462716  0.064385536502211814547942236  0.197429767718964610138466034  0.276924854471216165714697599 -0.223663157551736121214278584  0.110165096474929485596458943 -0.420998185227080390353017816  0.114399272483415146667664643  0.550465399983405660646728491 
  6  0.000000000004010895695367112  0.000000000000300569053300777 -0.550465399986577940902050116  0.000000000002515714434440816  0.000000000000011250069333191  0.172435441206609884714812293 -0.287066765902856529393220170  0.245701829273918446528476162  0.037093539762947559260207030  0.308921837801115689293952535 -0.140279629211086092564200398  0.470961608562763553936054636  0.225882803384743187821953429 -0.040963143436702824906321761 -0.064422344618997166543715709 -0.193039075920843656108505208 -0.248799027616203873874045800  0.076904301437067154268909224 -0.155739302485895446631451733  0.550465399993416381577322760 
  7  0.550465397889542193811483056 -0.000000000072991195725436903 -0.000000000250381234390784273  0.000000000651234725978552089  0.000000000496599365372259179  0.037436561536406314797028596  0.325398211096313821422479351 -0.117050627749101347803840738 -0.130721256641121423436725617 -0.021314522615182282282150837  0.081635832599369979563960070 -0.126387613997636307966768686  0.334020129526303859716267544 -0.419534147925917867878470996  0.079751296833972676530251280 -0.384389421327738159400852144 -0.256610446607654938430773811 -0.121850656538366959533170337  0.115890300759227404753324685  0.550465399360748706546631742 
  8 -0.000000000328604303400443699  0.443833126493221368923276782 -0.106632271593387567993347145 -0.000000000587085257226889268 -0.000000000759440587544121967  0.086781831445514136240567109  0.198812232658881364941042338 -0.008448920377591159735139177 -0.302976463072664824492186489  0.019641850730715652319823884  0.213576473486730827975200314  0.113545345639346342447482344 -0.137579443399187598159167344 -0.060285500972706477264002455 -0.538956240124741417605192667  0.400069527781301036297540927 -0.280910281653813118346151717 -0.164054542759102525215759126  0.122100634897291433799467603  0.550465399761739085089488899 
  9  0.000000000492649614772031476 -0.000000000357521649472447767  0.000000000692375378083090590 -0.550465397962031385598220823 -0.000000000432564192918880528 -0.032033667048202733871258919  0.050751450568312716355828503  0.128549875875442382050116083  0.071941788432284398656108709 -0.228450129073953469733822101 -0.131636286797909436984159101  0.009364334590737101552153018  0.426473060505896674979992023  0.201824541782372601696898817  0.202159998187679632901327283  0.362224556847030050533639556 -0.259691333526006039533967976  0.186323221332241891533905605  0.324401574239734108537781127  0.550465399937142257165336584 
 10  0.000000000335854500761182939  0.000000000197368001225201810  0.000000000384362238985022749 -0.000000000156685999298221272 -0.550465398232473412986134886  0.125270794997294340341015099  0.070250049947800748473335057  0.239032548926903865729276348 -0.298787491020307272677689059 -0.334462696203955310299098247  0.207757971563530970880414109  0.122773107473541410329502272 -0.341448413488125673983207553  0.148160297920752844633087049  0.236518502766646355933211933 -0.229906948304435149223472375 -0.220058552267905238998633305  0.250589119638644353664112471 -0.035919359759620866985905608  0.550465399306744164334773139 
 11  0.000000000227036618820850011 -0.000000000461983221039327425 -0.106632272224517101393915022 -0.000000000105540760756473051 -0.443833126914844451914093568  0.402154215882443546477417393 -0.015407856475251239114436616 -0.050459652985387685324608934  0.376191433117108375936560316 -0.145978846151258593631465897 -0.083540013475273715438235416 -0.250747581235406782321131075  0.097039571017060672411807132 -0.095088557519795548209138973  0.041851365150035531688459079  0.258719525581164901031211434 -0.079880653140877813569303845 -0.413272303532071011981279332 -0.360730180841958533266393416  0.550465399933922144837510765 
 12 -0.000000000246908932745574468  0.000000000230814544247590581 -0.000000000599478886418362765  0.550465398207470981762658158  0.000000000219478822404034936  0.096591216450857981664040834 -0.014914673919256877054101049 -0.253963650493279974903852725 -0.178712158714338554264030451 -0.066564371924618515737016259  0.076102501774611870689077418  0.224658566823798651213169551  0.261003238470909643348730200 -0.183767577483773216122180626  0.366610352543544923333441315  0.456546412461910719530729444  0.037456149801748780078146589  0.287559990169383575763471794 -0.038488749660385311034973242  0.550465399504152165250769196 
 13 -0.443833127612612725278098263 -0.000000000291593885628887125  0.106632271262576774792331033  0.000000000474978794382674492 -0.000000000036839373611496483 -0.422618082012297597969572790 -0.099929478675173617069349419  0.338368942488930938915876398 -0.077560112178732915488713669 -0.011018377118282324798270125  0.419210992584568925881614854 -0.086393549326761015222234715  0.280602536823083875856810199 -0.295917197743431052188315192  0.112403910901031102885971793 -0.016428530397761206248441208 -0.156544196032963447564136973 -0.227248070151807787597037988 -0.209428921052644003626707660  0.550465399678601566355994751 
 14  0.000000000227133622072074088 -0.000000000431085653511265999 -0.106632269810499983464383358  0.443833128239637088400517881 -0.000000000689359673075036397 -0.091193840091081200556054776  0.155606241256073070489498490  0.082319222592432835495742695  0.307463135510563033105839795  0.287164401099807148803931892  0.177365622186567406762150272 -0.227236290614181246901655438 -0.005684277953574495942806890  0.473482236695557332802454867  0.148444019260454497524605484 -0.025558048331249193052636549 -0.377072194579448600641269698 -0.101076630296092516314468250  0.304856140113628277236350675  0.550465399397716046109383520 
 15 -0.550465399103095411254601282 -0.000000000110189334458415935  0.000000000442748382358437414 -0.000000000091722966636655792 -0.000000000170090602079583637  0.094648008140539710469408587  0.100204456631816734635872373 -0.457005952016583099706617532 -0.296603864426063889219798222  0.028467580380248193564239135 -0.364812352972187793138025488 -0.206873903524832222159800937  0.108910860967327027413933255  0.057006124319935699899753942 -0.029135647609621349975598842 -0.245813069320611423689460114 -0.346523445979805365889901692  0.050457067299740649053176045 -0.073867896684992809112121209  0.550465399917846728448846821 
 16 -0.000000000010132140696845661 -0.000000000001810445936236957  0.550465399978638568435299755  0.000000000002274630882673057 -0.000000000000367707281635186 -0.034135082529597038672827423 -0.001393029704863437658252708  0.059092715176228584531676301  0.260143241730850698859717207  0.183221183669464488362878078 -0.296481706921012827087849248  0.359644041928630409305552712 -0.302556708147307667198556980 -0.288030375037534487641559602  0.113190994518123500906176329  0.079054044473273979540435541 -0.419992898818573821818032898 -0.055663693013572603310312736  0.027977110226792565469980064  0.550465399993223450240183853 
 17 -0.443833127369041752154250891 -0.000000000097630766232503553 -0.106632272190292733662550766  0.000000000026251654094079194  0.000000000279074315652413876  0.351661409867349428632352440  0.379226723394737730017233640  0.083261693204138578406248335  0.283296526885249447404819742 -0.050724029674443729892254927  0.134497739686395722551377242  0.186216917029617449829250256 -0.001410075985082585569250459 -0.295113336272063659499170080  0.022643456397866832381532442 -0.155441214883846907414410854  0.268059069821466834491639417  0.013542887268814748377898291  0.444777108138290533227189594  0.550465399962291211590371259 
 18  0.000000000269881025666521297 -0.000000000011481017585518892  0.106632271194277458028587362  0.443833127762913435740681906 -0.000000000580600269951582638 -0.068333565955492663161763029 -0.074163628707562481358502287  0.392094351081140386218980287  0.003411191183392896050196973 -0.487943708561127183047107653 -0.435014292224759917336162490 -0.039783040237643925936847182  0.210908731207047302335798496  0.004749572579160374633844738 -0.352404077253939822223470502 -0.091424921622490371806444079  0.008534117323618375774418594 -0.024482582453050452068405774  0.145219696498453719002517254  0.550465399819153217728182753 

 0.550465399993416381577322760 

