
  0  0.000000000000034787097494743  0.942808494995254575015732057 -0.000000000000166026102128177  0.000000000000165340217440526 -0.000000000000058317260804213  0.000000000000002687163506296 -0.000000000000008281498704509  0.000000000000043272781848493 -0.000000000000002237734620468  0.167945966167545213267682166 -0.107110013752228992721675285 -0.007297282656234101572004843  0.012208667371456923406734861 -0.266892182863564289519667933  0.942808494995735492296556890 
  1 -0.000655567078044835929481264 -0.000267734832121907041395412 -0.000032413234008885578187457  0.000346576001412780155721611 -0.001078767300434458296450660  0.001043615907533655689828850  0.706250949906114329230472082 -0.000662195304120603993180204  0.231453288055415448866555458 -0.082331235408775621033869527  0.332324352092713191995747291 -0.546092412471480588272241402  0.062119665115035481516936409 -0.168350747378789275697703355  0.941791107619206950801304251 
  2  0.000000037179841895932597914 -0.235702454245740619876098645 -0.000000141745588008040590257 -0.000000017890232866635608391  0.707105158459155838375324865  0.000000215187649507008049126  0.000000020594473439164436584  0.000000063129735307544730696 -0.000000030224140521170336042  0.335170071606849756778567090 -0.213381792276090462661644782 -0.013888731876800937502298874  0.026387381699449851730313889 -0.534496670692079810780807103  0.942808138656558064865514934 
  3 -0.000535183997437340830503956 -0.000806030541371691094559000 -0.002607396537121864524805097 -0.187491867832725276742794618 -0.000798332878379628608021914 -0.007616809007839332564256487 -0.002272975480850132084100778 -0.699470020493530949341927372 -0.035666564632257812352179481 -0.215421593544089184544491206 -0.108083727080413564768752652 -0.084623212515177709319637734 -0.627891984675004060842667258 -0.121436585913414033564372650  0.937265181401513996052934918 
  4  0.707099038363071968318809141  0.000004758719559247516102261 -0.235695592311866573842233513 -0.000001647185909964522932152  0.000004849305666109009007807 -0.000000780738985006870453798  0.000000366664722262771370429 -0.000000051123232257095745579 -0.000000300379151880602558785  0.285476007515118977687050561  0.504070215318659255740799119  0.250986275585439725017457280 -0.210593530927917949683854208 -0.039133860299693880807305650  0.942807384792165272457617475 
  5  0.000498462630566399755994544 -0.000037605086501248507118685 -0.000309906980567026428405204  0.000165733320916351196009876  0.000335930388235305350182292  0.000010548591461749219571885 -0.000039153997001657825544731  0.000124478166149042640386255  0.941139698692734023974162255  0.071159042499947842931248831 -0.187611659206729198195529387  0.229151030417128307486627180 -0.097769804972269372966863811  0.109200231967869435822124195  0.942661517854132842213991245 
  6  0.000953078609421144251112543 -0.000058884591587836253729194  0.000568999942589137223453226 -0.934940973259343148396658535 -0.000148327488233002973798767 -0.000835588914302117510679834  0.000950457984657705482603262  0.000374670405611150662712739 -0.003488131146954101020215446  0.244877105069002231970570239 -0.014165420555027624732817018 -0.078784499633224327162783762  0.175177430235621913728470862  0.169736928049696068342990472  0.942319112342699306394261383 
  7  0.002105549770310784126485022 -0.001060057093925580561712772 -0.001286150439456455712289567  0.173303980158920346266409988 -0.001302135875149985298852535 -0.690653578084643295878931185  0.002302270420248343516088244  0.008390890322380116974685499 -0.050602390344682476328648946  0.453012211077062026525494667 -0.160725330515059224253970362 -0.315182570033338480664343931 -0.201887612145420001786557881  0.345205436943711582703899279  0.931007002509717424042559597 
  8  0.000546377793464481904020898  0.000776571066872405707192129  0.002537258224779331828848485  0.185006422405421983476653085  0.000765678215794553401076544 -0.000915098082039370547658836  0.000369627831265958362291020 -0.714611143999185104104185373  0.034682085935367204971050900  0.216102793217759691369044169  0.104189331372368398211461244  0.078795471654577362113057188  0.612416040676232177305052251  0.122775496960744309685056950  0.940210263554190408923083577 
  9 -0.000000123225876377830950816 -0.000003955593542763274926249  0.942803309946085640522433352  0.000000125667523618769710997 -0.000000295434013745837302343 -0.000000102477165892355117522 -0.000000338885203705343343363  0.000000014096442814331409457 -0.000000026008437308643637213  0.143472834486611675733412456  0.250615087426581191595766768  0.124148204860364599610978147 -0.109392828041201637831144385 -0.018707615039211619112428367  0.942808291334291858926553581 
 10  0.707106709515215793744862677 -0.000000309912317087145668963  0.235696048312666517649959126 -0.000000626451503314027152242 -0.000000730555455799796857304 -0.000000435014746351335361015  0.000000389240386663616571235 -0.000001518437922580836382300  0.000001080268888727605874580 -0.288904574970446787688781870 -0.502548897231303308863904072 -0.250370114242726683561170511  0.210756019347342995830826666  0.036372143450923960021457662  0.942807847709102861638672671 
 11  0.000640604615394098854503295  0.000268968207314611296033558  0.000028060245448231302713290 -0.000557462459473504188964737  0.001079383794048387584833953  0.000271849780379301648199322  0.707952889206571211663798771 -0.001239493754945927019775335 -0.230746613053842074942366425  0.078988276672859007964929215 -0.331200393510727896385480856  0.545989518296014854402756211 -0.063640252329344281791677351  0.165733681920107202482461521  0.942785325117417327385818671 
 12  0.000000062911486309331582945  0.235696690172816472190779266 -0.000007703362086257423455244 -0.000000003660675173540029112  0.707103492341457172246955987 -0.000000044602791229942178152 -0.000000167625259787339818673 -0.000000069402656335425033199  0.000000006543964251934262312 -0.334282538292574539137962802  0.213672479775761047291046321  0.010800811625273922316063148 -0.028205550561062609485739479  0.534919402027676082827471055  0.942808240623193010744584885 
 13 -0.002008991743656858462297978  0.001019634364024041837824167  0.001251898428179191071494739 -0.162696256248621847631335123  0.001250263950159637810144659 -0.723143775840937580521704947 -0.000891081127563360999361271  0.000256008046384154053155156  0.048925695404552794217609450 -0.431034304806292465928616378  0.154879045625905381863081541  0.301324704892422520150765605  0.198517543521131798890774940 -0.328947313044190582236340689  0.941443605154079479193848790 

 0.942808494995735492296556890 

