
  0  0.000000000002173637201746269 -0.492365963938610880684708729  0.423225889700364451981523875  0.281752128273231781534257159 -0.388180582723575373649011616  0.284877551654153988807370579  0.146635309472259815823124741  0.440666349637654488290670896  0.227031302089736370625563423  0.492365963940784510477575303 
  1 -0.000000000005155600044795863  0.492365963940415952130756280  0.518756181846034332514217696 -0.350965046076273820102294290  0.301037897652254147920578703  0.442315688798045533643979108  0.106108594782604381075077210  0.095463313825267336591327491  0.242181863956013960269904491  0.492365963945571529430467531 
  2 -0.369274473074751036086663114 -0.123091490749444551541910611 -0.369434405050782340893499034  0.225206571168423617845442096  0.374846122698035136495183645  0.522838846969370773317027645  0.419542986117250362430343424  0.060027727257910273839079272 -0.260375398733904391636089989  0.492365963824195576603592883 
  3 -0.492365963934933181941292629  0.000000000009039451871508921 -0.020449212655819742785057039  0.110057194115324772627588761  0.172282541073333240569148868 -0.427100682521178718611606917  0.290660498712068103316797513 -0.063061034555213319386832941  0.666699718557147333732135902  0.492365963943972655863286908 
  4  0.000000000003538028393799937  0.492365963941330666967834129  0.057482629684723609365991706  0.435779549802860642404361488 -0.526095283323462546503333781  0.120240387355016928390047913  0.318604434676101738667559904 -0.412783104533308722839616417 -0.035142762275546886821016171  0.492365963944868670543924052 
  5 -0.000000000001975449990906254  0.492365963942741599861790958 -0.149090254740819523840574500  0.284110779809448834058380196  0.015324157316872529377625137 -0.245169271090170760103894854 -0.034221166320519848302248974  0.759811209421811931780891408 -0.125705826501352677202361791  0.492365963944717074577241481 
  6  0.492365963898997544852644340  0.000000000015204641495344347 -0.107302399608793888931832557  0.557595164531876136683290202  0.396896985218106215862875902  0.179126846103925252786694122 -0.278157979278835357526749802 -0.127821335367128849710852481  0.389648285047931097280562995  0.492365963914202202155812396 
  7  0.492365963708530654546107266  0.000000000064575005330752833 -0.479066421938559952294414690 -0.371247579923370598969836059 -0.197687324065234788927230593  0.080502981474354800162790413  0.466563295029917927785045872  0.149326684469322124379367725  0.323582416807971634927160523  0.492365963773105645977668648 
  8  0.369274473080620579734439576 -0.123091490834119417842633035  0.385125072911927508674838003  0.123486050360355812005759817  0.338943295860974180258497895 -0.392801832781821132320639045  0.555883230267143316953668691 -0.052727450827529707147673169 -0.322416709535013118584400107  0.492365963914739981910351219 

 0.492365963945571529430467531 

