
  0 -0.000000175100264131569418547 -0.000000555404848414244438551  0.000000048318489015006674544  0.000000208411875774659781420  0.000000305553512223149227083  0.000000304088223141211197527  0.707105504808594121182209469  0.000000023877564674093357846  0.134875429283639285840223736 -0.284691515611460252383824523 -0.159765062279145403438236975  0.129682515173615280553993771 -0.557670291990440823097063133 -0.068511451227881729185182225  0.101682705189339501134556266 -0.179027428661213213761005565 -0.018400229636598947254179761  0.841982554847010803463890766 
  1 -0.707107050445976579938160006  0.000000492464495964141567936  0.000000019826116959277035115 -0.000000034816853965871264736  0.000000201650290859509329796 -0.000000154882001894023266743 -0.000000192603319456054919936 -0.000000037851081492084838664 -0.134875547738445217485904297 -0.282213209841445713318020677 -0.195493403241466692858404122 -0.041757131115726689311092729  0.141156175899947321548217813 -0.215909041941424418201253728  0.366273184728788312217954287  0.316939670703111808384771705  0.247091076749066163045450741  0.841983732278582345360216921 
  2 -0.000000087420134419521878849 -0.000000062899296647314299222 -0.000000080134219066331918047 -0.000000370842967774473316745  0.000000503601383942822733749  0.000000113785552464579074126  0.000000170564438602185387565 -0.707107202186573543839682998 -0.134875058861590720163435922 -0.062026276564965709828594620  0.544905652620785304186910164  0.006320072709491499907266199 -0.162413997606796332729014141  0.248981552687675708541623597  0.284041595913386790098632134  0.079588887721048068542089530  0.074930708629860176781000737  0.841983650296157149449643303 
  3  0.000000461245131460353966604  0.000000195079899918194716355 -0.000000007731429526452585578  0.000000424957526619669025499  0.707105649219438851750454272  0.000000537016902515151531677  0.000000077411295942396184857  0.000000725918325834787498850  0.134875774687600616098771475 -0.137102169966991779790645677  0.162910552267042610494370003  0.258734457496678595627001215  0.033544042602047471354027516 -0.062513959296997560862363310 -0.348959766726545158054039256  0.032380729162409859434523188  0.491604643368431274428123623  0.841983853267551294945972989 
  4  0.000000000000089357438010157 -0.000000000000024203485355741 -0.000000000000057623883196748  0.000000000000101230504713439 -0.000000000000018892184498916 -0.000000000000000161368108934 -0.000000000000059092190076400 -0.000000000000037495842579302 -0.841984062590399224797806793  0.256634831830169918184510539 -0.098963814638725708458120902  0.162112084026523770746187891 -0.313092689837640428431172687 -0.164254508989735047169320967 -0.231483204700333012110631016  0.061529948049625008659732411  0.082159919190823396483282573  0.841984062590787319464886995 
  5  0.707106511926435608644467279  0.000000214638295074452064168  0.000000358326799020622801153 -0.000000199563771891291168358 -0.000000226834859808718916183 -0.000000094891058477240614700 -0.000000068154017491103950796  0.000000332882051788468859791 -0.134875753961361375394384897 -0.282213646987273577339825140 -0.195493182102126719260981949 -0.041757089667847092258876930  0.141155922084074315309512072 -0.215909086609071523650744441  0.366273761733910637990521697  0.316940337714206549896405612  0.247090583040954037499260798  0.841983761178650506483336219 
  6 -0.000000458153878433398278207  0.000000005699950854135781903 -0.000000406948759261264389672 -0.000000397597238488648347387  0.000000297600071191280016962 -0.000000185218836029130372090  0.000000319254297419233743220  0.707106360185505351237302690 -0.134875350876311829060802405 -0.062025737281852771300198974  0.544906106096970669879289706  0.006319761615341700781518970 -0.162414194788226861720752126  0.248982070112426006987444739  0.284042452964058472140692138  0.079588947840814585364731335  0.074929844294646714848967105  0.841983781534848833383397754 
  7  0.000000215590840710956546564 -0.000000016883424294758441327 -0.000000269431083099712411023 -0.000000056470143892612564167 -0.000000529556220740475559442  0.707106969499667704481121744 -0.000000061983387848180709121  0.000000116708370213888305859  0.134875762443795681823398638  0.403623454072603864704101712 -0.039772125525428092985159162 -0.318529045926504621877176429 -0.171987491544304391724020883 -0.098271206757822743413019473  0.156108514169145570711682083 -0.111879863503258472006796163  0.373804621782120735233893513  0.841983998566934147824922241 
  8 -0.000000081648723270968829058  0.707107221474201973188383058 -0.000000007007315927929570461  0.000000238822213885682231268 -0.000000395383220161728683717  0.000000336066307891221346133  0.000000156844160263168306047 -0.000000032355411866769271563  0.134875550446781875509115294 -0.004359668088728277122591661  0.212349577505664860311413410 -0.225479572222644594143626563 -0.191569816113032899228653741 -0.346233491440180586666249332 -0.203824312856176272865929219  0.388830701645602966283260180 -0.191168213555560898909198991  0.841984020048337158763623184 
  9  0.000000105338604426784621906 -0.000000063639156838443627823 -0.707106356875568187419882349  0.000000152354317398959138875 -0.000000292022099179997551429 -0.000000335449327570864700670  0.000000151708416024121945818 -0.000000271838922478333941658  0.134875904084524801009709570  0.294080167829366757685765482  0.093768422522865756206077864  0.475829678017893788232513946  0.044930757046119824251942517 -0.294950278185906939344002042  0.244675098723804514496858384  0.017589902290789770764647395 -0.104545673171291519842267086  0.841983633310936932753025530 
 10  0.000000032758767348020988982 -0.000000050098471467621554252  0.000000106358604160265099504 -0.000000020880365164329167463 -0.707107913150903292284071844  0.000000187781974963647746545  0.000000255615784324172149537  0.000000519914575288353668041  0.134874872784625259424114672 -0.137102666541710810135519354  0.162910499216031126604111064  0.258733810493605126363614657  0.033543782565604635601122030 -0.062513168296220907876208951 -0.348958428228549845064769899  0.032380148653581569760228492  0.491602960744040276021542962  0.841983959344071243569278956 
 11  0.000000050650384695332270144 -0.000000094509524212089364881 -0.000000076312119898104048070 -0.000000146753106336199416207 -0.000000127347838634120183602 -0.000000047832550076543395293  0.707108057561763550199519790 -0.000000172566876032352409514 -0.134874999407422484150624251  0.284690258176112791091774690  0.159764045586453866043476386 -0.129682473645987331658667625  0.557668362410137302079965460  0.068510935862332608036135220 -0.101682474144289482190944320  0.179026984280800806039130393  0.018399856461306692760769772  0.841983772941585901421288757 
 12  0.000000233161990911607208951  0.000000149409442312791183664 -0.707107205496883185313460735  0.000000001059280145868575818  0.000000177931381892893876779  0.000000159806614470379219173 -0.000000179702199913572766214 -0.000000054975285834877294705 -0.134875670652773854536429256 -0.294080066545244445726930982 -0.093768968716870189334484584 -0.475828771684926449085650813 -0.044930605461421747791409811  0.294949995469802597996677312 -0.244674902712898491494966820 -0.017589475595938704271145830  0.104545547965679834067232595  0.841983832195852565467505957 
 13 -0.000000275582232575696822090 -0.000000100047963386804122762  0.000000093788720049679481965  0.000000191988656315227140609  0.000000180322526981141847888  0.707106592872806680497542453 -0.000000194271622239487080747  0.000000182295208833035778779 -0.134876112928262994791858871 -0.403623284169288260145227326  0.039771945135928034092200360  0.318529381402070868920363769  0.171988042307687637297222011  0.098271369789978888094859888 -0.156107800659450764272110843  0.111879804164412807385153847 -0.373805144016541178773145246  0.841983924098000006280579505 
 14  0.000000014334748797770171601  0.000000031219880885916279600 -0.000000329705784892820903904 -0.707107136016001092538967032  0.000000420871284595696901976  0.000000066273089568949648367 -0.000000002976255833420651446  0.000000076495631718856959397 -0.134875882807307223714451787 -0.185250391744648370198210625  0.228979468598787187867053643 -0.150332297503667402244621580  0.155773190247736709391395207 -0.390857034953026278981981501  0.021905093195235285126945134 -0.440688188899113036711479782 -0.027174778058705344576854003  0.841983960699984575757129357 
 15  0.000000179081128880721113882 -0.000000452793172178335012715 -0.000000176292799869069875019  0.707106426356376296894420963 -0.000000024965447926438217071 -0.000000069245819282941662697 -0.000000064634425396619069309  0.000000103249205407863906709 -0.134876334522657746577134485 -0.185250438411145365642687492  0.228980180802177120193727049 -0.150332884106881148108939873  0.155773406036003049136427941 -0.390857132613538757389412895  0.021905694271282104564177624 -0.440688407786932837912003205 -0.027174761693935001990711660  0.841983831141033006565960878 
 16  0.000000359475248723267805881  0.707106340897987273883072007  0.000000092777610880624054696  0.000000245190751308710053467  0.000000150205528800880779709 -0.000000219135153392594967457  0.000000493069735347850620986 -0.000000036244036070278030058 -0.134875589825865635623387655  0.004359723948377096841180322 -0.212349570470031971837618009  0.225480017964789184039620454  0.191569656652610972410902095  0.346233816486421827043808847  0.203824429634479107532776636 -0.388831863974142885674156050  0.191168006139042159034486905  0.841983526821917463531675524 

 0.841984062590787319464886995 

