
  0 -0.000011651695571042572254173  0.000005929863143961582180177  0.955043344237283014629830147  0.000002551003537082481834711  0.000008603479719203901952221  0.000043375104290813260318782  0.029669956205130352240128926 -0.035986621717603571297370039  0.267064066075814769143318556  0.119973538175743744683661787  0.984785411588675442062876947 
  1  0.000013869383596404699233625  0.000027981513545914179846171 -0.000023420839672448913750263 -0.954988469506979067156268032 -0.000003954751875638206106101  0.000001004984801444253955313 -0.029770399074760529833612917  0.078374924571935560077150153  0.128102894383383275364964894 -0.254082200392077089837281761  0.984829100055231401625137344 
  2  0.000024642447640833092421343  0.707432127314595108702553056  0.209532754052712806317414727 -0.000017507217783653398722086 -0.000085885644294058082589793 -0.000002352986943470072937404 -0.067567081449152821109307640  0.082002976538445470894419988 -0.608027583615784373845085387 -0.273218705128743828198416635  0.984662351113122785316224966 
  3  0.209776830150125908071279644  0.000130537372596002562963713  0.000003415861589401878314417  0.000002842111533722582281416  0.000003373226898732166843883 -0.706569465246110506176716037  0.067625694384222691140956703 -0.640126320904742466503124093 -0.001136748392066421094351400 -0.205953931232118284347528368  0.984112158353076992283337693 
  4  0.000099796581494827711328197 -0.706781266688053921756328818  0.209733722344550235070132806 -0.000086470272994831402511860 -0.000048139821502713468392956 -0.000165498372636044337409832 -0.067612223209854146458895000  0.081979598950398109706062550 -0.608623584332354295475635275 -0.273417674720746391717933824  0.984527117291086763207694221 
  5  0.000023029259489960409831888  0.000071366831274510916657288  0.000021202052285568983113631 -0.209748858436284149004487538  0.707147320967834437720027363 -0.000029669890709957023954765  0.067771895080882134615278545 -0.178377967897296743770446138 -0.291503493362779093900361005  0.578413398913408971708290801  0.984813342518760680122623385 
  6 -0.000000000000091910590657795 -0.000000000000015139634259922 -0.000000000000115631157687117 -0.000000000000097669718609689 -0.000000000000032179240838141  0.000000000000079426394056700  0.984833673491030681113045375  0.135488795098525987339313156 -0.047364552948228215932378491 -0.097478310843623614013206489  0.984833673491462637829534782 
  7 -0.955040365838916254154818825 -0.000034077602441188019070347  0.000015240789981532626856554 -0.000021560434723387601779442  0.000017490331273286083814017  0.000033146739905651536195364  0.029655547566178899979651867 -0.280801836530956806624184999 -0.000627467269922977014929733 -0.090379089060749757626310897  0.984817429303420217596293229 
  8  0.000029471665165474031805857  0.000033560518334450645049368 -0.000006905840021700625072686 -0.209767564256937530495390754 -0.707066225129901912817634302  0.000065170377979313136842919  0.067803429533858359321148949 -0.178513536203603492439955999 -0.291419299431416716937223721  0.578502653607518328054189899  0.984772327322198756606366071 
  9 -0.209503147605897772044682321  0.000032604085902668860966393  0.000005380315421517605787286 -0.000014698861193487390464548 -0.000098121500170560509530516 -0.707643664055561845633093854 -0.067500433414433380100111524  0.639110958832603918424678652  0.001281290978574087835932421  0.205737932845993376447307419  0.984798049838581280473505386 

 0.984833673491462637829534782 

