
  0 -0.000001650395676715599615738  0.577346448664912432720882490  0.000000000000469620573010193  0.000002046503562393766756348 -0.000000000000011340732005647 -0.000000000000389181243644854  0.316854457248620124081147850  0.005197274916572767935493791  0.055736199404100310115367772 -0.067823802308230656862430164 -0.007124000148578894645902404 -0.052679744378033787163178106  0.178854019094131368283859436  0.100086913759784201592001589  0.073753452245027490021380204  0.503997222942954152243109217  0.260363373431676066932028216 -0.422827332625139403447659184  0.087657619114653245402429740  0.577350145565021722476872768 
  1 -0.577344955221383712858605752  0.000002344445762119932660099 -0.000000000000878747649702711 -0.000002845895863592249994837 -0.000000000000732447660774410 -0.000000000000269666655973942  0.138661592071605108307530418  0.431350046879560311210858106  0.128771569792845921056901812  0.172832421985767778867737129  0.380124497198733452132468971 -0.006774481199562510619125415  0.179817041662505623696578609  0.363484003114699984958143111 -0.008110564128692255267686002  0.012126992906456992789229765  0.030661513749053586821443447  0.307740530288274059117492598  0.100385336369538583760634056  0.577350145564890311860976879 
  2  0.577349917890101154587835508 -0.000000184886668209688536161 -0.000000000002075763094515105  0.000000042780593471111493453 -0.000000000001050253116388920  0.000000000000958803197583095  0.458647714824972746060129797  0.165613701013544946526894787  0.129181040524128090975198267 -0.036109623822534743280089544  0.230948408113993304413970147  0.103064213914179809386973546 -0.100470552030879645694755840  0.020593818290472837772433850  0.044423490135473167959016165  0.247476324065060346101647612 -0.247632844987385291238139208  0.430875903470037359334777333 -0.161919479179121540490327372  0.577350145561447649906854085 
  3  0.000001725800859405469894325  0.000014327500754468474959983  0.000000000000052935280078043  0.577334092261570135779479018 -0.000000000000283011624227404 -0.000000000000634875052034656 -0.193432747909908173968799444  0.349787383795117219820918278 -0.015509516131391666739683236 -0.097905322300648550241399231 -0.084953474677843816483273267  0.049403514034816439017715932  0.470542903160122080079633133 -0.216389444614070196104072333 -0.011588228970558769093122714  0.090901815326277602064605071 -0.270478177785362573580909065 -0.117082613588831500600476784 -0.352043862318150543579088271  0.577350145564154871289687387 
  4  0.000165720093092742327553993 -0.000035263169588239799284538  0.000290563501404267850161746  0.000372126986351374277733875  0.575905844828698498425682134 -0.000075321751117277191441441 -0.109655174573022339225465433 -0.317785522162997911192836714  0.652146767730617723146831211  0.193175764444898232064071371  0.119832317979817211182457914  0.131498492257774569213915963  0.149045317587991257650935351 -0.038046696318937929336525053  0.056757277614918012624453366 -0.029089755798847372340372062  0.057590321667816381305234422 -0.020484747364679980022891901 -0.172018761755270084003958259  0.576844840330252344763606320 
  5  0.000019494291404385760321528  0.000003755981374599594130902 -0.000000000001397629105527930  0.577326895288853520838215361 -0.000000000000478856940952040 -0.000000000001073142356901047  0.147696463891959496307583130 -0.394621363015105978435097950 -0.138489295104236673556092653 -0.245749546155243464202219510  0.465222862776019536714322208  0.082990162804695116791455552 -0.156571553479396312471899275  0.273501045740192382812018893 -0.154872613288648863487536288 -0.205411754793168525352756518  0.036731805633370055124944020 -0.133952077649413396989198921  0.038369429711574577507998685  0.577350145564582116985107019 
  6  0.000081797070637796009904317 -0.000231215631239933498046858 -0.000089495664659253885488157  0.000203749815134611980883897  0.575379052660250183293816351 -0.000459056588885285830969588 -0.217352267740158994638950858  0.034923968873124936355208277 -0.436704718067400965078725047  0.116393230995455342257824654  0.147294472560233258770219338 -0.365159662260210896191211724 -0.173765051097026712687444033 -0.003591812321492296883137141 -0.272364831996549770141936506  0.378723586841705393645331548 -0.073546888941755112540537339  0.080223118001118967466565521 -0.038923685508174107430573625  0.576444367430807015487744666 
  7  0.000487889253267012348234481  0.000074865887289789784643048  0.575217307196195794000582319 -0.000831176582654337070870405  0.000320996123540148720937059 -0.000412579202818999652132027 -0.022744414946569365901110973 -0.007030406326213713651813558  0.078346133043970724080435914 -0.127482831869114965868210708 -0.078554599018664348425639628 -0.472671806869385972621130931 -0.111592057048208145666220829  0.337814521915862866433682976  0.423962686543574471053448180 -0.091623910686991875088221442 -0.129304030899923656186979032 -0.067036396006743043488615517 -0.283995608946360450475752957  0.577344814245766080513817126 
  8 -0.000936107351791937996503107  0.000034524494341484963070133  0.573986060568926556991857513  0.000173751617904910096154744 -0.001968083578416713461857959 -0.000060533598729901052334664 -0.035100789649523169834395347  0.254052465544041730958558026 -0.035029704647677598882289087  0.310143219092027098954906725  0.137017803750911715780910413  0.489642698759793514826652375 -0.338201880410837653557131963 -0.131808336015778084822228436 -0.155365827506737438990836765  0.036148613596959314681934545  0.016933121059193031314154122 -0.298479015316261716824017963 -0.047382319405696525008289460  0.577159061210111484882707977 
  9 -0.001929820439206678846288491  0.000374441195212769672547114 -0.066099701954587053593368536 -0.002004999410065454324807584  0.038738338692004206093288119 -0.467054469595922011485381042 -0.288011059155199136076318939 -0.065495727405422054330161319 -0.032541315582294893715215511 -0.156588875192997947834064147 -0.291424814178372880934218825  0.427554393600094791025789318 -0.063856832823109174693146459  0.534372628269469630813651856  0.040094072109874652818625783  0.272993758830347748261082111 -0.139229409161383556548180832  0.101216078050733763614345978 -0.006140227680026873718408908  0.576201771286998175834737079 
 10 -0.000150650254160640521093850  0.000103255865765850572435134 -0.000093244409329975725671512 -0.000099079771919780810335120  0.576027476102353619316197991  0.000290552526086424844628706  0.339260076493449303977872206  0.297920548934237384107719809 -0.177941257969193131920938866 -0.302225054147328795649740316 -0.230461575883237180294789599  0.180284791742870076472525856  0.012203046868421311234092705 -0.007998512313412570192376746  0.204520819964563187859894755 -0.363477167714361825432214936 -0.038524199460360731003474724 -0.098561706432534029533889218  0.265262336286387894265662371  0.576764258929616280746534990 
 11  0.000285340505431279938314006  0.000021583986933802220154261  0.573839618167373986129271152  0.000043133233343247108907872  0.001550675858779348940609943  0.000108750010668229465455480 -0.001933301572211871579833688 -0.224801627106086939270317843  0.011944403131986241909340371 -0.249521596075539152777495247 -0.099152533655278706498504941  0.019325290633815728188335471  0.402929132596210274334025056 -0.129648682177594151078057171 -0.305496410677587215643999374  0.102229829062670135980922092  0.053602763375495420253497632  0.354480021046886531048717914  0.368902009552112471592408977  0.575849101762529851479890941 
 12 -0.000446062316141260751108643 -0.000795193701699340188959092  0.077038491531691803843593432  0.003260723445213851952094946  0.027155121731990992019420699 -0.466662545123357129582108288  0.203250313533953022812638713 -0.215820417659225072932148437 -0.421782855881675791139386392  0.370618775264836411171415209  0.074344957626272608269346956  0.074525670646295261187008578  0.291154288114510576419543056 -0.140452646759071439157957016  0.300133551771613773276022388 -0.116494361964865297198398492  0.274805338258966474557698154  0.146462485222927205129155037 -0.237054310776447844930146618  0.575358137850094390123960320 
 13  0.000006266668244672251603735  0.000025040078311476771744619  0.000000000000504125260266547  0.577318838816898768819940030  0.000000000000516935972006951  0.000000000000557326940852199  0.044044887217115195701970434  0.049022708274248244560296860  0.157346744285500770893677924  0.335849097127945227274836357 -0.383902410978499359994016091 -0.132435235587508667325540475 -0.318091371357963701550037802 -0.053711903774818334098901289  0.161025081354553962039366163  0.114478750021706481864217607  0.240671083426022919789038189  0.252834761738607645870135013  0.308119255472684994373675643  0.577350145565033253400658020 
 14 -0.000704872821576107601521796 -0.001943139958186254737042215 -0.007989463349767534759890127  0.005485744057574537947258162 -0.056579911955086903524426122 -0.504472116190180320540424608  0.025199733552941658772613190 -0.029594981326691477321861158  0.143852737058833075563853837  0.148946386391225785565694574  0.199469199361103315042511620 -0.213125453647563547159406519  0.007197911569449763634634604 -0.192042130835077898233162474  0.088498630884912025658470963 -0.003536626251450309119781401 -0.545845175640279915891834445 -0.237376465034049476788375818  0.462101078532650911081559875  0.577175248332371623499921498 
 15 -0.000000264843453017006457539  0.577349362944920530232688349 -0.000000000000384809337438946  0.000000517774453097335860571  0.000000000001685169451509553  0.000000000000047209201183256 -0.434322930154273069696269777  0.063367323177983636323280792 -0.035855590123289899247814323 -0.224220284906546958941732546  0.282269591602762337468821019  0.112259843842264395746724341 -0.174325690574489777402169242 -0.265407405220378097546098800  0.343283969491972157107298122 -0.113566891072443468560201115  0.039387980008154092202612550  0.303192245713231246502343541  0.071612310286779336610874565  0.577350145564943865593605932 
 16 -0.002632716111207882993962796 -0.002114570056088631771018410  0.002260965351559000936447063  0.006025095892236262993884536  0.004245407194306383439488610  0.556411348605054411839161005 -0.048835971268194382953952912 -0.262921957300434423542923393 -0.250767492563434706568303509  0.314707405831817220095980581 -0.001186774960337785621062687  0.227486550313461365009680762  0.196787698413857671514816741  0.156899279722373568299667590  0.365648276334006875129675404  0.128656277235289692717750548 -0.381419994741490923369870922 -0.007455247047190076612205192  0.214511918073293370135099130  0.573690103210452528956914131 
 17  0.000002171191272776629515747 -0.577347120959050513267808713 -0.000000000001344987273896879 -0.000000853411769828063887476 -0.000000000000677788105995972  0.000000000000804667660835044 -0.117692806927414990679481559  0.069954547602408473609290809  0.020992311336747150424481088 -0.294421078458700038825825510  0.274059600222650892213183474  0.059775351463457103269946583  0.003378415635399619288971353 -0.164683784018729999007045646  0.415196735173845522923110479  0.390094462681816459036828609  0.302523715135999261420822123 -0.118995755152465054341269068  0.157302547977959937387337601  0.577350145564920544838556637 
 18  0.577345018808582104402182117 -0.000004710447678900148062038  0.000000000000133147634076100  0.000000416308167348959942955 -0.000000000000087337452932407 -0.000000000000438718129720230 -0.320877303837587048417892208  0.264818656798906690866485594 -0.002110687986871498671968500  0.210911063393195870701289120  0.148705472821190032764308332 -0.106332723667688979826012347  0.280545650590884330786338799  0.344615653016489349654309302 -0.050774320350173574622793145 -0.233995868778837929694556542  0.275728333637198379387454883 -0.123643584756530940692092427  0.263745915776699593708687699  0.577350145565087585590446917 

 0.577350145565087585590446917 

