
  0  0.000000000000183473068092063  0.000000000002137993346153129  0.577350269193540447537366794  0.000000000000589472986863432  0.000000000002281214207934655  0.260230410122235913532610582 -0.067411351569742656737456270  0.070983166449784308267491762  0.041312164726349462436809975 -0.163053151068482639235207761  0.156209243619022317871780289  0.127494164108747845968777797 -0.075789172373770148554762184  0.092014117517989853983555962  0.711480280047727465782356898  0.577350269198732642084940375 
  1 -0.000000000000768904849007390 -0.577350269190217742036868448  0.000000000000110943047676342  0.000000000002427410481126538  0.000000000000271350584629530  0.378122222840497095063590910  0.150407557936304557045809754 -0.314027583319386033517458395 -0.403422692647975859815603211  0.070658097147651590977618201 -0.310840586902538980774036298 -0.060483426439690624029968911 -0.269590732351481672106644980  0.246085943014314107636793770 -0.034561385904573208640986519  0.577350269193796310955926754 
  2 -0.000000000010294595376372590 -0.000000000001137010950033683  0.577350269184992694103484429  0.000000000001711715140697776  0.000000000000004172102084847 -0.474669019599686181274094537  0.433962736181507982113729482 -0.212146287261874840347330301  0.033865676692832237571243684  0.401840602692353440772172340 -0.005708580435401420941508903  0.059432057893424683107192960 -0.122701366571866046973780448 -0.016360346952488968714131668 -0.162835767490096675638678800  0.577350269198140152919571794 
  3  0.000000000003825540680732902  0.000000000000930238356485797  0.000000000002433410995665009 -0.577350269191479434664412973 -0.000000000000599869675828329  0.287205193304716079527247330  0.306445645281693096982893881 -0.054449562469950240739102049  0.123414043729220346093421786  0.033117720419845378837406203  0.182605979350743301766759295  0.278816383073904408329600838  0.491088791841084877594142064  0.311100022606473413733577105 -0.148133051477030926670213663  0.577350269199268530150633699 
  4  0.000000000007399822264959687  0.000000000003573210251802930 -0.000000000000025146380687939  0.000000000000945939423179254 -0.577350269185639856114964502 -0.174450857314630431436127539  0.229707044941514456810080329  0.530354422987802500647630533 -0.165078324877015103995850885 -0.105371497463805314176931664 -0.026845114598794130968939498 -0.279704433235432894239158585 -0.031986782621019752709674551  0.428516515729516307188235597  0.015284962813805263948900971  0.577350269197583926684795574 
  5  0.000000000002049515400263617 -0.577350269188216529744200889 -0.000000000002356242770796961  0.000000000000464138218120077 -0.000000000001774932378810728 -0.383754461643007058327175737 -0.411956500724475937477231727  0.180663397014149745405673167  0.262951854194670130957260309  0.025616833073196648954159916 -0.069632156952296119778174181  0.429964603701348964669452443  0.066472638519942389458410471  0.230225618734172491610875944 -0.010545788505108170908342133  0.577350269194861353703931289 
  6  0.000000000000899534759497376 -0.000000000000661015677070540  0.000000000001037161463916392  0.000000000000449599130722427  0.577350269195566159383895682 -0.302668910601009772916910462  0.266789770860327195582586274  0.143413272723514219949420001 -0.188584910238349503632600442 -0.381948522392473443202607838 -0.407914533663402349868403601 -0.095622148452427564182219688  0.296540571067828662615894000  0.095647402493832725991888301  0.171004410812966753366770774  0.577350269198613512443892665 
  7 -0.000000000000403985967674110 -0.000000000000124945664260407  0.000000000000041875975687478 -0.577350269197724430504312099 -0.000000000000530334413421277 -0.052942701619522612088632619 -0.220463064285770970278355817  0.305769305308008313543620404 -0.322385146912111817210123965  0.429437195654894399225428095 -0.249212593182628180124788334 -0.055998563512117652036950786 -0.012595272452406834616476790 -0.360469444526138573788942923  0.195132778427611544170964565  0.577350269198825616974880132 
  8  0.577350269185671639772701458  0.000000000000039585576937740  0.000000000005822964334240144  0.000000000004795261313756486 -0.000000000001622995704647491  0.177819820778046669876412862  0.054743874541802793225387562  0.040167077779872994815267388  0.579707683379808690505175656  0.192554930373967616273351428 -0.418109140698920510851753149 -0.269586908917573705128786429  0.002578611621642003648343308  0.059206579925413403002497966  0.079332649971391195580351727  0.577350269197952478661926834 
  9  0.000000000002984837897968716 -0.000000000005015719255434320 -0.000000000000329114820089261 -0.577350269179673440168593795 -0.000000000001234773063613115 -0.234262491688758135767738262 -0.085982580991540807009200238 -0.251319742847448916999450810  0.198971103193105756731123325 -0.462554916087976595836031568  0.066606613830921590111659031 -0.222817819567292621472389368 -0.478493519398671265750863299  0.049369421924467810601500073 -0.046999726952345454746278602  0.577350269189237914869115842 
 10 -0.000000000007224662739625512 -0.000000000001847254594736753 -0.000000000000512169810970042  0.000000000001868636849599530 -0.577350269187671291790022593 -0.128218053290482377479849591  0.037082725926431214528359963 -0.386941150261676986325202338 -0.023506585367325835493038013 -0.276577024933439348991287207 -0.381069419067856057005980533  0.184082284783121280126037995  0.328527353690857568298006736 -0.332869113232321817055087143  0.155719448007680644668936434  0.577350269199124018415156256 
 11  0.577350269197567519507529460  0.000000000000375111726959411  0.000000000000382915397916043  0.000000000000292006411152673  0.000000000000262722603024331 -0.238291925583114924227568811 -0.284583153217182475991104545 -0.309377301438249798843553931 -0.372489253462607345257929375  0.064084288827526926873531278  0.336030173181955488990969513 -0.225362907531661075659920948  0.276437715071643763138772507  0.201820377916801073364541988  0.097327829849166548433132308  0.577350269198880245585542986 
 12 -0.000000000003168106429789863  0.577350269190443019949512266 -0.000000000002057729499405555 -0.000000000001318877893115666  0.000000000000883389532331681 -0.005632238805100955358837200 -0.261548942790002489670268121 -0.133364186314268886389519837 -0.140470838450562798274071780  0.096274930218714871651161744 -0.380472743857397587301152203  0.369481177255804056662946352 -0.203118093832835321086208689  0.476311561744904698941253593 -0.045107174412074369214360530  0.577350269197871069607082284 
 13 -0.577350269185638119873605484 -0.000000000004034019672161819 -0.000000000004039473854414904 -0.000000000001319124894453507 -0.000000000000635897868726170 -0.060472104803694060230572459 -0.229839278684522222508156489 -0.269210223649214232163320512  0.207218429911163306580100529  0.256639219194179886819953684 -0.082078967502087573439350024 -0.494949816460606041302857164  0.279016326699555026970202970  0.261026957856977842115315039  0.176660479823239309466300154  0.577350269195666659233223683 
 14  0.000000000000134231272739577  0.000000000001188552616181537 -0.577350269190344155944422111  0.000000000000155015952496436  0.000000000003859863972051120 -0.214438609466974674394069977  0.366551384613744519921614898 -0.141163120807456295746130405  0.075177841422668998118384286  0.238787451618996512657543997  0.150500663183019355549630003  0.186926222000813983326657913 -0.198490538943676070486664235  0.075653770564182100451136419  0.548644512562489784074631211  0.577350269195681820228512743 

 0.577350269199268530150633699 

