
  0  0.000000000001224723374217395 -0.377964473010831317147020098  0.571403545557631508311404595 -0.319475443285670658387755474  0.021199348732667726569122118  0.235484543153550220009190275 -0.246959158695040306998025846  0.184796033318921064004408152 -0.023394831471068194704749938 -0.010794504507670875206903124 -0.097596296464873890376910941  0.404631273835948620159813291 -0.292923478687797984951896035 -0.133476572008320960817037704  0.377964473012056026689784241 
  1 -0.000000000000975733382257227  0.377964473009837877468626230  0.404665405602336303796757663 -0.045900957406378651719279851  0.300513068377502406448853467 -0.285831229519269345380663022 -0.152887380267778066306291924 -0.307831677789703242475744666 -0.101907211812325968115387417 -0.068902277155771247545189631 -0.419291690669940827573911740 -0.358242320641265525350003043 -0.157115844438027473924600862 -0.239119855881437433538228010  0.377964473010813609143987435 
  2 -0.000000000005284251390417157  0.377964473003509371634017766  0.186544525024662261820430388 -0.381674256869287368263733706 -0.043546019392580118673586990 -0.562880982421973728507466617  0.293684231387458760160645219  0.309954909258942869204741730  0.012514123731508868353282918  0.018685337595757407943070278  0.311324156953268068459420373  0.274445582411222446762247978  0.050949727234882721497993959  0.016440833625780322141496999  0.377964473008793633865363276 
  3 -0.377964473007455847972015789  0.000000000002855112422660020  0.246982239080633313689440607  0.587850570808624697479762011 -0.162357744591319070145323325 -0.012457950480013147883551910  0.426464158871625378049259256  0.132282099291864258639546056  0.045636862021194449821008933 -0.240010942844333862117387618 -0.157614214752140217770236957  0.200578253327235200509045566  0.021291749667293465424572027 -0.315394476655819911797796681  0.377964473010310949164375360 
  4  0.377964473005975229121834735 -0.000000000001079074075222232  0.056284677352414382685356605  0.270964268395018300663017879 -0.372333080623738730093518975 -0.164033693759401130604852828 -0.252927051050125722324660171  0.317734588599512777264957317  0.234519098895078416700823130  0.375846534518857154719964284  0.107845343728773158097913269 -0.249506581189715008988307468 -0.166185850424875239432975435 -0.390288618299946503663886213  0.377964473007054317410828223 
  5 -0.377964473010461195461983513 -0.000000000001245887398991972 -0.104415804138430491301457390 -0.346311500992008166721191492  0.249022559696380896257961353  0.325713460195981050051888470  0.185228094631629112610149597  0.159665714524643979132048112  0.072190313441319877818102418  0.166789907607746205680469137  0.228677261458864849948168299 -0.339537407410193842037136533  0.086822215293659688968499078 -0.538755146425896444713210531  0.377964473011707097877508177 
  6  0.377964473009259220283523675  0.000000000001760125971285849  0.022566592791466857675675454  0.174552257323294203797663798  0.539884251817716665769117390  0.134893345680390342432048573  0.477801753725616415614937602  0.019075278208751382127449157  0.251466918004482777509794519  0.239715165762236779664769680  0.017040819711862909293815789  0.072962400213316281748655162 -0.381307614967456297571128318  0.126992689410526865366598756  0.377964473011019353501085613 
  7  0.377964473010782230408656848  0.000000000000688971229249017 -0.074936281752158181040143325 -0.260519149444386239196065971 -0.303420015142080115903237131  0.138743134516940818225586018  0.251834774266929237293479588 -0.112082889103564940165070653  0.154569443354464758052027595 -0.672714005364814350421739236  0.049838642484195151595715049 -0.182173165212041368045924050 -0.231522890951355003958181400 -0.175073829546104270147113303  0.377964473011471202698249860 
  8 -0.000000000001752593588175106 -0.377964473009562317430513889  0.472186900176833106157741476  0.141544319116003674302486752  0.120757519938655412098011972 -0.164694333653193483683473304  0.009808577966117064646445678 -0.217665335768809111943278105  0.185359684485712301321301727 -0.122214587153991043917819134  0.514821776704610206004415068 -0.331042749736292034909261595  0.268562499666977003756054496  0.170045250795836965762553548  0.377964473011314912000635155 
  9 -0.000000000001661035310957596 -0.377964473009376428257535818 -0.159102714264104307483982219  0.060940273824139022146209165  0.040370412803200759902980512 -0.295960282399494988258550551  0.148382193963801858345831833  0.019757809735948362124177951 -0.722707227384752208673105583  0.007133094770071864226899922  0.156909188155512096355683437 -0.138155406541200362840289204 -0.371164640920568981850196158 -0.112509302081113596888536053  0.377964473011037446883780486 
 10  0.000000000000267518955119975  0.377964473011064868850387641  0.065817038766621603510052069  0.259406398333694982052217634  0.254204384245541047267734347  0.264250377907150028623231228 -0.327600037375840357986318124  0.465036015723664888866974859 -0.212058720949505806718489789 -0.361937966173290693417752620  0.313410827151648738609496236 -0.103243832051993316094426392 -0.131232314465049145556598854  0.159421877951457966412249050  0.377964473011332413192103416 
 11  0.377964473011042404750579882  0.000000000000375230517022251  0.269066747886772312527928902 -0.065631087716422019705871539 -0.092537258417087515210139922  0.245078576904190502885210780  0.301330480035045663282514475  0.279779329404795676361494827 -0.391754758223183110251580663  0.114488046024038045768466462 -0.272071395809611275482236409 -0.204645987518796852833538082  0.501408981057858527661565129  0.094033100828791100476739418  0.377964473011417642758563371 
 12 -0.377964473009614473734962825 -0.000000000002021230591847622  0.130415301335904740623328202 -0.122172781254903261757003338 -0.315070917472034177218192033  0.041425853641345780309460664  0.166347703475120554960677011  0.212558493287237670364762769  0.130973526565979925319360179  0.130556776171078632697961260 -0.168409636599680847399086898 -0.424404179620372773575976214 -0.385721340245368228251627088  0.509812965477560579288449083  0.377964473011635729483457743 
 13  0.000000000001646301092367043  0.377964473010408420674405283  0.227460762079071054906384379  0.051177965582381089963145233 -0.328844151759648803320110547  0.359291761125026849028277903  0.098034799490607032115417792 -0.480270739900410224110889265 -0.259290565337610853585085385  0.286278908846952475150812387  0.368691374964539330066990580  0.122473687841290860108455982 -0.158127188272902699582404817 -0.012683478988105988841587717  0.377964473012054720470111885 

 0.377964473012056026689784241 

