
  7  0.499999999993342353885907026 -0.000000000000710367055620799  0.000000000000506948789545757 -0.063940732979022750776117948 -0.000000000000391624904981806  0.145454369734318250746338795 -0.273806713389590842676769161  0.138971857407154275520166052  0.323905056771192204203646883 -0.227270077403026820323374106  0.218723310338057492314880331 -0.018673713363615207372082352  0.284283354933675727811183409  0.141177954765977990906461979 -0.087503602580301036474043873  0.005782546509928962801465557  0.460857470537897322354972673 -0.323864756256819475029561095  0.563940732973974073716748323 
 13  0.499999999995450253163125146  0.000000000001374680089317606  0.000000000000490019440460309  0.063940732978936571319805889  0.000000000000116907539688774 -0.518832472820837401037037673  0.130362914824134782428716184 -0.155223547921388189724418993 -0.214632648347221002967880749 -0.117661496115534363190665863  0.098909697551973698608808461  0.104302047739646629534188832  0.227079171307181415599132576  0.268151280026515358861655819 -0.008659645401515528654446232 -0.128558775098355276109867752 -0.099470679398020431410986416  0.452874528313031367879283248  0.563940732976368428396550525
 17  0.500000000005887047143174340 -0.000000000001105469018558392  0.000000000000340361952446736 -0.000000000000153174845268564 -0.063940732968922357205008352  0.065870069151534518912957054 -0.238959379668340804979409508  0.042236151613270947540276128 -0.140475932851470565357158982 -0.039210974584727430149508733 -0.263587092209369428636410448  0.103706851387899534360414935 -0.387893588815891482971713947 -0.219348019607842121899581901  0.220712190295252506331289202  0.555896361163907480509426690 -0.156945055955956012407308958  0.015543768358200389769853465  0.563940732976408433559361438 
  5  0.500000000005320332987102799  0.000000000000456079433519873 -0.000000000000469766042123510 -0.000000000000130900384072045  0.063940732969492553906549343  0.307508033927948107799036498  0.382403178230391319823407506 -0.025984461098284441003155297  0.031203524432029841600768640  0.384142548095205764322130140 -0.054045915673694106556331071 -0.189335185761141032878985407 -0.123468937413458917126511671 -0.189981215176244173180168141 -0.124548942316275102471759446 -0.433120132578893626850748133 -0.204441735174602132762999331 -0.144553540412931304524933943  0.563940732975869601451088947 
  2  0.000000000000354914354993075  0.426580414096123371219719880 -0.000000000000339984299540068 -0.137360318878537234396608989  0.000000000000746238223969000  0.092454712931024028146551053 -0.162087964540461271911861094 -0.051654877533210001413268306 -0.039053460143044910184574169  0.305932475639078517101483029  0.487730789684995611637553792 -0.019607496674380976659778932  0.063510194890792668203662302  0.241711721232848358203223332 -0.308649269455643548249954011  0.319655142347282091453818803 -0.405029395930700501245571091 -0.065851050415450359345776333  0.563940732976101711517932791
  8 -0.000000000000514207524498909  0.426580414098875873411820248  0.000000000000717118920797074  0.137360318875748020481979486  0.000000000000289845176217073  0.170191193442331767350043231  0.038136919249127370103565277  0.393134651062378214224661208 -0.093403690479201038310524789 -0.529436198292680684817160253 -0.086055725580157098299953575  0.359320339702770395089777983 -0.072449266283897379677450806 -0.088419719198825791449532999 -0.232799846384255529512029119 -0.260892836626354767700199447 -0.230529197549672163470549542  0.013109000224093883708616616  0.563940732976145053367139637 
 11  -0.000000000000097015686022648 0.563940732974467790166849673 -0.000000000000237904724509189  0.000000000000829703620803295 -0.000000000000692253965039355 -0.306476204832574967881460640 -0.161739878473962720128705509 -0.311547133676252598912491398  0.183766913488962010958267107  0.055853101855805190080337319  0.179952778318830531912057499 -0.019885083046198064561166851 -0.225892679546635271990587604 -0.445174493854674742116667163  0.199593105445100141859542282 -0.214789148348809761588642728  0.243212130197398529021031617  0.028666276773914268044112516  0.563940732976324662353243694
 12  0.000000000000204278062516231  0.563940732975577395792547708  0.000000000000074362669769239  0.000000000000029295440472707 -0.000000000000088132039336255  0.107803555473961002990758266  0.255499887523114495367464183  0.053242360354264776340591512 -0.083572650405654967740564504  0.113211313938647263670168527 -0.483790939243395632149815147 -0.237083135030350125444756522  0.232654441116659621601511082  0.329220171206052071870198222  0.209974025535421010763611344  0.170339710242319535463237541  0.237542020261433341099164239  0.011229273050331929302070918  0.563940732975973409472295744 
  6 -0.000000000000000349024706091  0.000000000000446554748914909  0.426580414097653452457211895 -0.000000000000046619475110768 -0.137360318877929558011811301 -0.268663022001223317268905899  0.123997226556684012785901610 -0.291959165593999049880284333  0.138760136252528496676760840 -0.391625123686567264878971920 -0.149102086083921052435809045 -0.351414965420446179266474734  0.006918845027998180541274013  0.015015662180671827010926744 -0.114316743922394452465660705  0.071086287599605691652794853 -0.322076262525106129901153462 -0.431148984227767647633500561  0.563940732976076554395453849 
 10 -0.000000000000815933312861000 -0.000000000000312595892827917  0.426580414096365393957291379  0.000000000000063821843080690  0.137360318878801447391624531 -0.096423101969665098080026436  0.309069193997715987092889459  0.044531610205069086913569560  0.526920661135383491932484418  0.226306973875062532978465722 -0.096015518734269542821179941  0.536024291571116739680939733  0.043506713255664749410604264 -0.033757437975688702751935789 -0.084187111708498483438078454  0.218463134787201191519740752  0.036063513919134110144898734  0.088369735699253276943270462  0.563940732976359187307753562
  3 -0.000000000000169578889614097 -0.000000000000043022667625411  0.563940732975274868149853646 -0.000000000000179075286597887 -0.000000000000074569149876819  0.212979176524197452127946939 -0.524176768186461410179051434  0.055412435748712598989663709  0.071804202776590012677478906  0.096014757954246723028665905 -0.173448585397954831494233587 -0.230434226434921910216355352  0.001805414864644841023739504  0.075697251599867908152799098 -0.059970056848251662096402478 -0.240726005982732268711067440 -0.050741136764498926347254082  0.437454525508912108789933565  0.563940732975741162470717516 
  9 0.000000000000017839499651232  -0.000000000000180040548840086  0.563940732975511897025113622  0.000000000000260701169526548 -0.000000000000178264895258306  0.063182095110200641649423042  0.196593314449011269645205963  0.131748630769220103042512274 -0.575343623856357772484038798  0.029036476478632563418181721  0.358862341227167702483293391  0.090790611085473502556717276 -0.039948705951761714958678532 -0.061520452493697676632044939  0.210123879729618583911908945  0.021702790809841909268484311  0.267089113782786297519823357 -0.178166793250175792401031154  0.563940732976148795274097536
  0  0.000000000000154131862289082  0.000000000000454081461083696  0.000000000000013341388794072  0.563940732975767424232579894 -0.000000000000044424920560281  0.238815471261226012087623520 -0.035468286265374249639466611 -0.200480406769395714833715411  0.195193216219135558394618540 -0.044064904125690258672118100  0.190988208031342589026356504  0.129748014035270959546774366 -0.099329803400966632069828566  0.360399301093038451702498665  0.535694012595630958243914793 -0.111995282259329455922273674 -0.208502633339282223047398204 -0.086000260468883189655551688  0.563940732976433391080220425
  4 0.000000000000012122851088487  -0.000000000000105702187006054  0.000000000000014240406307985  0.563940732976075806295954834  0.000000000000042782920944018 -0.402437459078346689657140409 -0.227881085593794370776983722  0.254858544317378592496299572 -0.122868249616951417545109709  0.351735160628164484855227509 -0.180080648098887344043606343  0.011082807801445931813887514 -0.132430270466229751375017605  0.101049695225739353980425831 -0.306121384823940756268875404 -0.052814888773830004580731338  0.116669285434358234014053362 -0.306440731098202825976890146  0.563940732976250679758020018
 14  0.000000000000134714872571748 -0.000000000000004382703399016 -0.000000000000377781550426803  0.563940732975834581558287339  0.000000000000027261733449919  0.220005713998487594001063003  0.168754580170774163923774931 -0.129360062335709504545465734  0.001973728494443608926299275 -0.116625261696064881289315769  0.142435626452797883857996804 -0.247070370136850800667780229  0.271361952337938881166679722 -0.395434625895054269026276245 -0.256986929398736542576103456  0.321447443220248210314290982  0.112861071258177572877267995  0.285140253413273260106770846  0.563940732976378720836194147 
  1  0.000000000000001001831474440  0.000000000000003251397555965 -0.000000000000000171335908363 -0.000000000000000659476689374  0.563940732976430083125182063 -0.123715366076812451080464781 -0.189343178407028355048438185  0.166515728335752375614906701 -0.060121852433026334760666175  0.066400398746216723384503886 -0.062952049590639991432402915 -0.009863293974074070282665090  0.524096746587506574202499493 -0.306405727719373066608981454  0.308478121234531935281183643 -0.013840099636809930283969116 -0.311590171216527363077034019 -0.173212388369806453156454773  0.563940732976435187603220234
 15 -0.000000000000000002613806010  0.000000000000000021005093315 -0.000000000000000046620614208 -0.000000000000000175351773505  0.563940732976435397775811370 -0.135128540697661356031230966  0.180057800104824278477548376  0.332828183367781012426530815  0.180376313504852089339468638 -0.165329153077073232253665219  0.206051378639640256248662456 -0.395433139221853449088352889 -0.439191644502902723114570738  0.170092039889072222654886959  0.014305289797751637674115414  0.105545866132769375014431243  0.058880040440590265065457865  0.158712953537247394817668276  0.563940732976435678204703283 
 16 -0.000000000000000064496270446  0.000000000000001247922516984 -0.000000000000000878516750859 -0.000000000000000704608863129  0.563940732976432558304531739  0.189493642405741924696310589 -0.106244353893730523345285185 -0.573568740369797453761396139 -0.234264959070500054769711600 -0.099583035943212309178563385 -0.179787943692863491949385582  0.222366542433913218305410395 -0.123797889907950291647840534  0.144863794796553105247399577 -0.290975752978828574885766800 -0.015466001767164148571087503  0.170862484893104573930970591 -0.093888759509331993990900646  0.563940732976435441577579138 

 0.563940732976435678204703283 

