
  5  0.562690638889804127379442450  0.038463144130365707230455492  0.063419894005758040764610204 -0.026148773570305778153827561 -0.015892749018092361514424321  0.358203998267222965292116282 -0.370632307833728747966176020  0.364618222163969542525810072 -0.460335460801779492649547787 -0.143901626910377251176314552  0.213775901460551522116127800  0.706615199614325971422257311
  8  0.562689812571470810646356159  0.038463368773528563906039662 -0.063419967287027939518582933 0.026148934047993005807953410  -0.015893243687384501122071513 -0.330531834172365230679240325 -0.174369981247812436435037919 -0.637425721686212006737021207  0.153807392300720464206999563  0.139280347923102819861738977  0.296511089540689936109273128  0.706615326367404778667991039
  4  0.605606654301329942117863847 -0.071475236465036597929671464 -0.000000043151144748287242020  -0.000000120771018398979607161 0.029533471887862806880072791 -0.025711563641412074724827740  0.506380653604832276946587366  0.253474232042677310284368650  0.284806348137583893552612566  0.004294069710030883827409537 -0.474125418789732335514636521  0.706615526576392540447808799
  2  0.000000116584926920067170331  0.703948924676612705067166309 -0.000000048134667300648070808  -0.000000029317749399815427526 0.002666463735884475024230894 -0.521358021033161279911543468  0.113327180124656694108504357  0.188558294516593272555538170 -0.135395420389321454303441922 -0.402992888515455780005895814  0.059178941184431529528919358  0.706615582449840837100767110
 10 -0.000000000226127581143968963  0.704548336045939816980974296 -0.000000014528074817028270882  0.000000004179979350438844800  0.002067211462729605350807183  0.516795481052411764344520911 -0.032106141802776897550191024 -0.147789856201051683715964359  0.180907468947137461625805296  0.403337902077682739681099844 -0.135085817408040345815093373  0.706615566442851158698336411
  1  0.000000002070396641081646052  0.000000039502690073775578162  0.701979436072770870806442761 0.004635971727462271727682159  -0.000000050667438625095475178 -0.201005923450227127485139857  0.094374176990506695308978495 -0.162298471764256296791164441 -0.495091184120074516888986363  0.337419767225282252870715433 -0.269416663752605140013697549  0.706615500040758524435535043
  3  0.000000019120072766340449602  0.000000042986672705861447196  0.706527208339890504620352252  0.000088305016150342183383462  0.000000006317852879579202026  0.137889129321015521494053768 -0.076149657001118929923911150  0.071307436762287172474206708  0.547031631126169704904069896 -0.309828649668524940940378398  0.275109006915040868283817144  0.706615581780639160714221902
  0  0.000000038432563047627758427 -0.000000002771181234217359301  0.000000000915550622007037795  0.706615548415075997933879753  0.000000004806791291677635492  0.180709107115434111304067347  0.517237027486332693552301132 -0.056002240364753553379667398 -0.170850870931188828077680435  0.003086689255477374913277057  0.410083825658032796561414113  0.706615595341162206811675556
  9 -0.000000032154045286617476281 -0.000000001718560755555222845 -0.000000042982728558046089934  0.706615483551934863489397270  0.000000022585988195765529374 -0.153920422151134690216573060 -0.525109416135775220943731484  0.094139640164173338440225473  0.151303969452112007989803659 -0.015741104787366626147288376 -0.411412466671697947149730079  0.706615582993257615852886883
  6 -0.000000000000000026474374817  0.000000000000000367309229736  0.000000000000000022567231906  0.000000000000000127114106760  0.706615601292492377888485727  0.232505792191994188874482920  0.024246987448611519699238795 -0.392905629088904954931580835 -0.142902727002494272522700562 -0.460778674428547635921922521 -0.242764335610201191010507245  0.706615601292492889252440380
  7  0.000000000000000475514832353 -0.000000000000000324582969693 -0.000000000000000143803447120  -0.000000000000000024252299290 0.706615601292491967951644311 -0.230353528273128371344239881 -0.058003173413610318018870503  0.375896052708402998254830912  0.124086561636231229992254933  0.460836139712840820082838042  0.274229850691400930148659831  0.706615601292492980759103738

 0.706615601292492980759103738 

