
  0  0.258198889747152260365752746  0.089656522431625256569129832  0.361845481643588937065289177  0.102656026748782405409439553 -0.340301319269968529583180600 -0.282052004780237644527120591  0.174566241996657733046884042  0.220707931285016083157359684 -0.313428204664116628164844888  0.048669503796251280408488799 -0.098958740896379520556253376  0.309933042729514160950297919 -0.149349950450118508011492294  0.387620215703338000690515025  0.360927722757932466224328749  0.258198889747152271478825014 
  1  0.258198889747173317225350728 -0.099510224428117435186444493 -0.142041110004955829874137910 -0.416351875944028904433496380  0.039606250957703140078781977  0.469637588018370871962344631  0.123280374198706559373602421  0.263788875005738270750543437 -0.290644288190024584027501206  0.389069870760275277440020866 -0.088298042812977966168990190 -0.011695443812668279509921893  0.408848469569994864438291018  0.108298292470727893664010199  0.018093120702451681730424599  0.258198889747173310205141661 
  2  0.258198889747161105422601154 -0.107039111841249908340550131 -0.408484208819421331520833213 -0.078859432044449649091796047 -0.084630471182963256479190543 -0.057212170868390907282224379 -0.252611546904764443206110533 -0.084504353671871500201958054 -0.364592792134430921540712289 -0.437809330408815743947278584  0.530302430080780527385780204 -0.061792198873861395750435761  0.041185295611044860363973751  0.045350450256889054088271394  0.232404658841877050161036158  0.258198889747161097751870784 
  3 -0.258198889747154641815824611 -0.187023076855593135860698385 -0.161754192320521781881729854  0.188956208032016786290329877  0.206620610681617635965125548  0.160950527580247056185164603  0.458521004271093549661646172  0.036694801538101298621504485  0.009349464138108367297545049  0.205330542507961750386307268  0.203985496624909561444059444 -0.043479355116243294071510465 -0.232125335374849529952614828 -0.203797686109195670697380280  0.612484625405352900201667865  0.258198889747154658458327958 
  4  0.258198889747175305055823871 -0.290606341462019637453002147 -0.384759527712460260511590990  0.150748143292724557349999276 -0.051546813688346706439004797 -0.235441043965009686266920234  0.395167876017048353803591890 -0.090246316371268548776310610 -0.179623332573581480164177579 -0.005451903028358046448597019 -0.356310901955348225598986175 -0.381258471458031248795287824 -0.229244903889793074798475990  0.121764420842673792467363882 -0.289370416282820867132866832  0.258198889747175308606585986 
  5  0.258198889747164111400229425 -0.290525327631808720778468225  0.062364909509086896362322272 -0.013721339571053039967035790  0.272429899388410522842853337 -0.451369023837925601317765806 -0.141086527800250911612650259 -0.313164619643637507441545978  0.287824998404522458582757705  0.430545640511421375294176875  0.180398905221372473069792360 -0.034251266164980508935561463  0.281458128289357497567747118  0.207992702050420102971193745  0.156562583525866804974677887  0.258198889747164095354037272 
  6  0.258198889747150861555214860  0.024898984026214385843108205  0.284141950875486976952266280  0.107492539503761685130587764 -0.124743859132180329785707495 -0.158054641377764705411821354  0.283207801549304342335301385  0.436345695099729332619735087  0.109699588736595226487718479  0.029722561454255683159941868  0.481519897555162832260625128 -0.280331908265745634735010422  0.128073545502714307366305679 -0.351662663810228514227763236 -0.256595541565389631907421683  0.258198889747150883700044233 
  7 -0.258198889747167575751431168  0.043676014756964835333017186  0.029938568720762121780424843 -0.052240882744051000709771277  0.225826847558138720734933515  0.106858913772566532013796794 -0.020980149272402626361565692  0.301750838724300487548365263  0.132000901831735422783833771 -0.031658469001939147964569269  0.272474895338932095981317183 -0.311924971462524087023908057 -0.214300728549803220631341481  0.723092453043101751630501034 -0.123029396550904719663305145  0.258198889747167592556564841 
  8 -0.258198889747172830283050010 -0.417617761811125431242741612  0.131387339132382637569142030  0.115349848835643664390112739  0.423176321784452022631197593 -0.258661132266135990919386431 -0.262896441825748275201426671  0.410351638191104399591745480 -0.413571448095759429939601015 -0.073989701507584545200728321 -0.158671145090529793590119166  0.086502610521256514895783139  0.083774792668977228794215638 -0.154494602279805788130591718 -0.069367719774096907682026710  0.258198889747172810604780580 
  9  0.258198889747124608873545676 -0.502629095236594387928561606  0.317582429938988327754612745  0.079228698933811707561761673  0.079331612984345151945236255  0.358720085304757528403551969  0.146064134235590378649771379 -0.050177694881419189219985558  0.306218206872937874821714865 -0.515358091637091691018888323 -0.121167033362743609661751464  0.072090524485099909322263941  0.124674888885341817788376777  0.112331124962785845240341095  0.085622698720591350865407720  0.258198889747124626925511848 
 10 -0.258198889747174505809087369 -0.083162741866057690561582928  0.117822693877877534272304028 -0.026861239422566342954621808 -0.424660115554215848813210746 -0.064869465095164340920580546 -0.213235813346619647673193566  0.049131839216080374614528756  0.035664239803154328035288741 -0.039903203130615495308422145 -0.238186488354957264103979250 -0.631366620125751679386966186  0.287565353026090241055556448 -0.020894247362925653969405637  0.371530146369716565794014476  0.258198889747174531450468749 
 11 -0.258198889747164194016434968 -0.368062183513565934883096306 -0.372435505499166635519966290  0.219339948682486739876015651 -0.496890763816769920558020016 -0.012341544408315347076379644 -0.038773669301772138250214341  0.234844403157740543532550244  0.259536596848473603165764756  0.132404750004194146070562663  0.115698061566762552761266150  0.378761931296524682698636036  0.160308844645648161165475687  0.117404570918016489784816824 -0.161609540635638276089773406  0.258198889747164206376339735 
 12 -0.258198889747171979075924392 -0.361729814871503233697112509  0.386270831345236845684150764 -0.157621475561184151676459228 -0.252387833885015729469764381  0.142951143247461952729164200  0.053225656177298455821875678 -0.445127280536750249642250973 -0.361425395225176181569857331  0.184331446917168498029083318  0.281512148993296394705078411 -0.036761970103352933719552788 -0.181776928286830913484998021  0.002103169532814273578057472 -0.255098155942417684574358844  0.258198889747171977937512111 
 13 -0.258198889747143090400618298  0.247962140354190829720352519  0.007692405359602953527657160  0.360866059836257579361258954  0.114014166286897722830961672 -0.039222786906615439528025124  0.374139957963616838281743077 -0.240191972207727461648824052 -0.240144019471003274942633512 -0.166489326015636023532793912  0.066959169115972166355307826  0.035722178513490313146125929  0.625252867409882324197661907  0.195818790646530048145997766 -0.094448282947047697411912647  0.258198889747143112138871857 
 14  0.258198889747166448154066729  0.049797170335162337936147844  0.048272215185982765512311783  0.716595706739038912629503192  0.005553932998070018203436870  0.391436867430259414682826649 -0.378587808626865448765903138 -0.035295248739394327146923864 -0.134043836622318353237869742  0.270637788325521922469345248  0.016285624364529884262238761 -0.135240475115928110409085385 -0.076946607979448428925328424  0.027537905911932630018289420 -0.027183150775524977301600285  0.258198889747166426822388985 

 0.258198889747175308606585986 

