
  0  0.197906401647887297636277913 -0.068580909555643707995896321  0.025020108820719520761224181  0.000001508188988989331497205 -0.000000397758777068383780750 -0.000000661330403070197823044  0.707113873514334981057113949 -0.596022507090002720444958662  0.316624146439805772179805488  0.998623860816754630636074563 
  1  0.000000595261964011030571875 -0.000000278124090026221697696  0.010315257146968487436019244 -0.960034687991313652444778926  0.028275346848866239123727797 -0.000000094175716362958923790  0.000000366861485278712253728 -0.130205615953622888078425150 -0.245914610500376299670769950  0.998626626410404043688705950 
  2 -0.000000763644759669102386191  0.000000224842680761030428553 -0.025019301275954416316168495 -0.197905403322601946118912582 -0.068581124253513884432792522 -0.707107909153218923740090440 -0.000000343358351164397246452  0.315807526808199354992389221  0.596463013202834919609159753  0.998615069851080819265248811 
  3  0.960033377244489902603650361  0.028275963384341650255716840 -0.010315818448145583312060552 -0.000000076215780501199271491  0.000000118085358354694581762 -0.000000449536658166221673826  0.000000847623811426648363336  0.245740435894428533135781627 -0.130543504344134536366553098  0.998626650538585576674828481 
  4  0.197911522550575205191074855 -0.068582277987604119125566744  0.025020344275732486399513440 -0.000001038202256226479300487 -0.000000988383101344412093847  0.000007343928573743729083694 -0.707099688745421757452794959 -0.596030960544187871042939864  0.316636395496443713814789869  0.998623204073264851749792970 
  5 -0.000002023708275429556730376  0.000000933726272376890413391 -0.025019622386555451711985694 -0.197906162576554128790370587 -0.068581390776751454146540569  0.707105653179480090361839345  0.000007661845855427757495146  0.315814299859757806440870020  0.596461805425145279407721233  0.998623448199744324525403694 
  6  0.000000044761082813501142252 -0.994883711739335768395320336 -0.003742724588248002700576467  0.000000003352391653512598239  0.000000049423558627196823190  0.000000030390811089817912049  0.000000018884435116118209770  0.089158036372317622043947097 -0.047362819580822176930822711  0.998626583139863065966684852 
  7  0.000000047267890689647169815 -0.000000038283625778776648144  0.003742511225581343648557099 -0.000000059163675593107317786 -0.994883775621391545625291780 -0.000000036600024821360208593 -0.000000074294379139623970309 -0.047239858209802335175088537 -0.089222544299939680750041824  0.998626542456568885635856403 
  8  0.000000000000010363607684603  0.000000000000001073651982065 -0.998626654244888494567009007  0.000000000000000129126518551 -0.000000000000003831811121843 -0.000000000000000664636089612  0.000000000000001792533371639 -0.050085678765531255681744092 -0.015369782505159349789074599  0.998626654244906356147279403 

 0.998626654244906356147279403 

