
  0  0.000000000000009837419925820  0.377964473009238625890362367 -0.230498244588698492039675718  0.046868063472749509733989142  0.099710347926279310240527901 -0.499005323621150899036057191 -0.240437120605486305067034596  0.455617208839837195083434171  0.289578509043681992809159131 -0.311791000826995965121988044  0.176066452586958224318372176 -0.058540739493366429475976762 -0.184799857445962412659783841  0.166806901095565282214109107  0.377964473009248470310563264 
  1 -0.377964473009203331125204980  0.000000000000037760284764926 -0.038344615460673644272577556  0.245937779745576706125968595 -0.143855118887782134837194370  0.086923598061099080896985385 -0.187952170567590881117498239  0.005764270518677263991512330 -0.269137117498133659468026457 -0.227276173649046437508355542  0.022264761257512684523225438 -0.087896022091102130385982007 -0.480475468947687700381086670 -0.606968327063717615044678710  0.377964473009241088086391028 
  2 -0.000000000000003160533216340  0.377964473009233262233794864  0.332401316114230475478588320  0.054609809253795997226795661 -0.275166551262008607576289160 -0.080910050059250970721689243  0.297185765518760151328303554  0.193752564714082019554507348 -0.296584886045941921293598795 -0.393962551324111970920413897 -0.074858551234096241254630227  0.012933449339551888027583838  0.509507290589828134414439320 -0.164346115809920382159017328  0.377964473009236408832444906 
  3 -0.377964473009228105415896817 -0.000000000000004788974540410 -0.286750092047388264256298218 -0.329491343149864108433982901 -0.183203345294923821096012492 -0.117687535248649907771247881 -0.398705874735279676190956646 -0.138419874047503483566819334 -0.242084170019580138452901935  0.024434951383191872480919564 -0.266278627278728265072738762 -0.433334685172881871009125179  0.298914638767473588780269889  0.183241394534867606356132869  0.377964473009232874739938418 
  4  0.000000000000004193135943616  0.377964473009220290730583031  0.057384944386385231295178615  0.001242187587883071760224497  0.185182217173234648586446424 -0.010168247904770082520237216 -0.197432484410163977688631824  0.254903976578123091467588043  0.098757122069279788590973491  0.665951881209997756415949061 -0.140186550009132572880226307  0.007253596437004324385782990  0.206010438112233824640355355 -0.447332930768351099602925594  0.377964473009224507328357098 
  5  0.000000000000000215380036169  0.377964473009245067514939864 -0.097397654908404195613145886  0.129624121922612175119714391  0.043139275165888733222139227  0.581491169831092355056636339  0.042170916652033272333476282 -0.165497273799417448579248194  0.316077107621268318227549313 -0.114579823339555779763943803  0.308798717588126534849910648 -0.494506137199470467940946861  0.087396079609959296005227813  0.033602279020062670407740070  0.377964473009245287553770770 
  6  0.377964473009244247315996379  0.000000000000005952670618604  0.018991653719954228808256642 -0.485667206127361598732910739  0.218896096917853183016610535  0.124815702366199265705174956 -0.451480430418230796663818863 -0.175501004328141359313330584 -0.021707032759871020189245002 -0.351412953559044250091431688  0.159311576266296028565969817  0.224335682430476428690082832  0.136935622457358420903995345 -0.323047358924818730038135486  0.377964473009250192186243497 
  7  0.377964473009256190372132447 -0.000000000000000561574199379  0.096655589694040865353917048  0.004399440913321215998075061  0.041269178997121289311232660  0.387675686083683895778381756 -0.150134308893326274913062116  0.448793329308468736538054525 -0.202631218297108400548428749 -0.094600200264055236590949802 -0.526566352803062146946573574 -0.190756698708939628487588590 -0.262475716646512198217599740  0.198160290761930306188015084  0.377964473009256735969770696 
  8 -0.000000000000029141273815568 -0.377964473009194807615615877 -0.350484052248193666412182448 -0.130152038611426967100177625  0.325109337864482590468775264  0.048674937506894934361042441  0.310735937345601843489464530  0.456061106103956905895172383 -0.268005867727384894719493830  0.002399613690817327788890002  0.322725783152435307494457911 -0.242997149694510546389736652  0.192898319445986931848589091 -0.180300127406474959202071530  0.377964473009223975852452146 
  9 -0.000000000000031407945644578 -0.377964473009216567092431738  0.403269119794386560380345524 -0.187567444699989924720854098 -0.094728965793937746671252512 -0.197284331212832515507326486  0.071219378079515991427186124  0.079201138766349038185590747  0.540428700439623689913935800 -0.108178682267240017028046145 -0.174199210255971936059339253 -0.433701868392755317076475013  0.009633655935562817980640524 -0.278916354790546452426490409  0.377964473009247947399855475 
 10 -0.377964473009255838819578019  0.000000000000000006749142439  0.365296269342207815253916608  0.173593732505759486018379403  0.769149648488432105379337261 -0.015927593987611396502153253 -0.078662428992228809665942981 -0.099698082798541432363059224 -0.077473861033264411596311293 -0.174907060036216054118153422 -0.136099822500561299352690031 -0.019676005797458604314561408  0.088094074850239497029259165  0.149428249026028503486981241  0.377964473009255848089506594 
 11  0.377964473009204841825407067 -0.000000000000003541208838078 -0.430384481678205458264879074  0.397575754462079496289817274  0.190938937662268172251907317 -0.252732066834234997307036610  0.129003618764164999229782441 -0.346729680303858808570419830  0.031537282669092675573891587 -0.138022350634459855801524156 -0.397914008674917459598653277 -0.152411831095798960968674615  0.138583785366002809949764057 -0.236296073942627832156597456  0.377964473009208367813502316 
 12 -0.000000000000007274492758908 -0.377964473009241933005144046  0.009105293457252918051183664  0.550063665548423591348820710 -0.177515083067130692307802539  0.140016941951915111093905641 -0.480468238269921688342106378  0.203514231462378960275222926  0.135405019976079351253406453 -0.048602425704330759601603769  0.121293496035395833543518544  0.143839187170976780309706797  0.415581975484475612408769712  0.047946615734287763637772517  0.377964473009249182522970370 
 13  0.377964473009197992486602607 -0.000000000000047780929445346  0.354938800098394226624834435  0.173732179853472430648480759 -0.009013029271445224479548497 -0.306450852790889258366827802 -0.192709353747646190720805258 -0.158916331003871116482389567 -0.395894180163077577825963757  0.206287222155508542621791916  0.385055096689942690456852359 -0.422073865687264747825410693 -0.106510446506741555850893057  0.086884458602700030740984254  0.377964473009245779646031807 

 0.377964473009256735969770696 

