
  0  0.000000000000637770155110543  0.673887338679033089702385267  0.000000000000158069951445651 -0.168916493237599952051668922 -0.395327845667210342353679181 -0.596210767191230551023152506  0.074563923268414768205452313  0.005648889500649873626869066  0.673887338679828894530670497 
  1  0.151452723261195267489762073 -0.522434615410418783955619898  0.000000000001620710910518190  0.230183761422440447607859482 -0.705938773416373621660824256 -0.214800241586398970593837880 -0.197556834903173907078718745 -0.260042655347162633651045271  0.673887338673234783205986259 
  2  0.151452723263259854706228036 -0.000000000000133832662456364  0.522434615416470018176356427  0.500456950004446833764337743 -0.089659173526394419123956500 -0.043965652770905653895576167  0.260373818587000629049032011  0.613107425331360469109628214  0.673887338679863746317925260 
  3  0.000000000000001712075119892 -0.000000000000501073077290942 -0.673887338679461553444735578 -0.029331639844910351738139164 -0.244110326157607314796977108  0.152855352091683413450428318 -0.187950638128301688328943529  0.653249919478632171891251817  0.673887338679964385649862751 
  4  0.673887338679982183424835296 -0.000000000000008674699849092 -0.000000000000000197035899867 -0.418982320125262653102114763 -0.208635611091019046293526355  0.316136042090651670524682412  0.475077446759839397047962828 -0.034062801490035803985090496  0.673887338679991055830683505 
  5 -0.673887338680001699118150144 -0.000000000000000137665634150 -0.000000000000007947223943708 -0.033095087598955768184007340 -0.380876913374076969047259122  0.328351252107689593219812946  0.536183612635063993614396166 -0.066377221869871415347392953  0.673887338680009808841980118 
  6 -0.151452723264614187720237051  0.000000000000940067690155964  0.522434615413410094063220018 -0.538291772071916164554405276 -0.225218235404254145222359591  0.241133457861816073402433901 -0.502810961140535802400743787  0.229518305699521500649342397  0.673887338678964317945432883 
  7 -0.151452723257913307946761518 -0.522434615420014006683963742  0.000000000000035751344241979 -0.448068799521825109034248863  0.196006196274519718352326129 -0.554250803917503130440434800  0.293736686558121445341862712  0.267329146320460733901374847  0.673887338677963079140026403 

 0.673887338680009808841980118 

