
  0 -0.353553390593277808948450766 -0.000000000000020808601657629  0.346701425678873748970672958  0.006530249728130534833762120 -0.097553430507013010113083126  0.455772282688136846456839965  0.016347296812218584975630493  0.097228204738421833457561946 -0.049116119056409097388488311 -0.304655100214728882324424775  0.279042608211279838300320280 -0.538869734814356132627036211  0.050376392650884143855374809 -0.004073776522257127350530766  0.247966632064657219251509537  0.016599853828884239569625507  0.353553390593298591775949652 
  1  0.000000000000007609398066530  0.353553390593270038607005834 -0.188479585979055146451022727 -0.008690676876583529212525999  0.322436146855806551360379419 -0.072822883628902369753136889  0.399398234773519214291801274 -0.239498759675375240746548512 -0.223346842415734200446800900  0.242272246749833106160571666 -0.159040932076893423577704234 -0.306487388414891790360374338 -0.241516682640697731549285845  0.173688895207208040744116355  0.419915644480425437725171212 -0.143588269409661236408249675  0.353553390593277621002004166 
  2 -0.353553390593282513789568158  0.000000000000006846363873205 -0.292970381729772306534428233  0.013993944857049975989208017  0.157158608605099636546897739 -0.169430694689659904286511277 -0.448431642171644909426915515  0.200062899464837398740934930  0.407071257653552085999321478  0.343587975816862978170563789  0.051085285245611194755184893 -0.125335244665138340053453167  0.260512787428414317828515370 -0.014899051481970011885683735  0.351264585689058974650456069 -0.029946548484516310448377689  0.353553390593289347976647258 
  3 -0.000000000000016684976657343  0.353553390593270255420335277  0.104256371580717297178528789  0.074515368762646965787263022 -0.144095585880189658168205706 -0.199003716221799564973279212 -0.229045541036179999940859166  0.514006697729003699177171421 -0.323521648878955022743484499  0.115997804988384410210331809 -0.015425313109682125754254999 -0.136122886232030819350083059 -0.287054299795208105216311884 -0.343286506248014528777309784 -0.149030399669207831866123148 -0.349574486711085330513208713  0.353553390593286918631944424 
  4 -0.353553390593295690911722004 -0.000000000000003827265419439 -0.147650161557535037460493418 -0.117909727509454232322158758  0.178790295814574896603199074 -0.032570499090545124321890253 -0.069422124928302768299102909 -0.260308678581765671870579953  0.146778497016227679153755475 -0.303663449916982312485691856 -0.030565204497201491794632230  0.153416788063825304289393078 -0.514801166082847075919706747 -0.543955737526153551325731883  0.049736073542998814350660306  0.179113808793990163308008576  0.353553390593299540534165740 
  5  0.000000000000007425670602019  0.353553390593286717024550450  0.041565919513295952966318086  0.283076495715225346153347957  0.183997079877609443410071272  0.124155093725165592139219207  0.414638525756302381996718995 -0.032793321002202037687010350  0.346169514835524917315771193  0.019241472416033519955203858  0.108763260489284642430155708  0.064887450247994795082253847  0.406886725068754555773064066 -0.432533509602876137017848229 -0.201166592161251022344401092 -0.203756259292845451442321124  0.353553390593294146140466647 
  6 -0.353553390593295148648005435  0.000000000000003166734552461  0.374799163352567275516499107  0.084579861326202941459594283  0.548072505216627165662655191 -0.324452347933933740422229527 -0.148268256375329618139565467 -0.068625722941068253512111094 -0.232438573105341827107397229 -0.237878190456894109602588132 -0.200627543969212753953218140  0.055071999227416413381024736  0.222224488841977658393970867  0.201379426133365055197397935 -0.210910943905304585870691923 -0.081897425026546904194217191  0.353553390593298324899584895 
  7 -0.353553390593247409491627423 -0.000000000000041401518220407  0.264049176491637364823155884  0.198615121048518856788824699 -0.310742180911526999471201568 -0.142334632909565990334550822  0.136783309281457939640246763 -0.160158639058167595923360890  0.234855658242661928696080713  0.137163771912034730175397081  0.258335751978066574340410846  0.340555815568621665791844075 -0.299536064782758789466678845  0.308021192120681100933519969  0.071581983376133665509545839 -0.397794115029903288090424099  0.353553390593288820078609475 
  8 -0.353553390593287239555787480 -0.000000000000008640134456646 -0.510063522561581187081489880 -0.133395516281405981243233898 -0.049876309454434515159708960  0.472364555748748888474230698 -0.051135048115638895885700548 -0.041041741524679850041616019 -0.265838391894671822578838372 -0.048852063762958538290203650 -0.144118912813755227988348796  0.161662496717153711265008501  0.120788606566901466724006133  0.121038890414022230649986837 -0.251198694505815269375006982 -0.393475562795784159170284916  0.353553390593295860209891238 
  9  0.353553390593227000280197175 -0.000000000000057363008464060  0.102524931946931168752913232 -0.116978372852188199976968333  0.282167387230688877184378929  0.247698373694781803387374164 -0.137589180826077532956335306  0.212058134388401187112233905  0.462470170243289465343691433 -0.303721027944117088895933237 -0.278728723080358029836950048  0.021758760963710051755350865 -0.239332680857000937467622161  0.181848477236447307887998344  0.103316820632717724054536624 -0.400775139787653287697403656  0.353553390593284353463814432 
 10 -0.000000000000000346807694439  0.353553390593282019718638157  0.303071056311456856911714514 -0.388620487806570505070515031  0.263802215034156291241680681  0.377382805631928641785372003 -0.158678064734978952184736752  0.020464917825149939621453632 -0.039319347526009906122816629  0.405224229634611365788660411  0.228063381980312519797674323  0.320948608138265802889070241 -0.079720887085094773650997650  0.066056406803449688981894668 -0.068914641103973682771525241  0.241398882423103303040338823  0.353553390593282348828207615 
 11 -0.000000000000017022910184774  0.353553390593220742536308132 -0.213512509327311829113410328  0.644970812046088135915770934  0.036838193717367279657158444  0.163794325793509141695435127 -0.133521356232691725768953368  0.186313778758160769583691538 -0.031805798037417769861466251 -0.225411029526148837124135960  0.019627660260165826153832083  0.192678034621656809761958661 -0.136595654666973440491905233  0.278055788705957513274463766  0.050957451329473722541379055  0.380521723583497739764420695  0.353553390593237740630863306 
 12 -0.353553390593277241910714556 -0.000000000000014878697088596  0.067659232272740920829630969 -0.169392306021230604258661322 -0.143682101532711873517040267 -0.011650290118449428751540222  0.426537284671258991905311297  0.444901812290770212315058410  0.221157841387255045821798316  0.110576028678631161947612006 -0.491880707235038996808559192 -0.024743359133817298200642824 -0.078897725479541133689000316  0.114337534098784824577955867 -0.155122815629019446999618988  0.306624848926244328664331845  0.353553390593292106756180201 
 13  0.000000000000005439264187849 -0.353553390593294021484321865 -0.028478907324552636302976124  0.326452478588572739628438646  0.272021224671728083552941710  0.170302396629251388867200105 -0.037521049258159313661626548 -0.070747985913841001943524328  0.115833299350200764824393804  0.384071314307185435833530071  0.089470421148159869542530222 -0.370785613306267183223851464 -0.332347275066242907505401419  0.038309320918498931404045857 -0.489371992060014869525353190  0.019592205332076120353763504  0.353553390593299487191418853 
 14 -0.000000000000011881191354169  0.353553390593282349045048049  0.183106359982693048872896477  0.061692218385688457338707170 -0.360057222960031854375705096  0.073975618719227807489470343 -0.347880123337015643070115750 -0.494385749512235719572679840  0.160701780551834300046743463  0.093100284504227063960251753 -0.475881705789334865844665903 -0.226087517669846935363287162  0.055755235601640159666994015 -0.002667758353618522519929687 -0.142200710579142052507198649  0.041306070994236569076020092  0.353553390593294216288347206 
 15 -0.000000000000014159981117648 -0.353553390593283888828973413  0.258486519406329994132240011  0.340491251637807143125454001  0.030899601972979842392309823  0.297178847389785723656120686 -0.017567275552882221334078413  0.024855550036269465706659405 -0.226955640821030810172238140  0.266353694459823611722553219 -0.383364069394282494176876344  0.280601913997390118801506659  0.050101711548805368482963031 -0.298996004406506678751590661  0.398932744356310329267648052 -0.053284543744778920602286681  0.353553390593298049376707812 

 0.353553390593299540534165740 

