
  0 -0.000000000000621708444031923 -0.000000000045024719677224012  0.000000000040732121902132545 -0.000000000004932853516223417 -0.701814634710830181517013382 -0.000000000083641460399223503 -0.168476122654015871021480552  0.501129567408104579476386953 -0.273698901370343755065943012  0.035539151227141415741671814  0.268040973268485682007820914  0.162588629219418917567596509  0.179424287456389092192598697 -0.145921042889161432868630128  0.701814634885783029190527149 
  1  0.000000000048903829317566084  0.000000000076725183800995333  0.000000000023349640217728203  0.000000000059999037434019621  0.701814634832312919231894766 -0.000000000005681600437061308 -0.215209638163867897350865592  0.395700306440638205959098306 -0.314456330688100005733669196 -0.008226276970887883623118118  0.332119950177416499231212305  0.112740311814099734647463043  0.257183901609359109500336713 -0.128274095030607366405461973  0.701814635046972169242496253 
  2 -0.097274941820863882111750272  0.000000000295462660398986509 -0.000000000248947603363484133 -0.000000000267691506856868268  0.000000000261188848942784488 -0.604539691620320195509369343  0.457073843455435817589166403 -0.135468758818603541470770510 -0.210248716608124554852373225 -0.165193099941295897436967927  0.260151765091429522792736140 -0.009370491531468854068001411 -0.229576003287165843232803773 -0.453691406775314124382022726  0.701814634514474674359396644 
  3 -0.000000000024378968874004117  0.701814634930526824122681839  0.000000000004679867867310043 -0.000000000048427512483807114  0.000000000010404300406404171  0.000000000027277941872228013  0.461165965832372493836107188  0.138635305086680670510926143  0.171982637460989808269869010  0.003035469738101718744144853  0.237016299929782605130333673 -0.031312073403178681633296379  0.263109006814183902324194228  0.345820269553742616364675269  0.701814635045695462095376171 
  4 -0.701814635056199828135568841  0.000000000000002836540389194  0.000000000000004307542726665 -0.000000000000008814735017481  0.000000000000003940617615529 -0.000000000000000620105071965  0.070954245681201144248663026 -0.132613072851899748048573081 -0.291037562476204446484722918 -0.124942988790940502719984707 -0.246796417599670835462516948  0.506639561284351289300893068  0.115611808483207615240277721  0.231438254552329514813460883  0.701814635056220306600412856 
  5  0.052201636341819990200463454  0.000000000174360140494817488 -0.000000000062510078634729255 -0.086349398447524579879605675 -0.000000000445185921013894050 -0.563263597447266473126469694 -0.272648501355806970069574346  0.212928094194074894857072154  0.379969116174090119366323071 -0.468672053802900923910384687 -0.300155053357796356566788987  0.021703433413352372328503298  0.305979356987006092957965056  0.068262921932648473253408238  0.701814632918667218833708860 
  6 -0.000000000135847116821417551  0.097274944470243040431801235 -0.604539688806875079416132401 -0.000000000204414839809177844  0.000000000468564059563283909  0.000000000927216777611945571  0.084085060783918906834627938  0.173739914636301296145060383 -0.449777614656249914281554991 -0.106188949174766387506042061 -0.384537216864151600156582211 -0.469792509210851753703123285 -0.010606281993977707388112708  0.074505924570025614226710924  0.701814635013160865550756184 
  7  0.000000000070684426147719272 -0.052201637003226032738271599 -0.563263599858209117546021388  0.000000000224300934509768950 -0.086349397517992649164102811 -0.000000000121531499092681805 -0.235039420241620725934373129 -0.521680015412146889388321502  0.075738367243120330375466716 -0.120869018183638477753464625  0.466762716053856586295332451  0.049535546223443619423640761  0.321691847975231326066175228  0.031730928896290423729805927  0.701814634795944598658935798 
  8  0.000000000003837116355579684 -0.000000000044324433753963473 -0.000000000245304561694697848 -0.701814634409908370230469360  0.000000000165963831847115386  0.000000000034164158443714179 -0.127828792927205903070001988  0.067731829582814259365741542 -0.081372132663624607394213441 -0.249276033409049775833280123  0.258095041416201022380907601 -0.006534293932847212086073037 -0.467457059528202144342784799  0.364138164957017382999688443  0.701814634903502424369096946 
  9  0.701814635056204187549874079 -0.000000000000004018404054371 -0.000000000000001728113220402  0.000000000000003358174416529  0.000000000000001529639853587  0.000000000000005989881702955  0.170795852833760573559820917 -0.162204393186656221367098960 -0.336963554482875119757377680 -0.161027190592190034862819098 -0.189969778707719093562705792  0.504592703891248710041782938  0.065464031711904540188225708  0.132335495073689352914366943  0.701814635056220852116735942 
 10  0.000000000116024688210180206 -0.000000000054451902803604830 -0.000000000023931473662554623 -0.701814634844081401145697574 -0.000000000007737340527090631  0.000000000001560667922921553  0.134562462721498669207076219 -0.102238909203880413001234214  0.015635448468273779941582952  0.386418681989097720363979249 -0.218588449063703521300428868  0.002431035732732702425975134  0.422479616168091635214874857 -0.321024385794057715676989156  0.701814635047787426284059131 
 11  0.000000000095001317534034708  0.701814634660450400169880852 -0.000000000001031510242251393  0.000000000058278955271054828 -0.000000000058547713603849214  0.000000000079186546141367683 -0.479533211925559712759427333 -0.176586442653573948065879110 -0.073734790544675155833859777  0.020160073070562896195489166 -0.153019337926387786368628147  0.133931903946640658157121728 -0.260792208461824188042753672 -0.362095082756249852422650304  0.701814634952496396605534784 
 12 -0.000000000051686557437842962  0.052201638348278229570775246  0.563263598799050628387723172 -0.000000000239858875900868364 -0.086349397155804941258669394 -0.000000000110202425453925792 -0.144792586832984451427849305 -0.335208399781276614653796261 -0.406999057698983158701255824 -0.234839518416130436695475961  0.054046521857832923947434402 -0.454683469339279613263696614  0.310308335379428112461202074  0.111696665786183992498793813  0.701814634704881668242175408 
 13  0.052201636936439718422329950 -0.000000000197642690873861969 -0.000000000654133747211788588  0.086349398576399731030977993  0.000000000297518699139369990 -0.563263598190378238716406051 -0.217919824650637645985879962 -0.067532151138369545564617627 -0.154313322631003938377610395  0.645970543536360762841997546  0.020939302487523852921839397 -0.011646270658870492873387525 -0.059579968183015612094436449  0.418675101637825531269510373  0.701814634852512774366821435 

 0.701814635056220852116735942 

