
  0 -0.000006218098388961011816599 -0.000019469891840902473449620 -0.000238620206169572423869109 -0.000021835624590681561013658 -0.999671805829633859186243022  0.000030146577562859914595243  0.025616828187030487557377203  0.999988096228186863366396014 
  1  0.000000877529284320165351744 -0.000017097325507199922831516 -0.999955622497810821995914421  0.000008030281740886488774661 -0.000002723390883639677505544  0.000008917824399087930469962 -0.009420859329018929634105297  0.999993268849625915233383933 
  2  0.000059903341271608959202888 -0.027516561200362773258971190  0.002584569001175311529043001  0.000234570789357852487138259 -0.007080891694819280317113824 -0.960966217035159591753137875 -0.275190644719002138905619009  0.998442713062146435377790243 
  3  0.713842655756804212482773131 -0.067908967076227585785901195  0.006308982737207473204172389  0.000570484946629768511457897 -0.017149096503913783232328255  0.193791604528457486563059776 -0.669273956463155109478102567  0.999571791549240252962998943 
  4 -0.000000000000001250195679069 -0.000000000000001979761007290  0.000000000000001082971496952  0.999999636712633858243431256 -0.000000000000000858295707217 -0.000000000000001538043570860  0.000852393453935580806135986  0.999999636712640519635789116 
  5  0.700305950593595126745915386  0.069912289314900044753190583 -0.006429255573582272979720392 -0.000581472817496301099523604  0.017470504570107009860771823 -0.197454975096979869889405289  0.682164560943765097813986514  0.992154447966660625775336957 
  6 -0.000484517727970454561846865  0.994858523701586902523302802  0.000936754013701312546569133  0.000086291096573768268896881 -0.002613724138736075230729302  0.000524930974273792891208315 -0.101233843156493726132393735  0.999504741652842297735745425 

 0.999999636712640519635789116 

