
  0  0.000000000004278060273396652 -0.000000000003752526608364660  0.659352145455995320441969221 -0.000000000001011873982550865  0.000000000000763136690873014  0.433606902021168872832885752 -0.003364295752917703676649410 -0.270682189600363142466775412  0.168924825731059963647385722 -0.099089844367104175545913573 -0.093057037836084163695180536 -0.116604791266268879489575398 -0.493297913681588214913258453 -0.002474118988707614596641980  0.659352145465800895196908926 
  1 -0.531627100662785089836559482 -0.000000000001203959430208395  0.000000000001401625717131546  0.127725044794602280532887055 -0.000000000003435791097273136  0.318559440970731418536722110 -0.128033798479947199278083415  0.113750852816041203815805756 -0.096073075117175263693838037 -0.480484454039831590700529787  0.023941781534571672408610084  0.538203260520317592024812370  0.149685552879336396798321505  0.132324758291728438423665373  0.659352145463428727034053273 
  2 -0.659352145450594385480119070 -0.000000000002277261823618753  0.000000000004018621838658195 -0.000000000000740127547151561 -0.000000000007332382067972192  0.181912217482164164291942414  0.187978545408737799350608506  0.254544883018025268068672967 -0.253530512361507277184448014  0.324287532848182053461663990  0.012488454652554982564554382 -0.465140848780874363441921807 -0.024352004977567616090698222 -0.213280441921187714551517815  0.659352145464962788974031677 
  3 -0.000000000021918776354111328  0.000000000004858472996196851  0.531627100637959370773612255 -0.127725044795221244194136784  0.000000000005688233564147307 -0.237293044718313027828526796 -0.088612573462013610698729052  0.145311171518263109906721545 -0.027235623842859557813334600 -0.319352695028285593631259612  0.186022855891105416378025067 -0.382000006698342038706462873  0.531781915422297875263232814  0.223013426399654879025459542  0.659352145465646086034457868 
  4  0.000000000000337664546797361 -0.531627100651780812106631663  0.000000000002405104916024173 -0.127725044794845293119936978  0.000000000004138755377661445  0.206293995985104386964715910 -0.131166531952738881207864118 -0.193672742257905651272584420 -0.053471032228629111449590399  0.206832975615738037941052779 -0.636376316845658417835959048 -0.018328336391038959829404183  0.352169337558187086034385341  0.169749573914902555511990782  0.659352145453507567111808146 
  5  0.000000000000000872678560880  0.000000000000037464786382135 -0.000000000000003136541747278 -0.659352145465960896169883149 -0.000000000000016458746653103  0.089330630581610170154146285 -0.330328332541054882305403204 -0.181773018878155221734766595 -0.125967426905737255897672379 -0.056957702098776538621611445  0.169634068280033427513322011  0.100882377358697507175753962  0.095932928380940905408889776 -0.589786807785447700586221181  0.659352145466018814304147433 
  6  0.000000000001569796146074552  0.000000000006192563208787753 -0.000000000004961001328132743 -0.127725044810023741041760115 -0.531627100640889978027878171  0.211717845724609593841252647 -0.047357732002024410972206622 -0.237896575152062386514359091 -0.179139177124696068939290784  0.377583509471512047099431633  0.464547523530362148694305979  0.102410184126751254536039776  0.065730818606495940206984729  0.438319538685224703285312625  0.659352145463637139802433318 
  7  0.531627100635943064760400439 -0.000000000009027603284404366  0.000000000014880869216299621  0.127725044794509379029881849 -0.000000000009424524872744459  0.544176627795912802620145049  0.105107170173018448983202726  0.429450926308823915521391268 -0.410515072261041195157737008 -0.078285844809873658269147763  0.039430625813443123104968125 -0.038689106725913060154918317  0.119482903895017569197883108 -0.132196965273355865956887364  0.659352145463785477145276376 
  8  0.000000000008117763550399391  0.000000000006918801785931112  0.531627100654070273587272627  0.127725044786625929982238833 -0.000000000005126510335396894 -0.300489248159478471769103999  0.092785151606682801979787256  0.190403246012573176948316257 -0.182273910432846787552313775  0.442249179033529328340787132 -0.070608578709354520489655752  0.526619457425007748030843652  0.080032338103486512510657564 -0.219944892701707498609397379  0.659352145460859278040203352 
  9  0.000000000005314860674797197 -0.000000000003840038635935381 -0.000000000000730711128436803  0.000000000017481151227318284 -0.659352145438303860870785794 -0.174625963553381630938136394  0.472759907680089248724819226 -0.175098714597498798702926090 -0.168574069891879649434897857 -0.351411151875859749469516169 -0.261209574645715396796217048 -0.021326191842255293846128904  0.007766898861282094205331757 -0.244839627572693758586247666  0.659352145465670655465149214 
 10 -0.000000000005056292822283549  0.000000000004306770016050002  0.000000000007375473898273524  0.127725044771427200608658950 -0.531627100673081543250834274  0.004862542250921074141041626 -0.538984196415371973564161640  0.455063294026656707270137373  0.388213685392432814350808373  0.058255251640731906158311888 -0.140581545788590113297980913 -0.075960309151454721898809406 -0.075363738772142447042417124 -0.134656438096746307244312019  0.659352145461247244934057526 
 11 -0.000000000004568047751771936 -0.659352145445333752242500491  0.000000000004886362220710501 -0.000000000003205047831789874  0.000000000000498008773155868  0.083777750484106541697514742  0.357253295596856207237300082  0.132255157525393905580289242  0.453693432369659760790758449 -0.020540896434615562610333499  0.403702773586015519965974896  0.079285017435549621485173493  0.064142506970531815725905089 -0.182971935882566902133758262  0.659352145458491181490186250 
 12  0.000000000000328607858997030 -0.531627100653471848957110774 -0.000000000001342238557272742  0.127725044795944954375546340 -0.000000000010493125795896464 -0.310199608514253354519130818 -0.311917965875384612338665907  0.029642876673330652906505444 -0.509223641606096230258736435 -0.181357065671344340414316079  0.135682711202855192829386244 -0.080005150145283328053471585 -0.431722278950455390578644019  0.057181931902982745008116134  0.659352145461580782114137389 
 13 -0.000000000000002150439918184  0.000000000000005180471823217 -0.000000000000000187356416122 -0.659352145466023180874187010 -0.000000000000001272404096941 -0.074571455985060145173258603  0.230777933435545795255185685  0.473227574503001388405267272  0.019420236489507805333447885 -0.040806648678534962414155528 -0.174734349652437357303027404  0.125391059989864951884847369 -0.310483048931170569283925081  0.371206130986175720002338829  0.659352145466031955810259912 

 0.659352145466031955810259912 

