
  0 -0.000000000070812940540780318  0.000000000538326159654882844 -0.000000000117598452523572132 -0.000000000543462516300581626 -0.000000000228029654222426426 -0.226289613788724131953873989 -0.000000000132487130073469233 -0.000000000000485563545210579 -0.000000000024830791991410530  0.000000000706575611676223407  0.707106781051980709930458030 -0.205527255692722996455222909  0.164489313959690794790546343  0.073688071138236994362129186 -0.500426356851066764285310140  0.109014260997682510758333575  0.107791225979000525577789805 -0.316441614968563592904214621  0.933396397203313622184701892 
  1  0.000000001062376316576088421 -0.000000000354464290412907236  0.000000001118056925550837301 -0.000000000754130024970338565 -0.000000000053006828157189461  0.046866108527748641535078155  0.000000000003949441725537928 -0.000000001677048752566830346  0.179423500449883624026869121 -0.707106782259702162127083802  0.000000001332843157422893756 -0.095638489156071618388279404  0.596311561530947490522829718  0.058492442680950019983884044  0.063325092504995735496196082 -0.249549026396215460307011907 -0.126748467285464171813908797  0.122903421801466229802766560  0.933396397593210131414780822 
  2 -0.000000000274972734122375939 -0.000000000115463415036196153  0.000000001036914822177461097  0.000000001026216329386509913  0.707106781869556384951310685  0.046866107455083529856191323 -0.000000000479267695234144160 -0.179423502468912221915380359 -0.000000000738029370095976084 -0.000000000995460545093064653 -0.000000001021124468058593152 -0.113951527719234498503206310  0.078880619506945947240104337  0.085720808249743818793997974 -0.129613060038640619313311461  0.395156615935568403171493715  0.149853683172993664467968593  0.493610363735200977341457604  0.933396397481001470215321997 
  3 -0.000000000000003354741573012 -0.000000000000001077827085369  0.000000000000000084291089895  0.000000000000001695089035378 -0.000000000000003882645193934 -0.933396397604694071949409800 -0.000000000000000688810976532 -0.000000000000000999844186806  0.000000000000002478404450415  0.000000000000001333022165336 -0.000000000000000784372343719  0.093358863122489182243316473 -0.000142063538284873214921493 -0.144682959473561214013047696  0.187518856884581605064970557 -0.057540811530342373299195830 -0.040487369432646736522757877  0.242916888891103872484653232  0.933396397604710440366448249 
  4 -0.707106782374138763381209161  0.000000000863382027086725627 -0.000000000312347898795063112  0.179423501618966628571054042  0.000000000040142944629804081  0.046866109411819378196547648 -0.000000001233822000866919098 -0.000000000011623852926354643 -0.000000000167247677947728794 -0.000000000406948509356670723 -0.000000000748565206849918018  0.391227739605990287033920536  0.206728227476382927244253143 -0.308927133687535202465849343 -0.027651249271440975106085879  0.037225962129782859806560388  0.411284314195524798574415265 -0.055443160341938121374387146  0.933396397189004848942914250 
  5  0.000000000018734056111673044  0.000000000164809708415862821 -0.000000000042473715307863207 -0.000000000000067745828385850  0.000000000594661092804071814  0.226289614079428581209108701 -0.000000000588179179139126697 -0.000000000410278897726263890  0.000000000143232953707904030 -0.000000000196516447188753830  0.707106781321114287496357176  0.205527255867594052106579749 -0.164489314971238776141035723 -0.073688074697196724805381071  0.500426355755970009092040846 -0.109014258164586292271279813 -0.107791225889647950278384027  0.316441615429383340716250339  0.933396397559496634956273386 
  6  0.000000000760182184701134046  0.707106783786875463357519955 -0.000000000384400775786307132 -0.000000001929867065650022674  0.000000000397745304987189744  0.046866107812178480548638256 -0.000000000064418161540710247 -0.000000001837840102991301443 -0.179423499219254391841456286  0.000000000697642291741096604 -0.000000000698237223826725851  0.276862972367870007611712069 -0.046410152376384216729872899 -0.119146780779851154754048984 -0.425005767702813725468936196 -0.199558167505834923162282013 -0.314223731203817293304450878  0.231123108010145847715770956  0.933396397588641386021922342 
  7  0.000000000030878816655450126  0.000000000236624388696084776  0.000000000844667381446838287 -0.000000000395291252437387617  0.000000000651159062284883963  0.046866109123490165870655174 -0.000000001761164303203405924 -0.000000000634513857101886801  0.179423501745205817893297900  0.707106780113392857417455722  0.000000000822783996881106028 -0.095638492643430321064933544  0.596311562013129331418902906  0.058492442526849421704653086  0.063325093474471256808542262 -0.249549028945145484292248046 -0.126748464266461057770008468  0.122903424490364374716715786  0.933396396359171947438269912 
  8  0.000000000247447733200076940 -0.707106778586219511246839520 -0.000000000789193527901115460 -0.000000001749039972451141271  0.000000000333319546042426898  0.046866108128930731577455786 -0.000000000267657306519853306 -0.000000001480455177766153815 -0.179423499958489323546006675  0.000000001288730977496202925  0.000000000004898639149790880  0.276862974960014294697509263 -0.046410152566026148838410764 -0.119146782412594955836298866 -0.425005771273762570413440320 -0.199558168894972026672653652 -0.314223732751586825717032836  0.231123109427997646805126759  0.933396392834382449834283724 
  9 -0.000000000011278040008730231  0.000000000182641671218934933  0.000000001025934555793796701  0.000000000220060544368771747 -0.000000000324491500231099509  0.000000000169202586963436987 -0.000000000612787138483473753  0.933396394268152576709652452 -0.000000000513478617268655204 -0.000000000065395911867739653  0.000000000081540469821496834  0.102966476943803671937607488  0.085856831691955113660741968  0.142136104565577841543546483 -0.015506418466677237889748107  0.274255710811348619218011033 -0.044753797587013817489172548  0.114610041876678243811160576  0.933396397474963609845223511 
 10  0.000000000019156665591763333 -0.000000000462338511791182733  0.000000000210571446240816425 -0.000000000008702670075496362  0.000000000489559669130622431  0.000000000476566397655422529 -0.000000000147836236610912493 -0.000000000008765091631996797 -0.933396394946093006632099193  0.000000000186877453718378472  0.000000000637343768084524178 -0.143209287877694851448496724  0.247096262098834596566488200  0.068293923076925415301054352  0.187740242303068268921151761 -0.019219134544468842638211665  0.072075417807904912594247921 -0.041605378617558330356883661  0.933396397593810965901111459 
 11  0.000000001120572034898771453  0.000000000056490095308718704 -0.707106782033874669733067991  0.000000001103216994496897791 -0.000000000001843578052969700 -0.046866109456894211165176381  0.000000001194715031075739192 -0.179423498964864006944858882  0.000000000527493889724971635  0.000000002390893051502342539  0.000000000160457530379959409  0.381777478352009478777730894  0.144441452223077598809473573  0.283989206773353321781481681  0.089279342779046551267275750  0.318209497333199378444083469 -0.266262713742605928150418079 -0.195498365657379189464751441  0.933396397011315097412640501 
 12  0.000000000219262928200893171 -0.000000000181827220072179652  0.000000000148588840032649678  0.179423495273125753997150132 -0.000000001704497789854044870 -0.046866110459219153028579373  0.707106783213112973093209673  0.000000002297016987753247541 -0.000000000986562260653068521  0.000000000054369507858519441  0.000000002133449225505968731  0.139418191821903495445809582 -0.101741250468553063937018031  0.517122416952807232692467670 -0.059286610823417397665062792 -0.288303433050065134558501145  0.269144349002353311026396882  0.096612698255530984027474213  0.933396396671032604365741275 
 13  0.000000001249440901292903302  0.000000000021411920982441969 -0.000000000882568830147178801  0.179423495813539779050369526 -0.000000000123360949394491774 -0.046866111365785289469238850 -0.707106779159982041572420075  0.000000001787896722099830966 -0.000000001153034558584204383 -0.000000001710744232950753527  0.000000001412782928629207672  0.139418192911203677239852586 -0.101741252952656923229087047  0.517122420613797026888672909 -0.059286610780517311779968170 -0.288303435048595096523021963  0.269144349249594560852163333  0.096612696067194492662185117  0.933396394680548107194734825 
 14 -0.000000000542831556881436384 -0.000000000065544601568546096  0.000000000027560064848412736  0.933396396118995907899978937 -0.000000000050261055664106259  0.000000000026545696088108100 -0.000000000093402227600640744 -0.000000000306220704904903132 -0.000000000020035193266823351  0.000000000004727435929592767  0.000000000007856012159800651 -0.204008395385686937148440531 -0.040362554487926672201259827 -0.080041286386029872505841302  0.033423514584556564412071806  0.096527469617363929482733737 -0.261592808885665229271227233 -0.015827748244743188103835483  0.933396397263980490198280460 
 15  0.000000000009629113906978961 -0.000000000348302652355960801  0.707106780339220334144750141  0.000000001129697616308621013 -0.000000000916999169992429745 -0.046866109803228069519631053  0.000000000163557368033538146 -0.179423500455121337704899806  0.000000000009633442482761958  0.000000002664282605088264748  0.000000000320529698384418510  0.381777479933734298692387527  0.144441450280905822202534745  0.283989207486990430525340690  0.089279342193835482142320447  0.318209497100548491173603247 -0.266262714734320673657871903 -0.195498366940782915287633074  0.933396396160201444333007897 
 16 -0.000000000520154952807087188  0.000000000051037652404792765 -0.000000000121759232973149107 -0.000000000718194218629648805  0.707106780503538602934525403 -0.046866108137073322908197582  0.000000002060404545973071237  0.179423503010715698727543452  0.000000001417984488744511329  0.000000000291294658623348779  0.000000000654493036905988779  0.113951527998949122307947163 -0.078880620390184998466263575 -0.085720806155414252326717531  0.129613059954915819067876141 -0.395156616386526220023080180 -0.149853683153458097158093089 -0.493610365255245131472843986  0.933396397486650388939603135 
 17  0.707106779998956212036301944  0.000000000350647574341756618  0.000000000798595025197834754  0.179423502565528918356683313  0.000000000835270632959908732  0.046866109557339695685843463 -0.000000000203644034830380627  0.000000000352257511474768171 -0.000000000163687272497713954  0.000000000624548990453345182 -0.000000000696486329493326091  0.391227739636066511801993154  0.206728227252590441846594009 -0.308927136255305237992488734 -0.027651248874256428015149119  0.037225962971024033363665658  0.411284315845525311314181266 -0.055443161156163395878593422  0.933396396146962197557309104 

 0.933396397604710440366448249 

