
  0 -0.46142973479524974  0.49631005832561170  0.49631003850638111  0.21079675407702075  4.96310058325611703e-01
  1 -0.49631004643511212 -0.49631005832582087  0.41418614141564991  0.29292064466577367  4.96310058325820869e-01
  2 -0.46142973492362838  0.49631005832582553 -0.21079671466238492 -0.49631005512730725  4.96310058325825532e-01
  3 -0.49631004656349076 -0.49631005832560704 -0.29292061175311612 -0.41418616453855434  4.96310058325607040e-01

  0  0.03488031163986238  0.00000000012837868 -0.95773978135874049  0.28551335356304791 
  1  0.99262011665143257 -0.00000000000021388  0.00000000000000468 -0.12126542796236851 
  2  0.08212389709073122  0.70710675316876603  0.20338942675326499  0.67222648433004717 
  3 -0.08212389058875290  0.70710680920432800 -0.20338941046153358 -0.67222643111049307 

  0  1.00000000000000000 -0.00000000000000000 -0.00000000000000001 -0.00000000000000000 
  1 -0.00000000000000000  1.00000000000000000  0.00000000000000000  0.00000000000000000 
  2 -0.00000000000000001  0.00000000000000000  1.00000000000000022  0.00000000000000005 
  3 -0.00000000000000000  0.00000000000000000  0.00000000000000005  1.00000000000000000 

