
  0  0.011444278980798928923142072  0.000792255908441817740142345  0.001316104545619995196441855 -0.031101362700441462134733528 -0.000846032511007241431134515  0.178828907865535845282635094 -0.707854489732473831883115961 -0.008796861751537896902731247  0.000148251040224655039385331 -0.442438818089760719701577021  0.334170476324076775220990598  0.116618025762502132873846532  0.244765153739485198899667080 -0.291293211472814909533853023  0.941128545036081623747364899 
  1 -0.000000217027499097171889689  0.000000390387616679679096434 -0.707153691207029690146430162 -0.000000028316900974638139280  0.000000013655111397418308187  0.000000015116206160168632832  0.000000466804304845773552164  0.235537822692331600538248257  0.000000292373036122535226566  0.029771674325875650046337542  0.417269972821635658574582553  0.266966520144352670404919864 -0.120908405195892618984960729  0.428444912395270214878475676  0.942692937580036510476083622 
  2 -0.000059963327561457693807651 -0.707545011851316508935238331  0.000023673784168422367148063  0.232232037071098127445638488  0.000089061404876541286745865  0.000210087300867875115360846  0.000037485264017339561901920 -0.002371750221043752709997079  0.000011988171027809871555850  0.142293867783778840886569142  0.191624780574532517057580530 -0.406332035111451849698684796  0.436504237881380616426380339  0.181199835552285641685496889  0.942581058395977791630748754 
  3 -0.011472221996097287878945271 -0.000721958611339763118507956 -0.001319008129916676505517314  0.031178048757493409116921929  0.001474211435556543250425422 -0.179748326229687111537584691 -0.706358015311516245957577931  0.008812133209065632312838464 -0.000046077837507461606155459  0.443254591453798218520692201 -0.334812548064378489952709964 -0.116932650035773892148254459 -0.245118329234617404337225402  0.291946579946834725970833402  0.941130001518180096754719738 
  4  0.008848886619558970897498837 -0.000128415471339558028156451 -0.000003946150235478230933954 -0.000013460814368566537927316 -0.000085649772932329463484501 -0.932881664999591704752479604  0.000363082219223443622735803  0.000093520537496363303605258  0.000160255975841698513191142 -0.019727371396693239695508738  0.257971882477339325089558952 -0.000732653789318074971425587 -0.003303260393075663546429979 -0.250406063008286191250411495  0.942578882560588094611641469 
  5 -0.011443308133714602583160252  0.000974696854926614025931189  0.001315903833628752038880946 -0.030583177179143528915666460 -0.705604037996609354302900152 -0.181510670192190449415570869 -0.000192307799020052531185740 -0.008975264260104761278572687 -0.000293121110231400507482681 -0.387950274466881804465981029 -0.334734386619398919360908115  0.117279260334756407024674445  0.251967185870462781753943010  0.358096028363389223451258500  0.940892487359569467644977714 
  6 -0.000000000000008914631612218 -0.000000000000000326247751120 -0.000000000000001510940457529  0.000000000000020064523303721 -0.000000000000001072071602422 -0.000000000000002811433859183  0.000000000000001621983744735 -0.942692990996639877644084488 -0.000000000000000941476753376  0.030599945794841699281771006  0.207741896784380353745136372  0.130839024023108366421284422 -0.072433954388919143655865482  0.211828573162012414332904149  0.942692990996677097979405263 
  7  0.235425509577264599288715270  0.000010009377096620000230785  0.000001685281632731932607977  0.000051530176339225955825299 -0.000030729863858731382341066  0.000026925298211278022131219 -0.000064117862927653205322810  0.000006479938447617564295973 -0.707067063810908633906138904  0.331712340526003572220353419 -0.079935587098665692915543113  0.425984728427246308961849619  0.367879742045866479726147838 -0.106816289629984956082982359  0.942684051186687129526755452 
  8 -0.235386116573893801405103349  0.000020836739735871145897476 -0.000002768055554012005338184 -0.000010426429750429047888803  0.000018962823558472621197411 -0.000036553561561884528298463 -0.000038278839316198264358828 -0.000001411431202800888386885 -0.707146333867833826159442212 -0.331463243109931865058772477  0.080372848314760104398003868 -0.426034185851613272634453786 -0.367950912282306459935316695  0.106380248473003822782016140  0.942661688322407344579282468 
  9 -0.011335823624553158697776244  0.000339181731533807604266217  0.001314654585624577569993876 -0.030792361886898682388764132  0.708603916269981007455738137 -0.180267551860514783242908816  0.000432832240131873816794975 -0.008963402730386941867399384 -0.000303372937499809599421173 -0.387907453887437075044399004 -0.332419405228344330341513566  0.117668799990969568469527644  0.251220571842168919826643325  0.355376403064552390937119036  0.942353097867124632849335220 
 10 -0.000042711322376234041113887  0.706666698708852434891031224  0.000018931466520235190285642  0.232704136940949658562743582  0.000724729114920263357852084 -0.000006420518801519404391872  0.000109600446460272733002730 -0.002339232420581254038876817  0.000043234995778661457700356  0.144131726635229597474076833  0.191807339981220963958546445 -0.407289005423845084345605208  0.436044313270430928576332913  0.181333838188954791102096113  0.942655695935240556292480929 
 11  0.000017755453582089603024937 -0.000044826265233457239303448  0.000162302215132756630127005  0.942387498240955475510213790 -0.000022952991308860386689117  0.000004386730756486653309687 -0.000020299534677707427077559 -0.000003875342114936927547076  0.000004202866402610728301488 -0.125207936453561303243725567 -0.094195545149722553349483627  0.216046173548795293094314067 -0.182689771340169126103585885 -0.085466038677624934422115497  0.942668099640164373496844380 
 12 -0.000000181702818461898313113  0.000000097007081075923470202 -0.707054946867292515391180407  0.000000130706199286458173140  0.000000009971852866542422077  0.000000400514031874896376091  0.000000092701210937242329957 -0.235637043640467322777468442  0.000000044629917804440500941 -0.032887083350043213415348289 -0.417334755170529689689796690 -0.266103281331253143293311125  0.122761314114881271875197571 -0.428272496282038588738799029  0.942692947740872176762196716 
 13 -0.942638776752653307744022476  0.000011573196713781816419371  0.000001621868873998339794530 -0.000007691188713349350329000  0.000002915128598839062924450 -0.000011445434650756458792657 -0.000003154187832402380827307  0.000005797410448001396845353  0.000001315106530876302072159  0.164020508720457478817771925 -0.021441972294053119295004022  0.212816897015318273630969312  0.183552417349206311309307675 -0.071324113419032136042513114  0.942684290275015289765035698 

 0.942692990996677097979405263 

