
  0  0.267261241912425400509695228 -0.125426543884333496688696444  0.052384326827539399600063355 -0.372447606480489488354731001 -0.139334731978770927680205162 -0.272874235238081111660796846  0.019263402896927755951150493 -0.534471256918146713258636199 -0.267284489491612836019286334  0.354249899056308917852722851  0.068918774625737440400741456 -0.060922584971527026085122815 -0.417069382066266336792732458  0.110140532132282532795858939  0.267261241912425395739205669 
  1  0.267261241912423860698664810  0.030258068693381961240405822  0.026196954917600332476377038 -0.458822039756927704476103386  0.260190249919676413494201012 -0.198419604290411460536321282 -0.307476286637202139137353338  0.111668113120537477621005418 -0.229851475223122491130548981 -0.360053769545947918050881123 -0.420690419884295912502595455 -0.271224146464311323975835549  0.255537030683328309459264802 -0.063707414795435918816561560  0.267261241912423841426971194 
  2  0.267261241912426726624477449  0.040033428135385408475847152 -0.033900684634407731230095959 -0.025090584948508021221106300  0.074829813847621201079339179  0.307511010523454377115718655 -0.218031559756260765421741026  0.098546863070150763899625757  0.588999520338494398838651706  0.125517122319299055999467472 -0.134064285031423718834290605 -0.411824327768680689156304692 -0.450207210234068659182159883 -0.121836640067452210372633652  0.267261241912426728006835219 
  3  0.267261241912420476605528885 -0.476613018678148312807152029 -0.211851570369576358213300690  0.503070913605618059700856637 -0.288962163289594551018575966 -0.026008552653180036819938106 -0.354594802326648308511171381 -0.076816672927097805575373871 -0.116351648696704674109888861  0.180508844422741006089066888 -0.316390167254891842128381937 -0.001918057707879702192340289  0.198951695800861978950086449 -0.042741456466119442499855367  0.267261241912420455246746087 
  4 -0.267261241912425984054409514 -0.071818682992279829443744033 -0.017279764380314276288916168  0.127476655387090268323787949 -0.114249213233517859226355887 -0.039233900086511956461734390  0.288674934722567002112758594 -0.444291208110499402563625670  0.003485053009127957208835498 -0.331428563597832514506019361 -0.143817205991300884642043224 -0.315695873542646180602393169 -0.043216788400268025422681310 -0.616013423363071742984604928  0.267261241912426006361869213 
  5 -0.267261241912419216030767991  0.646827620354011191994725999  0.222961327603489349360988379  0.233735408241356048945382151 -0.097591247524873649228855429 -0.215457449883817442511102502 -0.478956837679886787511023688 -0.102123497236970725671428677 -0.095574201323165964107927278  0.226860106078724904182493741 -0.173923374918538660018432242  0.009747179250503633293779284 -0.071648954606906182890314286 -0.118274180879593649466836620  0.267261241912419234001418999 
  6 -0.267261241912426389058131046  0.104641866440087140503756042 -0.442469483849566573737104730 -0.367902400307604257904611766 -0.171073408564294896733811065  0.454888791240715720210711220  0.086681351531531607530138128  0.107650749023843488460670716 -0.226859328988866730563616139  0.368988271562553821832260159 -0.332263067080843008387503607  0.076145103829186089791614643  0.046660099055753097189118807 -0.158765036954525906972212831  0.267261241912426394939927832 
  7  0.267261241912426549140581813  0.251384207131249452017761684 -0.291973444774897803881451644 -0.190636448345357779822657751 -0.437418675814239054343030705 -0.394292937496246637769578558  0.102265812354524729219258910  0.091814213293350197129443022  0.363913448459469787758758727  0.112757106955730963667664923  0.226231784275224010754179634 -0.034696719037599805018689874  0.370424099308333874624272683 -0.208208158869563615802960807  0.267261241912426561473381526 
  8  0.267261241912426889878219571  0.109241526576549113989721834 -0.036598570736360115123104488  0.037265433461929516781947682 -0.219504902729255126273932679 -0.115227039845697652004855721  0.135228547036322883134252561  0.227093797064056188459791122 -0.034449233400207374834999787 -0.332597793400070261912336231 -0.307652558569844187884951767  0.563991045219812584888066653 -0.476006701184137823401566411 -0.177384065202948918238217389  0.267261241912426894540288913 
  9  0.267261241912425771713414033  0.194429227196633604515287053 -0.323575729050886746454487181  0.325050710884215374039040922  0.547781624487384294949331859 -0.200355548296216488127013088  0.297629394634493287148668816  0.161771285737822443701787803 -0.271607234616975761777851045  0.278994651720156988514891586  0.047100136665105294296124411 -0.134730655322183920087576389 -0.082182379087974383660296536 -0.216138859144795481896064900  0.267261241912425784317264288 
 10 -0.267261241912418827832180132 -0.134784730314779483539974411 -0.376252534854610729133728500 -0.093920877438994204253089153  0.430014438285117583276370018 -0.274904177141146112319913114 -0.168868489246618262838712902 -0.320792127158730196081603409  0.432135781693387963623862943  0.021631213420911575575185859 -0.169285574622834007887462252  0.387499953255786203125876285  0.013737299143333212220374664  0.043551675524709388643228823  0.267261241912418845423360381 
 11  0.267261241912426748796411877  0.186838300533867463477737635  0.377023718676605424201175518  0.069585584999363752771754307  0.075321708790814481139768571  0.148582298850226422691467830  0.428118367745024390615517576 -0.272843868061627161709535236  0.220464162444148383644009805  0.202244030991675884486235767 -0.476512881935655550989100471  0.120061435109745028577249958  0.323673046282949292666445210  0.159511932842158729031149106  0.267261241912426728006835219 
 12 -0.267261241912424068784166764 -0.388800284378169835192151638  0.413374717067576045076470262 -0.135520077831649997734757805  0.028237192293633719034521103 -0.357756326879444797977843432  0.109426986645066573744782424  0.429727934397023849885134672  0.102188214830086082003678984  0.381253597081375135234961385 -0.165687123732028486486149953 -0.007520542573115375886426854 -0.043861461934049450948848361 -0.278396806487807477810576817  0.267261241912424063471576119 
 13  0.267261241912424413424932343 -0.054079406595737390527772488  0.242629260730955144433605188 -0.124107255369643266850300869  0.202434838022417330080583893  0.318621545695962992469224551 -0.265444929974518001785993224 -0.136590623464373140457262662 -0.038457530592938503672295787  0.105684532025832232235895616  0.328083270764503600323055282  0.381439831162327498692565797  0.178549993754845534463466042 -0.567533642588415218740646728  0.267261241912424396538483506 

 0.267261241912426894540288913 

