
  0 -0.577350269189618566650912257  0.000000000000009089061498549 -0.542125348940369342846511830  0.304364653533142702653262884 -0.089299879394990098438640580 -0.521684255007421079908518785  0.577350269189627603692860358 
  1  0.000000000000005532408337927  0.577350269189626769345078522  0.030492947396105888259074893  0.720316454527655645036308268  0.050789209590089267464137462  0.379870383620104804791792197  0.577350269189632262672225854 
  2 -0.000000000000013017420242718 -0.577350269189620596494219584  0.071245758462672022257673645  0.371212488219683060548109710 -0.676084249983489801727465363  0.258267466169792549819314575  0.577350269189633641452128604 
  3  0.577350269189630305524674192 -0.000000000000003120632258660 -0.796173895786567631404663514 -0.050937282274476983913024265 -0.048100605654160214976085546  0.166929683833925645046122876  0.577350269189633403632382069 
  4  0.000000000000004194298814347 -0.577350269189629909736671126 -0.040752811066570326723596234  0.349103966307978398251297969  0.726873459573566902606860107  0.121602917450307797112615121  0.577350269189634144196675986 
  5  0.577350269189628389468384867 -0.000000000000002145811955627  0.254048546846211740417136038  0.355301935807613600580351018 -0.041199273740849215691921638 -0.688613938841337086668378809  0.577350269189630541392856816 

 0.577350269189634144196675986 

