
  0  0.441726104299383874547723153  0.000000000000031285572085807  0.120138457615239924493875153 -0.162270549681042924636373455  0.549220329319937351406598347 -0.068590725822311223087469900  0.408150043777078091295721501  0.518986816864750162754151008  0.065932308445823738179785139  0.103330064592990273745511370  0.082507362222882679981758331  0.441726104299415144917046600 
  1 -0.000000000000019553826604588 -0.441726104299346080262877318 -0.360336068358513402133279022  0.604368522092221101662048999 -0.191578314302518453482210466  0.195326739846219317976662617  0.156529477908910076726692849  0.370728654060312632923792839 -0.219282261332482009052124126  0.058641166975954391800168915  0.146475804552743552240136327  0.441726104299365610077925462 
  2 -0.110431526074689551067333111 -0.331294578224427818387114175  0.352201120235531905104013964  0.035751993215408423613347211  0.096555078821968308264058877 -0.129978178213247032039205468  0.402245869908900181388493322 -0.365410604553533553950092974 -0.180199586417546533823204856 -0.462538168268428082302665821  0.429846063709800621537764423  0.441726104299117364182514223 
  3 -0.110431526074578050435200886  0.331294578224829715815211856 -0.243626698835407455166930657  0.271009471451266122120956487  0.623305766181928739134814055  0.036369483041544598761685625 -0.242212711891871886198709767 -0.120208635303633142264723415 -0.486335855026117435941047581 -0.211545252413388570449917156 -0.032012333988367103642291769  0.441726104299407770770180548 
  4 -0.000000000000008022344466440  0.441726104299377148130339998 -0.551811975012962479798881571 -0.128992531017823459216610840 -0.164097848334214742633424024 -0.158022873642274419553723289  0.240969797566215074074644220 -0.065236230889857914985740812  0.129095642685052863792949211  0.025921110842932811957426559  0.593450410249169936667545944  0.441726104299385164829623573 
  5  0.441726104299414155067568175  0.000000000000001213582967689  0.180548714345648215004068102  0.046511228992590387081159861 -0.241350984271041341770193921 -0.552443820301001352248565501 -0.300125623993090241508046451  0.001088512106619933780782714 -0.479435652131190901287802544  0.232906166490836818172842533  0.180255490759821691785906063  0.441726104299415382004956668 
  6 -0.441726104299405199042627412  0.000000000000003475717845153 -0.000812612902531203616775146  0.239040721500062410432175392  0.083656925761820348649237117 -0.723832231037051218309856526 -0.019570167229504620925274261  0.295570934951407128028115848  0.297336811417933760773877130 -0.148704735092087482711646629 -0.136153939689771264997500584  0.441726104299408651332079986 
  7  0.441726104299418008782875111  0.000000000000002464878305477 -0.168185524779654276193133385 -0.055187174151442081335226363 -0.177690862546557084094786018  0.014106009501728831793040671 -0.248948441980672005821345789  0.182694334227144030856262308  0.152433310472603575404519811 -0.784099526292652493071437536 -0.091501387477597212564148568  0.441726104299420463579223944 
  8  0.000000000000051765160585575  0.441726104299368208341326769  0.104780943525215701811925846  0.101314548598211745648628879 -0.339708859305259664774796075 -0.025018267929699266245125128  0.568466296916751910931180775  0.058756546657788419346516232 -0.342110805526149912292321886 -0.133388942435042088299193205 -0.454056897700104473904626073  0.441726104299419970348550626 
  9 -0.000000000000076243029094882  0.441726104299319495300347321  0.533565827432606475013831399  0.455603395834779601418626158 -0.082834622183497814916475731  0.253607135477136050181112478 -0.169562680223458247749396960  0.193306861355082700406129992  0.223335102965445464579213701 -0.022135688322975453056347091  0.353476090277244250919706434  0.441726104299395764938738693 
 10 -0.441726104299415960779181395  0.000000000000001698983585194  0.106170654733648752250294283 -0.486677582506517054358524330 -0.133443654510082087023673837  0.140305868208304598877844173 -0.161362144471383631006539648  0.528603538211116204237859095 -0.391772984270218354750300871 -0.130637704946618705690902958  0.207956972764518085690713112  0.441726104299417643759108690 

 0.441726104299420463579223944 

