
  0 -0.377964473009230384869649305  0.000000000000002704639388909 -0.139341994723406694165574946 -0.051867967440380876385216729 -0.009104590164181314111964773 -0.009793573175865648116089374  0.176738256391169058168925769 -0.086795697396640687874000766  0.070740791386195562748771815  0.062428347404309204768087585 -0.156974121136612307784758032 -0.177267689278133616211856165 -0.834310874416797030326056750 -0.187207814853633463478841184  0.377964473009233066372672405 
  1 -0.377964473009220911327906561 -0.000000000000010751899837952  0.189957883909272373643465324 -0.366136126267156076022346589  0.151866385390999931073838410 -0.343166729414042227444677988  0.034202256467822046942343917  0.127178163763292940256093878  0.262935555059410916564285876  0.072264707413376090261436773 -0.048045499899730153965752297  0.309119453882842378905073874 -0.004281493088441390740026102  0.597154487203314240809180063  0.377964473009231676723642876 
  2  0.377964473009227544395482665 -0.000000000000000212748231005 -0.104217435521617287778927199  0.143656829973913227412756800  0.241564593577931730963978194  0.002778216358006302376310972 -0.323574848694266024753778133  0.084482557977658303450141809  0.061288683239118051795322464 -0.193175023377736778475198889  0.526784281147054417424220596 -0.103408534664819864963081555 -0.416774590731557481051126890  0.390481992000471544464581045  0.377964473009227743400791424 
  3 -0.000000000000003509615834245 -0.377964473009226140163933916 -0.339257260208392834478904540 -0.063131823641106187294553143 -0.043709099539626674195592774  0.055339249323430163975221386  0.327845257851145061554504895 -0.438308557178047280021354268  0.557047524498662940809542293 -0.171883097375255457594611479  0.207153879303107474199943661 -0.118828201186752651521516370  0.186737539749350629775118474  0.041742011458767107491264715  0.377964473009229652491081791 
  4  0.000000000000001211687477521  0.377964473009230315128344560 -0.170115366356883240104192097 -0.500244620036391134652344059  0.049635494445233732177389296  0.165666461962439033573594310  0.017175381447574799788000337  0.062467177908909220279871661 -0.096739739886746046958177457 -0.638741957668823306698731301 -0.187385228592549190116236038 -0.283904859837183273606328257  0.078479638245348971799545887  0.068034004086832344782281162  0.377964473009231517888024607 
  5  0.377964473009228453526109348  0.000000000000000503166687246  0.575570767253057080886473329 -0.066309366269137263552352519 -0.405785072489706976408283326 -0.357463594792071134387343584  0.173644112055901253148038413 -0.316849162342535464514849813 -0.015332019959877801200605915 -0.155592290834077987839688395 -0.077261721369894024176829591 -0.185219445507612578787331320 -0.162957079715722037531466793  0.084865439195611661891201650  0.377964473009228977521019310 
  6 -0.000000000000000392723017296  0.377964473009232874956778853 -0.117328131864051261077990743  0.489832020094784521086969664  0.339102151201513081816250883 -0.347878817007072361453283091  0.222928330993014127547478982 -0.258152193428410415502322062 -0.005143617694840988979516368 -0.329110021213689434217046850 -0.140686699805766914217063264  0.346332178751521561015482356  0.003718434878415064572395479 -0.054768672960172835647299971  0.377964473009233252448870258 
  7  0.000000000000003234413836583  0.377964473009225877082276762  0.286860293354856994512379342 -0.346589176756118931712171219  0.246634867048515399112285432  0.178427725560060159538467231  0.245053699829998455659110269 -0.197411474997527983506412710  0.015838408051690036713521543  0.199073755516915918214885042  0.545447033982594848384398839  0.169660773607243490793627071 -0.011345014545357868666432320 -0.311022483109212310667130580  0.377964473009229099737709204 
  8 -0.377964473009223605895565840  0.000000000000002775050230837  0.024006605302079850280022643  0.198478376868172016621229975 -0.147800551710038507831281203 -0.381671929389785573853320286  0.249933425041240835841219008  0.391448678753045957700576127 -0.126992415484420491619582845 -0.169104195128835188864169572  0.463522080693793027834350914 -0.371773234123098389718869994  0.163387885885031819730795269 -0.097307058245901882250741746  0.377964473009226364404048240 
  9  0.377964473009227834148513261 -0.000000000000001001805418878 -0.359489258308756019614799843 -0.316085428108914055577534016  0.289650050647112331680304090 -0.555472715557636485947043403  0.058762239285806417807587554  0.071676097440727220691861470 -0.053896594560631993469631889  0.361585532706400080544227593 -0.111824500348721547207057198 -0.229364460528121503696068716  0.045354331187968379726865951 -0.161691214370810539842750544  0.377964473009228810011783661 
 10 -0.000000000000002853493139929 -0.377964473009228161198098592 -0.237060410680314489936500524 -0.271416311484790170432653336 -0.208745697933705282015493139 -0.153966431669020928544948899  0.016859359618859191267968068 -0.094787045857997719220896550 -0.514753378155370034264387558 -0.246258511611860310508794782  0.203786387986522293002994606  0.510865421469720479849888073 -0.112629758657505027295711933 -0.099584265594684463983570898  0.377964473009230994760476383 
 11 -0.000000000000009992227244084  0.377964473009218330059374308 -0.355464861759999908380957753  0.083123935480633056288428135 -0.362710321177694529262008905  0.122509390767412421192580126  0.272116026795941646983538129 -0.209454285927387653099798932 -0.298893536228896132328144986  0.348795824769201142284474546  0.083431068600795556920051745 -0.066050597632842754886137605  0.026150881319574049587814327  0.486198803036649508522082028  0.377964473009228308026177801 
 12 -0.377964473009231821708578392  0.000000000000001042011698853  0.037241578934762212869886760 -0.019212247564781315670227836  0.130468328218574927107446283 -0.175525862012014957955858760 -0.552042435252785873621515084 -0.592521652043826828142568386 -0.214623862242570616446239382  0.047229358805727825839813287  0.079195599770989668843193098 -0.278070971182162077477584977  0.140827142360900161647250563  0.001016602721492422832151507  0.377964473009232847011467857 
 13  0.000000000000003943082884923 -0.377964473009228851753567302  0.220269604262628465878200157  0.060670293908818682270298701  0.525116988990904388413284709  0.217351943628429699749849552  0.412568821596520975619271435 -0.069455173408373931120702444 -0.427232632102083587164863959 -0.001840789609302625333568646 -0.110134093104558663259390575 -0.225999725394238820281862627  0.022896158806131103222205312  0.246283905189984041219351286  0.377964473009232806001520683 

 0.377964473009233252448870258 

