
  0  0.277350098112613452540223605  0.282788527020967008683777558 -0.152343410576151047606543142  0.145414201216374627792971182  0.361841913108928091150681000  0.004948637357545689951323259  0.101983799261226767708101923  0.266750503321392416642083081 -0.342599418731480936901401604  0.345426493506626727857198450 -0.082723829309377198004281286  0.577813014884633010409022147 -0.094011944644077653899887342  0.277350098112613463463560493 
  1 -0.277350098112615899828472393  0.216202134838395847833084767 -0.175947661829943144973513632  0.334299829928876698925156730 -0.091324357002921093897122255  0.329740178162055042716208769 -0.121214124429151046618375817  0.095925192275209899594784393 -0.387686682795603189817220183  0.088612127691662947319200996 -0.352798725217837411496403510 -0.456867430044530495433958983 -0.318289980806673621798776053  0.277350098112615905954214668 
  2 -0.277350098112612703708888123 -0.010682433964634345373966712  0.308446208214319809548346896  0.080297624389958093499384140  0.108261161241355116306554502  0.048831224786077213120003351  0.403697684457521683242236382  0.743201892736561491568676036  0.196319082588967930503220591 -0.045802699348684487558807732  0.185987659898606240023422563 -0.120371167054491793201758450 -0.047228154073875167560101537  0.277350098112612686307443255 
  3 -0.277350098112612332261223830 -0.346117243954517114676002268  0.112789980560964851402715008  0.020794705758297233803524222  0.146201536048431600045495633 -0.685858904728283789900122186 -0.011421778728545504952791086  0.040648286797696494808689212 -0.265305423908513662785728024  0.246241560803529595287809754 -0.356529506803013440484470195 -0.103915389897386255477489299  0.166229175308857111205461735  0.277350098112612353240535867 
  4  0.277350098112615362064194841 -0.469235602322260643019845652  0.370309695094753868271171202  0.115346379202646449825715724 -0.270799037724491909508986107  0.133014152518536323904991062 -0.317820497524071967585532553  0.130335218278355091997750860 -0.308937471676149282137288643  0.284471988096908162034709769  0.356377460086004729480262457 -0.005279078441350434443210131 -0.200098369800971524209249816  0.277350098112615350842702355 
  5  0.277350098112615873211309059 -0.318002779320917007907379773 -0.043034439222054097949285174  0.613375594717003030736067470  0.466469429165922808632697288  0.105392639898694695724658092  0.001855886001238517552195669 -0.058760971371895371896361751  0.022605427000199083230263055 -0.356156425998596210718075139 -0.006401247750247079297797570 -0.142892089624602370683805960  0.252773434021228307573342028  0.277350098112615850443063437 
  6 -0.277350098112615978893915822 -0.205345578976646981971638725 -0.221702276102370355752085515 -0.270572724991778331467967567  0.422610667338659329653454549  0.000708844679479566407249186  0.196821641797602785986173735 -0.221635982732702766978875007 -0.338654598464500984481874435 -0.153098111924041814388636543  0.457907329661552731173970385 -0.058585890452851778310914936 -0.375299444908238624311154139  0.277350098112615961465365899 
  7 -0.277350098112615194473644029 -0.266733197324734062666658219 -0.305003244300441850290171730  0.058271596787712458938112261  0.084122476280770028318647773  0.359757270438677492481547443  0.085192397255252880235837885 -0.108187631877010945397662306  0.266980333833476731278128852  0.642539772055658915379892232  0.107568305936345167755040491 -0.010154814312408456925271381  0.322852374286772130635141814  0.277350098112615184309248662 
  8 -0.277350098112615780024132334 -0.223265241717113118938157004  0.308452959430697872059970108  0.136164698866192720847932349  0.154264473733095592200732782  0.145030313548804859062916692 -0.105728202331170156627842931 -0.202133655829803244506582757  0.358707106308090601195408612 -0.032606552235467143255337333 -0.339623339636673951866642843  0.405241228790440595074109215 -0.503367929575739896325223960  0.277350098112615794931912205 
  9 -0.277350098112614568916095559 -0.089011643780604376811893541  0.231852938815729045491211349 -0.312612440211087872632541793  0.079058194180856790938736155  0.427935122936197220909829153 -0.188087673029321228668426028  0.092289632316350289963438353 -0.374713958793129579540005444 -0.274426489090300926960378641 -0.180138513015455232362839466  0.246564343202857869755974772  0.470567957694342025020415102  0.277350098112614573686585118 
 10 -0.277350098112615973228959471  0.248347796806824626370240744  0.325635085610669146880327696  0.443592634723453573588605389 -0.264386990240729653387722481 -0.058719915636756322310747325  0.374411076372375968085654332 -0.404568844073320047351020878 -0.226106982684360352880655921  0.016593410784557809667326390  0.252929985252759438130523706  0.192475264326981174294885733  0.170175009365885473143226864  0.277350098112615961465365899 
 11 -0.277350098112610435991624153  0.389795544609798356224666938  0.125350157099808661242761575  0.131340182981252754770081122  0.311332738394700469581255139 -0.169560254248787373895193849 -0.667545480987914055623789339  0.038514639384220661727601396  0.145787135679521012430787281  0.075073099660019327659487946  0.359804994193884176891667925 -0.044357821901396083659030022  0.084126339777400112530025486  0.277350098112610410350242773 
 12  0.277350098112615641164939093  0.217639991158979329846038381  0.534942302202877212216700770 -0.252560066903147864575017098  0.392627595423852404101210806  0.154508450162696249125296975  0.180106352638267989724370211 -0.264271221230658059063185067  0.004257475171375166955706855  0.289384062791994891634299661 -0.132144192756216597426678627 -0.379613524161458386677308469  0.011102227492543101469469084  0.277350098112615628398458512 

 0.277350098112615961465365899 

