
  0  0.353553390593649200098706059 -0.000000000000639286693089269 -0.227246952523355319068830774  0.086722189292861858077245303 -0.287947117594271000237584474 -0.233406154238316020522580468  0.303797847875408996823386534  0.326786068933854070671244166  0.102778084141508003829994320 -0.067342296470321785588873664 -0.078851722673019327475762898 -0.074433077108638827734210346 -0.175137673980074253773974238  0.198536903566130497415234343  0.085980829960857074886152601  0.612392713221752547794827365  0.353553390594288494976592252 
  1 -0.000000000000239814902150617  0.353553390593385392568197972  0.230001604012852006728227609 -0.351153356047713719031901775  0.005059795388314702185003147 -0.209583991486946083498835516  0.213150238300075051486480102  0.272958518518025173156234600 -0.599826898130615995081635350  0.175391838220090365673266113 -0.352233426787084767634701185 -0.028724603160827401454919410  0.050932434031630342792718773 -0.086803099863824516133233283  0.043643453582880609129836767 -0.086130240454925355118994887  0.353553390593625234189154027 
  2  0.000000000001075571439310237  0.353553390593233276889204020 -0.136756988785366698577064884  0.171982155170339483281761843  0.253325309556778495602554976 -0.566278859263348401868569393  0.215507032927234171466195946 -0.014635492658890265770591486  0.226567009964950122187185046  0.217089616548024245579911508  0.273315593198202470945519515  0.260096921611661488217244823  0.261278915101703780685549888  0.166235911499414608082114166 -0.168194433499667774171005934 -0.173821677533715443012538905  0.353553390594308834663558189 
  3  0.353553390594223118154797517 -0.000000000000081675104750397  0.246886516823617188805522343 -0.324913410492142130752118295 -0.023807403874315156520750144 -0.091567625060774504648533449  0.322598151526205789778019642 -0.027713904094735201468250544  0.402841599317227043810813597 -0.362261383256809515942143546 -0.012215657887415391532092747 -0.184431957585216943542043462  0.005432962827529913371270266 -0.403043658240024850914363236 -0.232806409783408280780294883 -0.224360665048108301214912184  0.353553390594304813195070114 
  4 -0.000000000000298058661999600  0.353553390593837167145147699 -0.199474530805051746926051352 -0.469223417670941413359876268 -0.043237039624991467703658387  0.201391481890178554334204161 -0.240614793315913763318203075  0.368525328958648347037240292  0.142090909985189416681462642 -0.114237833078163173049679631  0.367040851065474313933605435 -0.083695208689897160560429174 -0.207655833709618566415696858  0.335431344655137948193883088  0.075344887843676361278706221 -0.206467819668389831132791767  0.353553390594135227712260794 
  5 -0.353553390592387562304686408 -0.000000000000395568250490981  0.177638235521534019396611322 -0.068088520634184757401223629  0.412382919612294049577574939  0.017324124934224128951769156  0.411603526252457911725063378 -0.072344816247841254756379206  0.033831841718264605479467430  0.034604694944321509284814679  0.345022317282976822660871263 -0.276997745471371762147417064 -0.211954607580967349753520851 -0.103572680719788546191526164  0.429250204721542841836958923  0.236176956368808183236757299  0.353553390592783119101638958 
  6  0.000000000000301172606605771  0.353553390592209644673971428 -0.143371115338081823586003499 -0.094768253126560664898890736  0.121293812297147358256394802  0.263361530580411425941315257 -0.066386804040710778535764984 -0.197622382762727195231518967 -0.107187638612435966950291958 -0.137028827671333438553160321  0.093546434563419494081441385 -0.289049285864458852549031473  0.555819143089625678942275466 -0.053728960287322226343310677 -0.281821232121342924635759922  0.451795263853673611484677505  0.353553390592510810206371141 
  7 -0.000000000000782814058728714  0.353553390592350313753004093  0.072039328357352193675034249  0.521448453076765928602617772 -0.327078040690944534722803955  0.232433544595687772261289814  0.222923312656812087112121433  0.028280182701668791696934910  0.082118476095458933646474824  0.087810778344720732499386999 -0.078055693629686772722867539 -0.464189831263178533045420451  0.049612358342934618688261326  0.098693021968244383566697120  0.136867027232164269041317546 -0.345613262251920941623513014  0.353553390593133116910152039 
  8  0.000000000000662747505721453 -0.353553390593623499221732562  0.374831867703976141326192156 -0.004347158650059126149963834  0.080318694030930132709189453  0.305064772395906096049290196  0.254070220022251565489355279  0.377248791510734817405492772  0.021904873334686044772726121  0.297464632432415968465132250  0.158628789610764787523029991  0.003681021632765355150501463  0.173668196277664007787168605  0.320271706881089642025926129 -0.425141578346477453054187354  0.021831025979358937895107961  0.353553390594286254120437105 
  9  0.353553390592461134041496820  0.000000000000438044544245466  0.389253036636875924083375095  0.002958628118992195270754939  0.205812297706341357111958258 -0.199172022142859704449619276 -0.517471804113867964603629135  0.091307185722954069464357436  0.235309645355418983313916526  0.306162658958791073974094535 -0.067968521546741690818836928 -0.290888916377749226813793568  0.159579740398721998592950627  0.020482731787384182249852423  0.295948037866148901467444610  0.116268189911729847386750655  0.353553390592899203164574048 
 10  0.353553390592907318688885646 -0.000000000000060336931359902 -0.034904757477802225784180388  0.295585072931280177539878004  0.044987139048226002076903999  0.150305534356702832132009380 -0.042207409489052453738667375  0.345916851178427914932818343 -0.315131076243405090694113882 -0.082498604458143587728517158  0.477647478709111592584495021  0.220187101189128057340230367  0.112376792445763771374962238 -0.463993984381599991505869957  0.164114752155535340561701325 -0.052534670323672516289878432  0.353553390592967638683327691 
 11  0.353553390593382759149541222 -0.000000000000805990833975083  0.097800989407172863254139733 -0.139376852260172493259689046 -0.272415040993106489331876743 -0.060219929584635825418263526  0.033969893182825003296682271 -0.547179589458798312567519573 -0.292763429564615600602999965  0.313209735578695467434710148  0.408926655322423753067401231 -0.107376632832694120456501832 -0.268973057507085388259746722  0.114190854337290788947649901 -0.140147962440820582013883099  0.004917841462838551502349647  0.353553390594188745584902991 
 12  0.000000000000548539008789101  0.353553390593841958044812532  0.387667221508878905966277023  0.329061779645853368423237886  0.252394945516433944783908985  0.003914883885318177109863166 -0.185025692911746515335468140  0.015538545446499804324304382 -0.068635285553816852782639448 -0.303151295805096582702993502 -0.037953059227573707601463473  0.099226188810317570229571973 -0.490933783158006744890954759  0.075311438417117133704912872 -0.365769730740153684137331777  0.172814676238494165314289915  0.353553390594390481998935197 
 13 -0.353553390593327834063794302 -0.000000000001061820884209303 -0.165357992672368426997084670  0.013060599699396413039215810 -0.201182179173519639562954520 -0.185773009311011401203397007 -0.197762555116176852183351026  0.239142482623759536640483184  0.103025542062680149166947752  0.372382358380831307928396715  0.104499794629897372579203137 -0.282233078356887091760500305 -0.216438006357343416688563537 -0.490243728642283769142201297 -0.373494035155926794772350899  0.098287336288292185807098384  0.353553390594389675108573379 
 14  0.353553390593851140749322506 -0.000000000000230202443598112 -0.459508590017265588611571764  0.023996451475231670402338854  0.544570866142735759030547166  0.265611312294284597739901094  0.113154292150734898257300170 -0.022318945905030768218753009  0.003822560773231421384312886  0.299716942973594668289324949 -0.278016120012808208664676149 -0.122287341113865090652809090 -0.261671378122369120662127698 -0.059989256431314668904878360 -0.117333078189690618689283892 -0.122219116568804810468707161  0.353553390594081360292838187 
 15  0.000000000000019789634747953 -0.353553390593708795900306993 -0.164726348751708414499639148  0.111694519696453361848570256  0.181440088413486936332746913 -0.379826182194839249241019238 -0.094516926408932445159434121  0.095795908693314075234282162 -0.346778299585158346612229208 -0.371590355875933925252881454  0.107031909570529957560639303 -0.510016840185193572878782908  0.045385037419605912507538812  0.214867949508815198338303187 -0.134788449354048963171881503 -0.209254085797816056062630070  0.353553390593728561393802381 

 0.353553390594390481998935197 

