
  0  0.000000000000000566089754137  0.408248290463868958413999263 -0.149819107628971263243490737  0.061483016870924176107730211 -0.509597687346643777141826787 -0.400928219287084862463947654 -0.096858500275596961412948298  0.233794950389188237622204239 -0.198274473952295241280957029 -0.432659008092747230072704773  0.294399541030735337882300734  0.097236027387941450280534061  0.408248290463869523012280585 
  1 -0.408248290463855396318759022 -0.000000000000003204285419776  0.049988372118283839963710780 -0.202120480556617950003059879  0.301129155670977648602245139  0.477630262864323492158751677 -0.074962525848136524905481783 -0.100428753419421838298433020 -0.169087746814537445255418116 -0.542302807682559989265348027  0.342440573185634948983994963  0.124573306230043470040611854  0.408248290463858616480526467 
  2  0.000000000000002608997129104 -0.408248290463859685964654461  0.392272375650017085047319143  0.030163571345861510056155300  0.095731786340024555619575806 -0.445359334944196114596881922 -0.104199353513293985512187193 -0.044457855304763554827175535  0.544987442633124868007158531 -0.335788574432285474841543629  0.136103704395240422944028495  0.172953345134019966040299192  0.408248290463862295557968471 
  3 -0.408248290463867995750890313 -0.000000000000000378610725615 -0.087744450310082926632005915  0.075961420646378268363570988 -0.556988548690884681369693554  0.124311147808140849026887174  0.133902204033100976184522332 -0.627503313408974126711478009  0.268795538257632430479250954  0.028867903835444550330024396 -0.095338997132143154755149102  0.017620223805333854913516027  0.408248290463868391837048977 
  4  0.408248290463865068405024603  0.000000000000004624158603275 -0.012883801738842999209566002 -0.677223959602609914903113830 -0.089131314548319804938133776 -0.065965131968284723042584942 -0.178621307755336983916541992 -0.384178963443008945715089614 -0.061172892893426218630207073  0.201261511586044576453940341  0.348942118485507831544475965  0.129349492450367595290866909  0.408248290463869695292005793 
  5 -0.408248290463869820869722421 -0.000000000000000276088370588  0.295140798631297752237408194 -0.098328580594467910026238323 -0.104223492500020012256362750 -0.087895724450190638402796717 -0.662921129442282540975093369  0.102405361602358249691155801 -0.089859912645266700313858264  0.253741630694017479709769305  0.029319406774912716917295594 -0.441245973558865382238222685  0.408248290463870121193724200 
  6 -0.408248290463863019533969148  0.000000000000005842722201175  0.171222781149516637517419421 -0.273798859430890194083946243 -0.097947870557011214899263262 -0.068372320765572177604858014  0.127484027991177848883178926  0.329670519031921253807343453 -0.073470940207889335597411188  0.337335562229724379322212680 -0.115294777413340351206216036  0.676284513144637501136455932  0.408248290463868859941336947 
  7 -0.000000000000002122105536790  0.408248290463860887043821141  0.679353442533721652778037903  0.135432884769226977297396433  0.104824692425523052016907936 -0.094949425200036202808116185  0.420111967632243430890125191 -0.201571108959367559844986020 -0.156888526818625030059741604  0.132803417600403562552928080  0.236034661815327859919777000 -0.135567183415429679099717918  0.408248290463863029915204950 
  8 -0.408248290463856734142924707  0.000000000000011777158018459 -0.441491303327866990474821762 -0.178937459667036535886043211  0.368899441528638709304538032 -0.511638497424987605472282426  0.297876115510814328592734471 -0.088322777248886920376284241  0.002450168516644725655104564  0.123619222509395304048721975  0.187815913070441132333605883 -0.247882577170779519292040036  0.408248290463868521616049023 
  9  0.000000000000008033951753711  0.408248290463859085750331773  0.072013710317357612076584212 -0.257132078590942332612821405  0.236709067043430743023648896 -0.212816523597875349336702722 -0.162919592667129970229135741 -0.247872078280731550405384563 -0.030502818327893080026504634 -0.296818127694337654609926802 -0.692076486618986866155775473  0.068729548459736605848309672  0.408248290463867109903505284 
 10 -0.000000000000008204315939333 -0.408248290463861714181658530  0.022883415860498763430767150  0.332208270272951839986166553  0.046889183047727976677695669 -0.253780130369976453344775177 -0.134035487524767911259428524 -0.357834632037131735978266467 -0.673906501869085827077267281 -0.005162401413805446969820041 -0.053339944460959235790356928  0.229807503338386023744089638  0.408248290463869944794030736 
 11 -0.000000000000002936548752368  0.408248290463867707868108464 -0.186392253711575877847279187  0.422588018569610871975027189  0.310684897265441843677196213  0.009554702770851773514481091 -0.398568715727579793515599621 -0.186644250490986749997993077  0.256746759862849489001882311  0.255722742340579642622133000  0.244406043707186284777562943  0.372362456040146424303838996  0.408248290463870616728327134 

 0.408248290463870616728327134 

