
  0 -0.000000000000199632619715753  0.169884577367761285690778497  0.000000000000512712119394585  0.707106781186231699595865635  0.000000000000153269462003180  0.035453113577458855303374194 -0.595254912453844427548069890  0.337969769460848779371467746 -0.036473706157097400417879283  0.876991358554858603220963364 
  1 -0.000000000000401228212058632 -0.169884577367524750872895996  0.000000000000104967471495815  0.707106781186863317292378567 -0.000000000000128033653970466 -0.035453113578253894454532687  0.595254912453432783955593194 -0.337969769460261780876951174  0.036473706157338032039360188  0.876991358555022291186055450 
  2 -0.000000000000217289353043291 -0.169884577367967408204041911  0.707106781185866693664569815 -0.000000000000343181725316483  0.000000000000191412646970108 -0.250274651113066244541857999  0.026393274947963873944788149  0.089903049468395353051113593 -0.632236242331541193251089744  0.876991358554585972019494722 
  3  0.000000000000014888731566352 -0.169884577367394447362943487 -0.707106781187228317097932112  0.000000000000274497865918750  0.000000000000040571691587472 -0.250274651112899582908362384  0.026393274947460276465721922  0.089903049468191195444223638 -0.632236242330288327547112293  0.876991358554952776804825021 
  4 -0.000000000000001278776856585  0.876991358555261707691339673  0.000000000000000456846591434 -0.000000000000000392143895336 -0.000000000000000457066926547  0.116789205125388400460730194  0.363320588992298375096258803  0.160502063713057605248268195 -0.243892754594545731671936806  0.876991358555264253398040669 
  5 -0.707106781187267532582090696 -0.169884577367397390063822465 -0.000000000000309430576392906  0.000000000000114344550262993 -0.000000000000021844165478428  0.651985898919285867777247828  0.037641848441173846386042286  0.061484553995436985207205050 -0.202129559560216532466481523  0.876991358555110570830067040 
  6  0.707106781185827495365015666 -0.169884577367787181290462173 -0.000000000000077252514954982  0.000000000000715205381429617  0.000000000000036629237578720  0.651985898920551845497038668  0.037641848441343733751394008  0.061484553995309145475538747 -0.202129559560850394840962260  0.876991358554443739873295038 
  7 -0.000000000000136754425999620  0.169884577368135717377606309  0.000000000000037794084961231  0.000000000000192388293900645  0.707106781186585138119973099  0.064808981943776039038912669 -0.278490844176866698755174953 -0.600860274955048363721907267 -0.168371036471264171028336225  0.876991358555087760246350009 
  8 -0.000000000000078281017499263  0.169884577368161538628126006  0.000000000000188635036131125  0.000000000000217624108644706 -0.707106781186509858222639935  0.064808981943728492802758723 -0.278490844177123950440406672 -0.600860274954947221537002178 -0.168371036471508101107922087  0.876991358555155903166042353 

 0.876991358555264253398040669 

