   1    1    1.000000000000000000    1.000000000000000000
   1    2    1.414213562373095145    2.000000000000000444
   1    3    1.732050807568877193    2.999999999999999556
   1    4    2.000000000000000000    4.000000000000000000
   1    5    2.236067977499789805    5.000000000000000888
   1    6    2.449489742783177881    5.999999999999999112
   1    7    2.645751311064590716    7.000000000000000888
   1    8    2.828427124746190291    8.000000000000001776
   1    9    3.000000000000000000    9.000000000000000000
   1   10    3.162277660168379523   10.000000000000001776
   1   11    3.316624790355399810   11.000000000000000000
   1   12    3.464101615137754386   11.999999999999998224
   1   13    3.605551275463989125   12.999999999999998224
   1   14    3.741657386773941329   14.000000000000000000
   1   15    3.872983346207417021   15.000000000000001776
   1   16    4.000000000000000000   16.000000000000000000
   1   17    4.123105625617660586   17.000000000000000000
   1   18    4.242640687119284770   17.999999999999996447
   1   19    4.358898943540673976   19.000000000000003553
   1   20    4.472135954999579610   20.000000000000003553
   1   21    4.582575694955839829   21.000000000000000000
   1   22    4.690415759823429731   22.000000000000000000
   1   23    4.795831523312719114   22.999999999999996447
   1   24    4.898979485566355763   23.999999999999996447
   1   25    5.000000000000000000   25.000000000000000000
   1   26    5.099019513592784492   25.999999999999996447
   1   27    5.196152422706632024   27.000000000000000000
   1   28    5.291502622129181432   28.000000000000003553
   1   29    5.385164807134503739   28.999999999999996447
   1   30    5.477225575051661188   30.000000000000000000
   1   31    5.567764362830021518   30.999999999999996447
   1   32    5.656854249492380582   32.000000000000007105
   1   33    5.744562646538028616   33.000000000000000000
   1   34    5.830951894845300743   34.000000000000000000
   1   35    5.916079783099616130   35.000000000000000000
   1   36    6.000000000000000000   36.000000000000000000
   1   37    6.082762530298219339   36.999999999999992895
   1   38    6.164414002968976014   37.999999999999992895
   1   39    6.244997998398398309   39.000000000000000000
   1   40    6.324555320336759046   40.000000000000007105
   1   41    6.403124237432848531   41.000000000000000000
   1   42    6.480740698407860378   42.000000000000000000
   1   43    6.557438524302000360   42.999999999999992895
   1   44    6.633249580710799620   44.000000000000000000
   1   45    6.708203932499369415   45.000000000000007105
   1   46    6.782329983125268136   46.000000000000000000
   1   47    6.855654600401043908   47.000000000000000000
   1   48    6.928203230275508773   47.999999999999992895
   1   49    7.000000000000000000   49.000000000000000000
   1   50    7.071067811865475505   50.000000000000007105
   1   51    7.141428428542850426   51.000000000000007105
   1   52    7.211102550927978250   51.999999999999992895
   1   53    7.280109889280518054   53.000000000000000000
   1   54    7.348469228349534532   54.000000000000000000
   1   55    7.416198487095662983   55.000000000000000000
   1   56    7.483314773547882659   56.000000000000000000
   1   57    7.549834435270749822   57.000000000000000000
   1   58    7.615773105863908654   58.000000000000007105
   1   59    7.681145747868607820   58.999999999999992895
   1   60    7.745966692414834043   60.000000000000007105
   1   61    7.810249675906653977   60.999999999999992895
   1   62    7.874007874011811126   62.000000000000000000
   1   63    7.937253933193772149   63.000000000000007105
   1   64    8.000000000000000000   64.000000000000000000
   1   65    8.062257748298549132   64.999999999999985789
   1   66    8.124038404635960831   66.000000000000014211
   1   67    8.185352771872450361   67.000000000000000000
   1   68    8.246211251235321171   68.000000000000000000
   1   69    8.306623862918074863   69.000000000000000000
   1   70    8.366600265340755627   70.000000000000000000
   1   71    8.426149773176359048   71.000000000000000000
   1   72    8.485281374238569541   71.999999999999985789
   1   73    8.544003745317530374   72.999999999999985789
   1   74    8.602325267042626677   74.000000000000000000
   1   75    8.660254037844387298   75.000000000000014211
   1   76    8.717797887081347952   76.000000000000014211
   1   77    8.774964387392122589   77.000000000000014211
   1   78    8.831760866327847737   78.000000000000014211
   1   79    8.888194417315588680   79.000000000000000000
   1   80    8.944271909999159220   80.000000000000014211
   1   81    9.000000000000000000   81.000000000000000000
   1   82    9.055385138137417300   82.000000000000014211
   1   83    9.110433579144299188   83.000000000000000000
   1   84    9.165151389911679658   84.000000000000000000
   1   85    9.219544457292887074   85.000000000000000000
   1   86    9.273618495495703939   86.000000000000000000
   1   87    9.327379053088815652   87.000000000000014211
   1   88    9.380831519646859462   88.000000000000000000
   1   89    9.433981132056603158   88.999999999999985789
   1   90    9.486832980505138124   90.000000000000000000
   1   91    9.539392014169456147   91.000000000000000000
   1   92    9.591663046625438227   91.999999999999985789
   1   93    9.643650760992954929   93.000000000000000000
   1   94    9.695359714832658682   94.000000000000014211
   1   95    9.746794344808963118   94.999999999999985789
   1   96    9.797958971132711525   95.999999999999985789
   1   97    9.848857801796103928   96.999999999999985789
   1   98    9.899494936611665352   98.000000000000000000
   1   99    9.949874371066199430   99.000000000000000000
   1  100   10.000000000000000000  100.000000000000000000
