   4    5    1.000839446859349779    1.001679598389729309
   4    9    1.416869300228899009    2.007518613931130069
   4   13    1.735551731789218621    3.012139813716555814
   4   17    2.003398140026094953    4.013604107460016834
   4   21    2.239356743575251940    5.014718624995956553
   4   25    2.452492329229977841    6.014718624931881585
   4   29    2.648531408755798733    7.014718623165975941
   4   33    2.831027838900600724    8.014718624630205568
   4   37    3.002452102012341584    9.014718624878328868
   4   41    3.164604023450126924   10.014718625236731953
   4   45    3.318842964771933524   11.014718624816158155
   4   49    3.466225414593778531   12.014718624775811762
