   6    9    1.060660171779821193    1.124999999999999778
   6   15    1.457737973711325186    2.125000000000000000
   6   21    1.767766952966368876    3.125000000000000444
   6   27    2.031009601158990208    4.125000000000000888
   6   33    2.263846284534354325    5.125000000000000888
   6   39    2.474873734152916338    6.125000000000000000
   6   45    2.669269563007827806    7.125000000000000000
   6   51    2.850438562747844795    8.125000000000000000
   6   57    3.020761493398643083    9.125000000000000000
   6   63    3.181980515339463800   10.125000000000000000
   6   69    3.335416016031583553   11.125000000000000000
   6   75    3.482097069296029801   12.125000000000000000
   6   81    3.622844186547359513   13.124999999999998224
   6   87    3.758324094593227027   14.125000000000000000
   6   93    3.889087296526011261   15.124999999999998224
   6   99    4.015594601052252521   16.125000000000000000
