   1    1    1.000000000000000000    1.000000000000000000
   1    2    1.414213562373095145    2.000000000000000444
   1    3    1.732050807568877193    2.999999999999999556
   1    4    2.000000000000000000    4.000000000000000000
   1    5    2.236067977499789805    5.000000000000000888
   1    6    2.449489742783177881    5.999999999999999112
   1    7    2.645751311064590716    7.000000000000000888
   1    8    2.828427124746190291    8.000000000000001776
   1    9    3.000000000000000000    9.000000000000000000
   1   10    3.162277660168379523   10.000000000000001776
   1   11    3.316624790355399810   11.000000000000000000
   1   12    3.464101615137754386   11.999999999999998224
   1   13    3.605551275463989125   12.999999999999998224
   1   14    3.741657386773941329   14.000000000000000000
   1   15    3.872983346207417021   15.000000000000001776
   1   16    4.000000000000000000   16.000000000000000000
   1   17    4.123105625617660586   17.000000000000000000
   1   18    4.242640687119284770   17.999999999999996447
   1   19    4.358898943540673976   19.000000000000003553
   1   20    4.472135954999579610   20.000000000000003553
   1   21    4.582575694955839829   21.000000000000000000
   1   22    4.690415759823429731   22.000000000000000000
   1   23    4.795831523312719114   22.999999999999996447
   1   24    4.898979485566355763   23.999999999999996447
   1   25    5.000000000000000000   25.000000000000000000
   1   26    5.099019513592784492   25.999999999999996447
   1   27    5.196152422706632024   27.000000000000000000
   1   28    5.291502622129181432   28.000000000000003553
   1   29    5.385164807134503739   28.999999999999996447
   1   30    5.477225575051661188   30.000000000000000000
   1   31    5.567764362830021518   30.999999999999996447
   1   32    5.656854249492380582   32.000000000000007105
   1   33    5.744562646538028616   33.000000000000000000
   1   34    5.830951894845300743   34.000000000000000000
   1   35    5.916079783099616130   35.000000000000000000
   1   36    6.000000000000000000   36.000000000000000000
   1   37    6.082762530298219339   36.999999999999992895
   1   38    6.164414002968976014   37.999999999999992895
   1   39    6.244997998398398309   39.000000000000000000
   1   40    6.324555320336759046   40.000000000000007105
   1   41    6.403124237432848531   41.000000000000000000
   1   42    6.480740698407860378   42.000000000000000000
   1   43    6.557438524302000360   42.999999999999992895
   1   44    6.633249580710799620   44.000000000000000000
   1   45    6.708203932499369415   45.000000000000007105
   1   46    6.782329983125268136   46.000000000000000000
   1   47    6.855654600401043908   47.000000000000000000
   1   48    6.928203230275508773   47.999999999999992895
   1   49    7.000000000000000000   49.000000000000000000
   1   50    7.071067811865475505   50.000000000000007105
   1   51    7.141428428542850426   51.000000000000007105
   1   52    7.211102550927978250   51.999999999999992895
   1   53    7.280109889280518054   53.000000000000000000
   1   54    7.348469228349534532   54.000000000000000000
   1   55    7.416198487095662983   55.000000000000000000
   1   56    7.483314773547882659   56.000000000000000000
   1   57    7.549834435270749822   57.000000000000000000
   1   58    7.615773105863908654   58.000000000000007105
   1   59    7.681145747868607820   58.999999999999992895
   1   60    7.745966692414834043   60.000000000000007105
   1   61    7.810249675906653977   60.999999999999992895
   1   62    7.874007874011811126   62.000000000000000000
   1   63    7.937253933193772149   63.000000000000007105
   1   64    8.000000000000000000   64.000000000000000000
   1   65    8.062257748298549132   64.999999999999985789
   1   66    8.124038404635960831   66.000000000000014211
   1   67    8.185352771872450361   67.000000000000000000
   1   68    8.246211251235321171   68.000000000000000000
   1   69    8.306623862918074863   69.000000000000000000
   1   70    8.366600265340755627   70.000000000000000000
   1   71    8.426149773176359048   71.000000000000000000
   1   72    8.485281374238569541   71.999999999999985789
   1   73    8.544003745317530374   72.999999999999985789
   1   74    8.602325267042626677   74.000000000000000000
   1   75    8.660254037844387298   75.000000000000014211
   1   76    8.717797887081347952   76.000000000000014211
   1   77    8.774964387392122589   77.000000000000014211
   1   78    8.831760866327847737   78.000000000000014211
   1   79    8.888194417315588680   79.000000000000000000
   1   80    8.944271909999159220   80.000000000000014211
   1   81    9.000000000000000000   81.000000000000000000
   1   82    9.055385138137417300   82.000000000000014211
   1   83    9.110433579144299188   83.000000000000000000
   1   84    9.165151389911679658   84.000000000000000000
   1   85    9.219544457292887074   85.000000000000000000
   1   86    9.273618495495703939   86.000000000000000000
   1   87    9.327379053088815652   87.000000000000014211
   1   88    9.380831519646859462   88.000000000000000000
   1   89    9.433981132056603158   88.999999999999985789
   1   90    9.486832980505138124   90.000000000000000000
   1   91    9.539392014169456147   91.000000000000000000
   1   92    9.591663046625438227   91.999999999999985789
   1   93    9.643650760992954929   93.000000000000000000
   1   94    9.695359714832658682   94.000000000000014211
   1   95    9.746794344808963118   94.999999999999985789
   1   96    9.797958971132711525   95.999999999999985789
   1   97    9.848857801796103928   96.999999999999985789
   1   98    9.899494936611665352   98.000000000000000000
   1   99    9.949874371066199430   99.000000000000000000
   1  100   10.000000000000000000  100.000000000000000000

   2    3    1.060660171779821193    1.124999999999999778
   2    5    1.457737973711325186    2.125000000000000000
   2    7    1.767766952966368876    3.125000000000000444
   2    9    2.031009601158990208    4.125000000000000888
   2   11    2.263846284534354325    5.125000000000000888
   2   13    2.474873734152916338    6.125000000000000000
   2   15    2.669269563007827806    7.125000000000000000
   2   17    2.850438562747844795    8.125000000000000000
   2   19    3.020761493398643083    9.125000000000000000
   2   21    3.181980515339463800   10.125000000000000000
   2   23    3.335416016031583553   11.125000000000000000
   2   25    3.482097069296029801   12.125000000000000000
   2   27    3.622844186547359513   13.124999999999998224
   2   29    3.758324094593227027   14.125000000000000000
   2   31    3.889087296526011261   15.124999999999998224
   2   33    4.015594601052252521   16.125000000000000000
   2   35    4.138236339311712086   17.125000000000000000
   2   37    4.257346591481600662   18.125000000000003553
   2   39    4.373213921133975113   19.124999999999996447
   2   41    4.486089611231590446   20.125000000000003553
   2   43    4.596194077712558723   21.125000000000000000
   2   45    4.703721930556694630   22.125000000000000000
   2   47    4.808846015417835851   23.124999999999996447
   2   49    4.911720676097124816   24.124999999999996447
   2   51    5.012484413940855532   25.125000000000003553
   2   53    5.111262075065218013   26.125000000000000000
   2   55    5.208166663999914903   27.125000000000003553
   2   57    5.303300858899106629   28.125000000000003553
   2   59    5.396758286230725510   29.124999999999996447
   2   61    5.488624600025037381   30.125000000000000000
   2   63    5.578978401105349150   31.124999999999996447
   2   65    5.667892024377317206   32.125000000000000000
   2   67    5.755432216610668839   33.125000000000000000
   2   69    5.841660722773961645   34.125000000000007105
   2   71    5.926634795564848623   35.124999999999992895
   2   73    6.010407640085653647   36.124999999999992895
   2   75    6.093028803476970623   37.125000000000007105
   2   77    6.174544517614234174   38.124999999999992895
   2   79    6.254998001598401913   39.125000000000000000
   2   81    6.334429729659963648   40.125000000000000000
   2   83    6.412877669190329755   41.124999999999992895
   2   85    6.490377492873585119   42.125000000000007105
   2   87    6.566962768281848994   43.125000000000007105
   2   89    6.642665127793211610   44.125000000000007105
   2   91    6.717514421272201552   45.125000000000000000
   2   93    6.791538853603062087   46.124999999999992895
   2   95    6.864765108872990851   47.125000000000007105
   2   97    6.937218462755804005   48.125000000000000000
   2   99    7.008922884438093526   49.125000000000007105

   3    5    1.096376317177312876    1.202041028867287809
   3    8    1.483927568605432734    2.202041028867231187
   3   11    1.789424775973331938    3.202041028867208983
   3   14    2.049888052764591073    4.202041028867006922
   3   17    2.280798331476759699    5.202041028867171235
   3   20    2.490389734332170590    6.202041028867059325
   3   23    2.683661869324617921    7.202041028866903005
   3   26    2.863920569580619802    8.202041028866981165
   3   29    3.033486612607115163    9.202041028866590366
   3   32    3.194063404014829466   10.202041028866799977
   3   35    3.346945029256769732   11.202041028866599248
   3   38    3.493141999528012853   12.202041028866563721
   3   41    3.633461301413128730   13.202041028866787542
   3   44    3.768559542964209808   14.202041028866613459
   3   47    3.898979485566279823   15.202041028866691619

   4    7    1.121320343559642607    1.257359312880715008
   4   11    1.502451101660241095    2.257359312880072189
   4   15    1.804815589715602187    3.257359312880476754
   4   19    2.063336936343752814    4.257359312880423907
   4   23    2.292893218813211842    5.257359312879611224
   4   27    2.501471429555064852    6.257359312880259594
   4   31    2.693948647038457267    7.257359312880334201
   4   35    2.873562129636329843    8.257359312880080182
   4   39    3.042590888187244325    9.257359312880044655
   4   43    3.202711244067966145   10.257359312879380298
   4   47    3.355198848485734242   11.257359312879996693

   5    9    1.140262090664196926    1.300197635405885288
   5   14    1.516640245873588588    2.300197635403499419
   5   19    1.816644608999050670    3.300197635405313523
   5   24    2.073691788912990663    4.300197635405159424
   5   29    2.302215809911094535    5.300197635404597207
   5   34    2.510019449208491071    6.300197635404896523
   5   39    2.701887791046184706    7.300197635404431118
   5   44    2.881006358098663345    8.300197635404924057
   5   49    3.049622539824392131    9.300197635404975571

   6   11    1.155394517270574184    1.334936490538903175
   6   17    1.528049897919815381    2.334936490532758313
   6   23    1.826180848256352185    3.334936490538289888
   6   29    2.082051029763019034    4.334936490537248055
   6   35    2.309748144395283642    5.334936490537455889
   6   41    2.516929973308036583    6.334936490536393627
   6   47    2.708308787884567526    7.334936490532775188

   7   13    1.167906012634795987    1.364004454348508144
   7   20    1.537531936036563351    2.364004454332342853
   7   27    1.834122257197584593    3.364004454347562678
   7   34    2.089019974616331154    4.364004454346017248
   7   41    2.316032049507614321    5.364004454346440909
   7   48    2.522697852368602778    6.364004454345161044

   8   15    1.178511301977579251    1.388888888888889062
   8   23    1.545603082577575060    2.388888888873302196
   8   31    1.840893502863930165    3.388888888886630646
   8   39    2.094967514995661695    4.388888888887097828
   8   47    2.321398046196691212    5.388888888885815298

   9   17    1.187672642712108706    1.410566306246764157
   9   26    1.552599853872447255    2.410566306244744439
   9   35    1.846771860908094309    3.410566306241945789
   9   44    2.100134830491662274    4.410566306244242618

  10   19    1.195705550148684404    1.429711762656368013
  10   29    1.558753271898652759    2.429711762654755081
  10   39    1.851948099340943843    3.429711762652534190
  10   49    2.104688044022712035    4.429711762652149609

  11   21    1.202834537041727936    1.446810923500387869
  11   32    1.564228539407808150    2.446810923497884982
  11   43    1.856558893086204476    3.446810923497472867

  12   23    1.209224757096629022    1.462224513175401475
  12   35    1.569147702790330001    2.462224513172169615

  13   25    1.215001043001195491    1.476227534493992799
  13   38    1.573603359964446557    2.476227534491395765

  14   27    1.220259910339691167    1.489034248782231229
  14   41    1.577667344141733929    2.489034248771232249
