
  0  0.301511344577763950214506494 -0.400540792803252787757832890  0.139470391898810063292519883 -0.178304992939663364915421802 -0.113412711287729737978506074 -0.010864531159726106340319637  0.072903848765907389164954606 -0.226245462732846723820606498 -0.554771355230058287933726791  0.486148965175410708488071276  0.289514744101012090621164244  0.301511344577763962249150609 
  1  0.301511344577762165292469931  0.585836736767348432205603642 -0.336631408720601464808208636  0.132287075072232646982773804 -0.159818086859223843662039695  0.346319896246612204596245985  0.264623358023260401861989285 -0.195683054673108710713172118 -0.388649584920638432980651011 -0.067674326118723937019665965 -0.160127031385682031011013018  0.301511344577762185892311209 
  2 -0.301511344577763211303620891 -0.091086347841242529760699426 -0.240570284833069769782733574 -0.725435846732138601164561337 -0.133192185439418618063726028  0.512134798588127897753588536  0.072337761934032861873211055  0.133908805948284881568691347  0.053541329069823150034696056 -0.046800679410667904902513181  0.091757554720034118247681040  0.301511344577763185093033371 
  3  0.301511344577763655311515578  0.288093810741241273577512710 -0.012453358061683390242903758 -0.168447290473966668913701449 -0.367143411500571357255475954 -0.360033950364604515061725878  0.304929980797128245026232640  0.361231315138545542914230019  0.270739122498515156047330099  0.041308586670891203850686886  0.484425568560715412815605857  0.301511344577763629182243221 
  4 -0.301511344577763969188044513  0.444351399403592288510052646  0.267532211526974066995773066 -0.147135457986493449765484989  0.214357358038806363286616317 -0.126280704005560126586423485 -0.091457114031894196097191834  0.465803523304247498371035568 -0.339702512359186276948153083  0.424609188768114396549807621 -0.188404979947185834943091352  0.301511344577763962249150609 
  5 -0.301511344577763700549851225 -0.337383413732002689940222759 -0.199339074904982095116923180  0.304749015738218148526298898 -0.296181894057014125651652869 -0.040709745587860796853490585  0.593286999584318723458074146  0.234640698037910640301093555  0.003156763896508996235636211  0.231620077932213659202055102 -0.335515673833472977295863324  0.301511344577763684693394453 
  6 -0.301511344577764442089927097  0.268267613951602545280250567  0.329856243952027970467747939  0.139528784428797484977718274 -0.027279833089022992852020117  0.265694499498017605310920194  0.200712465483031969503877577 -0.471860085599507837262386184  0.384942035592755291384088959  0.412516778737856783433211524  0.237116678012394898974091358  0.301511344577764461849511690 
  7  0.301511344577762718804784040 -0.030099493780626799917856393  0.161973824613173189519753706 -0.347183648602181750943487804  0.569689595478125975619703575 -0.112937656231986021920907139  0.552346397971077898562432262 -0.118429466263393668686357534  0.154956936033291316001181750 -0.049440697513120866999649077 -0.280256414789824637309127026  0.301511344577762741003823521 
  8  0.301511344577764468300514616  0.023733008983847411228214992  0.232231489507248796457243752 -0.246720506975565707401200528 -0.499770683902054509823408013 -0.026143687351066176333830044 -0.257517978584422094705903492 -0.103752761254630289619095042  0.256498408707532251461303288  0.199013380016591629972336382 -0.600660509240382976662610270  0.301511344577764461849511690 
  9  0.301511344577763482652319610 -0.048812547770391099984766499 -0.517812281700266593910311069  0.125036426858245814755271792  0.316531430447792875090698775  0.179309802752872514452001096 -0.224756353649003492970620023  0.191580391436154789055090926  0.332708813950281039110946565  0.540888521093116690782124506  0.011243367219427332917402855  0.301511344577763462648789528 
 10  0.301511344577764047413231258 -0.134061470356212301439859276  0.490700438204268138956591974  0.255039432509284101185638785  0.011627313077014171202655448  0.595188974600623227947503863  0.062350859645544870318563477  0.453791980040212034047805365  0.030455275160977193631635959 -0.128299063296647876077820685  0.060813854486504869210065265  0.301511344577764073271453071 

 0.301511344577764461849511690 

