
  0 -0.086349397739389131569396913  0.563263598870851581428952776 -0.052201638111757052401724162 -0.462397316401927570500909881 -0.306098443320283528464769221  0.192385971827372294164540910  0.572741644461778855114582332  0.701814634721997711308549839 
  1  0.000000000000000037319795345  0.000000000000003731738840879  0.701814634722048530520669557 -0.011622458466617633558564933 -0.616534175216685657091447714  0.147835194416929131569992360 -0.324578962705131586285274212  0.701814634722052293894830471 
  2 -0.086349397739452887597035209 -0.563263598870915999788921980  0.052201638111626735149509116 -0.205877991740222744050420496 -0.302215076777874250957669003 -0.601926322454926704516500052  0.420140322864307272837441562  0.701814634721995657395954282 
  3  0.701814634722046655880903221  0.000000000000003914208720424 -0.000000000000001284506313738 -0.624856673025204383984873568  0.125213379149973306944101589 -0.146930453078180716289095377 -0.282388753858787062511834925  0.701814634722051836144673248 
  4 -0.701814634722045950336339476 -0.000000000000001860567039533 -0.000000000000000323451894774 -0.542633864426993515681085789  0.200058649536827462680566372 -0.096541702434975127759548674 -0.404550298607535333120016272  0.701814634722048155332507768 
  5  0.000000000000075303604666741 -0.604539689659860327063459207 -0.097274945062050433182421205 -0.239004982568068480766458085 -0.003618222346370520620341589  0.740079119960808258320544145  0.142182177722314670074120480  0.701814634721986119127341841 
  6  0.000000000000000069163160484 -0.000000000000000612071587113  0.701814634722050046126886474 -0.040584953135830194809804006  0.615743823395185966489227131  0.013825097427023834305138505  0.355636739807249439230662363  0.701814634722050760399277708 

 0.701814634722052293894830471 

