2 14
-0.000000 -0.377964  0.198915 -0.332770 -0.028283  0.314198 -0.472361  0.218479  0.086605  0.074842  0.306713 -0.431275 -0.141015  0.152983
-0.377964  0.000000 -0.294655 -0.002135  0.473135  0.247992 -0.228600 -0.250308  0.059777  0.385546 -0.322529  0.038420 -0.304527 -0.139969
-0.000000 -0.377964 -0.123460  0.028826 -0.062194  0.049930  0.614844 -0.181834 -0.137218  0.251169  0.055586 -0.520583  0.036055 -0.257490
-0.000000  0.377964 -0.008093  0.069852 -0.330999  0.393363  0.037219  0.476406 -0.159766  0.087112 -0.504323 -0.265753 -0.009466 -0.037231
-0.377964  0.000000 -0.157967 -0.193619  0.153483 -0.323548  0.186983  0.399980 -0.431726  0.205267  0.126821  0.048537 -0.040885  0.472102
 0.377964 -0.000000 -0.364736 -0.223772 -0.086856 -0.083296  0.091140  0.398539  0.219265  0.267530  0.208986  0.284904 -0.357996 -0.346061
-0.377964 -0.000000 -0.308643  0.175840  0.244092  0.057941  0.050679  0.347701  0.191021 -0.596426  0.195361 -0.175421  0.052946 -0.283911
-0.000000  0.377964 -0.138191  0.396187 -0.139340  0.326743 -0.012509 -0.208739 -0.250383  0.078288  0.591724 -0.027178 -0.275768  0.124227
-0.000000 -0.377964  0.306746  0.665245 -0.004380 -0.240943 -0.111628  0.252089 -0.083973  0.067179 -0.123913  0.044258 -0.390918 -0.068718
 0.377964 -0.000000 -0.374149  0.042947  0.087082 -0.143094  0.046924 -0.129897  0.172635 -0.288360 -0.242565 -0.320237 -0.366058  0.509739
 0.000000 -0.377964 -0.333957  0.306805 -0.137533  0.350520  0.042433  0.115284  0.271526  0.175406 -0.003978  0.292070  0.415447  0.363600
 0.377964 -0.000000 -0.329200  0.169343  0.223338 -0.193028 -0.433324  0.051765 -0.422381  0.103536  0.012272 -0.200579  0.419282 -0.192871
 0.377964 -0.000000  0.306820 -0.008431  0.647147  0.401803  0.304322  0.176967 -0.150447 -0.088319  0.020961  0.147448  0.012306  0.077415
 0.000000 -0.377964 -0.194528 -0.202067 -0.237950  0.246400 -0.048579 -0.136351 -0.547089 -0.403196 -0.147007  0.322598 -0.204803 -0.103380
 0.377964
