6 48
-0.000000 -0.000000 -0.353553 -0.000000  0.000000  0.000000  0.044133  0.077167  0.219554  0.394989 -0.020521  0.012278 -0.011138 -0.051890  0.209902  0.038243 -0.093972 -0.084210 -0.076167 -0.053218  0.106537 -0.013502  0.279322 -0.194651  0.106489  0.200579 -0.143951  0.149382 -0.076981 -0.023493 -0.085569  0.172742 -0.004769 -0.097418  0.008211  0.034225  0.105392 -0.310146 -0.256274 -0.155847 -0.183635 -0.142855  0.023899  0.088205  0.136158 -0.003470 -0.182740  0.035795
-0.000000 -0.000000 -0.000000  0.353553 -0.000000  0.000000 -0.107065  0.180786  0.203695  0.164707 -0.142941 -0.162787 -0.099446 -0.178686  0.032900 -0.332851  0.026088 -0.211999  0.145220  0.094582 -0.146497  0.081107 -0.069780 -0.020922 -0.051188  0.083367  0.020466 -0.184861 -0.117412  0.000204  0.174409 -0.004284 -0.078413 -0.141870  0.082879 -0.138382 -0.198415 -0.064855  0.189932 -0.085651  0.213320  0.024588 -0.081839  0.271037 -0.200460  0.179480 -0.076554 -0.142882
 0.000000  0.000000 -0.000000 -0.353553  0.000000 -0.000000 -0.057796 -0.005752  0.204114  0.138519 -0.301752  0.302420  0.063204 -0.213137 -0.189354 -0.010479 -0.059246  0.019965 -0.165869  0.169009 -0.097407 -0.232013 -0.062556 -0.206784  0.010439 -0.109276 -0.097611 -0.094833  0.058587 -0.103966  0.134520 -0.117100 -0.195649  0.247202 -0.066470  0.093116  0.086418  0.072630 -0.033971 -0.065780 -0.035801  0.040072 -0.130305  0.097088 -0.147989 -0.124671  0.029476 -0.313009
 0.000000  0.000000  0.000000 -0.000000  0.353553 -0.000000 -0.145078 -0.123483  0.096672 -0.076481 -0.115615 -0.195598 -0.151071  0.197816  0.151129 -0.035966  0.062935  0.089933 -0.114922  0.173929 -0.153912  0.074522 -0.089484 -0.123660  0.229449 -0.132955  0.156667  0.167974  0.135031 -0.263208  0.128019  0.106568 -0.030985  0.067243 -0.241797  0.039132  0.119875 -0.265882  0.025514 -0.147800  0.142605  0.008092 -0.094518 -0.242984 -0.000984  0.247292  0.121482  0.045613
 0.000000 -0.000000 -0.000000 -0.000000  0.000000 -0.353553  0.194243  0.024109 -0.097322  0.091842 -0.057897  0.137940 -0.138784 -0.158038 -0.194740 -0.052338 -0.075647 -0.016860 -0.011590  0.081185  0.141647  0.330084  0.015545 -0.082420  0.046131  0.170159 -0.210824  0.020852  0.077717 -0.070046 -0.226498  0.048602  0.083506 -0.159165 -0.423255  0.151441  0.024224  0.205622 -0.021651  0.014991  0.226738  0.024489 -0.090708  0.060166 -0.110628  0.100145  0.186191  0.152981
 0.000000  0.353553 -0.000000  0.000000 -0.000000  0.000000 -0.004513 -0.389960  0.018847  0.119205  0.167168 -0.098648  0.112096  0.203939 -0.003673 -0.082538  0.036160 -0.002141 -0.186846  0.157137 -0.095994  0.126719  0.052845  0.072571  0.085995  0.015378 -0.236944 -0.126049  0.073160 -0.235537 -0.036410  0.111229  0.098630 -0.183057  0.261384  0.129738 -0.194980  0.027626 -0.079247  0.054049  0.166724  0.081827 -0.108885  0.050701  0.052341 -0.284667  0.043789 -0.224197
 0.000000 -0.000000 -0.000000 -0.353553 -0.000000  0.000000  0.047460  0.208158 -0.036640  0.023832 -0.102922 -0.037540  0.112233 -0.021177  0.147896 -0.012634  0.199410  0.028690 -0.106396 -0.301188 -0.140387  0.091166  0.042779  0.023972  0.000830 -0.191553 -0.155988 -0.145402 -0.250933  0.133791  0.169373  0.435722  0.037524 -0.156870  0.004205  0.051190  0.059065  0.085347  0.000112 -0.027135  0.136442  0.312688  0.162228 -0.040870  0.041682  0.159589  0.108357 -0.048119
-0.353553  0.000000  0.000000 -0.000000  0.000000 -0.000000  0.202111 -0.086749  0.261957 -0.257934 -0.234016 -0.112500  0.015879 -0.089521 -0.074210  0.063925  0.204217  0.137393 -0.232208 -0.009304  0.088040  0.178384  0.142962  0.062216 -0.339024  0.199599 -0.156018  0.052124 -0.107838 -0.097633  0.019546 -0.017466  0.033385  0.071056  0.128033 -0.119146 -0.061927 -0.080716  0.052660  0.058046 -0.070006 -0.277829  0.088170 -0.160131 -0.104488  0.133473  0.125167 -0.104367
-0.000000 -0.000000 -0.000000 -0.000000 -0.353553 -0.000000 -0.044007 -0.042441 -0.140624 -0.123576 -0.073962 -0.041594 -0.028549  0.143024  0.113013  0.141448  0.082339 -0.184533 -0.026186  0.100136 -0.234106  0.254273  0.068057 -0.030564  0.027353 -0.118604 -0.089306 -0.101606  0.077134  0.322592 -0.027186 -0.140484 -0.071782  0.042921  0.041271  0.263904 -0.067681 -0.004602 -0.155728 -0.473157 -0.105451 -0.170656 -0.090634 -0.060321 -0.206799  0.092075  0.012631  0.014662
-0.353553 -0.000000 -0.000000 -0.000000  0.000000 -0.000000  0.088041 -0.000890  0.137843 -0.012939  0.136545  0.253214 -0.351047  0.028165  0.035489 -0.090887 -0.135925  0.234266  0.142890 -0.283627 -0.232270 -0.082694 -0.105239 -0.053348 -0.038273  0.016670 -0.007427 -0.187574  0.188455  0.081471 -0.179974  0.104655 -0.060040  0.067773  0.141774 -0.129948 -0.080350 -0.093226 -0.275469 -0.030602  0.217136  0.074123 -0.152134 -0.165297 -0.094607 -0.020981 -0.070445  0.075837
 0.000000  0.353553  0.000000 -0.000000  0.000000 -0.000000  0.214357 -0.071085  0.046233 -0.077784  0.092723  0.049375  0.098730 -0.150245  0.071901  0.145278  0.219403  0.011975 -0.010367  0.175520 -0.046515 -0.344315 -0.139690 -0.151398 -0.207229  0.139617  0.131418 -0.023777  0.177871  0.212799  0.188555  0.047142  0.211501 -0.243852 -0.202652  0.004759 -0.143281 -0.073724 -0.096715 -0.012315 -0.143245  0.118928 -0.189190  0.074201  0.044989  0.204160  0.010606  0.091240
-0.000000  0.000000 -0.000000  0.000000 -0.353553  0.000000  0.157876 -0.116759  0.120334  0.020165 -0.169474  0.127849  0.132058  0.269419 -0.056199 -0.151018  0.083590  0.120444  0.107010  0.196005 -0.202796 -0.068470  0.172282 -0.031415  0.015824 -0.032116  0.215084 -0.064237  0.138819 -0.198025 -0.247191  0.169297  0.066001 -0.040607 -0.014709 -0.212453  0.225423  0.197721  0.137496 -0.089914 -0.018456  0.003689  0.224468  0.126853  0.075173  0.199652 -0.171234  0.053027
-0.000000  0.353553 -0.000000  0.000000  0.000000  0.000000 -0.156033 -0.049201  0.040106  0.104029  0.120133  0.018079 -0.211134  0.109712 -0.253196 -0.156528  0.020312 -0.256677 -0.045248 -0.210243  0.143894 -0.223957  0.137025 -0.054130 -0.044199 -0.187314 -0.098926 -0.129827 -0.129012  0.010222 -0.175402 -0.131428  0.103766  0.221932 -0.014582  0.103264 -0.033523  0.002996  0.089128 -0.013448 -0.024279 -0.090221  0.049203 -0.077128  0.208223  0.427954  0.131074 -0.036094
 0.353553  0.000000  0.000000  0.000000  0.000000 -0.000000  0.221379  0.273977 -0.067472 -0.087551 -0.034221 -0.017294  0.003117  0.257837 -0.108785 -0.004581  0.056252  0.208898 -0.205571 -0.052479 -0.203169 -0.115362 -0.016607 -0.057898 -0.001052  0.056801  0.037306  0.002264 -0.313672 -0.042702 -0.029536 -0.161187 -0.115219 -0.092875  0.054194 -0.053246  0.011506  0.010147 -0.205814  0.076801  0.238467 -0.327237 -0.309857  0.129671  0.141354  0.040212  0.043356  0.027457
 0.000000 -0.000000  0.000000 -0.353553 -0.000000  0.000000 -0.052975 -0.130523 -0.094235  0.241052 -0.040676 -0.369634  0.144026 -0.151328 -0.323474  0.039012  0.103943 -0.029580  0.222180 -0.174160 -0.178358  0.065132 -0.204723  0.042962  0.102484  0.163796  0.050457  0.012956  0.111827  0.080719 -0.232589  0.073251 -0.080212 -0.059005  0.057707 -0.226727  0.034014 -0.129715  0.126364 -0.045280 -0.133091 -0.161267 -0.224432 -0.030085  0.038755  0.021336  0.112799  0.006502
 0.000000  0.000000  0.000000  0.000000 -0.353553 -0.000000 -0.252946 -0.135774 -0.000307 -0.057813 -0.080427  0.244419  0.060505  0.102334 -0.011322 -0.177922 -0.110307 -0.036521 -0.084510 -0.237831  0.320084  0.056939 -0.200885 -0.028946 -0.133616 -0.046502  0.061170  0.129955 -0.095481 -0.110091  0.218968  0.114105  0.103721 -0.264848 -0.055620 -0.150011  0.098809 -0.037726  0.097245 -0.174747  0.008121 -0.091728 -0.354525 -0.177882  0.017593 -0.068638 -0.040725  0.001066
-0.353553  0.000000  0.000000  0.000000 -0.000000 -0.000000 -0.205185  0.118847 -0.135187  0.162495 -0.003017 -0.014849  0.213112  0.201969  0.043790  0.023698 -0.109462 -0.062101 -0.146452  0.176744 -0.022789 -0.110306 -0.094684 -0.146489 -0.019603 -0.025783  0.144520 -0.005395 -0.198095  0.022171 -0.164535  0.297042 -0.112418  0.024476 -0.051378  0.157398 -0.233270  0.122298  0.023322  0.337294 -0.097111 -0.187793 -0.090793 -0.052225 -0.283053  0.072827 -0.063319  0.164635
-0.000000  0.000000 -0.000000 -0.000000 -0.000000 -0.353553 -0.000132  0.084646 -0.090893 -0.183496 -0.025737  0.032368 -0.120464 -0.143782 -0.082906  0.184671  0.178395 -0.360594 -0.007408 -0.089353 -0.025132  0.034461  0.146905 -0.062039 -0.101988  0.038691  0.381559 -0.117878  0.155149 -0.173000  0.031455  0.240855 -0.120429  0.023409  0.144998  0.218715  0.067935 -0.065364  0.024913  0.095735  0.131962 -0.107511 -0.080080 -0.051925  0.202367 -0.119726 -0.226954 -0.138011
 0.000000  0.000000  0.353553 -0.000000  0.000000 -0.000000 -0.219201 -0.057708  0.148652 -0.004541  0.029796  0.027346 -0.230803  0.012046  0.071691  0.019714  0.185166  0.046552 -0.083819 -0.018758  0.069084  0.080417  0.071495 -0.270148 -0.098126 -0.132269  0.033228 -0.092738  0.033953 -0.009120 -0.095968 -0.008975 -0.368217 -0.289629  0.021921 -0.082263  0.023961 -0.033527 -0.031249  0.045032 -0.227200 -0.010521  0.108676  0.275984  0.103481 -0.167810  0.312184  0.230114
 0.000000  0.353553 -0.000000 -0.000000  0.000000 -0.000000 -0.006782  0.192816 -0.049859 -0.136662 -0.002673 -0.182096 -0.033897 -0.030897 -0.013505 -0.346624  0.069491  0.048534 -0.108823  0.030316  0.099720  0.099695 -0.297615 -0.331015  0.016363  0.098587  0.022803  0.227398  0.077086  0.225014 -0.056979  0.128763 -0.020360  0.206505  0.012410 -0.067821  0.069988  0.180500 -0.084590 -0.132779  0.061539 -0.103161  0.266634 -0.022782  0.079820 -0.241772 -0.130051 -0.081017
-0.000000  0.000000  0.000000 -0.000000 -0.000000  0.353553  0.002972 -0.140523 -0.067464  0.127097  0.041285  0.092490 -0.038482 -0.233696  0.224467 -0.082370  0.209800 -0.206679 -0.088023  0.137938 -0.100290  0.050383  0.122246  0.008991 -0.121734 -0.027447  0.185826 -0.140903 -0.225946  0.131149 -0.244410 -0.064805  0.185027  0.075389 -0.217796 -0.127380  0.267177 -0.059719  0.004821  0.097712  0.245567 -0.079786 -0.077828 -0.167385 -0.032844 -0.258309  0.105335 -0.000881
-0.353553 -0.000000  0.000000  0.000000  0.000000 -0.000000  0.206674  0.179925  0.236639  0.133302  0.117107 -0.031732  0.016914  0.241925 -0.148233  0.246719  0.172512 -0.275045  0.163967 -0.082719 -0.050296 -0.002568 -0.069948 -0.007483  0.082601 -0.269953  0.017749  0.209368 -0.077283 -0.115729  0.144891 -0.108470  0.126818 -0.012738 -0.224278 -0.134921 -0.118199  0.105299 -0.007681 -0.151327  0.101403 -0.073281  0.033130  0.107211  0.045914 -0.284069  0.057793 -0.004080
 0.000000 -0.000000 -0.353553 -0.000000 -0.000000 -0.000000 -0.154449 -0.108653 -0.156858 -0.270307  0.112039  0.236250 -0.016809 -0.213040  0.077027  0.059691  0.094172  0.088123  0.188647  0.159254 -0.056706 -0.036926 -0.032979  0.022526  0.141341 -0.012714 -0.153134 -0.086459 -0.184405 -0.129619  0.022991  0.243533 -0.128670  0.155537 -0.095373 -0.196941 -0.311634  0.055469  0.087714 -0.163990  0.008583 -0.226789  0.036262  0.113592  0.240366 -0.019261  0.148528  0.057728
 0.000000 -0.000000  0.353553 -0.000000 -0.000000 -0.000000 -0.155680  0.085826  0.083673 -0.079357  0.023642  0.009983  0.090583 -0.167374  0.005251  0.051908 -0.062222 -0.103369  0.028272  0.152330  0.038342 -0.119054  0.419188  0.031897  0.168183  0.022534 -0.037990  0.413861  0.049661  0.136947 -0.061652  0.152070  0.004194  0.033281  0.186243 -0.245833 -0.085534  0.219762 -0.158553 -0.073139  0.173268  0.071391 -0.240791 -0.092025  0.024973  0.118260  0.094888 -0.048664
-0.000000  0.000000 -0.353553 -0.000000  0.000000  0.000000 -0.069365  0.173324 -0.019907 -0.210441 -0.029679 -0.109153  0.038147 -0.184775 -0.273301  0.012075 -0.257049 -0.037671 -0.037207  0.186767 -0.059253 -0.067316  0.017822 -0.138454 -0.093630 -0.355547  0.087366  0.014417 -0.002417 -0.065077 -0.196569 -0.086968  0.127886 -0.402115  0.177586 -0.070599  0.001143 -0.118413 -0.124686 -0.036636  0.030147  0.091133  0.169071 -0.170745 -0.085741 -0.048372  0.159165  0.004292
 0.000000  0.000000  0.000000 -0.000000 -0.353553 -0.000000  0.027178  0.062548  0.017624  0.050601  0.068868  0.057577 -0.215774 -0.199079  0.027430 -0.155779  0.180253 -0.004464 -0.187265 -0.051492 -0.285408 -0.233721 -0.103700  0.247929  0.113383  0.109468 -0.014425  0.437652 -0.049396 -0.152806 -0.087639 -0.060925 -0.121212 -0.095292 -0.003324  0.273694 -0.127147 -0.099054  0.184157  0.041431 -0.032782  0.089246  0.129464 -0.121923 -0.027938 -0.061830  0.061870  0.080668
-0.000000  0.353553  0.000000  0.000000  0.000000 -0.000000 -0.048545  0.204836  0.131012  0.043109 -0.116804  0.005904 -0.063084  0.109190  0.187968  0.169926 -0.287538  0.008052  0.272027  0.090011 -0.007747 -0.140102 -0.033013  0.298701 -0.067005  0.185346 -0.003653 -0.087776  0.050444  0.042213  0.063818  0.100014 -0.145649 -0.140378 -0.009090  0.120614  0.279410  0.107179  0.114860 -0.029273  0.061523 -0.237932  0.089620 -0.142439  0.002932 -0.094967  0.334975 -0.094657
 0.000000 -0.000000 -0.000000 -0.000000 -0.000000  0.353553  0.053214  0.281570  0.145596 -0.059622  0.396140  0.074304  0.350669 -0.080250 -0.121351 -0.146729  0.153529  0.114587  0.094184 -0.068351  0.169161  0.132467  0.133806 -0.097136  0.089473  0.131576  0.139155 -0.155705  0.130171 -0.227819 -0.003375 -0.023041 -0.170225 -0.008101 -0.011073  0.262063 -0.010823  0.005535  0.040334 -0.173373  0.010644  0.004930 -0.066929 -0.140766 -0.099481  0.060175  0.099676  0.020031
 0.000000  0.000000  0.000000 -0.000000 -0.353553 -0.000000 -0.017829  0.029007  0.027438 -0.137609 -0.178735 -0.124997  0.153941  0.007204  0.141039 -0.003744 -0.153502 -0.054969 -0.053109 -0.206408  0.109596 -0.030019 -0.006636 -0.029865  0.208697  0.086113  0.213912 -0.079618  0.150398 -0.058965 -0.030539  0.009679  0.186736  0.247569 -0.094970 -0.014012 -0.171524 -0.266531 -0.195778  0.177969  0.132342  0.048477  0.079597  0.276028 -0.024927 -0.023107  0.405005 -0.058857
 0.353553 -0.000000 -0.000000  0.000000 -0.000000  0.000000 -0.014100 -0.145616  0.283964  0.103265 -0.093553  0.026444 -0.011488 -0.035747 -0.060445  0.266195  0.196935  0.093430  0.098643 -0.007846  0.265594 -0.115356 -0.158948 -0.034953 -0.015589 -0.124945 -0.003607  0.035948 -0.022922  0.062781 -0.112870  0.171093  0.104382  0.103882  0.240725  0.138919 -0.093987 -0.049226  0.089233 -0.080659  0.330252 -0.115328  0.115308 -0.002386 -0.302397 -0.043935 -0.056648  0.297883
 0.000000 -0.353553  0.000000  0.000000  0.000000 -0.000000 -0.065702 -0.097752  0.250204  0.084991 -0.133746  0.091609  0.088642  0.063473 -0.007862 -0.182048  0.042629  0.031652  0.251469  0.112121 -0.078533  0.074226 -0.106705 -0.167817 -0.040154  0.043841  0.030884  0.048792  0.015848  0.249420  0.039422 -0.060499  0.150406 -0.096930  0.064133  0.319862 -0.182954  0.091467 -0.066728  0.173980  0.050839 -0.104646  0.048868 -0.207725  0.457472  0.017797  0.146450 -0.102056
-0.000000 -0.000000 -0.353553  0.000000  0.000000  0.000000  0.050976 -0.038272 -0.080544  0.030299 -0.024867 -0.049385 -0.174809  0.091152  0.228037 -0.006472  0.288513  0.176500  0.181040 -0.090732  0.252234 -0.007440  0.064420 -0.022211 -0.005196 -0.189339  0.136571  0.212214  0.085050  0.071375 -0.186814 -0.060018 -0.140025 -0.087471  0.016492  0.031298 -0.013586  0.190437  0.024323  0.142063 -0.047223  0.054405 -0.197952  0.105375 -0.188436  0.086713  0.095885 -0.449465
-0.000000 -0.000000 -0.353553 -0.000000 -0.000000 -0.000000 -0.022889  0.106590  0.139570  0.006089  0.077757  0.070949  0.015777  0.057073  0.119363  0.053927  0.006534 -0.208665 -0.169787  0.026611 -0.135388  0.186331 -0.135932 -0.075625 -0.094680  0.072241 -0.048187  0.085083  0.164072 -0.011839  0.058790 -0.072401  0.050195  0.224174  0.345009 -0.069739  0.208722  0.225116  0.178081  0.126600 -0.039908  0.191383 -0.244092  0.101848  0.081960  0.066703  0.230552  0.332930
-0.000000 -0.000000  0.000000 -0.000000 -0.000000  0.353553  0.328467 -0.042049  0.057818 -0.008605 -0.124266  0.007313 -0.191977  0.053288 -0.118322  0.176230 -0.310342 -0.038382 -0.232491  0.078840  0.153380  0.127413 -0.040271  0.016756  0.058135  0.007814  0.200197 -0.004446 -0.054690  0.200117 -0.136956  0.166175 -0.203947 -0.007258 -0.018928  0.027396 -0.240790 -0.035086  0.309151 -0.136140  0.020070  0.198463 -0.093578  0.024312  0.238376 -0.003230 -0.021359 -0.080692
 0.000000  0.000000  0.000000  0.000000 -0.000000 -0.353553 -0.064958  0.226825  0.254010 -0.127486  0.081087 -0.101827  0.099556  0.041719  0.070692 -0.145597  0.013176  0.243758 -0.072357  0.065643 -0.006850 -0.056557  0.181617  0.109634  0.013934 -0.189188 -0.088017 -0.126489  0.028075  0.231956 -0.200389  0.030443  0.164850  0.105884 -0.142911  0.043510 -0.019046 -0.207514  0.375827 -0.042571 -0.114143  0.024056 -0.269853  0.016503  0.064917 -0.263333 -0.055691  0.020618
-0.353553  0.000000 -0.000000 -0.000000 -0.000000 -0.000000  0.136381 -0.034565 -0.030396 -0.073923 -0.194582 -0.093900  0.005447 -0.181717  0.083438 -0.106980  0.129170 -0.002500 -0.086762  0.080844  0.278703 -0.169227 -0.111205  0.137621  0.513560 -0.108059 -0.018904 -0.215470 -0.017370  0.048958  0.033164 -0.162064 -0.024970 -0.165133  0.197111  0.092391  0.199975  0.105901 -0.042527 -0.005854  0.064919 -0.104070 -0.097692  0.045049  0.142927  0.049282 -0.093673  0.208470
-0.000000  0.000000  0.000000 -0.353553  0.000000  0.000000  0.241894 -0.096451 -0.055027 -0.118734  0.220063  0.135519 -0.204036  0.113881 -0.107068 -0.276041 -0.099042 -0.100746  0.163640  0.164736  0.021656  0.062869  0.192643 -0.088995  0.141430 -0.014308  0.061160  0.113518 -0.058080  0.184210  0.317133  0.087995  0.071382 -0.033440  0.152330  0.017553  0.076547 -0.239034  0.152618  0.183910 -0.018564 -0.192385  0.042556  0.138295 -0.240984 -0.005502  0.080620  0.049845
 0.000000  0.000000  0.000000 -0.353553  0.000000  0.000000 -0.124092  0.160086  0.033449  0.242355  0.115407 -0.022488 -0.139840 -0.110603  0.087915 -0.099356 -0.039245  0.138710 -0.172447  0.180647  0.115841  0.197411 -0.039357  0.417730 -0.223931 -0.162208  0.268436 -0.006777  0.178642 -0.067680  0.067323 -0.047302  0.119482  0.028897  0.006983 -0.030602 -0.197831  0.082774 -0.196736 -0.088336  0.036753 -0.186317  0.046205  0.148525  0.117793  0.117344 -0.079558  0.068302
-0.000000  0.353553 -0.000000  0.000000 -0.000000  0.000000 -0.065200 -0.093767  0.266549 -0.182043 -0.113147  0.084324  0.074756 -0.099006 -0.103660 -0.002424 -0.030682  0.043140  0.271460  0.008046 -0.084390  0.335078 -0.059122  0.182349  0.057352 -0.092205  0.168381  0.143273 -0.382537 -0.008886 -0.078380 -0.031342 -0.084318  0.086937 -0.042956  0.149332  0.085728 -0.069250 -0.254143  0.153547 -0.157529  0.197902 -0.122177  0.107803  0.014649  0.035356 -0.154778  0.098630
-0.000000 -0.000000 -0.000000 -0.000000 -0.353553 -0.000000 -0.036874  0.221313 -0.118548  0.175246 -0.030715 -0.179409 -0.286123  0.105035 -0.164523  0.106585  0.195129  0.144500  0.162712  0.370656  0.199098  0.021415  0.025572 -0.074046  0.004024  0.095305 -0.082651 -0.160265 -0.127488 -0.098664  0.166351  0.046884  0.009726  0.171083  0.045712 -0.100605  0.011268 -0.114864 -0.117402  0.104365 -0.057235  0.275669 -0.096403 -0.262098  0.074770 -0.065921  0.032113  0.033414
-0.000000 -0.000000 -0.000000 -0.353553  0.000000 -0.000000 -0.147553  0.138280  0.090398 -0.217116  0.023318  0.146211  0.092211  0.231932  0.161104  0.057000  0.102858 -0.272309  0.040216  0.152582  0.145369  0.022066 -0.162300  0.040844  0.001355  0.194621 -0.211637 -0.004993  0.062961  0.021199 -0.253470 -0.234543 -0.170964 -0.142426 -0.059857 -0.158560 -0.081243 -0.235530  0.040138  0.114250  0.226394  0.122935  0.096963 -0.019471  0.031663  0.117373 -0.222332 -0.066450
 0.000000  0.000000 -0.000000  0.353553  0.000000 -0.000000  0.014004  0.093013 -0.061637  0.145200  0.056380  0.317275  0.167244  0.028253 -0.255881  0.030352  0.182590 -0.003271 -0.163897  0.097044  0.013211  0.125524 -0.163733  0.250651  0.083795 -0.202296 -0.105649  0.059330  0.220416  0.248069  0.027882  0.202308 -0.140022  0.026228  0.012018 -0.115648  0.175385 -0.298674 -0.101408  0.157280 -0.001187 -0.088862  0.075054  0.022445  0.041380  0.105989  0.105916 -0.160048
 0.000000  0.000000 -0.000000  0.000000  0.353553 -0.000000 -0.021525  0.141377 -0.190754  0.003494 -0.348831  0.279444 -0.032871  0.230120 -0.101692 -0.204463  0.214568 -0.105475  0.033573 -0.002863  0.060380 -0.074106  0.044174  0.176754  0.006216  0.226619  0.147118 -0.006093 -0.041045 -0.032752 -0.135255  0.031989  0.204176 -0.006418  0.160158  0.021384 -0.150729 -0.059175 -0.075524 -0.266253 -0.216067  0.146606 -0.013516  0.023641 -0.091145 -0.175060  0.178180  0.078367
-0.000000 -0.000000  0.000000 -0.000000  0.000000 -0.353553 -0.092535 -0.062142  0.147102  0.115255  0.270637  0.155277 -0.007137 -0.005388  0.015646  0.195360  0.006874  0.109868 -0.212312  0.016946 -0.016774  0.096224 -0.104940 -0.072737  0.301246  0.234893  0.344373 -0.116044 -0.283474  0.126377  0.007181 -0.159864  0.091171 -0.057494  0.105923 -0.170520  0.007070  0.086557  0.055870 -0.118268 -0.058584  0.052822  0.178008 -0.132371 -0.098615  0.087270  0.103057 -0.220464
 0.353553 -0.000000 -0.000000 -0.000000 -0.000000  0.000000  0.220744  0.048207  0.254363 -0.064714 -0.050188 -0.008918 -0.091323 -0.021268  0.109504 -0.125138  0.007325 -0.270316 -0.051636 -0.057738 -0.001036  0.044308 -0.062560  0.085367  0.215901 -0.119382 -0.053779 -0.185159  0.124464 -0.080839 -0.004502  0.103790 -0.026390 -0.025573 -0.103657 -0.219899 -0.211291  0.198636 -0.133114  0.211415 -0.352378 -0.126285 -0.024770 -0.352678 -0.132263 -0.045746 -0.031185  0.015156
 0.000000 -0.000000 -0.353553  0.000000 -0.000000 -0.000000 -0.223287 -0.182039  0.130510 -0.034526 -0.061292 -0.123611  0.008611  0.146152 -0.284086 -0.085842  0.084747  0.009105 -0.142073 -0.095111  0.000002 -0.099784  0.298032  0.170164  0.015733  0.175047  0.116573 -0.053515  0.098294  0.286480  0.229553 -0.053793 -0.268640 -0.049054 -0.243762 -0.056341 -0.051611  0.143770 -0.098961  0.059703  0.178105  0.093592  0.080696 -0.054315 -0.055853 -0.131864 -0.044318  0.200169
 0.000000  0.000000  0.000000  0.000000  0.000000  0.353553 -0.348035  0.174440  0.076946 -0.162755 -0.045068  0.049651 -0.287039 -0.004831 -0.176102  0.234964  0.069811  0.106646 -0.077337 -0.074006 -0.129360  0.093950  0.023348 -0.036175  0.233449  0.142612 -0.098086 -0.038505  0.127933  0.011840 -0.003511  0.081708  0.408242 -0.147395 -0.067447  0.081068  0.064618  0.108570  0.080654  0.161687 -0.090307 -0.129751 -0.024298  0.176213 -0.048009  0.005719 -0.177049 -0.123333
 0.000000 -0.353553  0.000000 -0.000000  0.000000  0.000000 -0.001014 -0.108608  0.202684 -0.215137  0.281146 -0.214672 -0.111175  0.079219 -0.106304 -0.090861 -0.015483 -0.178768 -0.059266  0.138666  0.087500 -0.221107 -0.232866  0.184896 -0.118570  0.115569 -0.047805 -0.045549 -0.148836 -0.003596 -0.134220  0.284878  0.013165  0.045017 -0.059619  0.120024  0.246297  0.083861 -0.243979 -0.154199 -0.086105  0.071989 -0.063662  0.198083 -0.054519  0.028266  0.089166 -0.144040
 0.353553
