8 18
 0.000000  0.012649  0.000000  0.000000 -0.000000  0.000000  0.000000  0.693133 -0.034121 -0.347049 -0.035783 -0.208215 -0.048769  0.088882 -0.316065  0.226878  0.281380  0.335175
 0.000000 -0.000000  0.705781  0.000000  0.000000 -0.000000 -0.000000 -0.000000  0.278923  0.165635  0.385119  0.337694 -0.044231  0.176740  0.003662  0.037601  0.085165  0.303993
 0.000000  0.000000 -0.000000  0.000000 -0.000000 -0.000000  0.000000  0.705781 -0.068002  0.463749  0.016485  0.153713  0.089583 -0.029217  0.308129 -0.169271 -0.229610 -0.270352
-0.000000 -0.000000  0.705781 -0.000000 -0.000000  0.000000 -0.000000  0.000000 -0.246849 -0.147223 -0.396675 -0.318264  0.061345 -0.188325 -0.026327  0.014335 -0.061547 -0.341620
 0.000000  0.000000 -0.000000 -0.000000 -0.000000  0.000000 -0.705781  0.000000 -0.255876  0.039351  0.325910  0.070863  0.131159 -0.125566 -0.490881 -0.148478 -0.097601 -0.134561
-0.000000  0.000000 -0.028552 -0.531353  0.000000 -0.042339 -0.103537  0.000000  0.116875 -0.156268  0.167894  0.019732  0.289149  0.315798  0.135044  0.522469  0.018766 -0.403461
-0.000000 -0.000000 -0.000000  0.000000 -0.000000  0.012649 -0.693133 -0.000000  0.277186  0.036214 -0.400592 -0.046818 -0.192427  0.014891  0.423062  0.078583  0.131740  0.197069
-0.045987 -0.000000 -0.000000  0.000000 -0.659794  0.000000 -0.000000  0.000000 -0.197824  0.011975 -0.098645  0.208365 -0.458142  0.090137 -0.104669  0.322308 -0.370222  0.014538
-0.000000  0.705781  0.000000  0.000000  0.000000 -0.000000 -0.000000  0.000000  0.329394  0.115791  0.060775 -0.364389  0.108736 -0.089146 -0.105758  0.099028 -0.428226  0.139115
 0.000000  0.705781 -0.000000  0.000000 -0.000000 -0.000000 -0.000000 -0.000000 -0.287272 -0.159836 -0.052505  0.388881 -0.124909  0.063806  0.112351 -0.124988  0.404075 -0.169173
 0.028552  0.042339  0.000000 -0.000000 -0.531353 -0.000000  0.000000 -0.103537 -0.223162  0.411517 -0.002343 -0.302408  0.426531  0.141966  0.057240 -0.017625  0.389120  0.191437
-0.000000  0.000000  0.028552  0.531353  0.000000 -0.042339 -0.103537 -0.000000 -0.228271 -0.354406  0.292250 -0.189353  0.104987  0.440459  0.378944 -0.036411 -0.235388  0.001442
 0.000000  0.000000  0.045987 -0.659794  0.000000  0.000000  0.000000 -0.000000 -0.277957 -0.159567  0.100148 -0.168383 -0.148311  0.100393  0.196421 -0.450083 -0.204678  0.326081
-0.000000  0.000000 -0.000000  0.000000 -0.000000 -0.705781 -0.000000  0.000000  0.066664 -0.051850 -0.384559  0.260801  0.300079  0.282354 -0.195929 -0.164539 -0.173964  0.115505
 0.705781  0.000000 -0.000000  0.000000 -0.000000 -0.000000 -0.000000 -0.000000  0.165611  0.137053 -0.019791 -0.204261 -0.322255  0.400788 -0.196411 -0.194341  0.091324 -0.253737
-0.705781  0.000000  0.000000  0.000000 -0.000000 -0.000000  0.000000  0.000000  0.188438  0.135671 -0.008408 -0.228304 -0.269390  0.390387 -0.184333 -0.231532  0.134044 -0.255414
-0.028552  0.042339 -0.000000 -0.000000  0.531353  0.000000 -0.000000 -0.103537 -0.468805  0.426386 -0.124832 -0.043675 -0.142355  0.253892 -0.072730  0.382593 -0.070593  0.209489
 0.000000  0.000000  0.000000 -0.000000 -0.000000  0.705781 -0.000000  0.000000  0.055014 -0.083134 -0.349776  0.251465  0.327171  0.327455 -0.172677 -0.136789 -0.189320  0.087857
 0.705781
