6 49
-0.000000 -0.000000 -0.000000  0.353452 -0.000000  0.000000  0.059733 -0.187359  0.150460  0.037200 -0.266989  0.134404 -0.044813  0.115916 -0.166920  0.010834  0.128339 -0.187992 -0.036270 -0.084879  0.016663 -0.090932  0.145080 -0.116289 -0.049942  0.107426  0.124952  0.176371  0.179168  0.079217  0.067939  0.343052 -0.230699 -0.021424 -0.069058 -0.197848 -0.321112 -0.105914 -0.073678 -0.021274 -0.199016 -0.073839 -0.120365  0.015793 -0.086018  0.002595 -0.032625 -0.205130 -0.163017
 0.000000  0.000000 -0.000000  0.000000 -0.353452 -0.000000 -0.070268  0.065856  0.029398 -0.275013  0.101728 -0.055261 -0.050307  0.044309 -0.033297 -0.069830  0.323712  0.005841  0.194254 -0.057447 -0.110288  0.428040 -0.132077 -0.140990 -0.050040  0.055594  0.150286  0.257217 -0.120083 -0.192270 -0.046435 -0.025681 -0.086235  0.190088 -0.047154  0.096716 -0.027732  0.108388  0.126743 -0.149780 -0.098839 -0.038134  0.105277 -0.059331  0.114518  0.206733 -0.179520 -0.041378 -0.128567
 0.000000 -0.000000  0.000000 -0.000000 -0.353452  0.000000 -0.054001  0.036583 -0.074662 -0.072903  0.342418  0.051756 -0.188411 -0.240480 -0.123715  0.077901  0.015145 -0.092424  0.007570 -0.036358  0.193495 -0.201838 -0.003543  0.049055 -0.291550  0.004574  0.126462 -0.249762 -0.001142  0.137023 -0.100192  0.070737  0.027830 -0.250124 -0.013732 -0.163012 -0.315446 -0.004538  0.096251  0.085581  0.083218 -0.049974  0.056842  0.084349  0.027290  0.261156 -0.039229  0.177276  0.097148
-0.353452 -0.000000 -0.000000 -0.000000 -0.000000 -0.000000  0.060670  0.052821 -0.199615  0.279436  0.086430 -0.159675  0.049416  0.014392  0.088367  0.000501  0.133358 -0.154703  0.205878  0.187507 -0.200657 -0.072887 -0.109941  0.080312 -0.124844 -0.076855 -0.022303 -0.036086 -0.015344 -0.011791 -0.111636 -0.150679 -0.189233  0.004907  0.157797  0.075746 -0.040613  0.005879  0.073733  0.108909 -0.172384 -0.079985 -0.098709  0.105712 -0.341527  0.124860  0.254716 -0.019088 -0.353663
-0.000000 -0.000000 -0.000000 -0.000000 -0.353452  0.000000 -0.041949  0.008767  0.315212 -0.047324 -0.306291  0.028467  0.002111 -0.202961  0.417199 -0.031501 -0.108982  0.157938 -0.092224  0.111115 -0.158086  0.156650  0.066320  0.065601  0.051935 -0.060882 -0.042589 -0.099955 -0.231183  0.168295  0.066795  0.177400  0.155850 -0.129942 -0.076757 -0.029971  0.063276  0.042935 -0.039448  0.174290 -0.056096 -0.136569 -0.110692  0.013177 -0.256851  0.129174 -0.030124 -0.017984 -0.071380
-0.000000 -0.319620  0.000000 -0.009907  0.016905  0.007020 -0.101051 -0.006818  0.030153 -0.320322 -0.077878 -0.092046  0.117396 -0.043893  0.004924  0.157504 -0.057702 -0.264602 -0.336522 -0.057329  0.323127  0.089593  0.077202  0.010261 -0.005149  0.027584 -0.165074 -0.081375 -0.176685 -0.228817 -0.088320 -0.067833 -0.160752 -0.066681 -0.094507  0.087002 -0.013959 -0.162038  0.039413 -0.082290 -0.051742  0.077468  0.047193 -0.021645 -0.159073 -0.103325  0.097049  0.230661 -0.313050
-0.000000 -0.000000  0.000000 -0.000000  0.353452 -0.000000  0.064886 -0.102713  0.109765  0.087042 -0.075721 -0.083840 -0.102737 -0.081435 -0.097670  0.058297 -0.018176  0.044570 -0.087840  0.169303 -0.036952  0.315507  0.039447 -0.067568 -0.074707  0.106657  0.371527 -0.402972  0.083594  0.031406 -0.171776  0.109699  0.115931  0.073745  0.083912  0.152641 -0.031470 -0.122862  0.303967  0.061242 -0.091087  0.022005  0.105249 -0.288425 -0.056966  0.104714 -0.078847  0.015308 -0.004597
 0.000000 -0.000000  0.000000  0.000000  0.353452 -0.000000  0.039343  0.087556  0.139755 -0.149966  0.059876 -0.148777 -0.121556 -0.113953 -0.104945 -0.064203 -0.041486 -0.277352  0.017537 -0.164523 -0.251776  0.187125 -0.185098  0.020121 -0.097529 -0.135710  0.087728  0.199023 -0.208825 -0.162216 -0.120350  0.031394  0.260300 -0.165922  0.054354 -0.201312 -0.153721  0.011681 -0.126032  0.178862  0.201046 -0.027532 -0.224430  0.156995 -0.099679 -0.116736 -0.055034 -0.000796  0.047996
-0.000000  0.332923  0.000000  0.000000 -0.000000  0.020529 -0.095638 -0.088880 -0.006916  0.153643  0.005347  0.274390  0.051535  0.208516  0.176057  0.007988 -0.007210  0.026530  0.144461 -0.049231  0.089797  0.158329  0.185298  0.029118 -0.313231  0.150400 -0.082043 -0.036478 -0.047608 -0.243528 -0.085636 -0.009430  0.095404 -0.226187 -0.043390  0.247710 -0.058343 -0.130078  0.089638  0.071227 -0.056465  0.160790  0.019738  0.339489 -0.039556 -0.217997 -0.231822  0.017231 -0.025019
-0.000000  0.000000  0.000000 -0.000000 -0.000000  0.353452 -0.264795 -0.178330 -0.221331 -0.023839  0.109218 -0.094296 -0.259504  0.100963  0.007210  0.139796  0.108832 -0.063032  0.043988  0.177954  0.003558 -0.046468  0.013233 -0.145696  0.376933 -0.030258 -0.048138  0.013631  0.075134  0.042672  0.016618  0.148784  0.213720 -0.159489 -0.176622  0.099848  0.087875 -0.144618  0.126416 -0.067022  0.303477 -0.095785 -0.104373  0.071531 -0.079344  0.038917 -0.098633 -0.151675 -0.195092
 0.000000 -0.000000  0.000000  0.353452 -0.000000 -0.000000  0.116438  0.082325  0.089759 -0.138945 -0.024234  0.043107 -0.001015  0.011319 -0.136122  0.168423  0.148045 -0.045044 -0.003450 -0.038346 -0.185469 -0.133674 -0.042882  0.080665  0.065565 -0.035969 -0.151027  0.066684  0.008682  0.352883 -0.061008 -0.080023 -0.007518  0.067858  0.041631  0.347218  0.085098  0.011232  0.146778  0.066991  0.000766  0.294990 -0.257587  0.021552 -0.066301  0.049186 -0.277580  0.347773  0.072701
 0.000000  0.000000  0.000000  0.000000 -0.000000 -0.353452  0.207979  0.069041 -0.042088  0.053924 -0.102927 -0.079815 -0.275103 -0.017694 -0.174600 -0.033534  0.140882  0.300355  0.121149 -0.172409  0.026879 -0.024090 -0.160290 -0.145403  0.165950  0.223919 -0.000319 -0.019146 -0.127193 -0.066889  0.308595 -0.086235  0.024356 -0.324063 -0.204829  0.113038 -0.051909 -0.145393  0.090414  0.106106 -0.020056 -0.064639  0.014798 -0.038553 -0.060805 -0.122086  0.184207  0.151939 -0.091221
-0.000000 -0.353452 -0.000000 -0.000000  0.000000  0.000000  0.023301  0.063379 -0.002753  0.058668 -0.077732  0.112192 -0.099968  0.127038  0.024706  0.020056  0.199466 -0.128506 -0.147218 -0.073797 -0.369814 -0.016887  0.295301 -0.143623 -0.031200  0.296539 -0.180929 -0.191988 -0.159850 -0.029374  0.036119 -0.163265  0.080235 -0.011408  0.120200 -0.150698  0.031851  0.019203  0.184640 -0.064084  0.077640  0.099593  0.053161  0.219164  0.120347  0.175975  0.142781 -0.186799  0.171076
-0.000000 -0.000000  0.353452  0.000000 -0.000000 -0.000000  0.074216 -0.096024  0.102662 -0.081647  0.157116 -0.199141 -0.102546  0.162419  0.201253 -0.019200 -0.115641  0.079754  0.077418  0.208182 -0.102281 -0.015100 -0.076396 -0.070848 -0.269326  0.110477 -0.251086 -0.084921 -0.057193 -0.091708  0.099688  0.088869 -0.280135  0.154227 -0.078995 -0.066750 -0.078925 -0.314033  0.006498  0.017614  0.183592 -0.029876 -0.308937 -0.202325  0.149382 -0.015540 -0.030643  0.044632  0.106214
 0.000000  0.000000 -0.000000  0.353452  0.000000  0.000000 -0.312554  0.155988 -0.012484  0.167897  0.003193 -0.246394  0.038498 -0.195697  0.025882 -0.050865  0.229224  0.121808 -0.218059 -0.154302  0.018002 -0.021536 -0.165255 -0.129598 -0.059781 -0.173556 -0.138398 -0.203335  0.101190 -0.226735 -0.102256  0.171305  0.025323  0.037198 -0.077748  0.195436  0.069292 -0.041806 -0.097867  0.117962 -0.184180 -0.065647 -0.085019  0.133052  0.227508 -0.002111  0.111140 -0.122069  0.152259
-0.000000 -0.000000  0.353452  0.000000 -0.000000  0.000000 -0.037260 -0.031145 -0.302176  0.023894  0.030237 -0.104210  0.355886 -0.067412 -0.052428  0.373838  0.162075  0.014898 -0.002494 -0.213937 -0.048691  0.125363  0.047708  0.194149 -0.043468 -0.046353  0.141470 -0.004135 -0.074041  0.005395  0.346508  0.046009  0.013437 -0.074965 -0.016111 -0.169428  0.147965 -0.157508 -0.002006  0.065917 -0.057656  0.049907  0.041678 -0.065652 -0.203448  0.053433 -0.165811 -0.127761  0.165911
 0.000000 -0.000000 -0.000000 -0.000000 -0.000000 -0.353452 -0.072103 -0.202811 -0.146084 -0.090058  0.158233  0.260536  0.161516 -0.141314 -0.222194 -0.257361  0.019133  0.022384 -0.246725  0.278808 -0.120550  0.196677  0.009257 -0.210544 -0.044988 -0.087595 -0.177298  0.055428  0.184411  0.027144 -0.020555 -0.042033 -0.145643 -0.277960  0.047989 -0.060425  0.222785  0.012307 -0.025381  0.164929  0.081713  0.002447 -0.075362 -0.050938 -0.040695  0.067304 -0.116222 -0.076009 -0.063122
-0.353452 -0.000000  0.000000  0.000000 -0.000000  0.000000  0.178632  0.184967 -0.036177  0.030654  0.191248 -0.061250 -0.081448 -0.198764  0.286061  0.109608 -0.249790 -0.057600 -0.168440 -0.105138 -0.088025 -0.096526  0.168968 -0.305942  0.118553  0.013218  0.059569  0.127218  0.184936 -0.211343  0.098844  0.000189 -0.077027 -0.132287 -0.076747  0.068834 -0.100528  0.230232  0.138235 -0.092171 -0.112816  0.095358 -0.044568 -0.150026 -0.051202 -0.078525 -0.253976 -0.079053  0.093805
 0.000000  0.336547  0.016905  0.000000  0.000000 -0.000000 -0.188099  0.136945  0.058822  0.167009 -0.080410 -0.094974  0.046494 -0.048628  0.031058  0.027460  0.000722 -0.283020 -0.094230 -0.066740  0.046538  0.105825  0.114163 -0.168750  0.093257  0.169701 -0.091307 -0.021890  0.053556  0.104600  0.261800 -0.314932  0.084428  0.081803  0.177696  0.027048 -0.178389 -0.092404 -0.256891  0.211013  0.126311 -0.074129  0.052699 -0.163480  0.197388  0.202642 -0.102621  0.129348 -0.218708
 0.000000  0.000000  0.000000 -0.000000  0.000000  0.353452 -0.042711  0.031215 -0.113850 -0.007741 -0.186699 -0.002648 -0.240492  0.068642 -0.163977 -0.109583  0.025670  0.101240 -0.090209  0.193427  0.041415  0.070310  0.128060 -0.270883 -0.261904 -0.285583  0.060138  0.052485 -0.042556 -0.083676  0.352478 -0.054122 -0.011365 -0.027868  0.204299 -0.004699  0.050087  0.053411 -0.102502 -0.130452 -0.131604 -0.012204 -0.025967  0.052726 -0.187147 -0.002736  0.054043  0.322564  0.197654
 0.000000  0.000000  0.353452 -0.000000 -0.000000  0.000000 -0.028918 -0.086853 -0.108019  0.121048 -0.134832  0.170783  0.106275 -0.135354 -0.005885 -0.280973 -0.134892 -0.195284  0.029468 -0.167384 -0.068023  0.102367 -0.105691  0.002947  0.048993 -0.219290  0.034865 -0.142251 -0.123962  0.195121  0.026555 -0.139991  0.019200 -0.131570 -0.115886  0.219933 -0.214026 -0.001523  0.116560 -0.480666 -0.008319 -0.079530 -0.154625 -0.017033  0.143165 -0.011445  0.066267 -0.041131 -0.005211
 0.000000 -0.000000 -0.000000  0.000000 -0.353452  0.000000  0.069665 -0.207435 -0.108879  0.109553  0.165102 -0.127938 -0.240898  0.132291  0.006301 -0.291458 -0.107849 -0.195859 -0.154987 -0.325418 -0.003159  0.095188  0.073408  0.131275  0.093058  0.136455  0.117208  0.035335  0.056655  0.009502 -0.108747  0.071364  0.096704  0.019289  0.252024  0.077404  0.255854 -0.208906 -0.122996  0.043105 -0.119205  0.121011 -0.140205 -0.165492 -0.112960 -0.101766  0.102974  0.024494  0.097772
-0.353452  0.000000 -0.000000 -0.000000 -0.000000  0.000000 -0.039644 -0.273103  0.180941  0.266042 -0.007903 -0.029857  0.205036  0.159902 -0.097201  0.124226 -0.113479  0.044956  0.028596 -0.110264  0.036348  0.054543 -0.192789 -0.137629  0.038186  0.016285 -0.149468  0.096269 -0.100379 -0.074323 -0.029481  0.292446  0.158655 -0.134691  0.062582 -0.188713  0.112252  0.109417  0.074228 -0.133924  0.023302  0.135814  0.047646 -0.028987  0.174679  0.271200  0.075923  0.338276 -0.033648
 0.000000 -0.000000  0.000000  0.000000 -0.353452  0.000000  0.186950  0.126090  0.135469  0.188459 -0.149874 -0.105907  0.271793 -0.017632 -0.215076  0.116158  0.104463 -0.172375  0.006563  0.213782  0.134336  0.044285 -0.144098 -0.203965 -0.041369  0.141288 -0.024086 -0.044302  0.059791 -0.066718 -0.103275  0.008060  0.102865 -0.000874  0.087334  0.114562 -0.048799  0.062523 -0.001623 -0.106302  0.357426 -0.065811 -0.031200 -0.062517 -0.222032 -0.289845  0.029710 -0.125363  0.234999
 0.016905 -0.336547 -0.000000 -0.000000  0.000000  0.000000  0.053786 -0.094769 -0.036125  0.229624 -0.010167 -0.062724 -0.207377 -0.170442 -0.060923  0.133760 -0.095565  0.021767  0.110771 -0.101616  0.018037  0.180828 -0.046852  0.053345 -0.202187  0.154830  0.005952 -0.181477  0.089641  0.109421  0.108765  0.039769 -0.124343  0.069254 -0.008827  0.022360  0.223518  0.291940 -0.284212 -0.083329  0.107382 -0.093387 -0.077050  0.193477  0.113135 -0.164034 -0.305697  0.033830 -0.282260
-0.000000 -0.000000  0.000000  0.353452  0.000000 -0.000000  0.223092 -0.170882 -0.188060  0.036932  0.170765  0.052091  0.060331 -0.125565  0.007413 -0.121063  0.064261  0.101530 -0.131501  0.235779  0.140293  0.002247  0.128231  0.245269  0.126251  0.053584 -0.013245  0.013468 -0.339846 -0.222676  0.212251  0.108517  0.195112  0.155996  0.220584  0.049370 -0.219663  0.216743  0.060541  0.041425  0.085462 -0.002850 -0.079642 -0.037171  0.133144 -0.064793  0.001380 -0.024017 -0.130562
-0.000000  0.319620  0.000000  0.009907  0.016905 -0.007020  0.116668  0.005260 -0.121912  0.014983  0.051616  0.228363 -0.104382  0.095667 -0.110826  0.283985 -0.016978  0.141580 -0.223025 -0.094872 -0.156390  0.108210  0.035008  0.020583  0.214732  0.056927 -0.015095 -0.183232 -0.151935 -0.166470 -0.288844 -0.017011 -0.220607  0.100655 -0.083662 -0.015117 -0.033485  0.080821 -0.299809 -0.167337  0.052283 -0.282289 -0.122402  0.028097 -0.163680  0.146425  0.034668  0.126425  0.105624
-0.000000  0.000000  0.353452  0.000000 -0.000000 -0.000000  0.184677 -0.164916  0.219964 -0.037521  0.057323 -0.131556 -0.011604 -0.230092  0.008664 -0.067708  0.172508  0.140984 -0.057638  0.072236 -0.210793 -0.146884  0.170929  0.078798 -0.003034 -0.011705  0.002767  0.113039  0.266850 -0.135139 -0.104368 -0.029638  0.170316 -0.022793  0.001131  0.118245 -0.050329 -0.156689 -0.286242 -0.211462  0.089988  0.078375  0.366832  0.151638 -0.076534  0.070536  0.023395  0.124687 -0.126055
 0.353452  0.000000  0.000000 -0.000000 -0.000000 -0.000000 -0.003315  0.273283 -0.010621  0.048542  0.110404 -0.080555  0.158495  0.225610  0.117294  0.039553  0.162674 -0.081648  0.001347  0.082782 -0.209325  0.019340  0.202133  0.139579 -0.047488  0.013892  0.095562 -0.014974  0.181297 -0.046031 -0.012488  0.188989  0.037095 -0.368571 -0.000045 -0.031941  0.056988  0.216242  0.016557 -0.125505 -0.042306 -0.135830 -0.141435 -0.236418  0.169488 -0.112636  0.139927  0.271464 -0.160029
-0.353452  0.000000 -0.000000  0.000000  0.000000  0.000000 -0.271629  0.057763 -0.038719  0.089417  0.023795 -0.164477 -0.025561  0.035116 -0.164933 -0.191040  0.095579  0.090777 -0.133742  0.049598 -0.113237  0.086003  0.195579  0.215829 -0.009123  0.116468 -0.173802  0.090674 -0.073203  0.233815 -0.110106 -0.013794  0.026939  0.085957 -0.203788 -0.177684 -0.133907  0.005714  0.112931 -0.033529 -0.057990 -0.250804  0.186534 -0.087766 -0.040623 -0.364467 -0.174444  0.172107  0.108175
 0.000000 -0.000000  0.353452 -0.000000  0.000000 -0.000000 -0.074840  0.150095  0.266863  0.140839  0.050452  0.118930 -0.268400  0.095142 -0.023325  0.179190 -0.052466  0.032407 -0.266792  0.018847  0.149050  0.147988 -0.122611  0.236344  0.071951 -0.074023  0.010007  0.266931  0.093774  0.039262  0.047188 -0.018742 -0.211323 -0.105032  0.287435  0.094077  0.039735  0.074274  0.281605  0.104384  0.087453 -0.159515  0.106909  0.151273  0.066886 -0.009351  0.111044 -0.106307  0.011827
 0.000000 -0.000000 -0.353452 -0.000000  0.000000  0.000000  0.086709  0.046445  0.036391  0.051073  0.095654 -0.144803  0.051003  0.256782 -0.090400  0.007023 -0.129889  0.112982 -0.305811 -0.098988 -0.170746 -0.116379 -0.087882  0.102776 -0.310576 -0.142327 -0.011284  0.059441 -0.189689  0.106960  0.148912  0.055352 -0.015609 -0.129922 -0.013937  0.285280 -0.053964 -0.131874 -0.075982 -0.166084  0.164150 -0.062888  0.198657 -0.120651 -0.020344  0.146850 -0.129849 -0.273660 -0.128830
-0.000000 -0.000000  0.353452 -0.000000 -0.000000 -0.000000  0.115151  0.260185 -0.046136 -0.095988  0.004160 -0.018067 -0.073350  0.220505 -0.263002 -0.055009 -0.140094  0.133608  0.101793 -0.140364  0.181335  0.017342  0.194371 -0.107174 -0.106665 -0.105036 -0.325319 -0.086431  0.021066  0.041319 -0.162540  0.069087  0.311542  0.066241 -0.032948 -0.001311  0.002794  0.220056 -0.034568  0.114160 -0.105008  0.031028 -0.026417 -0.158171 -0.143081  0.129702 -0.011356 -0.225407 -0.214601
 0.000000  0.000000 -0.000000  0.353452 -0.000000 -0.000000 -0.142989  0.276724 -0.020268  0.098728  0.007952  0.373343 -0.181533 -0.142152 -0.028010 -0.002248 -0.192342 -0.214932  0.128573  0.126782 -0.120991 -0.040867 -0.187737  0.152639 -0.107518  0.120066 -0.065614  0.036637  0.003610 -0.203225  0.100477  0.049198  0.119959  0.078779 -0.166796 -0.091151  0.245376 -0.145398 -0.023516 -0.136612  0.033543  0.044277  0.227988 -0.253081 -0.129240  0.035928  0.053621  0.023178 -0.024058
 0.353452 -0.000000  0.000000 -0.000000 -0.000000  0.000000 -0.257458 -0.249476  0.084977  0.174621  0.057729 -0.247128 -0.036898  0.019487 -0.125883 -0.039042 -0.183638 -0.047797  0.016424  0.051522 -0.099101  0.048061 -0.031053  0.134127  0.059500  0.128358 -0.124907  0.040117  0.042218 -0.123031  0.097996 -0.112649 -0.128575 -0.012485 -0.239011  0.088563 -0.227014  0.369942  0.033311  0.056131 -0.069072  0.246209  0.037582 -0.026894 -0.282322  0.162944  0.057056 -0.025865  0.163848
 0.000000  0.000000 -0.000000 -0.000000 -0.353452 -0.000000  0.014580 -0.045091 -0.051407  0.019702 -0.170183 -0.017214 -0.017959  0.091561 -0.259093  0.213939 -0.289723  0.058214 -0.058242  0.091826 -0.337053 -0.010233 -0.000294  0.053051  0.075754 -0.302041  0.123358 -0.115138  0.095013 -0.205548 -0.018311 -0.164844  0.060976  0.081011 -0.071971 -0.140933 -0.114613 -0.115467  0.106553  0.181271 -0.056520  0.154154 -0.002801  0.058692  0.277953 -0.215412 -0.011392  0.014545 -0.196495
 0.353452 -0.000000 -0.000000  0.000000 -0.000000 -0.000000  0.146977 -0.126480 -0.185058  0.083573 -0.148396 -0.130848 -0.030881 -0.159063  0.015068  0.066013 -0.138944 -0.125766  0.139083 -0.027580 -0.088831 -0.143983 -0.036224 -0.132719  0.043698 -0.027610 -0.306404  0.127795 -0.145930 -0.064614 -0.185604  0.086452 -0.050555 -0.070456  0.266199  0.006522  0.028297 -0.095291  0.181972  0.038208 -0.215894 -0.354735  0.260493 -0.031995  0.040407  0.003104 -0.263323  0.066600  0.059836
-0.000000  0.000000 -0.000000 -0.000000 -0.000000  0.353452 -0.051721  0.095954  0.142896  0.058507 -0.083596  0.052033  0.019892 -0.056220 -0.048400 -0.227871  0.176487  0.236506  0.048538 -0.127456  0.006274 -0.102806 -0.156250  0.116962  0.162700  0.023148 -0.066237 -0.212177 -0.053396 -0.161070 -0.103392 -0.129793 -0.260601 -0.268024  0.253049 -0.235661 -0.045498 -0.016810 -0.012902 -0.040067  0.066951  0.235927 -0.011999 -0.230882 -0.062540 -0.045944 -0.277384 -0.097520 -0.123221
 0.353452 -0.000000 -0.000000  0.000000 -0.000000  0.000000  0.038152  0.131790  0.027765  0.349451  0.280806  0.052296  0.077465 -0.055631  0.105305 -0.039260  0.025123  0.178587 -0.227791 -0.082043  0.032334  0.033380 -0.073484 -0.287730 -0.015903 -0.051831  0.054952  0.129133 -0.076724  0.152857 -0.050352 -0.042694  0.074267  0.276281 -0.087430 -0.282218 -0.033983 -0.159438  0.182591 -0.111259 -0.001620  0.129280 -0.068855  0.131414 -0.198425 -0.083543 -0.029961  0.105156 -0.232047
 0.000000 -0.326900  0.000000  0.019372  0.000000  0.007180 -0.023910  0.020890 -0.306560  0.238277 -0.298291  0.104573 -0.018934 -0.016323  0.154014 -0.011783  0.023250  0.180432  0.005608 -0.091055  0.075387  0.062391  0.122771  0.048732 -0.109178 -0.067543  0.099537  0.331311  0.062557 -0.081576 -0.278831 -0.061394 -0.026219 -0.008230 -0.110223  0.096282 -0.168861 -0.057057 -0.052948  0.208286  0.330906  0.037298 -0.061668 -0.216231  0.034924  0.193455  0.003144  0.118369  0.074976
-0.000000 -0.000000  0.000000  0.353452 -0.000000 -0.000000 -0.066085 -0.362399  0.122878 -0.122619  0.115379  0.076491  0.001856  0.132910  0.215326  0.097978  0.072376  0.041076  0.098923 -0.285959 -0.044269 -0.033362  0.004993 -0.178252 -0.129318 -0.208691  0.023316 -0.124753  0.058187  0.031099  0.000561 -0.290364  0.028542  0.015525  0.043419 -0.064774  0.046246  0.200563  0.093098  0.098352  0.200073 -0.212311  0.187544 -0.212332 -0.131386 -0.213886  0.143792  0.023485 -0.024431
 0.000000  0.336547 -0.016905 -0.000000  0.000000 -0.000000  0.107965 -0.023727 -0.058157 -0.080868 -0.293741 -0.198138  0.008604 -0.100420 -0.052230 -0.213552 -0.000765 -0.046284 -0.151611 -0.155824  0.054523 -0.175288  0.068986  0.147683 -0.179280  0.077249  0.057475 -0.004521  0.143601 -0.173305  0.038378 -0.044185 -0.042177  0.119997 -0.146311 -0.137776  0.301052  0.125354  0.384415 -0.059049  0.260229 -0.112464 -0.134542  0.128429 -0.021956  0.171732 -0.036255  0.045955 -0.112009
-0.000000  0.000000  0.000000  0.000000  0.000000 -0.353452 -0.258015  0.174395 -0.132835 -0.100411 -0.068172 -0.042131 -0.001994  0.088613  0.062764 -0.113671 -0.110671  0.030892  0.147233 -0.127674 -0.109502  0.005353  0.083750 -0.052209  0.152798 -0.130768  0.019074 -0.181774  0.063901 -0.030773  0.097653  0.390748 -0.160695  0.171093  0.311956  0.043228 -0.160569  0.004608  0.048112 -0.082224  0.316221  0.127234  0.157050  0.138775 -0.190172 -0.045897 -0.035418  0.123752 -0.032667
 0.016905  0.336547  0.000000  0.000000  0.000000 -0.000000  0.023007 -0.044681 -0.186196 -0.033884 -0.135665 -0.125937 -0.226212 -0.242641  0.071561  0.201450  0.105003 -0.020629 -0.043249  0.039355 -0.031620  0.118854  0.056155 -0.067698 -0.153945 -0.022939 -0.114827  0.097934 -0.191042  0.249732 -0.149166  0.128849 -0.145328 -0.087691  0.011586 -0.079717  0.046543  0.121769 -0.035764 -0.089971  0.080866  0.416635  0.142264 -0.134406  0.141523 -0.187222  0.274755 -0.140731 -0.071914
-0.000000 -0.000000 -0.000000 -0.353452  0.000000  0.000000 -0.319161 -0.110106  0.175711  0.025156  0.055799  0.221869  0.016923 -0.293814 -0.219103  0.142466  0.079324  0.089020  0.048493 -0.144862 -0.148235 -0.295642  0.161135 -0.040754 -0.138765  0.067616  0.015892  0.126459 -0.127103 -0.121114  0.047066  0.107354  0.045937  0.165480  0.140204  0.222482  0.025164  0.018416  0.076024  0.015063 -0.014208 -0.083099 -0.252451 -0.221444 -0.023729 -0.114723  0.105005 -0.034772 -0.108004
-0.000000 -0.000000  0.000000  0.000000 -0.000000  0.353452  0.019013  0.012980 -0.243987 -0.268290 -0.025960  0.101110  0.190098 -0.076556  0.026200 -0.018972 -0.193437  0.197921 -0.129249 -0.132242 -0.194392  0.121687 -0.314095 -0.026968 -0.094938  0.394999 -0.105207  0.040149  0.283535  0.113537  0.053970  0.096313  0.081332  0.016360  0.122050  0.066446 -0.195951  0.032939  0.050820  0.087501 -0.021335 -0.056920  0.034200  0.078584 -0.028770 -0.066587  0.208813  0.051771 -0.068107
 0.000000  0.000000  0.353452 -0.000000  0.000000  0.000000 -0.132158  0.007418 -0.102360 -0.031408 -0.079006  0.013523  0.042929  0.209096  0.040340 -0.134641 -0.021450 -0.082063 -0.190311  0.119171 -0.070961 -0.360899 -0.198352 -0.216306 -0.022061  0.199181  0.383128 -0.001960 -0.311877  0.039419 -0.114805  0.052708 -0.044701 -0.014204 -0.074061  0.082630  0.121753  0.213965 -0.127156  0.211052 -0.019495  0.044890  0.164261  0.033580  0.032796 -0.071964 -0.119570  0.053638 -0.061812
 0.000000  0.000000  0.000000  0.000000  0.000000 -0.353452 -0.228439 -0.083784 -0.118874 -0.097714 -0.182493 -0.070692 -0.167413  0.116231  0.170717  0.185648  0.067453  0.116142 -0.142338  0.128996  0.076298 -0.125122 -0.247673  0.084046 -0.115746  0.103531 -0.006622  0.046214  0.139612 -0.035059 -0.072674 -0.204103  0.311265 -0.024721  0.242685 -0.151534 -0.120225  0.039861 -0.040445 -0.328794 -0.159013  0.023218 -0.201364 -0.062986 -0.067625  0.010637 -0.157888 -0.069066 -0.010002
-0.000000 -0.000000 -0.000000 -0.353452  0.000000 -0.000000  0.201588 -0.094013 -0.054491  0.076495 -0.062452  0.225885 -0.150853  0.093562  0.141868 -0.036508  0.372994 -0.251300 -0.206789 -0.062105 -0.036845 -0.018541 -0.273157  0.098147 -0.015798 -0.207636 -0.226249 -0.146084  0.142217 -0.071047  0.149994  0.192390  0.081668  0.172690 -0.153909  0.018186 -0.129729  0.120685  0.016922  0.160813 -0.028091  0.059679  0.117238 -0.121199 -0.026780 -0.060755 -0.106853  0.081560  0.006741
 0.353452
