18 27
 0.000000  0.000000  0.000000  0.235702 -0.000000  0.000000 -0.000000 -0.000000 -0.000000 -0.000000 -0.000000  0.000000 -0.000000 -0.000000  0.000000  0.707107 -0.000000  0.000000  0.010554 -0.416029  0.218580 -0.029245  0.151905 -0.324335  0.214285  0.063271 -0.210787
-0.000000 -0.000000 -0.000000 -0.000000 -0.000000 -0.000000 -0.000000 -0.000000 -0.000000  0.000000 -0.000000  0.000000 -0.000000  0.000000  0.942809 -0.000000  0.000000  0.000000  0.025781  0.017639  0.010758 -0.036959 -0.100152  0.099696  0.057385 -0.172125 -0.236144
-0.235702  0.000000  0.000000  0.000000 -0.707107  0.000000  0.000000 -0.000000  0.000000 -0.000000 -0.000000  0.000000 -0.000000 -0.000000 -0.000000 -0.000000 -0.000000 -0.000000 -0.026603 -0.022482  0.188959  0.084625 -0.022840  0.310567  0.495136  0.015190  0.240833
-0.000000  0.000000  0.942809  0.000000  0.000000 -0.000000 -0.000000 -0.000000 -0.000000 -0.000000 -0.000000  0.000000  0.000000  0.000000  0.000000 -0.000000 -0.000000  0.000000  0.095534 -0.186924 -0.047527 -0.162672 -0.054304  0.150577 -0.070943  0.082669  0.028867
-0.000000 -0.000000  0.000000 -0.000000 -0.000000 -0.000000 -0.000000  0.000000  0.000000 -0.000000 -0.000000 -0.000000  0.000000  0.000000  0.235702  0.000000 -0.000000  0.707107 -0.051562 -0.035279 -0.021516  0.073918  0.200303 -0.199392 -0.114771  0.344249  0.472288
-0.000000 -0.000000 -0.000000  0.000000  0.000000 -0.000000 -0.942809  0.000000 -0.000000 -0.000000 -0.000000 -0.000000  0.000000 -0.000000 -0.000000  0.000000 -0.000000  0.000000 -0.174667 -0.101882  0.149594  0.028428 -0.098326  0.017186 -0.127045 -0.119812  0.081100
 0.000000 -0.000000  0.000000  0.000000 -0.000000 -0.000000 -0.000000  0.000000  0.235702  0.000000  0.707107  0.000000 -0.000000 -0.000000  0.000000  0.000000 -0.000000  0.000000  0.019128 -0.287315 -0.364929  0.462840 -0.075505  0.041045  0.019534 -0.079707  0.003759
 0.000000 -0.707107  0.000000  0.000000 -0.000000 -0.000000  0.000000 -0.000000 -0.000000  0.000000  0.000000 -0.235702  0.000000  0.000000 -0.000000 -0.000000  0.000000  0.000000  0.362805  0.047471  0.357201  0.314120 -0.063627  0.094770 -0.192975  0.162204 -0.087865
-0.000000  0.000000 -0.000000  0.000000 -0.000000  0.000000 -0.000000 -0.000000 -0.235702  0.000000  0.707107  0.000000 -0.000000  0.000000  0.000000  0.000000  0.000000  0.000000 -0.019128  0.287315  0.364929 -0.462840  0.075505 -0.041045 -0.019534  0.079707 -0.003759
-0.000000 -0.000000  0.000000  0.000000  0.000000  0.000000 -0.000000  0.000000  0.942809 -0.000000  0.000000  0.000000  0.000000 -0.000000 -0.000000 -0.000000  0.000000  0.000000 -0.009564  0.143658  0.182465 -0.231420  0.037753 -0.020522 -0.009767  0.039853 -0.001879
 0.000000  0.000000 -0.235702  0.000000  0.000000 -0.000000  0.000000  0.000000  0.000000 -0.000000  0.000000 -0.000000  0.707107  0.000000 -0.000000 -0.000000  0.000000  0.000000  0.191067 -0.373847 -0.095054 -0.325345 -0.108608  0.301155 -0.141887  0.165339  0.057733
 0.000000 -0.000000  0.000000 -0.942809  0.000000 -0.000000 -0.000000  0.000000  0.000000  0.000000 -0.000000 -0.000000  0.000000 -0.000000 -0.000000 -0.000000  0.000000  0.000000  0.005277 -0.208014  0.109290 -0.014622  0.075952 -0.162167  0.107142  0.031636 -0.105394
-0.000000  0.000000  0.000000  0.000000  0.000000  0.000000  0.000000  0.000000 -0.000000 -0.000000 -0.000000 -0.000000 -0.000000  0.000000 -0.235702 -0.000000  0.000000  0.707107  0.051562  0.035279  0.021516 -0.073918 -0.200303  0.199392  0.114771 -0.344249 -0.472288
-0.000000 -0.000000 -0.000000 -0.000000  0.000000  0.000000 -0.000000 -0.000000  0.000000 -0.000000  0.000000  0.942809 -0.000000 -0.000000 -0.000000  0.000000  0.000000  0.000000  0.181402  0.023736  0.178601  0.157060 -0.031814  0.047385 -0.096487  0.081102 -0.043932
 0.000000 -0.707107 -0.000000  0.000000  0.000000  0.000000  0.000000 -0.000000 -0.000000  0.000000 -0.000000  0.235702 -0.000000  0.000000 -0.000000  0.000000 -0.000000  0.000000 -0.362805 -0.047471 -0.357201 -0.314120  0.063627 -0.094770  0.192975 -0.162204  0.087865
 0.000000 -0.000000 -0.000000 -0.000000  0.000000  0.000000  0.000000 -0.000000  0.000000 -0.707107  0.000000  0.000000 -0.000000  0.000000  0.000000  0.000000 -0.235702 -0.000000 -0.378780  0.012295  0.003124  0.093849  0.159987  0.251775 -0.060522  0.345362 -0.282979
 0.000000 -0.000000  0.000000 -0.000000  0.000000  0.000000 -0.000000 -0.000000  0.000000 -0.000000  0.000000  0.000000 -0.000000  0.000000 -0.000000  0.000000  0.942809 -0.000000 -0.189390  0.006147  0.001562  0.046925  0.079994  0.125888 -0.030261  0.172681 -0.141490
-0.000000  0.000000  0.000000  0.000000  0.000000 -0.235702 -0.000000  0.707107 -0.000000  0.000000 -0.000000  0.000000  0.000000  0.000000 -0.000000  0.000000 -0.000000 -0.000000  0.083416 -0.058123  0.034265  0.013504  0.543059  0.192641 -0.119234 -0.291561  0.038767
-0.000000  0.000000  0.000000  0.000000 -0.000000 -0.235702  0.000000 -0.707107 -0.000000  0.000000  0.000000  0.000000 -0.000000  0.000000 -0.000000  0.000000 -0.000000  0.000000  0.083416 -0.058123  0.034265  0.013504  0.543059  0.192641 -0.119234 -0.291561  0.038767
 0.000000  0.000000  0.000000  0.235702  0.000000  0.000000  0.000000 -0.000000  0.000000  0.000000 -0.000000  0.000000 -0.000000 -0.000000  0.000000 -0.707107 -0.000000  0.000000  0.010554 -0.416029  0.218580 -0.029245  0.151905 -0.324335  0.214285  0.063271 -0.210787
 0.000000 -0.000000  0.000000 -0.000000 -0.000000 -0.000000 -0.235702 -0.000000  0.000000 -0.000000 -0.000000 -0.000000  0.000000 -0.707107 -0.000000  0.000000 -0.000000  0.000000  0.349334  0.203764 -0.299188 -0.056856  0.196651 -0.034371  0.254091  0.239624 -0.162200
 0.000000 -0.000000 -0.000000 -0.000000 -0.000000  0.942809 -0.000000 -0.000000  0.000000  0.000000  0.000000 -0.000000 -0.000000  0.000000  0.000000 -0.000000 -0.000000  0.000000  0.041708 -0.029061  0.017133  0.006752  0.271530  0.096321 -0.059617 -0.145781  0.019383
 0.000000 -0.000000 -0.000000 -0.000000  0.000000 -0.000000  0.235702  0.000000 -0.000000  0.000000  0.000000 -0.000000 -0.000000 -0.707107  0.000000  0.000000  0.000000  0.000000 -0.349334 -0.203764  0.299188  0.056856 -0.196651  0.034371 -0.254091 -0.239624  0.162200
-0.235702  0.000000 -0.000000  0.000000  0.707107  0.000000 -0.000000 -0.000000 -0.000000 -0.000000  0.000000 -0.000000 -0.000000 -0.000000  0.000000 -0.000000 -0.000000 -0.000000 -0.026603 -0.022482  0.188959  0.084625 -0.022840  0.310567  0.495136  0.015190  0.240833
 0.000000  0.000000 -0.235702 -0.000000 -0.000000 -0.000000 -0.000000  0.000000 -0.000000 -0.000000  0.000000 -0.000000 -0.707107 -0.000000 -0.000000 -0.000000  0.000000  0.000000  0.191067 -0.373847 -0.095054 -0.325345 -0.108608  0.301155 -0.141887  0.165339  0.057733
 0.942809  0.000000  0.000000  0.000000 -0.000000  0.000000  0.000000 -0.000000 -0.000000  0.000000  0.000000  0.000000 -0.000000  0.000000  0.000000 -0.000000  0.000000  0.000000 -0.013301 -0.011241  0.094479  0.042312 -0.011420  0.155283  0.247568  0.007595  0.120417
 0.000000 -0.000000 -0.000000 -0.000000 -0.000000  0.000000 -0.000000 -0.000000 -0.000000  0.707107 -0.000000  0.000000  0.000000  0.000000  0.000000  0.000000 -0.235702  0.000000 -0.378780  0.012295  0.003124  0.093849  0.159987  0.251775 -0.060522  0.345362 -0.282979
 0.942809
