13 23
 0.000000  0.000000  0.000000 -0.000000  0.000000 -0.000000  0.000000 -0.000000  0.000000 -0.000000 -0.000000  0.000000 -0.891292 -0.039746  0.017016 -0.131593  0.070177 -0.219367  0.037529  0.315911  0.130131  0.040582  0.116521
 0.013700  0.022662 -0.000000  0.000000  0.000000  0.000000 -0.000000  0.000000  0.000000  0.707107 -0.000000  0.000000 -0.147824 -0.064898 -0.054398  0.372320  0.060936 -0.041789 -0.111866 -0.057130 -0.556542 -0.011468 -0.023355
-0.000000  0.891292 -0.000000  0.000000 -0.000000  0.000000  0.000000 -0.000000  0.000000  0.000000  0.000000  0.000000 -0.000000 -0.009142 -0.034358  0.310077 -0.122738 -0.036853 -0.106184  0.076493  0.255496 -0.041059 -0.087603
 0.184185  0.000000 -0.000000  0.000000  0.707107  0.000000 -0.000000 -0.000000  0.000000  0.000000  0.000000 -0.000000 -0.000000  0.096710 -0.049064 -0.115798 -0.163304 -0.524337  0.010847 -0.266489 -0.021639 -0.199858 -0.166622
 0.184185 -0.000000  0.000000 -0.000000  0.000000  0.707107 -0.000000 -0.000000  0.000000  0.000000  0.000000 -0.000000 -0.000000 -0.036466 -0.038623 -0.238824  0.042607  0.106007 -0.554942  0.140501 -0.042488 -0.015908 -0.251803
 0.184185 -0.000000 -0.000000 -0.000000 -0.707107  0.000000 -0.000000  0.000000 -0.000000  0.000000 -0.000000 -0.000000  0.000000  0.096710 -0.049064 -0.115798 -0.163304 -0.524337  0.010847 -0.266489 -0.021639 -0.199858 -0.166622
 0.891292  0.000000  0.000000  0.000000  0.000000  0.000000 -0.000000 -0.000000  0.000000  0.000000  0.000000  0.000000  0.000000 -0.002828 -0.188053  0.096074 -0.048933  0.172667  0.250871  0.069755  0.019434  0.212795  0.123803
-0.000000 -0.184185 -0.000000 -0.707107  0.000000  0.000000 -0.000000 -0.000000  0.000000  0.000000  0.000000  0.000000  0.000000 -0.067158  0.176275  0.252713 -0.361392 -0.121579 -0.278739 -0.053029  0.170175  0.288807  0.168423
 0.025529  0.000000 -0.000000  0.000000 -0.000000 -0.000000 -0.000000  0.000000 -0.000000  0.000000 -0.707107 -0.000000  0.158656 -0.587444  0.103902 -0.034927  0.020792 -0.198838  0.115119  0.239311 -0.033765 -0.009555 -0.073129
-0.184185  0.000000  0.000000  0.000000 -0.000000 -0.000000  0.000000 -0.707107  0.000000 -0.000000  0.000000 -0.000000 -0.000000 -0.057765 -0.544834 -0.095763 -0.216987 -0.021983  0.063190  0.036686 -0.047871  0.292184 -0.127106
 0.184185 -0.000000  0.000000  0.000000  0.000000 -0.707107 -0.000000 -0.000000 -0.000000  0.000000  0.000000  0.000000 -0.000000 -0.036466 -0.038623 -0.238824  0.042607  0.106007 -0.554942  0.140501 -0.042488 -0.015908 -0.251803
 0.013700  0.022662 -0.000000 -0.000000  0.000000  0.000000 -0.000000  0.000000  0.000000 -0.707107 -0.000000  0.000000 -0.147824 -0.064898 -0.054398  0.372320  0.060936 -0.041789 -0.111866 -0.057130 -0.556542 -0.011468 -0.023355
-0.000000  0.184185 -0.000000 -0.000000 -0.000000  0.000000 -0.707107  0.000000 -0.000000 -0.000000 -0.000000 -0.000000  0.000000 -0.102952  0.008251 -0.324557 -0.257521  0.083685 -0.061217 -0.082273 -0.228580 -0.115287  0.447990
 0.013700 -0.022662 -0.707107  0.000000 -0.000000 -0.000000  0.000000 -0.000000 -0.000000 -0.000000  0.000000 -0.000000 -0.147824 -0.334991 -0.168029  0.047718  0.197511  0.124192 -0.098764 -0.470850  0.205831 -0.063741  0.048987
 0.000000  0.184185  0.000000 -0.000000 -0.000000  0.000000  0.707107  0.000000 -0.000000  0.000000  0.000000  0.000000 -0.000000 -0.102952  0.008251 -0.324557 -0.257521  0.083685 -0.061217 -0.082273 -0.228580 -0.115287  0.447990
 0.000000 -0.184185  0.000000  0.000000 -0.000000  0.000000  0.000000  0.000000  0.000000  0.000000 -0.000000  0.707107  0.000000 -0.024682 -0.237175  0.212916 -0.209903  0.095674 -0.041007  0.206738  0.125631 -0.497008  0.058705
 0.025529  0.000000  0.000000  0.000000 -0.000000 -0.000000 -0.000000 -0.000000  0.000000  0.000000  0.707107 -0.000000  0.158656 -0.587444  0.103902 -0.034927  0.020792 -0.198838  0.115119  0.239311 -0.033765 -0.009555 -0.073129
 0.000000 -0.000000 -0.000000  0.000000 -0.000000  0.000000 -0.000000  0.000000 -0.707107  0.000000  0.000000 -0.000000 -0.184185 -0.088911  0.226844 -0.048805 -0.359311  0.293356  0.177407 -0.134476 -0.062470 -0.046060 -0.365495
-0.000000  0.184185 -0.000000 -0.000000  0.000000  0.000000 -0.000000 -0.000000  0.000000 -0.000000 -0.000000  0.707107 -0.000000  0.024682  0.237175 -0.212916  0.209903 -0.095674  0.041007 -0.206738 -0.125631  0.497008 -0.058705
 0.000000 -0.000000 -0.000000  0.000000 -0.000000  0.000000 -0.000000  0.000000  0.707107 -0.000000  0.000000 -0.000000 -0.184185 -0.088911  0.226844 -0.048805 -0.359311  0.293356  0.177407 -0.134476 -0.062470 -0.046060 -0.365495
 0.184185 -0.000000 -0.000000  0.000000  0.000000  0.000000  0.000000 -0.707107  0.000000 -0.000000 -0.000000 -0.000000 -0.000000  0.057765  0.544834  0.095763  0.216987  0.021983 -0.063190 -0.036686  0.047871 -0.292184  0.127106
-0.013700  0.022662 -0.707107 -0.000000  0.000000  0.000000 -0.000000  0.000000 -0.000000  0.000000  0.000000  0.000000  0.147824  0.334991  0.168029 -0.047718 -0.197511 -0.124192  0.098764  0.470850 -0.205831  0.063741 -0.048987
-0.000000 -0.184185 -0.000000  0.707107  0.000000  0.000000  0.000000  0.000000  0.000000 -0.000000  0.000000  0.000000 -0.000000 -0.067158  0.176275  0.252713 -0.361392 -0.121579 -0.278739 -0.053029  0.170175  0.288807  0.168423
 0.891292
