3 25
 0.000000  0.000000  0.352818 -0.531197  0.313468  0.226723  0.096794 -0.059945  0.026683  0.168692  0.044652  0.209860 -0.113671  0.227193 -0.053382  0.254418  0.085163 -0.049654 -0.013513  0.288612  0.122241  0.066893 -0.317167 -0.093756  0.037437
 0.000000 -0.352818 -0.000000 -0.270399 -0.012407 -0.437234  0.224273  0.277522  0.232867  0.017818  0.243123 -0.228886 -0.003408  0.040328 -0.291079  0.033846 -0.142190 -0.024453 -0.213459 -0.055030  0.195821 -0.182244  0.194415 -0.223643  0.037758
-0.045574 -0.000000 -0.307244  0.133701  0.123638  0.018045  0.191126  0.160838  0.042848  0.255760 -0.047749 -0.164092 -0.117953  0.501858  0.046992 -0.353592  0.045650 -0.103984  0.023434  0.223773 -0.119798 -0.346630 -0.220237  0.252251  0.089521
 0.352818  0.000000 -0.000000 -0.019515  0.074733 -0.131094 -0.103944 -0.187520  0.164675  0.220158 -0.439449 -0.099316  0.272016  0.096059 -0.381327  0.195105  0.226746 -0.111725  0.267174 -0.258898 -0.006750 -0.076821  0.025382  0.082258  0.213241
-0.000000  0.000000  0.352818  0.142171 -0.266893  0.044074  0.195465  0.016796 -0.339155 -0.039191  0.169348  0.100907  0.383275  0.095874 -0.035298  0.221838 -0.090948 -0.077805  0.193690  0.112710 -0.156964 -0.529529  0.045558 -0.039028 -0.092132
-0.045574 -0.000000  0.307244  0.216675  0.149160 -0.026950  0.149180  0.197909 -0.088453  0.450635 -0.087093  0.457814  0.058045  0.043361 -0.100916 -0.337379  0.028214 -0.035589 -0.201463 -0.172392 -0.082170  0.190750  0.298706 -0.100232  0.008286
-0.352818  0.000000 -0.000000 -0.125061  0.036226 -0.485024 -0.427894 -0.264173 -0.100673  0.280408  0.118466  0.048946  0.023590 -0.141566  0.128598  0.017756  0.074223 -0.076494 -0.022454  0.246527 -0.258461 -0.102191  0.053431  0.017679  0.273388
 0.000000  0.352818 -0.000000 -0.011611  0.060851 -0.227683  0.101343 -0.401479 -0.065789 -0.172237 -0.172133 -0.114838  0.250962  0.285382 -0.117950 -0.091692 -0.224518 -0.178894 -0.352043  0.230660  0.102530  0.171237  0.123793 -0.013153 -0.299914
 0.000000 -0.000000  0.352818  0.013098  0.053350 -0.098504  0.260429 -0.124246  0.140289  0.040421 -0.252272 -0.167540 -0.013058 -0.412350  0.095381 -0.184943 -0.394449  0.044601 -0.135725 -0.122258 -0.126107 -0.127787 -0.433126  0.147826  0.142750
 0.000000  0.352818 -0.000000 -0.059535  0.269816 -0.207123  0.021640  0.216427  0.092441 -0.142915  0.231433  0.177491  0.100108 -0.124061 -0.335645 -0.062611 -0.097857  0.382489  0.290378  0.135463 -0.024912  0.035461  0.034820  0.433299 -0.059653
 0.352818 -0.000000 -0.000000 -0.036521  0.065263 -0.299455 -0.181501  0.125281 -0.111405  0.023027  0.037856  0.027893 -0.088427  0.008952  0.054418 -0.252340 -0.144926 -0.163442  0.402181  0.017782 -0.160861  0.102450 -0.287368 -0.422511 -0.366982
 0.000000  0.352818 -0.000000 -0.250692  0.053699  0.270714  0.081384 -0.236868  0.008606 -0.073680  0.093975 -0.101917 -0.374021 -0.129108 -0.232810 -0.254953 -0.022990 -0.141720  0.111115 -0.127190 -0.230303 -0.290880  0.346705 -0.229979  0.115795
 0.000000  0.045574 -0.307244 -0.066696  0.445742  0.129849  0.085590  0.008928 -0.359088  0.034030  0.081414 -0.148557  0.463343 -0.202098  0.045137 -0.113902  0.122003  0.222408 -0.126508 -0.088767  0.085574 -0.087583 -0.130827 -0.325710  0.142657
 0.000000 -0.352818  0.000000 -0.080184 -0.135128  0.155391 -0.182521  0.047989 -0.159641 -0.397786 -0.131238  0.137022  0.118744  0.137709 -0.367571 -0.279336 -0.188959  0.019067 -0.041874  0.198295 -0.237155  0.183273 -0.078888 -0.038768  0.387874
 0.352818 -0.000000  0.000000 -0.177055 -0.240232  0.095757  0.002113 -0.176827  0.036647  0.202164  0.554775 -0.113090  0.185807  0.078506 -0.003713 -0.100552  0.081757 -0.000663 -0.228639 -0.219500 -0.314284  0.224057 -0.130700  0.242597 -0.019368
 0.000000 -0.352818  0.000000 -0.177434  0.252025 -0.019862  0.121233 -0.026891 -0.544526  0.018035 -0.065619 -0.195031 -0.160159 -0.123776 -0.010686  0.030539 -0.050031 -0.257730  0.131020 -0.084737 -0.008552  0.129627  0.210683  0.439384 -0.189509
-0.352818  0.000000 -0.000000 -0.380875  0.028853  0.164889 -0.053236  0.243720  0.325838 -0.039536 -0.165570 -0.092054  0.423140  0.079337  0.274595 -0.078229 -0.099681 -0.143513  0.181797 -0.157524 -0.273977  0.074044  0.164444  0.031029 -0.181016
-0.000000 -0.352818 -0.000000  0.071761  0.185284  0.016768  0.032310 -0.208673  0.231454 -0.160200 -0.090895  0.121146 -0.017712 -0.157179 -0.134117 -0.055014  0.408142  0.172044 -0.192769  0.142404 -0.346300 -0.217075 -0.015043 -0.004484 -0.471226
 0.352818 -0.000000 -0.000000  0.081798  0.012835  0.159304  0.071666  0.166987  0.092777  0.245464 -0.104256 -0.286241  0.033932 -0.209423  0.102247  0.159222 -0.130324  0.105394 -0.010134  0.587709 -0.227570  0.157907  0.324475 -0.080117  0.075926
 0.000000  0.045574  0.307244  0.189675  0.180121  0.243260 -0.569752  0.218785  0.070307  0.017342  0.140717 -0.285486  0.075253 -0.100951 -0.193919 -0.133174  0.018378 -0.279100 -0.186703  0.051581  0.235917 -0.160212 -0.050897  0.102080 -0.124960
 0.352818 -0.000000  0.000000 -0.404847 -0.251855 -0.040959 -0.139841  0.030660 -0.070574 -0.013677 -0.202138  0.224988  0.073361 -0.113975  0.272320 -0.357451  0.105461  0.129259 -0.100111  0.117652  0.341874 -0.292050  0.152125  0.176969 -0.027204
 0.000000 -0.352818  0.000000  0.150304  0.175436  0.169040 -0.053466 -0.482454  0.237802  0.139936  0.226595  0.070419  0.109156  0.095986  0.097830 -0.171205 -0.354194  0.145623  0.326073  0.033198  0.285027 -0.029770  0.170677 -0.011209 -0.006383
-0.352818  0.000000  0.000000 -0.095463 -0.439572  0.104839  0.085665 -0.067307 -0.107155  0.345018 -0.088691 -0.240599  0.037696 -0.148078 -0.352283 -0.206290  0.154632  0.196859  0.194125  0.149103  0.190936  0.163827 -0.144098 -0.069148 -0.229393
 0.000000 -0.000000 -0.352818  0.031187 -0.061362  0.071927  0.208431 -0.002805  0.177262  0.027627  0.119051  0.349979  0.160452 -0.400587 -0.126986  0.008498 -0.002428 -0.614362  0.031832  0.195332  0.121317  0.019574 -0.119995  0.061940  0.030808
-0.000000  0.000000 -0.352818 -0.111603 -0.047800  0.159944 -0.262961  0.050442 -0.089857  0.297465 -0.139944  0.215580 -0.088602  0.000114 -0.203292  0.280150 -0.503230  0.154338 -0.235646 -0.139041 -0.118457 -0.205279 -0.063225  0.018682 -0.246543
 0.352818
