13 33
-0.000006 -0.000001  0.000008 -0.000002 -0.000003  0.000004  0.000001 -0.000001 -0.000007  0.685936 -0.000008  0.000008 -0.000000 -0.059444  0.046878  0.257595 -0.186583  0.303120 -0.067073 -0.095750  0.201479 -0.178253  0.147854 -0.254482 -0.047813 -0.178248 -0.111124  0.045928  0.033431 -0.056587  0.005574 -0.278842  0.165631
-0.000009 -0.000165  0.000107 -0.168213  0.000124 -0.515000 -0.000047 -0.000006  0.000076 -0.002048 -0.000089  0.000009 -0.000041  0.169585  0.032172  0.088935 -0.122333 -0.085488  0.267338 -0.024790  0.224277 -0.185142 -0.470573  0.067758  0.148087  0.346606 -0.215329  0.061767  0.030702 -0.044805  0.201979 -0.161949  0.039828
 0.000002  0.000055  0.000036  0.000004  0.000131 -0.000020 -0.000867 -0.000020 -0.684746 -0.000066  0.000017 -0.000010  0.000009 -0.143349 -0.032614 -0.127158 -0.187537 -0.122273 -0.180042 -0.017452 -0.015140 -0.267171  0.183907 -0.030160  0.271668  0.086247  0.198391  0.023932 -0.155451 -0.130596  0.316838 -0.046098 -0.198126
-0.000000 -0.000000 -0.685994 -0.000000  0.000000 -0.000000 -0.000000  0.000000 -0.000000  0.000000  0.000000  0.000000  0.000000  0.018413  0.194605 -0.137070  0.054597 -0.074594 -0.135509 -0.016720  0.163069 -0.255006  0.095103  0.199114 -0.203190  0.265985  0.203221 -0.087715  0.004224 -0.019405 -0.303803 -0.173725  0.144975
-0.000000  0.000000 -0.000000 -0.000001 -0.000000 -0.000000  0.685988 -0.000001  0.000001 -0.000000  0.000001 -0.000001 -0.000001  0.382571  0.063512 -0.146173 -0.165965 -0.015950 -0.063204  0.321487 -0.058010  0.064459  0.194608  0.112782  0.016500 -0.070502 -0.268320  0.027333  0.001602 -0.259523 -0.039194 -0.118977 -0.058036
 0.000538  0.550958  0.000382  0.025270 -0.019458  0.000788  0.005522  0.000039 -0.071264 -0.007538 -0.000387  0.000221  0.000110  0.078520 -0.183128 -0.027052 -0.325227 -0.057417 -0.045781 -0.127930 -0.269367 -0.105634 -0.076315 -0.258920 -0.037267  0.171298 -0.123943 -0.172678 -0.109398 -0.093802 -0.235276  0.310362  0.342577
-0.685915  0.000004  0.000004 -0.000013  0.000004 -0.000005  0.000008 -0.000004  0.000002  0.000004 -0.000010  0.000005  0.000006  0.246555  0.050545  0.304457  0.400750 -0.067981 -0.031340  0.106254 -0.053771 -0.125897  0.052108 -0.249202  0.242556  0.067528  0.094265 -0.139419 -0.052516 -0.105747 -0.077593  0.020214 -0.018546
-0.514490  0.000043 -0.000015  0.000040 -0.171081  0.000027 -0.000133 -0.000009 -0.000009  0.000005  0.000037 -0.000010  0.000012 -0.115234  0.141990  0.052442 -0.511156 -0.017162  0.047478 -0.040671  0.242075  0.169037  0.080966  0.392300 -0.007421 -0.116316 -0.016997 -0.201982  0.009611  0.238137  0.062702  0.199866  0.037150
-0.000055 -0.000009 -0.000074 -0.000020 -0.000027 -0.685475  0.000012 -0.000005 -0.000146  0.000077 -0.000009  0.000021 -0.000015 -0.024952 -0.127389 -0.158319  0.175595  0.047942 -0.116903 -0.199254 -0.217004  0.042885  0.421635  0.076164  0.088184 -0.145908 -0.039487 -0.188520  0.256438  0.144295  0.009080 -0.021789  0.126090
-0.000158 -0.624183  0.000341  0.045719  0.000025  0.001122 -0.000210 -0.000238 -0.000025 -0.013234 -0.000265  0.000237  0.000233  0.063576 -0.346182  0.033893 -0.110068 -0.104090 -0.156157 -0.017402 -0.048537  0.155535 -0.042413 -0.117307 -0.191185  0.155041 -0.029980 -0.335156 -0.315006 -0.069111  0.121575 -0.065274  0.310625
-0.000003  0.000002  0.000001 -0.000003  0.000001  0.000002 -0.685975  0.000001  0.000000  0.000001 -0.000001  0.000001 -0.000001  0.412983 -0.093108 -0.232471 -0.151188  0.072488  0.004999  0.321105  0.048167 -0.030961  0.174455  0.065229  0.045940 -0.098241 -0.235128 -0.026854 -0.070326 -0.105261 -0.121020 -0.091845 -0.141713
-0.000044 -0.000204  0.000376 -0.000267 -0.006841  0.000001  0.000186 -0.000001  0.161906 -0.000241 -0.515485  0.000118 -0.000101 -0.025304  0.019112 -0.062437 -0.266278  0.054084 -0.170509  0.124449 -0.071356  0.315428  0.008712 -0.252160  0.317909  0.327632  0.228671  0.047136  0.159031  0.209871 -0.110768 -0.255114 -0.082842
 0.000009 -0.000006  0.000005  0.000002 -0.000037 -0.000003 -0.000008 -0.000010  0.000005  0.171272  0.000017  0.000014  0.514585 -0.001419 -0.230071  0.243069 -0.062239 -0.400786  0.277305  0.173236 -0.240636 -0.094159  0.224327  0.134566 -0.103921  0.079154  0.046291  0.274401 -0.059491  0.276010 -0.063613 -0.094010  0.011303
-0.000110 -0.000189 -0.000041  0.000034 -0.000162 -0.000096 -0.000004 -0.000040 -0.000253 -0.000145 -0.684555 -0.000101  0.000001  0.083729 -0.242138  0.076633  0.077190  0.147325  0.180411 -0.041937  0.067560 -0.155285  0.023136  0.290867 -0.063428 -0.153068  0.208652  0.083714  0.023123 -0.357063  0.090948  0.203075  0.168962
-0.000000  0.000000  0.171498 -0.000000  0.000000  0.000000  0.000000  0.000000  0.000000 -0.000000  0.000000  0.514496 -0.000000  0.093302 -0.011690 -0.111544 -0.047152 -0.428774 -0.002451 -0.341171  0.183476  0.080969 -0.093240  0.008118  0.157295 -0.301817  0.140153  0.033518 -0.057065 -0.153645 -0.321656 -0.251301  0.055370
-0.000011 -0.000038 -0.000008  0.168472 -0.000110 -0.514682  0.000031  0.000014  0.000091  0.001897  0.000410 -0.000036  0.000091 -0.136261  0.136222  0.121888 -0.112182  0.021436 -0.112269  0.290044  0.064194  0.128584 -0.090908 -0.169824 -0.266176 -0.151825  0.267947  0.188204 -0.373117 -0.147695 -0.214143  0.191120 -0.206572
 0.000001  0.000005  0.000003  0.000005 -0.000049 -0.000011  0.000002 -0.000002  0.000017  0.171273 -0.000002  0.000007 -0.514603  0.054980  0.065205  0.021278 -0.096746 -0.057658  0.202028  0.171697 -0.520846 -0.171198 -0.228478  0.164170 -0.046902 -0.211855  0.253230 -0.189429 -0.046813  0.169103  0.022016 -0.238513 -0.012156
 0.000004  0.000003  0.000002  0.000003  0.000000 -0.000004 -0.000003  0.000001 -0.000000  0.685951  0.000005 -0.000006  0.000011  0.049085 -0.017149 -0.322579  0.222480 -0.192004 -0.056455  0.008280 -0.012435  0.248674 -0.149311  0.176837  0.080834  0.217902  0.034520 -0.077842 -0.015628 -0.056628  0.009763  0.358855 -0.154740
-0.000000  0.000000 -0.171499 -0.000000  0.000000  0.000000 -0.000000  0.000000 -0.000000  0.000000 -0.000000  0.514495 -0.000000  0.062621 -0.111534 -0.007824 -0.027481 -0.109142 -0.213674  0.367213  0.089530 -0.132448 -0.131456 -0.213279 -0.161656 -0.135764  0.040815  0.014129  0.415282  0.172008  0.313437  0.232352  0.085199
-0.000007 -0.000002 -0.000002 -0.000011 -0.685906  0.000008 -0.000024 -0.000002 -0.000007 -0.000004 -0.000004 -0.000006  0.000008  0.267576 -0.051680  0.046052 -0.046475  0.003883  0.030009 -0.305639 -0.087041  0.009841  0.039027 -0.143108 -0.350719  0.110723  0.107564 -0.008533  0.155974 -0.081872  0.082270 -0.048186 -0.374099
-0.000001 -0.000005 -0.000010 -0.000008 -0.685690  0.000003 -0.000233  0.000001  0.000012 -0.000013 -0.000001  0.000003 -0.000002 -0.295062 -0.033610 -0.170576  0.187396  0.024168 -0.044556  0.295387 -0.001640 -0.045517 -0.094512  0.042179  0.264395 -0.084271 -0.132124  0.152617 -0.150486  0.002118 -0.069931 -0.075399  0.351901
 0.000005  0.000000  0.000004 -0.000000 -0.000000  0.000001 -0.171450 -0.514517  0.000002  0.000002 -0.000008  0.000000  0.000001 -0.048180  0.176039  0.331624 -0.040819 -0.131900 -0.440902 -0.047863 -0.283081  0.128144 -0.091338  0.274456 -0.015229  0.048268 -0.155840  0.171009  0.157064 -0.273274  0.058785 -0.054096  0.069253
-0.000002 -0.000002 -0.000000 -0.000000  0.000001  0.000001 -0.000002 -0.685979  0.000000  0.000003  0.000000 -0.000002  0.000001 -0.016354  0.207071 -0.240700  0.004435 -0.066646  0.459457  0.066982  0.093789  0.085158  0.194499 -0.278715 -0.062541  0.014732  0.128828 -0.092189 -0.015013 -0.055361  0.141002  0.017004  0.155100
-0.000145 -0.000105  0.000323 -0.000239 -0.007064  0.000183  0.000177 -0.000061  0.161592 -0.000452  0.515422 -0.000016 -0.000164  0.086154 -0.302997  0.039316 -0.163878  0.249604  0.069036  0.068467  0.018230  0.109213  0.039379  0.134040  0.233752  0.124784  0.505481  0.157801  0.189721 -0.264336  0.010264  0.014402  0.142160
-0.000000  0.000000 -0.000000 -0.000000 -0.000000  0.000000 -0.000000 -0.000000  0.000000  0.000000 -0.000000 -0.685994 -0.000000  0.116963 -0.092596 -0.089532 -0.056137 -0.403517 -0.162207  0.019516  0.204629 -0.038502 -0.168551 -0.154068 -0.003293 -0.327996  0.135652  0.035523  0.268564  0.013821 -0.006218 -0.014266  0.105620
 0.000127  0.000085 -0.000090 -0.000005 -0.000600 -0.000032  0.000214  0.000031  0.684610  0.000083 -0.000001 -0.000016  0.000047 -0.148899  0.036684 -0.131317 -0.140347 -0.193691 -0.147298 -0.087632 -0.052742 -0.407670  0.161924 -0.041984  0.155917 -0.003394  0.002885 -0.021137 -0.223668 -0.129308  0.277803  0.082787 -0.177332
 0.000671 -0.553933 -0.000004 -0.026350 -0.019384 -0.000282  0.005730  0.000302 -0.070907  0.007418  0.000239 -0.000047 -0.000174  0.006335  0.208058 -0.065164 -0.199386  0.060043  0.130305 -0.107701 -0.213282 -0.280445 -0.027944 -0.125362  0.178251 -0.004506 -0.089684  0.205778  0.246008 -0.015322 -0.370974  0.382331 -0.009393
 0.000005 -0.000009 -0.000022  0.685559 -0.000010 -0.000046  0.000011  0.000024  0.000024  0.000170 -0.000038 -0.000026 -0.000029  0.381581  0.174298 -0.082437  0.031012  0.082750 -0.072905 -0.194863 -0.013033 -0.025806 -0.040511  0.047887  0.079025  0.016537  0.050507  0.295094 -0.162538  0.271180  0.211248  0.033948  0.222436
-0.514607 -0.000003  0.000010  0.000034  0.171004  0.000073  0.000137  0.000015 -0.000055 -0.000003  0.000022  0.000004 -0.000015 -0.213462 -0.209005 -0.458393 -0.023678  0.107635 -0.005577 -0.101242 -0.170906 -0.001849 -0.150522 -0.060529 -0.315667  0.026405 -0.109109  0.387880  0.060574 -0.097160  0.040014 -0.225931 -0.012310
 0.000002 -0.000009  0.000003 -0.000000  0.000002  0.000004 -0.171462  0.514494  0.000000 -0.000000 -0.000001 -0.000002  0.000010 -0.069953  0.451801  0.010805 -0.034836 -0.220814  0.171572  0.041521 -0.157911  0.241946  0.168006 -0.097053 -0.098768  0.067987  0.016045  0.047831  0.136824 -0.347168  0.247079 -0.031698  0.276204
 0.000000 -0.000000  0.685994  0.000000  0.000000 -0.000000 -0.000000 -0.000000  0.000000 -0.000000  0.000000  0.000000  0.000000  0.010618  0.170039 -0.111167  0.060000  0.005265 -0.188210  0.160321  0.139736 -0.308613  0.085718  0.144062 -0.283100  0.306997  0.178147 -0.092422  0.122338  0.062115 -0.144905 -0.052752  0.152080
 0.000055  0.000004  0.000013  0.685498  0.000015  0.000028 -0.000002 -0.000003  0.000004  0.000304 -0.000032  0.000011  0.000001 -0.313362 -0.162139  0.070542 -0.021919 -0.097526  0.183153  0.119327  0.057218 -0.068331 -0.048027  0.022931  0.043931  0.089171 -0.165818 -0.289548  0.296415 -0.238430 -0.122817 -0.113165 -0.195613
-0.000002 -0.000009 -0.000002 -0.000028 -0.000001  0.000017  0.000010  0.000001  0.000028  0.000000  0.000034 -0.000005  0.685847  0.042349  0.221648 -0.166449 -0.025906  0.257593 -0.056355 -0.001161 -0.210253 -0.057847 -0.339739  0.022287  0.043029 -0.218317  0.155378 -0.347772  0.009830 -0.080161  0.064157 -0.108444 -0.017683
 0.685994
