6 10
 0.000000  0.707107 -0.000000  0.000000 -0.204989 -0.000000 -0.173247  0.380081  0.130169  0.516294
-0.000000  0.000000  0.204989  0.000000 -0.000000  0.707107 -0.482178 -0.271461  0.385105 -0.059049
-0.000000  0.707107 -0.000000 -0.000000  0.204989  0.000000  0.173247 -0.380081 -0.130169 -0.516294
 0.000000  0.000000 -0.000000  0.000000 -0.912096 -0.000000 -0.003233 -0.324476 -0.242466 -0.063222
 0.000000 -0.000000 -0.000000 -0.707107 -0.204989 -0.000000  0.180440  0.341794  0.409257 -0.375642
-0.707107 -0.000000  0.204989  0.000000 -0.000000 -0.000000 -0.364109  0.334632 -0.371275 -0.274920
 0.000000 -0.000000  0.204989  0.000000  0.000000 -0.707107 -0.482178 -0.271461  0.385105 -0.059049
 0.000000  0.000000  0.912096 -0.000000 -0.000000  0.000000  0.380397 -0.028394 -0.006217  0.150116
 0.707107 -0.000000  0.204989  0.000000  0.000000  0.000000 -0.364109  0.334632 -0.371275 -0.274920
-0.000000  0.000000  0.000000 -0.707107  0.204989  0.000000 -0.180440 -0.341794 -0.409257  0.375642
 0.912096
