13 35
-0.000000  0.000000 -0.000000  0.000000  0.000000 -0.000000 -0.000000 -0.151454  0.000000 -0.522433  0.000000  0.000000  0.000000 -0.007515 -0.062814  0.161655  0.375013  0.149245  0.119315 -0.153937 -0.151084  0.075750  0.047824 -0.152980 -0.068928 -0.107961  0.393594 -0.054946 -0.127716  0.075704 -0.114612  0.403610  0.050586  0.179646 -0.107901
-0.000074 -0.000102 -0.000033 -0.000026  0.000017  0.000035  0.000031  0.000117  0.522877  0.000103  0.149941  0.000118  0.000353  0.015034  0.253377  0.319884 -0.176069 -0.178895 -0.062200 -0.074710  0.144011  0.077334 -0.154362 -0.229061  0.124363 -0.010496  0.162682 -0.237590  0.052457 -0.109423 -0.040348 -0.120283  0.108418 -0.131510 -0.451147
 0.000061  0.000033 -0.522808  0.000098  0.150663 -0.000019 -0.000006 -0.000005  0.000006  0.000037 -0.000056  0.000019  0.000011 -0.284246  0.103824  0.149961 -0.027723  0.117011  0.000148  0.251590 -0.059219 -0.019584 -0.057476  0.114974 -0.415336 -0.058197 -0.073475  0.265643 -0.051277  0.049437  0.251919 -0.050004  0.257761  0.163110 -0.275318
 0.000001 -0.000006 -0.000004 -0.000005  0.673778 -0.000001 -0.000003  0.000013  0.000011 -0.000006 -0.000012  0.000006 -0.000018  0.002225 -0.228994 -0.177058  0.272416 -0.335362 -0.105312  0.160237  0.240242 -0.124360 -0.170632 -0.074547  0.088126 -0.012561  0.054193 -0.167763 -0.105740 -0.141721  0.002384 -0.058341  0.114226  0.204208  0.050030
 0.000010  0.000033 -0.000070  0.000011  0.000041 -0.000043 -0.673352 -0.000006  0.000023 -0.000061 -0.000111  0.000020 -0.000045 -0.145946  0.088012 -0.345066  0.051190  0.009022  0.061042 -0.130811 -0.026460  0.230647 -0.170522  0.102243  0.227979 -0.040313  0.119649 -0.047126 -0.000467  0.352789  0.249742 -0.078581  0.088468 -0.029456 -0.098356
 0.000018 -0.000121 -0.000105  0.000085 -0.011794 -0.000577  0.134778  0.000351 -0.000274 -0.000284 -0.000491  0.000196  0.524808  0.058702  0.196645  0.062099  0.200333 -0.047981 -0.365564 -0.342750  0.011343 -0.044184  0.211242 -0.174174  0.119367  0.041915 -0.253545  0.069841 -0.206190  0.188502  0.251972 -0.038322  0.228618  0.059126  0.075988
-0.000025  0.000043 -0.673396 -0.000015  0.000015 -0.000017 -0.000027  0.000018 -0.000116  0.000005  0.000104  0.000001 -0.000073  0.304740 -0.065739 -0.112316 -0.093862  0.158418 -0.045650 -0.081505  0.310047 -0.157926  0.220040 -0.028337  0.247716  0.192158  0.270848 -0.033293  0.089844  0.126613 -0.079808  0.006281 -0.135780 -0.026536  0.037471
-0.000099 -0.000127  0.000024  0.000102  0.000009 -0.000023  0.000007  0.000075 -0.673163 -0.000014 -0.000104 -0.000022 -0.000092 -0.079163  0.354695  0.265344  0.071899  0.083055  0.020905 -0.016252  0.190384 -0.008363 -0.079080 -0.082963 -0.022815 -0.085608  0.140508 -0.395253  0.146217 -0.103809  0.137631 -0.209046 -0.056941 -0.016742  0.003142
-0.000428 -0.000402  0.000031 -0.000021  0.020359 -0.000658  0.082443 -0.000160  0.000356 -0.000455  0.020804 -0.546594 -0.000515  0.018382 -0.254799  0.202102  0.274297  0.033118 -0.257528  0.008948  0.110241  0.385410 -0.128072  0.019716 -0.044766  0.005077 -0.008687  0.189383  0.214998  0.195182 -0.019451 -0.211463 -0.298272 -0.075321 -0.072364
 0.000021  0.000020 -0.000039  0.000068 -0.000246  0.000077  0.673166  0.000086 -0.000016  0.000023  0.000006 -0.000003  0.000052 -0.168496  0.144915 -0.479186  0.053892  0.130760  0.113458  0.012777 -0.016971  0.155897 -0.223156  0.067491  0.201086  0.002727  0.091751 -0.067751  0.114322  0.124734  0.144477  0.083146  0.076952 -0.106164 -0.169688
-0.000000 -0.000000  0.000000 -0.000000 -0.000000  0.000000 -0.000000 -0.673887 -0.000000  0.000000  0.000000  0.000000 -0.000000 -0.216421  0.257617 -0.150507  0.057407 -0.188649 -0.078682  0.082297  0.018601  0.089428  0.236488  0.065969 -0.027560  0.136191  0.202278  0.188727 -0.233170 -0.163182 -0.108837 -0.210910 -0.173215 -0.159027  0.033008
 0.522652  0.000040  0.000006  0.000013  0.150859  0.000003 -0.000062 -0.000012 -0.000000  0.000036 -0.000019  0.000086 -0.000042  0.113596  0.053963  0.162706  0.205053  0.166331  0.099035 -0.007771 -0.245425  0.003396 -0.019495  0.361476  0.098577  0.407047 -0.082573 -0.145979 -0.029070  0.050248 -0.260012 -0.192138  0.254317 -0.112718 -0.045905
 0.000065  0.000038  0.000099 -0.000057 -0.011628 -0.000682  0.135737 -0.000112  0.000488  0.000695 -0.000494  0.000563 -0.522959  0.206006  0.105709  0.055741 -0.083523 -0.153008 -0.269703  0.025753 -0.167110 -0.075910 -0.114405 -0.040039 -0.167695  0.107736  0.039645 -0.199939 -0.405121  0.438435  0.192311  0.001521 -0.116696 -0.018936  0.102349
 0.000005 -0.000012  0.000052  0.673347  0.000062 -0.000081 -0.000038 -0.000054 -0.000020  0.000011 -0.000027  0.000061 -0.000097  0.283298  0.083563 -0.052167 -0.034377  0.113743 -0.254812  0.020763 -0.265992 -0.033021 -0.163075  0.083422  0.094908 -0.256444  0.254426  0.171970  0.047610 -0.212995  0.028503 -0.173420  0.106205  0.082678  0.077806
-0.000589 -0.000532 -0.000103  0.000214  0.020008  0.000189  0.082419 -0.000375  0.000134  0.000237 -0.021049  0.546770  0.000362 -0.084305 -0.291825  0.080076 -0.122683  0.205211 -0.218892  0.023701  0.200615  0.523281  0.083738  0.031406 -0.066891 -0.162522  0.050281 -0.116075 -0.131097  0.091963 -0.154642 -0.176162  0.149771 -0.045852  0.122491
 0.000104 -0.000299  0.000064 -0.000034  0.000257 -0.000728 -0.000131  0.000186  0.000096 -0.000597  0.036008  0.634253 -0.000584  0.088179  0.032083  0.105241  0.342129 -0.148364 -0.032642 -0.012564 -0.077478 -0.118592 -0.182770 -0.010232  0.019320  0.144674 -0.050893  0.263769  0.298779  0.088576  0.116253 -0.030047 -0.386007 -0.025207 -0.167466
-0.000000 -0.000000  0.000000  0.000000  0.000000 -0.000000 -0.000000  0.000000  0.000000 -0.673887 -0.000000 -0.000000  0.000000  0.028033  0.108638 -0.221268 -0.265094 -0.206873 -0.187033 -0.148458  0.081288 -0.005345 -0.037608  0.161735 -0.247559  0.113002 -0.183607 -0.063450  0.333246  0.023167 -0.117479 -0.160617  0.039611  0.110805  0.056564
-0.000003 -0.000015 -0.000015  0.000023  0.673773  0.000005  0.000007  0.000008 -0.000012 -0.000016  0.000007 -0.000001  0.000000  0.000265  0.185555  0.113983 -0.292134  0.116807  0.048425 -0.206855 -0.249571  0.162301  0.189550 -0.027048  0.016952 -0.122688 -0.043940  0.073622  0.151539  0.058653  0.061060  0.212163 -0.223580 -0.268557  0.096192
-0.000027 -0.000065  0.000011  0.522879 -0.000030  0.000022 -0.000070  0.000069  0.000049 -0.000030 -0.150148 -0.000276 -0.000009 -0.305884  0.071687  0.152854  0.046245 -0.118359  0.091419 -0.050128  0.393768 -0.180946 -0.117274  0.106786 -0.009845 -0.033992 -0.138028  0.051184 -0.052246  0.319060 -0.267832  0.250104  0.030503 -0.271420  0.075351
 0.000021 -0.000264  0.000028 -0.522687  0.000108 -0.000083 -0.000041 -0.000001 -0.000091 -0.000016 -0.150256  0.000007  0.000018  0.058782  0.179351  0.085672  0.002011  0.028385 -0.237004 -0.023376  0.051346 -0.223410 -0.327275  0.214365  0.112297 -0.364541  0.189658  0.272576  0.009055  0.044789 -0.231136  0.026719  0.167480 -0.165109  0.175551
 0.000129 -0.523498 -0.000159 -0.000064  0.000187  0.000655  0.147268 -0.000152 -0.000080 -0.000549  0.000285 -0.000459  0.000402 -0.011040  0.007250  0.247420 -0.159911 -0.285282  0.383108 -0.111207  0.017792  0.140495 -0.041830  0.051360  0.171105  0.065075  0.180148  0.220633  0.020017  0.150238  0.097038 -0.168549  0.092434  0.312265  0.266149
 0.000232  0.524455 -0.000157 -0.000050  0.000116  0.000216  0.146893 -0.000185  0.000196 -0.000093  0.000044  0.000419  0.000246 -0.093243 -0.239251  0.099308 -0.042621 -0.219731  0.227551 -0.274857 -0.091777 -0.198016  0.219983  0.276647  0.060178 -0.312578  0.119681 -0.047239 -0.029262  0.155728  0.074133 -0.321424 -0.058546  0.069348 -0.132487
-0.000045  0.000147  0.000027 -0.000042  0.000044  0.000063  0.000138  0.000020 -0.522925  0.000122  0.150123  0.000031 -0.000068  0.117001 -0.203638 -0.021572 -0.268546 -0.285928 -0.089241 -0.053645 -0.101289  0.088312 -0.052890 -0.122055  0.153267  0.099586 -0.018167  0.270944 -0.136077  0.024817 -0.217589  0.148466  0.181051 -0.110103 -0.455359
 0.000091  0.000018  0.522694  0.000027  0.150743 -0.000040  0.000019  0.000018 -0.000053  0.000044 -0.000028  0.000083  0.000004  0.108164  0.019094  0.005284 -0.148696  0.321070 -0.058470  0.146364  0.340317 -0.222897  0.226218  0.078526 -0.096126  0.189167  0.275418  0.222824  0.064423  0.212636  0.149240 -0.042118  0.083051  0.129102 -0.227141
-0.000000 -0.000000 -0.000000 -0.000000 -0.000000 -0.522433 -0.000000 -0.151454 -0.000000 -0.000000  0.000000  0.000000  0.000000  0.190483 -0.174738  0.026458 -0.027624  0.060923  0.116373 -0.379229  0.217398  0.037162 -0.267016  0.198837 -0.209648  0.116858  0.006023  0.039009 -0.152273 -0.279726  0.319150  0.095209  0.032072 -0.206430  0.011653
 0.000000  0.000000  0.000000 -0.000000 -0.000000 -0.522434  0.000000  0.151453 -0.000000 -0.000000  0.000000 -0.000000 -0.000000  0.120038  0.066821 -0.136309  0.171142 -0.149830  0.171027  0.192423 -0.101728 -0.009302  0.214351 -0.361117 -0.212467 -0.098893  0.120183  0.065832  0.170654  0.205629 -0.128333 -0.219570  0.234811 -0.297023  0.093396
 0.673626  0.000014 -0.000056 -0.000007  0.000040  0.000003  0.000032  0.000007  0.000030  0.000003  0.000039 -0.000020 -0.000007 -0.026561  0.046300 -0.177283 -0.121858  0.123960  0.099057 -0.157204  0.154378 -0.048996 -0.154846 -0.377368 -0.111924 -0.239373 -0.081757  0.157689 -0.169458  0.014058 -0.082597 -0.124856 -0.256400  0.185780 -0.040425
-0.000000  0.000000  0.000000  0.000000 -0.000000 -0.000000 -0.000000  0.673887  0.000000  0.000000  0.000000  0.000000 -0.000000 -0.195874  0.206099 -0.105213  0.104347 -0.134209 -0.091327 -0.158305  0.045975  0.132826  0.138844  0.170222 -0.129738  0.168749  0.300556  0.139775 -0.266434 -0.231397 -0.093966 -0.005627 -0.184737 -0.025625 -0.017188
 0.522553 -0.000007  0.000005  0.000038 -0.150940 -0.000007  0.000044  0.000003 -0.000137 -0.000041  0.000033 -0.000018 -0.000010 -0.079426 -0.113990  0.066047 -0.047914 -0.325793 -0.227317  0.210534  0.046937  0.060872  0.219015  0.124718  0.045657 -0.098615  0.187909 -0.057390  0.247601 -0.068392  0.366169  0.352960  0.076197 -0.126988  0.098162
-0.000000 -0.000000  0.000000 -0.000000  0.000000 -0.673887  0.000000  0.000000  0.000000 -0.000000 -0.000000  0.000000 -0.000000 -0.241236  0.083502  0.085070 -0.112236  0.068888 -0.221444  0.144905 -0.089445 -0.021337  0.041067  0.125959  0.327589 -0.014081 -0.097441 -0.081357 -0.014195  0.056756 -0.148387  0.096470 -0.206078  0.390743 -0.081022
 0.000122 -0.671488 -0.000054  0.000154 -0.000081 -0.000341 -0.000227 -0.000026  0.000148  0.000356 -0.000164  0.000298 -0.000142 -0.064142 -0.192407 -0.115744  0.091038  0.050652 -0.120461 -0.127871 -0.085899 -0.264670  0.204595  0.175988 -0.086400 -0.294566 -0.046996 -0.209036 -0.038692  0.004328 -0.017655 -0.119320 -0.117657 -0.189113 -0.311105
-0.000083 -0.000103 -0.000091 -0.000007 -0.000189  0.000082 -0.000155  0.000361 -0.000174 -0.000762 -0.000033 -0.000123 -0.671632 -0.114777  0.071424  0.005266  0.220784  0.081505 -0.075193 -0.288017  0.139131  0.024787  0.254382 -0.104944  0.223972 -0.051374 -0.228734  0.209877  0.153861 -0.194165  0.047065 -0.031240  0.270246  0.061184 -0.020093
-0.000001 -0.000019  0.000071  0.000009 -0.000004  0.000044 -0.000014 -0.000013 -0.000002 -0.000001  0.673676 -0.000018 -0.000012 -0.406952 -0.203895  0.023141 -0.063952  0.146594 -0.140936 -0.127770 -0.118155 -0.262315 -0.142348 -0.141070 -0.009959  0.164062  0.167755  0.019118  0.080692  0.029137  0.000889 -0.067308  0.055738 -0.109833  0.266752
 0.000000  0.000000  0.000000  0.000000  0.000000  0.000000 -0.000000 -0.151452 -0.000000  0.522434 -0.000000  0.000000 -0.000000  0.028338  0.077435 -0.123247  0.034158 -0.117896 -0.121505 -0.346176 -0.045804  0.069223 -0.000527  0.055488 -0.387385  0.037971  0.156364 -0.135350  0.303458  0.105277 -0.265804  0.196115  0.101658  0.323114 -0.034652
-0.000034 -0.000029  0.000014  0.000000  0.000009 -0.000015 -0.000003 -0.000018  0.000029 -0.000005  0.673682 -0.000011 -0.000025  0.314654  0.246173 -0.045747  0.143382 -0.049762  0.144376  0.140910  0.214726  0.145897  0.105751  0.291671 -0.030918 -0.285763 -0.184070  0.021749 -0.098827  0.063303 -0.064754  0.125285 -0.041430  0.068427  0.005992
 0.673887
