3 43
 0.000000 -0.000000  0.266943 -0.107882  0.159886  0.249698 -0.176603  0.240140 -0.028448 -0.035249 -0.129279 -0.040017 -0.017789  0.340126  0.113980 -0.119987  0.184123  0.214455 -0.059258 -0.282001  0.085314  0.027817  0.015384 -0.052883  0.051335 -0.167002  0.033561  0.032176 -0.110669  0.073854 -0.102141 -0.272234 -0.013836  0.046302 -0.124372 -0.199163 -0.180076 -0.112761  0.055270 -0.200755  0.057505 -0.294572  0.177717
-0.000000 -0.000000 -0.266943  0.087268  0.141321 -0.126768 -0.118234  0.085211  0.101685 -0.013617  0.050883  0.055752 -0.067818 -0.073586  0.231880  0.017463  0.037086  0.019296  0.276966  0.210598  0.056032 -0.108739  0.264573  0.013163 -0.022981 -0.055538 -0.095461  0.299290 -0.141166  0.128806 -0.152487  0.095350  0.160280  0.048746 -0.256007 -0.214149  0.012068 -0.168107  0.184094  0.265382 -0.088701  0.052783  0.348687
 0.000000  0.000000 -0.266943  0.058414  0.281410 -0.055589  0.035637 -0.089735 -0.156381 -0.032354  0.011665 -0.361221 -0.185558  0.120498 -0.012071  0.176133  0.098075 -0.001513 -0.028323 -0.073802 -0.045120 -0.166274  0.033703  0.098448  0.171696 -0.140326  0.055020 -0.105944  0.438721 -0.121357 -0.066150 -0.121767  0.163561  0.164088 -0.025204 -0.025634  0.220908  0.074062 -0.043296 -0.235950  0.131624  0.188957  0.177326
-0.000000  0.000000 -0.266943  0.046678  0.229486  0.182869 -0.086628  0.152480 -0.139736  0.144246  0.228058  0.061109  0.043427 -0.148050  0.315125 -0.063992  0.169665 -0.045081 -0.239241  0.047844 -0.043676  0.092985  0.269813 -0.164442 -0.036225 -0.230771  0.019711 -0.283452 -0.097655 -0.195289  0.023113  0.052354  0.061910 -0.011178 -0.058082  0.132464 -0.228208  0.186472 -0.165906  0.081272 -0.109169 -0.029712 -0.201924
-0.232462  0.034481  0.000000 -0.115620 -0.009375 -0.267593  0.083254  0.198717 -0.149963  0.294140 -0.142006 -0.095083  0.100058 -0.192953  0.055549  0.312452  0.153746 -0.129959 -0.161367 -0.212823  0.050766  0.100637 -0.336050  0.019449 -0.129873  0.020556  0.010283  0.083911  0.069804 -0.038658  0.117795  0.063397  0.187818 -0.092168  0.017061 -0.244277 -0.270065 -0.085991 -0.002982  0.043442 -0.183044  0.068111  0.128251
-0.000000 -0.266943  0.000000 -0.005784 -0.036798 -0.153674 -0.304159  0.356279 -0.184259  0.072099 -0.093966  0.124827  0.286845 -0.129891 -0.317241 -0.171829  0.001308 -0.092325  0.031077  0.048986 -0.156899 -0.172029  0.069704 -0.202739  0.182913  0.130539 -0.096381 -0.141016  0.165041  0.036738 -0.213319 -0.181303  0.049187 -0.030111  0.000126  0.178927 -0.036066 -0.027696  0.176790 -0.045179 -0.054609  0.118024  0.071376
-0.000000  0.266943  0.000000 -0.172859 -0.242350 -0.007601 -0.192220 -0.044366 -0.182146  0.041616  0.138994  0.060597 -0.007951  0.068144 -0.140897  0.244498  0.325848  0.199799 -0.180210 -0.009262 -0.261522  0.047989  0.174888  0.062858 -0.147768  0.085987  0.108726  0.079884 -0.059311  0.011575 -0.293118  0.070942 -0.064724  0.228832  0.277758  0.082883  0.088757 -0.019280 -0.063051  0.215841  0.094289 -0.026643  0.154931
-0.000000  0.266943  0.000000 -0.209109  0.037467 -0.082303 -0.317453 -0.296533  0.100883  0.010482 -0.219301 -0.072489  0.023017  0.007256  0.014921 -0.034880  0.081662 -0.222397 -0.126632  0.223690  0.043428 -0.048642 -0.048652 -0.174569 -0.337637 -0.002946 -0.108752 -0.251464  0.079579  0.309225  0.066617 -0.131511 -0.057745  0.134820 -0.268339 -0.002000  0.094717 -0.034346 -0.064817 -0.091841 -0.181127 -0.023584 -0.027415
-0.000000 -0.266943 -0.000000 -0.022095 -0.063698 -0.013355  0.114719 -0.025108 -0.062517  0.025108 -0.307461  0.200580 -0.196023 -0.007134 -0.022999  0.327306  0.013709  0.188702 -0.156417 -0.018841  0.018232 -0.140593  0.310487  0.070739 -0.078320  0.246642  0.033865 -0.302981 -0.139073 -0.208952  0.032396 -0.087324 -0.064322 -0.077510 -0.266778 -0.216092  0.141421 -0.158127  0.077955  0.029077  0.025934  0.044310 -0.168833
-0.232462  0.000000 -0.034481  0.269586 -0.001494  0.038955  0.162569 -0.163831 -0.053921  0.023845 -0.264257 -0.127909  0.150572  0.109383  0.173294 -0.053009  0.170491  0.379817 -0.112073  0.067753 -0.081001 -0.399860 -0.004900 -0.145296 -0.033017 -0.071411 -0.081862  0.034437  0.053724  0.276969 -0.007125  0.139064 -0.046589 -0.221379  0.216552  0.101449 -0.076479  0.066798  0.172052  0.046425 -0.095130  0.023985 -0.094732
-0.000000 -0.266943  0.000000  0.083183 -0.201196  0.035982 -0.002129 -0.072712 -0.278412  0.129413  0.245911 -0.033807 -0.132873 -0.183289  0.057172 -0.002411 -0.000216 -0.105880  0.095255 -0.074803  0.123714 -0.254750 -0.199174 -0.114783 -0.130164 -0.056202 -0.049972 -0.109671 -0.281392  0.273344 -0.243796  0.033990  0.215092  0.042829  0.042233 -0.181283  0.201774  0.060603 -0.163413 -0.169253  0.187170 -0.186209 -0.064212
-0.266943  0.000000 -0.000000 -0.131003  0.012388 -0.097924  0.173075 -0.114885  0.101036 -0.223630  0.122419  0.345021 -0.148928 -0.066849  0.237152  0.145175  0.052523 -0.033969  0.054356 -0.046947  0.005600 -0.036777  0.035459 -0.237441  0.029049  0.135806  0.062967  0.034534 -0.059894  0.046018  0.050495 -0.462298  0.131753 -0.115513  0.165596  0.293133 -0.032116  0.022367 -0.100740 -0.153104 -0.054802  0.063485  0.244457
 0.000000  0.266943  0.000000  0.031191  0.144029 -0.247731  0.303778  0.240173  0.082279  0.110301  0.255748  0.119180 -0.112970  0.137491 -0.126674 -0.183448 -0.145233  0.057147 -0.193137 -0.050292  0.030150 -0.285737 -0.079430  0.054195 -0.071377  0.008551 -0.097563 -0.291153 -0.081084  0.168350  0.088542 -0.054253 -0.075775  0.211887 -0.041403  0.011208 -0.156525 -0.142514  0.030796  0.175882  0.256893  0.122781  0.066257
-0.000000 -0.000000  0.266943  0.130338  0.051424 -0.033539 -0.029948 -0.304451 -0.166215  0.090600  0.053304 -0.087013 -0.121656 -0.234626 -0.073314  0.065076  0.198894  0.082301 -0.081534  0.032761  0.095179  0.192808  0.018792 -0.061917  0.301464 -0.079071 -0.506093  0.108833 -0.026658 -0.017919  0.064000 -0.115728  0.019442  0.043345 -0.150859  0.190378 -0.110527 -0.250300  0.017946  0.124335  0.208352  0.031838 -0.065241
-0.000000 -0.000000  0.266943 -0.020174  0.012564  0.182958 -0.114972 -0.031097 -0.077392 -0.012352 -0.154352  0.035160 -0.076150  0.194586  0.078628  0.294506 -0.133650 -0.294210  0.157128  0.230789 -0.263922 -0.268745 -0.120247  0.135461  0.189850 -0.133421 -0.027887 -0.247378 -0.146603 -0.089330  0.118051  0.166498  0.145389 -0.002645  0.056346  0.133060 -0.199431  0.038894 -0.030287  0.161533  0.034870 -0.088835  0.222032
-0.000000 -0.266943  0.000000 -0.316256  0.168278 -0.026589 -0.126644 -0.066957  0.074157 -0.215239  0.259816  0.009647 -0.047613 -0.042605 -0.193678  0.113073 -0.086600  0.216298 -0.203061  0.035964 -0.112851 -0.067588  0.006850 -0.089672  0.238651 -0.118337  0.015536  0.028080 -0.075313  0.245769  0.148794  0.299421 -0.107594 -0.039633  0.039377 -0.175711 -0.091515 -0.165574 -0.212019 -0.158191 -0.232628  0.164431  0.028704
 0.266943  0.000000  0.000000 -0.227487  0.132722  0.251479  0.122391  0.142592  0.043346  0.037460 -0.131859 -0.331653 -0.155423 -0.091800 -0.263091  0.033330  0.086767 -0.026952  0.200559 -0.114124  0.156922 -0.273367  0.111296 -0.160204 -0.268741  0.062054 -0.047288  0.182096 -0.172785 -0.078539  0.052926 -0.063326  0.084463 -0.018001  0.117705  0.245224 -0.094449 -0.071737 -0.144334  0.104450 -0.113984  0.171050 -0.067310
-0.266943  0.000000 -0.000000 -0.052525  0.270998  0.123107  0.182780 -0.201029  0.103100 -0.000644  0.119602  0.064224  0.064109 -0.029172 -0.260044  0.093273  0.143330 -0.164423  0.203138 -0.150721 -0.180794  0.088274  0.031265  0.015160 -0.042745 -0.054221  0.068630 -0.081505 -0.159691  0.047397 -0.138246  0.072042  0.098001  0.250997 -0.016290 -0.011301 -0.078940  0.001751  0.514802 -0.137101 -0.104737 -0.024166 -0.239172
 0.266943 -0.000000  0.000000 -0.097305 -0.050054 -0.435565 -0.004078 -0.088875  0.005223  0.228403 -0.145595  0.204370 -0.429715  0.142841 -0.038254 -0.116627  0.159101 -0.023574 -0.007313  0.059850  0.114882 -0.084641  0.028659  0.021772  0.185996 -0.105322  0.146011  0.147064  0.006041 -0.022468 -0.127900  0.138789  0.047452  0.014015  0.013014  0.135656 -0.216348  0.184703  0.070562 -0.176875 -0.151516 -0.144837 -0.160478
 0.266943  0.000000  0.000000  0.051363  0.164396 -0.153035  0.156621 -0.120781  0.097450 -0.030727 -0.017890 -0.162096  0.124622 -0.260322 -0.153409  0.150143 -0.106771 -0.191943 -0.223163 -0.027545 -0.174520 -0.065057  0.203173  0.035697  0.032043 -0.137753  0.029307  0.067661 -0.085363  0.114193 -0.071258 -0.292055 -0.204005 -0.235446  0.101296 -0.181775 -0.063786  0.228203  0.056341  0.102919  0.057955 -0.352325  0.142063
 0.000000  0.000000 -0.266943 -0.047648 -0.045189  0.322810 -0.006962 -0.027582 -0.066297  0.110745 -0.158500  0.251004 -0.151997  0.080013 -0.153195  0.037809 -0.347997  0.041811 -0.288600 -0.222185 -0.027485  0.064938 -0.073504 -0.049483  0.093083 -0.028550 -0.178678  0.202356  0.084604  0.208337  0.082547 -0.059390  0.274633  0.138890 -0.081199  0.060291  0.108621  0.228391  0.069537  0.231084 -0.121911 -0.079638  0.017191
-0.000000  0.266943  0.000000 -0.147349  0.013107  0.050040  0.087108  0.038838  0.182697  0.090001 -0.000108  0.014582  0.181519 -0.142545  0.177120  0.048483 -0.110949 -0.034838 -0.037686 -0.072371 -0.002336 -0.250752  0.007075  0.092503  0.324210  0.028730  0.038753  0.018141  0.137044 -0.050532 -0.271309 -0.010900  0.147922  0.012882  0.018335  0.058940  0.172233 -0.443420 -0.163787  0.017382 -0.175949 -0.283321 -0.285616
 0.266943  0.000000  0.000000 -0.085644  0.076112 -0.001810 -0.123674  0.077373 -0.033968  0.258369  0.088089 -0.156999 -0.179233  0.100192  0.384574  0.068148 -0.113540 -0.017875  0.066263  0.020124 -0.320967  0.121041 -0.110604 -0.165344  0.113029  0.220184 -0.038129  0.024787 -0.076957  0.137106  0.104473 -0.202466 -0.125332  0.007930  0.253039 -0.142491  0.107143 -0.070073  0.273347  0.018636 -0.010729  0.201002 -0.228100
-0.000000  0.266943  0.000000  0.005272 -0.044098 -0.188333 -0.035386  0.032988  0.101718 -0.039349 -0.021133 -0.091214 -0.030695  0.055053 -0.153638  0.144612 -0.029566  0.270033  0.364533 -0.216632  0.002624  0.184647 -0.061137 -0.327663  0.201424 -0.134771  0.002339 -0.342903 -0.084655  0.031032 -0.110508  0.020314  0.093825 -0.239712 -0.118637 -0.075532  0.117396  0.212811 -0.108870  0.244264 -0.067857  0.023493 -0.046187
 0.000000 -0.266943  0.000000 -0.087428 -0.009951 -0.155648  0.059508  0.049640  0.072094 -0.035183  0.026352  0.025335  0.109819  0.280065  0.033765  0.034727  0.070073 -0.028017  0.003280  0.042475  0.142924  0.091923 -0.043309  0.363966 -0.100633 -0.334301 -0.376277 -0.107984 -0.098307 -0.022292 -0.156166 -0.242122 -0.014916  0.028059  0.252291  0.016988  0.183979  0.024061 -0.053362  0.158707 -0.317855  0.115229 -0.096932
-0.000000 -0.266943 -0.000000 -0.039796 -0.196823 -0.074612  0.166343 -0.007112  0.157845  0.272102  0.034303 -0.090916  0.081750  0.219782  0.092209  0.204565 -0.185507 -0.120361  0.023427 -0.140452  0.034348  0.141815  0.243616 -0.368312 -0.131153 -0.224115 -0.021404 -0.030841  0.188810  0.044906 -0.016511  0.206655 -0.174362  0.096900 -0.020059  0.240652  0.025842 -0.219394  0.045992 -0.045469  0.101242 -0.130883  0.167253
 0.266943 -0.000000 -0.000000 -0.294010  0.039451  0.047198  0.301899 -0.167572 -0.149045  0.096427  0.155764  0.150018  0.189667  0.219087  0.000937 -0.199750  0.193920  0.004579  0.099743 -0.002136 -0.280692  0.035242  0.041733  0.038057 -0.116568  0.160633 -0.240378 -0.022748  0.169200 -0.014053  0.042501  0.105892  0.251293 -0.353667 -0.166777 -0.090443  0.027849 -0.008154 -0.048442 -0.055780  0.038683 -0.056482  0.107673
-0.266943 -0.000000 -0.000000  0.193154  0.317924 -0.042616 -0.000329  0.072491  0.021225  0.068888 -0.128261  0.032729 -0.276143  0.162270 -0.212008 -0.218282  0.069998 -0.221794 -0.156179  0.120155 -0.149279  0.138156 -0.044914 -0.238989 -0.045537  0.038721 -0.029238  0.070155 -0.126847 -0.171770 -0.043552  0.118493  0.002121 -0.198656  0.205057 -0.083509  0.331364 -0.217878 -0.160189  0.060967 -0.017734 -0.148523  0.059705
 0.000000  0.000000 -0.266943 -0.280711  0.131047 -0.110913 -0.182661 -0.097840 -0.266943 -0.225793 -0.118730  0.071403 -0.087328 -0.110473  0.031305 -0.058069 -0.245886  0.134989  0.098218 -0.037752  0.039502  0.064264 -0.131458  0.068449 -0.235117 -0.252085  0.050426 -0.074582  0.066791 -0.072307 -0.018809  0.010160  0.008238 -0.226120  0.177790  0.118100 -0.104862 -0.286798  0.216439  0.083979  0.287942 -0.146160 -0.096159
 0.000000 -0.000000 -0.266943  0.151173 -0.077086  0.038184 -0.125543 -0.096436 -0.037685  0.075551  0.063502 -0.082058 -0.150303 -0.069946 -0.040586 -0.123336  0.085724 -0.002192  0.184356 -0.298625  0.063038  0.014385  0.096153  0.232821  0.085870  0.289194 -0.150712 -0.297420  0.003814  0.073638  0.239130  0.060312 -0.183045 -0.000878  0.190781  0.067139 -0.077828 -0.133217  0.018081 -0.043426 -0.302105 -0.298591  0.252491
 0.000000  0.266943  0.000000 -0.116247 -0.205734  0.254400  0.080387  0.011569  0.129770  0.099143 -0.080900  0.078780 -0.138957 -0.200196 -0.024484 -0.062882 -0.129483  0.008218 -0.068389  0.153788  0.137607  0.019348  0.099623 -0.090036  0.042433 -0.138297 -0.298322 -0.152641  0.037879 -0.185377 -0.234633  0.083384 -0.034347 -0.092619  0.270251 -0.278874 -0.085830  0.038835  0.174305 -0.313083 -0.006786  0.205915  0.210727
 0.000000 -0.266943 -0.000000 -0.153488 -0.094248  0.080030  0.057411  0.120446  0.400304 -0.096249 -0.114253 -0.032797 -0.147456 -0.177721  0.018146 -0.111015  0.333274  0.013722  0.011918  0.151231 -0.006629  0.099344 -0.014520 -0.024495  0.063997  0.016644  0.050912 -0.179706  0.294199  0.168278  0.125049  0.006707  0.240129  0.140093  0.207568 -0.147967 -0.047296  0.028652  0.010605  0.270685  0.244771 -0.158743 -0.062014
-0.000000 -0.000000 -0.266943 -0.198400  0.201491  0.150384  0.086345  0.092417 -0.036381  0.069027 -0.125715  0.259914  0.105518 -0.000778  0.028520  0.182144  0.266484 -0.120480  0.152660  0.024927  0.186262 -0.076402 -0.263171 -0.051580  0.200965  0.048520 -0.124050  0.064396  0.000521  0.064037 -0.058572  0.096683 -0.537156  0.007710 -0.049896  0.016897  0.110231  0.138841 -0.073037  0.033979  0.210947 -0.026549  0.006567
-0.000000  0.000000  0.266943  0.095810  0.267301 -0.053789  0.127044  0.084388 -0.180582 -0.085643 -0.251964  0.167051 -0.117047 -0.195047  0.140735 -0.019276 -0.176175  0.033550  0.225532 -0.137380 -0.199308  0.147595  0.182843  0.080098 -0.171118  0.050594 -0.136470 -0.008525  0.236712  0.229257 -0.208258  0.126767 -0.103121  0.219188  0.086240 -0.054986 -0.105869  0.074943 -0.317045 -0.031858 -0.058395  0.051101 -0.057930
 0.232462 -0.000000 -0.034481  0.223128  0.159242  0.041596 -0.120954 -0.228694  0.000213 -0.115170 -0.007634  0.128074  0.185986  0.269206 -0.019390  0.129542  0.000061 -0.231274 -0.108766 -0.114228  0.392472  0.078666  0.082941 -0.100817  0.059188  0.243414  0.098274 -0.084765  0.045253  0.130617 -0.190691  0.071156  0.179022 -0.078913  0.246234 -0.139286 -0.233124 -0.122016 -0.042369  0.111131  0.098616  0.192108 -0.054230
-0.266943 -0.000000  0.000000 -0.199432 -0.114981 -0.168384 -0.181739 -0.202404  0.010736 -0.039556 -0.017710 -0.004675  0.081310  0.096924  0.074146 -0.209016 -0.041178 -0.184035  0.089352 -0.325748 -0.059721 -0.298336  0.235965 -0.123820  0.070883 -0.018155 -0.178393  0.160497  0.003828 -0.268935  0.173024 -0.006291 -0.065681  0.139142  0.095662 -0.294657 -0.066158  0.153963 -0.101081  0.145084  0.149982  0.048353 -0.154487
 0.266943  0.000000 -0.000000  0.069448  0.129271 -0.161842 -0.142003  0.017067  0.300837 -0.070961 -0.226626  0.102882  0.183629 -0.171542  0.161453 -0.011638  0.095243  0.061562 -0.155844 -0.329174 -0.123941 -0.010492 -0.082019  0.050450 -0.037307 -0.033739 -0.136221 -0.041840 -0.293793 -0.080856  0.092940  0.248011  0.185065  0.093088  0.060599  0.193416  0.250379  0.045357  0.049431 -0.210571  0.178037  0.102992  0.140752
 0.266943 -0.000000 -0.000000  0.334707 -0.137847  0.137736 -0.048406 -0.104025  0.066921 -0.013742  0.071431  0.340745 -0.075883 -0.090036 -0.081703  0.006081  0.188796 -0.042913  0.097167 -0.176358 -0.211726 -0.166833 -0.210154 -0.115258 -0.139518 -0.364018  0.124924  0.036871  0.214150 -0.114733  0.096894 -0.144855 -0.134873  0.005823 -0.030929 -0.154455 -0.016042 -0.243047 -0.033850  0.082070 -0.151473  0.139309 -0.006846
 0.232462  0.034481  0.000000 -0.001271 -0.018212 -0.120926  0.264619  0.032068 -0.312805 -0.370874 -0.050987 -0.018014  0.136626  0.008665  0.051567 -0.006218  0.003972  0.059574 -0.034621  0.159898  0.100758  0.007291 -0.107307 -0.358344  0.056640  0.050359 -0.071395 -0.038277 -0.040113 -0.222956  0.130425  0.053167  0.033555  0.410991  0.104599 -0.120058  0.069630 -0.017807  0.130754  0.037299 -0.232404 -0.239599  0.067940
 0.000000  0.266943 -0.000000  0.082535 -0.133294 -0.036153 -0.006101  0.341997 -0.176212 -0.150232  0.002332  0.108041  0.009915  0.057808 -0.092809  0.198477  0.133391 -0.196732  0.072316  0.022477  0.073315  0.017328  0.338556  0.061192  0.043466 -0.195544 -0.081007  0.090122  0.020678  0.287311  0.398794  0.042991  0.105463 -0.136646  0.101079 -0.034050  0.173283 -0.056154  0.061469 -0.218498  0.088226 -0.030330 -0.222698
 0.000000 -0.000000  0.266943 -0.115515  0.245131  0.028265 -0.027370 -0.174232 -0.142183  0.434038 -0.005077  0.175701  0.186939 -0.140892 -0.040559 -0.110364 -0.051895  0.173964  0.119165  0.081983  0.269686 -0.022943  0.139825  0.037310  0.049278 -0.131566  0.305663 -0.058690  0.021452  0.012871  0.271664 -0.048821  0.051778  0.070160  0.195386 -0.049429  0.282363  0.041326  0.037981  0.100074 -0.034026  0.044115  0.171931
 0.000000  0.000000  0.266943  0.055043  0.219688 -0.020503 -0.257727  0.119087  0.155193 -0.034055  0.352982  0.092644 -0.108801 -0.007508  0.011120  0.262876 -0.043439  0.120793 -0.030140 -0.009957  0.167823 -0.197742 -0.068788 -0.054387 -0.250611  0.161235 -0.234879  0.055232  0.319044 -0.173630  0.006635  0.121062  0.000156 -0.116377  0.025971  0.024127  0.088607  0.209465  0.193025  0.019404 -0.059072 -0.240771 -0.071814
-0.000000  0.000000  0.266943 -0.157201 -0.073138  0.058293  0.086906  0.033978 -0.169048 -0.241332  0.050429 -0.087601 -0.196081 -0.110059  0.190269 -0.194794  0.107325 -0.284833 -0.203382 -0.271193  0.114015 -0.035122  0.038380  0.031902  0.090472 -0.048107  0.144482 -0.083506  0.075137  0.103410 -0.126731  0.183310 -0.134280 -0.177503 -0.130750  0.106233  0.225872  0.030946  0.265776  0.263939 -0.140157  0.186128  0.108241
 0.266943
