13 17
-0.000001  0.707098 -0.000000 -0.000002  0.021711 -0.000000 -0.198578  0.000001 -0.000001 -0.000004  0.070526  0.000003 -0.000000  0.474107 -0.382285  0.285139  0.053950
 0.000000  0.000004  0.000000  0.707104 -0.021709 -0.000001 -0.000000  0.000005  0.070527  0.000002  0.000001 -0.198573  0.000001 -0.398414 -0.535375 -0.067355  0.072316
 0.000000 -0.000000 -0.000000 -0.000000 -0.997929 -0.000000 -0.000000  0.000000 -0.000000 -0.000000 -0.000000  0.000000  0.000000  0.028926  0.008639  0.045823 -0.033572
-0.000000  0.000000  0.000000  0.000000  0.003342  0.000000 -0.000000  0.000000  0.994585 -0.000000 -0.000000  0.000000 -0.000000  0.061342  0.082427  0.010370 -0.011134
-0.000000  0.000000 -0.000000 -0.000000  0.003343 -0.000000  0.000000 -0.000000  0.000000  0.000000 -0.994586 -0.000000  0.000000  0.072991 -0.058857  0.043899  0.008306
 0.029183  0.000000  0.000000  0.000000  0.008984  0.000000 -0.000000 -0.000001  0.000000 -0.000000 -0.000000  0.000000 -0.959759 -0.110809  0.049568  0.251293 -0.006764
-0.000000  0.000000  0.000000  0.000000  0.008984 -0.000000  0.959758 -0.000000 -0.000000  0.000000  0.029183  0.000001 -0.000000  0.196183 -0.158189  0.117991  0.022325
 0.000001 -0.000002 -0.070528 -0.000001  0.021711  0.198573 -0.000000  0.707106 -0.000000 -0.000000  0.000000  0.000000 -0.000001  0.001053 -0.091913 -0.000173 -0.668338
 0.070526 -0.000001  0.000000  0.000002  0.021710  0.000000  0.000001 -0.000003  0.000001 -0.707104 -0.000000 -0.000000  0.198573 -0.267787  0.119790  0.607290 -0.016351
 0.000000 -0.000000 -0.000000 -0.000000 -0.008983 -0.000000  0.000000  0.000000  0.029184  0.000001  0.000000  0.959759  0.000001 -0.164865 -0.221534 -0.027872  0.029922
-0.070525 -0.000004 -0.000001 -0.000003 -0.021710  0.000000  0.000001 -0.000001 -0.000000 -0.707110 -0.000000 -0.000000 -0.198571  0.267779 -0.119790 -0.607287  0.016348
-0.000000  0.000000  0.994585 -0.000000  0.003343  0.000000 -0.000000  0.000000 -0.000000 -0.000000 -0.000000  0.000000  0.000000  0.000162 -0.014152 -0.000027 -0.102900
 0.994586  0.000000  0.000000 -0.000000 -0.003343 -0.000000  0.000000  0.000000 -0.000000  0.000000  0.000000 -0.000000 -0.000000  0.041229 -0.018443 -0.093498  0.002519
-0.000001 -0.000001  0.070527 -0.000005 -0.021710 -0.198572 -0.000000  0.707108 -0.000000 -0.000003 -0.000000  0.000001  0.000000 -0.001051  0.091916  0.000176  0.668336
-0.000000  0.000000  0.029184 -0.000000 -0.008984  0.959759 -0.000000 -0.000000 -0.000000 -0.000000 -0.000000  0.000000  0.000000 -0.000435  0.038033  0.000073  0.276555
 0.000001  0.000003 -0.000000 -0.707109 -0.021708  0.000000  0.000001 -0.000001  0.070527  0.000002  0.000001 -0.198573  0.000002 -0.398416 -0.535369 -0.067352  0.072311
 0.000001  0.707116 -0.000000  0.000001 -0.021711  0.000001  0.198572  0.000002  0.000000 -0.000000 -0.070524 -0.000001  0.000000 -0.474090  0.382280 -0.285134 -0.053951
 0.997929
