11 19
-0.000000  0.000000 -0.000000  0.707107  0.000000  0.000000  0.000000  0.000000  0.000000  0.000000  0.200278  0.084339  0.314286  0.176424  0.251592  0.338943 -0.136311 -0.355096  0.004464
-0.000000  0.000000  0.707107 -0.000000  0.000000 -0.000000  0.200278  0.000000  0.000000  0.000000 -0.000000  0.017079  0.207717 -0.276664 -0.293872 -0.146770 -0.466827 -0.118646  0.001079
-0.000000 -0.000000  0.707107 -0.000000 -0.000000  0.000000 -0.200278 -0.000000  0.000000  0.000000  0.000000 -0.017079 -0.207717  0.276664  0.293872  0.146770  0.466827  0.118646 -0.001079
-0.000000 -0.000000 -0.000000 -0.000000 -0.000000 -0.000000 -0.045011 -0.000000  0.707107  0.155266 -0.000000  0.232438 -0.113112 -0.171837  0.383723 -0.227015 -0.122725 -0.022907  0.403919
-0.000000  0.000000 -0.000000  0.000000 -0.000000 -0.000000 -0.045011 -0.707107 -0.000000 -0.155266 -0.000000  0.148585  0.275704  0.305887  0.081438 -0.495720  0.031290  0.001667 -0.169872
-0.707107 -0.000000  0.000000 -0.000000  0.000000 -0.000000  0.000000 -0.000000  0.000000 -0.200278 -0.000000  0.313292  0.051763 -0.421874  0.178746  0.082413  0.129568  0.061808 -0.348897
 0.000000  0.707107  0.000000  0.000000  0.000000  0.000000  0.200278  0.000000 -0.000000  0.000000 -0.000000  0.374726 -0.391063  0.179369 -0.175040 -0.013683  0.012661 -0.310969 -0.081716
-0.000000 -0.000000  0.000000 -0.000000 -0.000000 -0.000000 -0.045011  0.000000 -0.707107  0.155266 -0.000000  0.232438 -0.113112 -0.171837  0.383723 -0.227015 -0.122725 -0.022907  0.403919
-0.000000 -0.000000 -0.000000 -0.000000 -0.000000  0.707107  0.045011 -0.000000  0.000000  0.000000 -0.155266 -0.111536  0.173725 -0.201132 -0.105240 -0.115921  0.417375 -0.403512  0.171040
-0.000000 -0.000000  0.000000 -0.000000  0.000000 -0.707107  0.045011  0.000000 -0.000000  0.000000 -0.155266 -0.111536  0.173725 -0.201132 -0.105240 -0.115921  0.417375 -0.403512  0.171040
 0.000000 -0.000000  0.000000  0.707107 -0.000000 -0.000000 -0.000000  0.000000 -0.000000  0.000000 -0.200278 -0.084339 -0.314286 -0.176424 -0.251592 -0.338943  0.136311  0.355096 -0.004464
 0.000000 -0.000000 -0.000000 -0.000000  0.000000  0.000000 -0.000000  0.000000  0.000000  0.907385 -0.000000  0.109603  0.155914 -0.022741 -0.024545 -0.055578  0.109905  0.035694 -0.350385
 0.000000 -0.000000  0.000000  0.000000 -0.000000 -0.000000  0.907385 -0.000000  0.000000 -0.000000  0.000000 -0.085144  0.105271  0.085087  0.238005  0.029502  0.159704  0.251577  0.069058
 0.000000 -0.000000  0.000000  0.000000  0.000000 -0.000000  0.045011 -0.707107 -0.000000  0.155266  0.000000 -0.148585 -0.275704 -0.305887 -0.081438  0.495720 -0.031290 -0.001667  0.169872
-0.000000  0.707107  0.000000  0.000000  0.000000  0.000000 -0.200278 -0.000000  0.000000  0.000000  0.000000 -0.374726  0.391063 -0.179369  0.175040  0.013683 -0.012661  0.310969  0.081716
-0.707107 -0.000000 -0.000000 -0.000000  0.000000  0.000000 -0.000000  0.000000 -0.000000  0.200278 -0.000000 -0.313292 -0.051763  0.421874 -0.178746 -0.082413 -0.129568 -0.061808  0.348897
 0.000000 -0.000000  0.000000 -0.000000  0.000000 -0.000000  0.000000  0.000000 -0.000000  0.000000  0.907385  0.058947  0.008468 -0.116072 -0.235323 -0.124186  0.236459  0.101455  0.150429
 0.000000 -0.000000  0.000000 -0.000000  0.707107  0.000000 -0.045011 -0.000000 -0.000000 -0.000000 -0.155266  0.392568  0.256416  0.089536 -0.257853  0.190248  0.097736  0.241928  0.274275
-0.000000  0.000000 -0.000000  0.000000  0.707107  0.000000  0.045011  0.000000  0.000000  0.000000  0.155266 -0.392568 -0.256416 -0.089536  0.257853 -0.190248 -0.097736 -0.241928 -0.274275
 0.907385
