10 40
 0.500000 -0.000000 -0.000000  0.000000 -0.000000 -0.000000  0.000000 -0.000000 -0.000000  0.000000  0.189364  0.120621 -0.179159  0.002347  0.122331  0.073727  0.190316  0.005371 -0.153780 -0.292845 -0.148958  0.131547 -0.254533  0.006808  0.034586 -0.017901  0.088336 -0.121904 -0.099319  0.033236 -0.010637 -0.110702 -0.341156  0.134827  0.281698  0.335088  0.074635 -0.054049  0.087082 -0.085500
 0.000000  0.000000 -0.500000 -0.000000  0.000000  0.000000  0.000000 -0.000000  0.000000 -0.000000 -0.110987 -0.101454 -0.085938  0.274181 -0.342246 -0.042706  0.206144  0.053346 -0.087589 -0.007261 -0.002158 -0.233110  0.167527  0.083328 -0.299007  0.123505  0.081354 -0.053334  0.085948  0.064119 -0.178551  0.166899  0.083413  0.130439  0.212047  0.025425  0.242742  0.079450  0.208895 -0.140148
-0.000000  0.000000  0.000000 -0.000000 -0.500000  0.000000 -0.000000  0.000000 -0.000000  0.000000 -0.271124 -0.024880  0.033530 -0.092513  0.184446 -0.140841  0.129957  0.147857  0.089291 -0.015581  0.327391  0.244788 -0.018430  0.234803 -0.261786 -0.249303 -0.308659  0.043532 -0.041473 -0.024185 -0.037711  0.049085 -0.113362  0.177178 -0.046208  0.024067  0.149941 -0.114437 -0.071581 -0.145410
-0.000000  0.000000  0.000000 -0.000000  0.000000  0.000000  0.000000 -0.500000  0.000000 -0.000000 -0.290132  0.223832 -0.218051  0.054504 -0.092160 -0.239078 -0.111847 -0.096206 -0.069755 -0.026217 -0.021262 -0.081512 -0.000040 -0.133655  0.086538  0.106250 -0.256818 -0.014410 -0.018292  0.304017  0.071665 -0.174534 -0.050241  0.166754 -0.161108  0.075874  0.066058 -0.113602  0.197535  0.340064
-0.000000  0.000000  0.000000 -0.500000 -0.000000 -0.000000  0.000000  0.000000 -0.000000  0.000000 -0.335894 -0.252693  0.198283 -0.016966 -0.077170  0.145778 -0.056080 -0.396585  0.130701 -0.079603  0.028002 -0.052358 -0.165998 -0.009973 -0.110799  0.115462 -0.036052 -0.053048 -0.071972 -0.021984  0.047220  0.139092 -0.081324 -0.224639  0.062661  0.374578  0.009269  0.003727 -0.131107  0.126193
 0.000000  0.000000  0.500000  0.000000 -0.000000 -0.000000  0.000000 -0.000000  0.000000  0.000000 -0.194076 -0.243929 -0.171647  0.031820 -0.344738  0.131705 -0.018091 -0.172613 -0.001895 -0.018305 -0.064567  0.111626  0.022683 -0.201646 -0.125579 -0.133560  0.001401 -0.136515 -0.135754  0.060556 -0.164280 -0.206917  0.069126  0.242412  0.052468 -0.162968 -0.096367  0.133890  0.112907 -0.347766
-0.000000  0.000000 -0.000000 -0.000000  0.000000 -0.000000 -0.500000  0.000000  0.000000 -0.000000  0.084613 -0.065664  0.133612  0.203447  0.033445  0.200571  0.154600  0.163704 -0.061792  0.155245 -0.131170 -0.090203 -0.009124 -0.123506 -0.357651 -0.171175 -0.237114 -0.138241  0.029558  0.151096  0.076052 -0.130007 -0.192253 -0.233660  0.038405 -0.108305 -0.272852 -0.170489  0.078538  0.158923
-0.000000 -0.000000  0.000000  0.000000 -0.000000  0.000000  0.000000  0.000000  0.000000 -0.500000  0.144588 -0.060876  0.094174 -0.097890 -0.202262 -0.087321 -0.044172  0.127034 -0.027444 -0.079491 -0.076380  0.220636 -0.092182 -0.241822 -0.133249 -0.084073  0.111518 -0.140769 -0.340535 -0.126409 -0.082405  0.160777  0.120190 -0.082397 -0.152668 -0.064297  0.336527 -0.270566  0.066498  0.224806
 0.500000 -0.000000  0.000000 -0.000000  0.000000 -0.000000  0.000000  0.000000  0.000000  0.000000 -0.018760 -0.077332  0.170415 -0.065037  0.174029 -0.055198  0.014743 -0.125551 -0.180636  0.131583  0.113848  0.035963  0.048962 -0.149868 -0.065941  0.212880 -0.119125 -0.325077  0.256563 -0.071383 -0.128835  0.150986  0.380214  0.252802 -0.025007 -0.109119 -0.179588 -0.090341 -0.131070  0.116547
-0.000000 -0.000000  0.000000 -0.000000 -0.000000 -0.500000  0.000000  0.000000 -0.000000 -0.000000 -0.133466 -0.138713  0.348801 -0.195277  0.097855  0.222163 -0.180163  0.255665 -0.126246 -0.008019  0.001409 -0.145889  0.025332  0.056262  0.004648 -0.100321  0.228820 -0.096192  0.145467  0.098105  0.026520 -0.292274  0.021432  0.168633 -0.137059  0.167992  0.198437  0.081060  0.208336  0.037877
 0.000000  0.500000 -0.000000 -0.000000 -0.000000  0.000000 -0.000000 -0.000000  0.000000 -0.000000  0.059220  0.311633  0.251347 -0.179329 -0.224573  0.008412  0.038385 -0.179043 -0.234246  0.082917  0.334762 -0.122911 -0.024798  0.062142 -0.033081 -0.082706  0.039521 -0.023790 -0.260028  0.060598  0.278462 -0.065110  0.045385  0.040478  0.301851 -0.129615 -0.026974  0.025658 -0.021604  0.004547
 0.000000 -0.000000  0.000000 -0.000000 -0.000000  0.500000  0.000000 -0.000000 -0.000000  0.000000 -0.246820  0.196490  0.140294 -0.163220 -0.015880  0.047105 -0.130082  0.026909 -0.123598  0.032351 -0.079918  0.041378 -0.083378 -0.080185 -0.177094 -0.020378  0.194004  0.216621  0.331530 -0.224063 -0.284087 -0.348018 -0.045545 -0.077476  0.157220 -0.055185  0.125769 -0.092175  0.002572  0.088252
-0.000000  0.000000 -0.000000 -0.000000  0.500000  0.000000 -0.000000  0.000000 -0.000000  0.000000  0.051186 -0.020241  0.195067 -0.102555 -0.112214  0.076338 -0.065873 -0.067312  0.130078 -0.018126  0.160645  0.213646 -0.189519  0.221398  0.067695  0.085854 -0.259955 -0.067302  0.234366  0.164758 -0.125610  0.168161 -0.336899  0.061518 -0.038470 -0.289486  0.183908 -0.103542  0.166720 -0.111276
-0.000000 -0.000000 -0.000000  0.000000  0.000000 -0.000000  0.000000 -0.000000 -0.500000  0.000000  0.039136  0.221264 -0.225239  0.038947 -0.171498  0.051496 -0.270695  0.007866 -0.156128 -0.030628  0.180496 -0.038039 -0.207196  0.110057 -0.225447 -0.208870  0.204450 -0.142245  0.177236 -0.018091 -0.025970  0.231929 -0.047785 -0.031718 -0.324006  0.143263 -0.230475  0.032008 -0.016402 -0.039744
-0.000000 -0.000000  0.000000 -0.500000 -0.000000  0.000000 -0.000000 -0.000000  0.000000 -0.000000  0.071601  0.157417 -0.193163 -0.316570 -0.078402 -0.082105  0.144405  0.034803  0.002700 -0.003802 -0.402264  0.046772  0.140113  0.196819 -0.040132 -0.212550 -0.089435 -0.219096  0.254049 -0.028472  0.276854 -0.023173  0.148774 -0.014520 -0.011037 -0.171595  0.142914  0.077943 -0.018172 -0.033914
-0.000000  0.000000  0.000000  0.000000 -0.000000 -0.000000  0.500000  0.000000 -0.000000  0.000000 -0.136434 -0.081406  0.017119  0.158180  0.166850  0.120439 -0.145361  0.000230 -0.477580  0.183498 -0.223056 -0.099886 -0.004601 -0.027901  0.092821 -0.256656 -0.191929  0.019771 -0.052454  0.127303 -0.013163  0.180725 -0.038706 -0.209179  0.096655 -0.077063  0.054702 -0.241709  0.000204 -0.168011
 0.000000  0.000000 -0.000000  0.000000 -0.000000  0.000000  0.000000 -0.500000 -0.000000 -0.000000  0.178422 -0.306496  0.012154 -0.145528  0.172175  0.026098 -0.080591 -0.127994 -0.090065 -0.447513 -0.010831 -0.102050  0.065626  0.275473 -0.206668 -0.061259  0.103740  0.202470 -0.057432 -0.095241 -0.048772  0.064738  0.088918 -0.031464  0.092951 -0.242942 -0.192553 -0.065122  0.117969  0.040525
-0.500000  0.000000  0.000000 -0.000000  0.000000 -0.000000  0.000000  0.000000  0.000000  0.000000  0.103718  0.081562 -0.235184 -0.156400  0.251120  0.413678  0.180603 -0.116487 -0.130262 -0.002290  0.077724  0.021914 -0.120260 -0.192781 -0.140519  0.284527 -0.044378 -0.052705  0.083491 -0.067301  0.109633  0.059270  0.109869  0.243453  0.023774  0.098170  0.083691 -0.253837  0.078467 -0.075499
-0.000000  0.000000 -0.000000 -0.000000 -0.000000  0.000000  0.000000  0.000000 -0.000000 -0.500000  0.116282 -0.080349 -0.182664 -0.324090 -0.101777  0.119480 -0.109688  0.051093 -0.043277  0.093091  0.116973 -0.092455  0.431909  0.026535  0.051500  0.029463 -0.147384  0.081597  0.124668  0.193669 -0.199061 -0.002652 -0.216749  0.022819  0.171975  0.223832 -0.154872  0.024049 -0.235543  0.022895
-0.000000  0.000000  0.000000  0.000000  0.000000  0.000000  0.000000  0.000000 -0.500000 -0.000000  0.100189  0.149564  0.210294  0.212397  0.081873  0.156083  0.036173 -0.148120  0.003211 -0.248001  0.023678  0.341609  0.381667 -0.071411  0.052258  0.004141 -0.215346  0.068815  0.024489  0.101224 -0.034142 -0.148224  0.238359 -0.182536  0.058744  0.103899  0.166071  0.106980  0.108871 -0.036125
 0.000000 -0.000000 -0.000000  0.000000  0.500000  0.000000 -0.000000  0.000000  0.000000  0.000000 -0.161287  0.083048  0.022569  0.038642  0.247177 -0.058382  0.250276 -0.140499  0.081260  0.138438 -0.060157  0.092102  0.200359 -0.013198 -0.208617 -0.385680  0.245177  0.212322 -0.135434  0.122220 -0.024518  0.110866  0.027224  0.296003 -0.067826  0.131442 -0.024405 -0.041966 -0.146241  0.111362
-0.000000 -0.000000  0.500000  0.000000 -0.000000  0.000000 -0.000000  0.000000 -0.000000  0.000000  0.141694  0.241947  0.064647  0.106252  0.139680 -0.028472  0.084349  0.022914  0.028819 -0.060129 -0.045065 -0.467795 -0.021218  0.183343 -0.213668  0.151993 -0.078064 -0.064911 -0.062032  0.111287 -0.286721  0.084147  0.034961 -0.069890 -0.057351  0.005475  0.351104  0.104634 -0.197766  0.035147
-0.000000 -0.000000 -0.500000  0.000000 -0.000000 -0.000000  0.000000  0.000000  0.000000  0.000000  0.058605  0.099472 -0.021062 -0.136109  0.137188  0.145939 -0.139886 -0.203046  0.114513 -0.071173 -0.107474 -0.123059 -0.166061 -0.101631 -0.040239 -0.105072 -0.158017 -0.148092 -0.283735  0.107724 -0.272451 -0.289669  0.020674  0.042082 -0.216930 -0.182918  0.011995  0.159075 -0.293754 -0.172471
-0.000000 -0.000000 -0.000000  0.000000 -0.500000  0.000000  0.000000 -0.000000 -0.000000  0.000000  0.161024  0.087687  0.184106  0.028599 -0.049484  0.158796  0.054446 -0.355669  0.122047  0.135893 -0.226904  0.060960  0.029269 -0.026603  0.120864 -0.050523  0.293880  0.101488  0.140406  0.311164 -0.112418  0.229942 -0.196313  0.180342 -0.060088 -0.182111  0.009562 -0.031070  0.092060  0.145495
 0.000000  0.000000 -0.000000 -0.000000  0.000000  0.000000  0.500000  0.000000  0.000000 -0.000000 -0.159956  0.200516  0.116959 -0.057179 -0.022149  0.185591  0.237769  0.232288  0.240651 -0.266965  0.033340 -0.098293  0.147056 -0.241381 -0.111050  0.020247 -0.034793 -0.183734 -0.018289 -0.138235  0.001989  0.093579 -0.235749 -0.008015 -0.026074 -0.156181 -0.269980  0.158397  0.103180  0.191652
 0.000000 -0.000000 -0.000000 -0.500000  0.000000  0.000000  0.000000 -0.000000  0.000000  0.000000  0.156919  0.131022 -0.044186  0.188989  0.084621  0.100435 -0.255047  0.294837  0.230516  0.081535  0.150036 -0.054070 -0.150603 -0.062030  0.131492 -0.148031 -0.062168  0.148894 -0.095059  0.047209 -0.248858  0.051493  0.223068  0.227199  0.294827 -0.024929 -0.118398 -0.063639  0.191838  0.068473
 0.000000 -0.000000  0.000000  0.000000 -0.000000  0.500000 -0.000000 -0.000000  0.000000 -0.000000  0.147193 -0.180617  0.117725 -0.057456  0.019870  0.164807  0.051439  0.017824 -0.168793  0.189427 -0.035340 -0.071021  0.028156  0.194516  0.108229 -0.072411 -0.202681 -0.052291 -0.210211 -0.149194  0.022137  0.050660 -0.020321  0.213270 -0.263716  0.203615  0.014601  0.358382  0.318379  0.146776
 0.000000  0.500000  0.000000  0.000000  0.000000 -0.000000  0.000000  0.000000  0.000000  0.000000  0.114414 -0.141960 -0.151195  0.016766  0.289902 -0.229615 -0.096173 -0.202747  0.238533  0.081244  0.077109 -0.162806  0.157830 -0.245057  0.001101 -0.178457  0.023475 -0.189942  0.179557 -0.191348 -0.103423 -0.012450 -0.160461 -0.137693 -0.045507  0.078250  0.135413 -0.042023  0.304842 -0.107075
 0.000000  0.000000 -0.000000  0.000000 -0.000000  0.000000 -0.000000 -0.500000 -0.000000 -0.000000 -0.028668  0.074453  0.020734  0.175383 -0.099264  0.274709  0.195958  0.041558  0.141546  0.266863  0.087130  0.059210  0.109628  0.244453  0.269896 -0.061973  0.174947 -0.322808 -0.042196 -0.260828 -0.136328 -0.107466 -0.005353 -0.090332 -0.013611  0.054265  0.034280 -0.221117 -0.175888 -0.095462
-0.000000 -0.500000  0.000000  0.000000  0.000000 -0.000000  0.000000 -0.000000  0.000000 -0.000000  0.036201  0.065285 -0.088194  0.068422  0.194421 -0.026746 -0.332097 -0.182194 -0.008493  0.186307  0.201980  0.031308  0.185069 -0.010032 -0.174258  0.000638  0.131535 -0.258745 -0.136614 -0.111431  0.224409 -0.031917 -0.212525  0.010017  0.283251 -0.188741  0.183182  0.176483  0.058211  0.113015
-0.000000  0.000000 -0.000000  0.000000 -0.000000  0.500000  0.000000  0.000000  0.000000 -0.000000 -0.033839 -0.154586  0.090782  0.025399  0.093865  0.010251 -0.101520  0.210932  0.166146 -0.229796  0.116667 -0.116246  0.080554 -0.058068  0.073513 -0.007532  0.237497 -0.260522  0.024148  0.471362  0.288471  0.005084  0.087298  0.032839 -0.030563  0.019562  0.058067 -0.185147 -0.112615 -0.197151
-0.500000  0.000000  0.000000  0.000000  0.000000  0.000000  0.000000  0.000000 -0.000000 -0.000000  0.066885 -0.038272  0.226440  0.093709  0.045240 -0.395149  0.024455 -0.003693 -0.204155 -0.158972 -0.112833  0.145597 -0.085311  0.049721  0.109165 -0.089548  0.013589 -0.394275  0.073753  0.029154 -0.249105 -0.018986 -0.070811  0.144175  0.232917  0.127798 -0.188644  0.109447 -0.122455  0.106546
 0.000000  0.000000  0.000000 -0.000000 -0.000000 -0.000000  0.000000 -0.000000 -0.000000 -0.500000 -0.021867 -0.058787  0.037732  0.416859  0.025294  0.070129  0.077925 -0.129892 -0.009544 -0.172403  0.072707 -0.190640 -0.200018 -0.029540  0.139515 -0.189548 -0.093609  0.116121  0.300994 -0.198821  0.284118 -0.120550 -0.025731  0.226707 -0.024232 -0.138156  0.081813  0.130200 -0.176846  0.019268
-0.000000 -0.000000 -0.000000 -0.000000 -0.000000 -0.000000  0.000000 -0.500000  0.000000  0.000000  0.140379  0.008212  0.185163 -0.084358  0.019249 -0.061730 -0.003520  0.182642  0.018275  0.206868 -0.055037  0.124352 -0.175214 -0.386271 -0.149766  0.016983 -0.021868  0.134748  0.117920  0.052052  0.113435  0.217261 -0.033323 -0.044959  0.081767  0.112803  0.092215  0.399841 -0.139616 -0.285128
-0.000000 -0.000000 -0.000000  0.000000  0.000000  0.000000 -0.500000  0.000000  0.000000 -0.000000 -0.381002  0.184774  0.000466 -0.102446  0.111256  0.105460 -0.062193  0.068814 -0.175136 -0.238713 -0.058546 -0.107976  0.151579 -0.145777  0.339422 -0.065234  0.010392 -0.025722 -0.100301 -0.162027 -0.087226  0.404311 -0.082202  0.016466  0.032175 -0.124938  0.057573  0.087177  0.024846 -0.135282
-0.000000 -0.000000 -0.000000  0.000000 -0.000000 -0.000000 -0.000000  0.000000  0.500000  0.000000  0.005692  0.053142 -0.218242  0.054992  0.035747  0.175371  0.114930 -0.052756 -0.165945 -0.120323  0.332757  0.214891 -0.068837 -0.013017  0.027495 -0.217967  0.091441 -0.074607  0.164640  0.235595 -0.147370  0.034239  0.196124 -0.333940 -0.082197  0.005350  0.061153  0.286262  0.061932  0.175086
 0.000000  0.000000 -0.000000  0.000000  0.000000 -0.000000  0.000000 -0.000000  0.500000 -0.000000  0.133633  0.317687  0.203296  0.196351 -0.125372  0.032208 -0.349451 -0.087497  0.013028 -0.158306 -0.128583  0.088679  0.243308  0.051663 -0.200684  0.013238 -0.102337  0.001177  0.037085 -0.152462  0.087257  0.049466 -0.005550  0.119686 -0.183065  0.241812 -0.125558 -0.147273  0.030538 -0.250955
 0.000000 -0.000000  0.000000  0.000000 -0.000000  0.000000  0.000000 -0.000000 -0.000000  0.500000  0.239004 -0.200012 -0.050758 -0.005121 -0.278745  0.102288 -0.075935  0.048235 -0.080265 -0.158803  0.113299 -0.062459  0.139709 -0.244828  0.057766 -0.244158 -0.129475  0.056949  0.085127 -0.131561  0.002651  0.037575 -0.122289  0.167129 -0.004925  0.021380  0.263468 -0.116317 -0.345891  0.266970
-0.000000 -0.000000  0.000000  0.500000 -0.000000 -0.000000  0.000000 -0.000000 -0.000000 -0.000000 -0.107374  0.035745 -0.039066 -0.144547 -0.070952  0.164108 -0.166722 -0.066945  0.363917 -0.001870 -0.224226 -0.059656 -0.176488  0.124816 -0.019439 -0.245119 -0.187655 -0.123250  0.087018 -0.003247  0.075216  0.167413  0.290518 -0.011960  0.346451  0.178055  0.033785  0.018031  0.042559  0.160752
 0.000000  0.500000 -0.000000  0.000000  0.000000 -0.000000  0.000000  0.000000  0.000000  0.000000 -0.137432 -0.104389 -0.188345  0.230985  0.129091  0.194457 -0.274308  0.199595 -0.012780  0.022147 -0.209891  0.317025  0.052037  0.172883 -0.142277  0.261801  0.068539 -0.045014 -0.056143  0.019320  0.049371  0.045643 -0.097450  0.107232  0.026907 -0.137377  0.074744  0.192848 -0.225026  0.215542
 0.500000
