2 21
 0.000000  0.314270 -0.466664 -0.024308 -0.116902 -0.230456 -0.088441 -0.079968 -0.373157 -0.184035  0.183775  0.081072  0.205400 -0.207777 -0.005633  0.334873  0.174285  0.054458 -0.246041 -0.249264 -0.186744
-0.314270 -0.000000 -0.155269  0.100442  0.126673 -0.113109  0.196502 -0.144782  0.351549  0.292286  0.101514  0.108052  0.157086 -0.105377 -0.461422  0.203112  0.161284  0.252411  0.344589 -0.133617  0.177088
-0.314270 -0.000000  0.266936 -0.122107  0.102828 -0.171252  0.298973 -0.029804 -0.111457  0.128595 -0.108457 -0.302534 -0.264347 -0.435888  0.250817  0.410268 -0.175998  0.047192 -0.131702  0.096002  0.042136
-0.000000  0.314270 -0.277367 -0.090983 -0.097745  0.079775 -0.018902  0.030747  0.158391  0.318318 -0.147273 -0.176025 -0.058379 -0.110758  0.353919 -0.300462  0.479721  0.221794 -0.113977  0.222143  0.216427
-0.314270 -0.000000 -0.169633 -0.168994 -0.349121 -0.049719 -0.296212  0.098729  0.109216 -0.415698 -0.238316 -0.064379 -0.087666  0.074125  0.146068  0.171820 -0.070128  0.146199  0.506587  0.167617 -0.036420
-0.314270  0.000000  0.070780  0.576635 -0.124925 -0.058525 -0.068924  0.272337 -0.193954  0.084286 -0.205035  0.098209 -0.153277 -0.055895  0.130136 -0.115119  0.176269 -0.283535  0.099233 -0.412600  0.144934
 0.000000  0.314270  0.460394  0.213597  0.146383 -0.090856 -0.298034  0.050286  0.089944 -0.090202  0.344687  0.012822 -0.187222  0.204721 -0.019143  0.286788  0.393434  0.068215 -0.002498  0.239900 -0.104086
 0.078567 -0.235702  0.027152 -0.159796 -0.115017  0.358678  0.093792 -0.016693 -0.420643  0.249196 -0.113288 -0.055015 -0.319177  0.210963 -0.140441  0.154518  0.295067  0.306294  0.145829 -0.177152 -0.287466
-0.314270 -0.000000 -0.071490  0.378332  0.182738  0.351678 -0.044582 -0.074298 -0.286432 -0.181421  0.229849 -0.028367  0.061670 -0.099373  0.017172 -0.247468 -0.249697  0.481286 -0.063021  0.212215  0.040160
 0.000000 -0.314270 -0.196182  0.232675  0.165932  0.122356  0.432418  0.244358  0.189716 -0.282209 -0.018452 -0.067139  0.173752 -0.055126  0.137945  0.112533  0.347895 -0.149212  0.000515  0.236758 -0.366955
 0.000000  0.314270 -0.076130  0.103086 -0.021615  0.439284  0.171128 -0.593318  0.168862 -0.194587  0.045011 -0.156254 -0.218210  0.024064  0.082365  0.059048 -0.007053 -0.328981  0.127649 -0.184836 -0.006407
 0.000000 -0.314270 -0.299899 -0.109161  0.385751  0.239381 -0.488391  0.030576 -0.075561  0.104756  0.095481  0.019129 -0.172015 -0.243582 -0.046071  0.197297  0.086924 -0.330241  0.039013  0.146470  0.241007
-0.314270 -0.000000 -0.008445 -0.152398  0.120265 -0.171224 -0.045418 -0.115467  0.032454 -0.295894 -0.285193 -0.059685 -0.310675 -0.042983 -0.498548 -0.332216  0.200128 -0.061942 -0.349389  0.047323 -0.140617
 0.314270  0.000000  0.085764  0.180623  0.213368 -0.173623  0.003963 -0.373511 -0.143969 -0.083079 -0.462099  0.490240 -0.031212 -0.221337  0.114092  0.021037  0.085831  0.148895  0.190179  0.188194 -0.003457
-0.000000  0.314270  0.058483 -0.006166  0.204521  0.057836  0.079425  0.083922 -0.396604  0.024183 -0.324691 -0.360468  0.409060  0.201394 -0.252605  0.074571  0.030465 -0.217651  0.193112  0.230508  0.173277
-0.314270 -0.000000  0.041505 -0.060224 -0.135896  0.325512  0.018155 -0.020456  0.101104  0.054270 -0.258307  0.437577  0.179380  0.304404  0.056227  0.344537 -0.015353 -0.026677 -0.457390  0.112914  0.172450
 0.314270  0.000000  0.072513  0.335151 -0.335367  0.224108 -0.257501  0.074772  0.240928  0.043331 -0.266382 -0.273782  0.079085 -0.357031 -0.316125  0.195124 -0.095245  0.124439 -0.193088  0.025247 -0.094901
-0.314270 -0.000000  0.082243 -0.011146 -0.039230 -0.012964 -0.270047 -0.249422  0.006881  0.420902 -0.017782  0.022611  0.281450 -0.086102  0.106321 -0.150169 -0.056391 -0.211279  0.075908  0.132175 -0.622844
 0.000000 -0.314270 -0.075294  0.212030 -0.501122 -0.247486  0.112073 -0.337657 -0.216068  0.081394  0.215892 -0.078227 -0.064234  0.104204 -0.112136  0.006439  0.097877 -0.179535 -0.043884  0.427737  0.226554
 0.078567  0.235702 -0.433747  0.258859  0.136340 -0.159029  0.074156  0.159002  0.070247  0.259097 -0.099689  0.035122 -0.417835  0.314155 -0.064352  0.119898 -0.376958 -0.025010 -0.034933  0.211506 -0.211557
 0.000000  0.314270  0.075583 -0.173672 -0.252598  0.246948  0.225650  0.313838 -0.117516  0.022838  0.181213  0.405014 -0.139152 -0.383541 -0.236232 -0.112585 -0.034137 -0.208345  0.172971  0.261020 -0.048794
 0.314270
