4 17
-0.000000 -0.000000 -0.499152  0.000000  0.104803 -0.115591  0.002203 -0.079770 -0.286035  0.225830  0.284081 -0.330160  0.048355  0.371958  0.288823 -0.382765 -0.164296
-0.452301 -0.046851 -0.000000 -0.000000 -0.096756  0.164350  0.473308  0.316737 -0.049878 -0.223179  0.380443 -0.043178 -0.318468  0.127279  0.158660  0.300220 -0.026225
 0.000000  0.000000  0.000000  0.499152 -0.228286  0.261478 -0.445870 -0.002651 -0.025518  0.082909 -0.012941 -0.380836 -0.378386 -0.208849  0.052591  0.144557 -0.261476
 0.000000  0.000000  0.499152 -0.000000 -0.124932 -0.075436  0.192856 -0.070980 -0.043177  0.055621 -0.182647 -0.511172 -0.004710 -0.004752  0.373230 -0.196224  0.458098
 0.457985  0.000000  0.041167 -0.000000  0.126371  0.097151  0.173560  0.186792 -0.536003  0.117100 -0.230410  0.319223 -0.231629 -0.112162  0.385309  0.132227 -0.099748
-0.000000  0.499152 -0.000000  0.000000 -0.347140 -0.220732 -0.016514 -0.321152 -0.294496 -0.510100  0.188877  0.085177  0.069399 -0.240844  0.099004 -0.087924 -0.089407
-0.000000 -0.499152 -0.000000  0.000000 -0.380029 -0.050203  0.006662 -0.053032 -0.290594  0.230598  0.279038 -0.014519  0.486156 -0.267457 -0.004918  0.275279  0.040881
-0.000000 -0.000000  0.000000  0.499152  0.355221 -0.200024  0.277275 -0.269169  0.360924  0.020799  0.059691  0.077250  0.226889 -0.168440  0.385122  0.173521 -0.191870
-0.433546  0.024439 -0.000000 -0.041167  0.088982 -0.062543  0.171035 -0.417431 -0.186704  0.465229 -0.034146  0.179492 -0.361612 -0.335286 -0.183999 -0.170785  0.059433
 0.000000 -0.499152  0.000000  0.000000  0.291465  0.201552  0.048536  0.018876 -0.081577 -0.480011  0.034758 -0.078056 -0.033489 -0.372418 -0.049386 -0.476263 -0.095455
-0.433546  0.024439  0.000000  0.041167  0.292519  0.378237 -0.325037 -0.226828 -0.311273 -0.166800 -0.214834  0.095515  0.275579  0.216550  0.195709  0.213806  0.192803
 0.000000 -0.000000  0.000000 -0.499152  0.278842 -0.206766  0.024517 -0.144077 -0.068262 -0.072133 -0.171495 -0.480221 -0.034244 -0.146600 -0.061479  0.426423 -0.361686
-0.000000  0.000000  0.499152  0.000000  0.371439 -0.317838 -0.399881  0.138448 -0.140774  0.060059  0.533090  0.100281 -0.106649  0.060517 -0.006708  0.003419  0.005220
 0.000000 -0.000000 -0.000000 -0.499152 -0.135121  0.304573 -0.234026 -0.112023  0.393395  0.123714  0.203343  0.169709 -0.064700 -0.185177  0.530508 -0.076626 -0.080661
-0.000000  0.499152  0.000000 -0.000000  0.230815  0.372051  0.123677  0.348269 -0.057975  0.225128  0.172817 -0.195269  0.357588 -0.381272 -0.138989 -0.086988  0.020022
 0.457985 -0.000000 -0.041167 -0.000000  0.139217  0.364008  0.148091 -0.483866  0.015340 -0.055005  0.370438 -0.101533 -0.164329  0.125462 -0.217532  0.204992  0.312625
-0.000000  0.000000  0.499152  0.000000 -0.140645  0.299692  0.207128 -0.202550 -0.056612  0.095955 -0.016808  0.046029  0.165265  0.335792 -0.127418 -0.183958 -0.593603
 0.499152
