15 41
 0.000000 -0.000000 -0.000000  0.000000  0.000000  0.000000  0.000000 -0.000000  0.000000 -0.000000 -0.000000  0.000000 -0.000000 -0.670915  0.000000 -0.079537  0.072777 -0.269870 -0.286944  0.140213  0.291578 -0.094674 -0.085044 -0.049612 -0.046799 -0.048244 -0.052261 -0.041127 -0.337739 -0.021312  0.068049 -0.105954  0.024656 -0.031663 -0.050690  0.003994 -0.062791 -0.063134  0.101863 -0.253320  0.183737
-0.000000 -0.000000 -0.000000 -0.670915 -0.000000  0.000000  0.000000  0.000000 -0.000000 -0.000000  0.000000 -0.000000 -0.000000 -0.000000 -0.000000  0.134562  0.097231 -0.279519 -0.149836 -0.101264 -0.036680  0.066934  0.138189  0.139081 -0.136764  0.108002  0.302420  0.025290  0.282810 -0.085579  0.258073  0.057783 -0.084111  0.022614  0.116990  0.153448 -0.098439 -0.074445  0.118438 -0.105828 -0.047123
-0.000000  0.000000 -0.000000  0.000000 -0.000000  0.000000 -0.000000 -0.000000 -0.000000 -0.524344 -0.146571 -0.000000 -0.000000 -0.000000 -0.000000 -0.404967  0.125192  0.000805 -0.216458  0.069068 -0.162562 -0.205121  0.174760 -0.109221 -0.338158  0.132143  0.066869  0.213322  0.122624  0.210063 -0.124454  0.007567  0.073468  0.084401 -0.112247 -0.026018  0.219098 -0.012176  0.048550  0.132169  0.105062
 0.000000  0.000000  0.000000  0.000000 -0.670915  0.000000  0.000000 -0.000000 -0.000000  0.000000  0.000000 -0.000000 -0.000000  0.000000  0.000000  0.029578  0.067546  0.024097 -0.243626 -0.429192  0.035350 -0.064593 -0.088333  0.036538  0.025282  0.118851 -0.063722 -0.026470 -0.201130  0.052587  0.034039  0.067233 -0.045229 -0.015264  0.168431 -0.106785  0.026540 -0.286847 -0.097475  0.277303 -0.076666
 0.000000  0.000000  0.670915 -0.000000  0.000000 -0.000000  0.000000 -0.000000  0.000000  0.000000 -0.000000  0.000000  0.000000 -0.000000  0.000000  0.220069 -0.037883 -0.006308  0.102632 -0.041850 -0.054988 -0.000300  0.094430 -0.299595 -0.015744 -0.042363  0.086831 -0.180102 -0.099819  0.415540  0.135195 -0.026919 -0.108927  0.083119 -0.212749  0.203513 -0.042366 -0.108254  0.051951  0.085880  0.115263
 0.146571  0.000000  0.000000 -0.000000 -0.524344 -0.000000  0.000000  0.000000 -0.000000 -0.000000  0.000000 -0.000000  0.000000  0.000000 -0.000000 -0.001526  0.143533  0.239197  0.082901  0.229649  0.152011  0.034342 -0.091079  0.017412  0.012062  0.038645  0.191671 -0.096916  0.195923 -0.148124  0.172075  0.082403  0.150434 -0.065923 -0.480528  0.094731  0.145571  0.243077 -0.013514 -0.190550  0.071709
-0.000000 -0.000000  0.000000 -0.146571  0.000000  0.000000  0.000000  0.000000  0.000000  0.000000  0.000000 -0.000000  0.000000 -0.524344 -0.000000  0.137948  0.001475  0.106193  0.331373 -0.118213 -0.224436 -0.242556 -0.172081 -0.034809  0.156523  0.032689 -0.166605  0.125233  0.284381 -0.057232 -0.086373  0.075060 -0.166318  0.163608  0.071194  0.139248  0.365005 -0.008053 -0.160436  0.063203  0.035971
-0.146571 -0.000000  0.524344  0.000000  0.000000  0.000000 -0.000000 -0.000000  0.000000 -0.000000  0.000000 -0.000000  0.000000 -0.000000 -0.000000 -0.010214 -0.007222  0.070971 -0.145060  0.350997  0.044460  0.189291 -0.199793  0.114992 -0.171733  0.174451 -0.162828  0.193275  0.048592 -0.333437 -0.147632  0.152256  0.107038 -0.201109  0.179773  0.133783  0.068635 -0.186130 -0.110087  0.040345 -0.160204
-0.000000 -0.000000  0.000000 -0.000000  0.000000  0.000000 -0.000000 -0.000000  0.000000 -0.000000  0.000000 -0.524344  0.146571 -0.000000 -0.000000 -0.119640  0.189293 -0.148222  0.070363 -0.134399 -0.003710  0.185966 -0.267775 -0.191811 -0.168667 -0.253649  0.002195  0.207534  0.037465  0.208579  0.078190  0.238595 -0.107112 -0.147279  0.016093 -0.085226 -0.103674  0.150891 -0.332973 -0.164396 -0.097195
-0.000000 -0.000000 -0.000000  0.000000 -0.000000  0.000000  0.000000 -0.615593  0.000000 -0.000000  0.000000  0.000000 -0.055322  0.000000  0.000000 -0.027404 -0.167235  0.200389 -0.029361 -0.119875  0.305433  0.142043  0.125776 -0.087637 -0.075270  0.087853 -0.041188  0.027427  0.025814  0.032015 -0.173645  0.342018 -0.232730  0.255231  0.032546 -0.049441  0.062599 -0.023979  0.174989 -0.269442 -0.041678
-0.000000  0.000000 -0.000000  0.146571 -0.000000  0.000000 -0.000000 -0.000000  0.000000 -0.000000 -0.000000  0.000000 -0.000000 -0.524344  0.000000 -0.036179 -0.094595  0.239115  0.035781 -0.061193 -0.148647  0.363695  0.280897  0.098289 -0.096642  0.029041  0.233475 -0.072610  0.147766  0.084501 -0.000698  0.060511  0.134770 -0.123094 -0.006334 -0.144359 -0.284662  0.088835  0.030100  0.260927 -0.271068
-0.000000  0.000000  0.000000 -0.000000  0.000000 -0.524344  0.000000  0.000000 -0.000000 -0.000000  0.146571 -0.000000  0.000000 -0.000000  0.000000  0.140568  0.027533 -0.312778  0.136142 -0.051392  0.141545  0.141917 -0.046457 -0.240517 -0.165792  0.012491  0.111777 -0.175795  0.043074 -0.087560 -0.185170 -0.064861  0.058414 -0.162697  0.018213 -0.256164  0.405358  0.078352  0.208300  0.163316 -0.092023
 0.000000 -0.000000  0.000000 -0.000000  0.000000 -0.524344 -0.000000 -0.000000 -0.000000 -0.000000 -0.146571  0.000000  0.000000 -0.000000  0.000000  0.099343 -0.100105  0.112430  0.053095  0.059977 -0.225650 -0.075404 -0.263138  0.337523 -0.096898  0.237292  0.051888  0.275768 -0.287699  0.163003  0.128193 -0.049938 -0.161407  0.138059 -0.157693 -0.058740 -0.132410  0.074059  0.111812 -0.132660 -0.160042
 0.000000  0.000000 -0.000000  0.000000 -0.000000  0.000000  0.000000 -0.000000 -0.615593  0.000000  0.000000 -0.000000  0.055322 -0.000000 -0.000000 -0.109885 -0.023494  0.054360  0.004096 -0.059924 -0.246498  0.198840 -0.094473 -0.212583  0.096257  0.068375 -0.079894 -0.027924 -0.061043  0.004171  0.278897  0.018512  0.412125  0.196599  0.180929 -0.025092  0.140325 -0.063573  0.162302 -0.218627 -0.040887
 0.000000 -0.000000  0.000000 -0.000000  0.000000  0.000000 -0.000000  0.000000  0.000000 -0.524344  0.146571 -0.000000 -0.000000 -0.000000 -0.000000  0.080269 -0.186286  0.101498 -0.032459  0.082102  0.151247  0.289511 -0.312518  0.098219  0.254172 -0.263759  0.372307  0.064162  0.018725 -0.010273  0.009799 -0.195750 -0.097970  0.182344  0.133265 -0.040185  0.034598 -0.143229 -0.075129  0.065128  0.144015
-0.000000  0.000000  0.000000  0.000000  0.000000 -0.000000 -0.000000  0.000000  0.000000  0.670915 -0.000000 -0.000000 -0.000000  0.000000 -0.000000 -0.253763 -0.047748  0.079954 -0.194538  0.118145 -0.008843  0.065954 -0.107663 -0.008598 -0.065638 -0.102863  0.343232  0.216864  0.110469  0.156143 -0.089607 -0.147072 -0.019149  0.208470  0.016426 -0.051740  0.198273 -0.121454 -0.020772  0.154195  0.194663
 0.670915 -0.000000  0.000000 -0.000000 -0.000000  0.000000 -0.000000  0.000000 -0.000000  0.000000  0.000000  0.000000  0.000000 -0.000000  0.000000 -0.116163 -0.025990 -0.245619  0.242444 -0.049055  0.153113  0.139808 -0.071922  0.187712  0.092303  0.105249 -0.076680  0.181044 -0.001417  0.179068 -0.186686  0.131839  0.232492 -0.031316  0.013199  0.257395 -0.091172 -0.118806  0.139478  0.131083  0.087826
-0.000000  0.000000 -0.000000 -0.000000 -0.000000  0.000000  0.000000 -0.000000  0.000000 -0.000000  0.000000  0.524344  0.146571  0.000000 -0.000000  0.172137  0.435113  0.090104  0.110373  0.103196  0.196483 -0.029295  0.117805 -0.150675  0.088002 -0.199696  0.031233  0.457512 -0.049398  0.147382  0.131424  0.089130  0.022325 -0.057164  0.133111 -0.150082 -0.012419 -0.000269  0.025009  0.004294 -0.159779
 0.000000  0.000000 -0.000000  0.000000 -0.000000 -0.670915 -0.000000 -0.000000 -0.000000 -0.000000  0.000000  0.000000  0.000000 -0.000000  0.000000 -0.187499  0.056717  0.156579 -0.147895 -0.006710  0.065731 -0.051983  0.241959 -0.075814  0.205302 -0.195215 -0.127910 -0.078133  0.191184 -0.058962  0.044529  0.089719  0.080492  0.019255  0.109009  0.246109 -0.213319 -0.119115 -0.250179 -0.023959  0.196998
 0.000000 -0.000000 -0.000000  0.000000  0.000000  0.000000  0.670915 -0.000000 -0.000000  0.000000 -0.000000  0.000000 -0.000000 -0.000000  0.000000 -0.151048  0.163970  0.111950  0.081148 -0.105431 -0.006429  0.001770 -0.016634 -0.206772  0.085385  0.234151  0.280309 -0.004701 -0.196406 -0.093379 -0.186681 -0.170619 -0.098500 -0.089694  0.175362  0.292341 -0.046437  0.154885 -0.021831 -0.087433 -0.081641
 0.000000  0.000000  0.000000  0.000000 -0.000000  0.000000  0.000000  0.000000 -0.000000 -0.000000  0.000000  0.000000  0.670915 -0.000000 -0.000000  0.026691 -0.342140 -0.074898 -0.293996 -0.042434  0.118494  0.035286  0.043142 -0.113676  0.220731  0.156075 -0.134364  0.172355  0.098716  0.010041  0.085814 -0.093680 -0.071122 -0.042493 -0.094542  0.133932  0.067496  0.300002  0.041201  0.155045 -0.085598
-0.000000 -0.000000  0.000000 -0.083112  0.000000  0.000000 -0.000000 -0.000000 -0.557246 -0.000000 -0.000000 -0.000000 -0.030557 -0.000000  0.000000  0.017251 -0.027823 -0.142018 -0.033229  0.051890  0.034147 -0.150467  0.058248 -0.058968  0.215837  0.016434  0.115465  0.090920  0.092445 -0.055860 -0.373253 -0.028212 -0.193553 -0.121792 -0.404990 -0.149437 -0.192983 -0.259456 -0.152552 -0.013872 -0.197530
-0.000000 -0.000000 -0.000000  0.000000  0.000000 -0.000000  0.000000 -0.000000  0.000000  0.000000  0.000000 -0.000000  0.146571 -0.000000 -0.524344 -0.158504 -0.057443 -0.205426  0.155910  0.262986  0.033062 -0.131664  0.138184  0.071880  0.077576  0.034013  0.220297 -0.189444 -0.262035 -0.060623  0.122793  0.337536 -0.008428  0.261363  0.069883 -0.019523  0.104901  0.008477 -0.253652  0.151004 -0.178864
 0.047767  0.578657  0.000000  0.000000 -0.000000 -0.000000  0.000000  0.000000 -0.000000 -0.000000  0.000000 -0.000000 -0.044491 -0.000000  0.000000 -0.028247 -0.163783 -0.011430  0.081422 -0.172249 -0.151277  0.172730  0.297425  0.010335 -0.060590 -0.192320  0.032376  0.278910 -0.292336 -0.292118  0.119706  0.013716 -0.091020 -0.159830 -0.182786  0.094468  0.214201 -0.091837 -0.051589 -0.024741  0.130351
 0.000000 -0.000000 -0.000000 -0.146571 -0.000000 -0.000000  0.524344  0.000000 -0.000000 -0.000000  0.000000 -0.000000  0.000000  0.000000  0.000000  0.197108 -0.128904 -0.005951 -0.144345  0.014814 -0.076056 -0.119788 -0.141041 -0.008013 -0.143663 -0.402036 -0.143658  0.047684 -0.003639 -0.133805 -0.065912  0.285184  0.234697  0.230141 -0.191277 -0.109194 -0.155140  0.068030  0.169163  0.247957  0.052955
 0.146571 -0.000000  0.000000 -0.000000  0.524344  0.000000 -0.000000 -0.000000 -0.000000 -0.000000  0.000000 -0.000000  0.000000 -0.000000  0.000000  0.036320  0.229961  0.270030 -0.228827 -0.319516  0.197243 -0.048308 -0.204104  0.064164  0.044411  0.190719  0.110137 -0.130785 -0.061429 -0.080837  0.215628  0.168430  0.092562 -0.085453 -0.265015 -0.041904  0.179530 -0.123953 -0.138236  0.164268 -0.026387
 0.000000 -0.000000 -0.000000  0.000000  0.000000 -0.000000  0.000000  0.000000 -0.000000 -0.000000  0.670915  0.000000  0.000000 -0.000000 -0.000000 -0.004609 -0.148773  0.102219 -0.142680  0.049967 -0.199754 -0.277641  0.003422  0.105176  0.093201 -0.026227  0.152832  0.029837 -0.048667  0.230422 -0.048851  0.289569  0.053549 -0.356303  0.098023  0.020267  0.083722  0.027339  0.124968 -0.160758  0.044482
-0.000000  0.000000 -0.000000 -0.000000  0.000000 -0.000000 -0.000000 -0.000000 -0.000000  0.000000 -0.000000  0.000000 -0.146571  0.000000 -0.524344  0.268342  0.091520 -0.010462 -0.140160 -0.028398 -0.141148  0.207625  0.008426 -0.128144  0.117834  0.315478 -0.057962  0.176831  0.051714 -0.007997 -0.118076  0.042406  0.014214 -0.062857  0.002202 -0.219958 -0.136622  0.176697 -0.065088 -0.006332  0.499891
-0.000000 -0.000000 -0.000000 -0.000000 -0.000000  0.000000  0.000000 -0.000000 -0.000000 -0.000000 -0.000000  0.670915 -0.000000  0.000000  0.000000 -0.228035 -0.192117 -0.186260 -0.031269 -0.185689 -0.156458  0.168235 -0.301345 -0.032149 -0.200596 -0.042167 -0.022694 -0.195367  0.067886  0.047828 -0.041605  0.116812 -0.101159 -0.070428 -0.091454  0.050688 -0.071319  0.118137 -0.279776 -0.131838  0.048912
-0.047767 -0.578657  0.000000 -0.000000  0.000000 -0.000000  0.000000  0.000000 -0.000000 -0.000000 -0.000000  0.000000 -0.044491 -0.000000  0.000000 -0.225103  0.159048 -0.056845 -0.012847 -0.005888 -0.229062  0.274290  0.075778  0.060853  0.207538 -0.162684 -0.100158  0.050013 -0.156359 -0.165502  0.097364  0.143914 -0.334529 -0.114534 -0.171064  0.086142  0.134565 -0.027897  0.275106  0.134892  0.075961
 0.000000 -0.000000 -0.000000  0.000000 -0.000000 -0.000000  0.000000 -0.000000  0.000000 -0.000000  0.670915  0.000000  0.000000  0.000000  0.000000 -0.062135  0.226813 -0.043261  0.027939 -0.034357  0.025707  0.159411  0.084783  0.029138 -0.186982  0.129335 -0.237094  0.081258 -0.020342 -0.087167  0.024156 -0.246055 -0.037270  0.422961 -0.197120  0.059480 -0.105725  0.028534 -0.150805  0.075988 -0.098969
 0.000000 -0.000000  0.000000  0.000000 -0.000000 -0.000000  0.000000  0.000000  0.000000  0.000000  0.000000 -0.000000 -0.000000 -0.000000 -0.670915 -0.085842 -0.026633  0.168724 -0.012310 -0.183339  0.084473 -0.059366 -0.114581  0.043972 -0.152720 -0.273140 -0.126870  0.009857  0.164373  0.053629 -0.003687 -0.296938 -0.004522 -0.155139 -0.056337  0.187163  0.024791 -0.144721  0.249107 -0.113067 -0.250895
 0.000000  0.000000 -0.000000 -0.146571 -0.000000 -0.000000 -0.524344 -0.000000  0.000000  0.000000 -0.000000  0.000000  0.000000 -0.000000 -0.000000  0.003838  0.080900  0.137293 -0.040514 -0.120089 -0.084282 -0.117523 -0.162325 -0.272584 -0.034410 -0.102432  0.215006  0.041669 -0.254948 -0.253287 -0.304776  0.066872  0.108663  0.115375  0.033104  0.264866 -0.214557  0.266210  0.141230  0.136084 -0.051507
 0.096186 -0.574729  0.000000  0.000000 -0.000000  0.000000  0.000000 -0.000000  0.000000  0.000000  0.000000  0.000000 -0.000000  0.000000  0.000000  0.198202 -0.325037  0.045726  0.094913 -0.167498  0.078317 -0.102254  0.223161 -0.050864 -0.269961 -0.029838  0.133439  0.230462 -0.136906 -0.127481  0.022495 -0.131088  0.245173 -0.045605 -0.011803  0.008383  0.080180 -0.064377 -0.328927 -0.160723  0.054762
-0.000000 -0.000000  0.000000  0.000000  0.000000  0.000000  0.000000 -0.557246  0.000000 -0.000000  0.083112  0.000000  0.030557 -0.000000 -0.000000 -0.179686 -0.060509 -0.062501  0.243868  0.089916 -0.066702 -0.229031 -0.186885 -0.166935 -0.041454  0.082622  0.040717  0.066148  0.064224 -0.180669  0.353518 -0.172113  0.020180 -0.231189  0.010407 -0.107994 -0.257269 -0.100499  0.031606  0.289111  0.148618
-0.000000  0.000000  0.000000 -0.000000  0.000000 -0.000000 -0.000000 -0.000000  0.000000  0.000000 -0.000000  0.000000 -0.670915 -0.000000 -0.000000 -0.049242 -0.218874 -0.145048 -0.189936  0.034179  0.150607 -0.026713 -0.015265 -0.166109  0.207342  0.016501 -0.066916  0.208465  0.045788  0.102958  0.229919 -0.011015  0.019248 -0.005917 -0.003993  0.117570  0.082089  0.298841 -0.083779  0.153883 -0.303598
 0.000000  0.000000  0.000000 -0.000000 -0.000000  0.000000 -0.000000 -0.557246  0.000000  0.000000 -0.083112 -0.000000  0.030557  0.000000 -0.000000  0.209959  0.245255 -0.158870 -0.211432  0.042511 -0.270711  0.072115  0.047940  0.263748  0.124605 -0.179674  0.004783 -0.096446 -0.092741  0.145302 -0.161691 -0.205717  0.236918 -0.050766 -0.046361  0.162612  0.188116  0.126989 -0.224918  0.008544 -0.102576
-0.670915 -0.000000 -0.000000 -0.000000  0.000000  0.000000 -0.000000  0.000000  0.000000 -0.000000  0.000000 -0.000000 -0.000000  0.000000 -0.000000 -0.123184 -0.000233 -0.153828  0.265575 -0.246208  0.242124  0.032244 -0.027736  0.228147  0.126283  0.084589  0.064692  0.146533  0.005327  0.131289 -0.070458  0.099574  0.321744 -0.009513 -0.171279  0.155388 -0.021130  0.005022  0.069488  0.049300  0.147228
-0.000000  0.000000 -0.000000 -0.083112 -0.000000  0.000000  0.000000 -0.000000  0.557246  0.000000  0.000000 -0.000000  0.030557  0.000000  0.000000 -0.104140 -0.053776 -0.081966 -0.028704 -0.014308 -0.238161  0.069193 -0.046117 -0.293810  0.322173  0.091968  0.027206  0.060073  0.025010 -0.051253 -0.065154 -0.007762  0.261725  0.095392 -0.205117 -0.177156 -0.037965 -0.329686  0.026743 -0.255391 -0.242699
-0.146571 -0.000000 -0.524344 -0.000000 -0.000000 -0.000000  0.000000 -0.000000 -0.000000 -0.000000  0.000000 -0.000000  0.000000  0.000000 -0.000000  0.271371 -0.055694  0.062899 -0.013739  0.297449 -0.025899  0.188907 -0.078967 -0.268350 -0.191878  0.120246 -0.051725 -0.037171 -0.079130  0.198259  0.025355  0.117812 -0.032337 -0.094756 -0.092447  0.394184  0.014426 -0.324644 -0.043613  0.150231 -0.012721
-0.000000  0.000000  0.000000 -0.670915 -0.000000 -0.000000 -0.000000 -0.000000  0.000000  0.000000 -0.000000 -0.000000 -0.000000 -0.000000  0.000000 -0.205738 -0.097623  0.307611  0.133317  0.132064  0.113538  0.127422  0.025542 -0.005002  0.053711 -0.012020 -0.248278 -0.106737 -0.270714  0.214377 -0.104065 -0.133417  0.066431 -0.157460 -0.023793 -0.208957  0.065884  0.095574 -0.129038  0.098480  0.034264
 0.670915
