6 39
 0.000000 -0.101015 -0.000000 -0.000000 -0.000000 -0.303046 -0.034827 -0.216026 -0.056078  0.046998  0.074638 -0.176471  0.024105  0.077342 -0.004230  0.018201 -0.044856 -0.125556  0.031097 -0.118445  0.089826  0.163930  0.125368  0.075326 -0.357951 -0.047964  0.308585 -0.115593 -0.303701 -0.389319 -0.216507 -0.050138  0.104355  0.245892 -0.064852  0.045546  0.246967  0.175659 -0.101516
-0.000000 -0.404061 -0.000000 -0.000000 -0.000000 -0.000000  0.002148  0.171231  0.204959  0.008067 -0.309274 -0.099523  0.092925 -0.032983  0.144834 -0.150433 -0.095715 -0.062441  0.130140  0.134429  0.113620 -0.038511 -0.003780  0.284949  0.157705  0.232203 -0.048702 -0.247122  0.036428 -0.182890  0.042704  0.020900  0.188822  0.035912  0.388652 -0.282305 -0.054604  0.046223 -0.103469
-0.000000  0.404061  0.000000 -0.000000 -0.000000  0.000000 -0.280124  0.066871 -0.216870 -0.015393  0.057116 -0.222625 -0.117424 -0.310083  0.036717 -0.093911 -0.114571  0.060179  0.141841 -0.092766  0.287037 -0.326299  0.064179 -0.112034  0.070216  0.197652 -0.084511  0.022804  0.176460 -0.172269 -0.260952  0.072448  0.139603 -0.049585  0.054916  0.041899 -0.013398  0.042101 -0.260958
 0.000000  0.000000 -0.404061 -0.000000  0.000000  0.000000 -0.172901  0.011419 -0.047942  0.195172 -0.061898  0.195096  0.025259 -0.134829 -0.144788 -0.029868  0.181960 -0.050347 -0.240981 -0.040833  0.100422  0.400332  0.133389 -0.070936  0.109022 -0.195165 -0.318467 -0.165800  0.066293 -0.314716  0.000843  0.049768 -0.096191  0.024427  0.114347  0.123601 -0.057521 -0.203969 -0.165153
-0.000000  0.000000 -0.000000 -0.000000  0.000000 -0.404061  0.110212 -0.095896 -0.183535  0.265782  0.076517 -0.040466  0.018116  0.268399 -0.041454 -0.122125 -0.232183  0.296847  0.068643 -0.104971  0.014345  0.066788 -0.243531 -0.040568 -0.027143 -0.031974 -0.187559 -0.060012  0.297905  0.093040 -0.080803  0.079028 -0.125513  0.297670 -0.023233 -0.305394 -0.200678 -0.042151 -0.016294
-0.000000 -0.000000  0.404061  0.000000  0.000000 -0.000000 -0.009197 -0.119783 -0.366255 -0.133184  0.012458 -0.127791  0.060333 -0.259441  0.138492  0.126732  0.281198  0.027744 -0.035529 -0.134437 -0.117772  0.152668  0.130745  0.026116  0.300742  0.054615  0.012639 -0.016166 -0.043371 -0.233085  0.230906 -0.047162 -0.025570  0.237086 -0.070683 -0.184126 -0.248243 -0.018408  0.174032
-0.404061 -0.000000 -0.000000  0.000000  0.000000 -0.000000  0.028774 -0.158976 -0.045529  0.089682 -0.028437 -0.007858 -0.279555  0.079274  0.305112  0.199070  0.042717  0.088454 -0.121210  0.177044 -0.060231  0.192394  0.068598 -0.191237  0.155091  0.220255 -0.093929 -0.091580 -0.132029  0.247658 -0.220830 -0.295883 -0.076384  0.015394  0.168246  0.036078  0.016640  0.236797 -0.219091
-0.000000 -0.000000 -0.000000 -0.000000 -0.404061 -0.000000  0.102318  0.203930 -0.277910  0.070010  0.219078  0.081721 -0.118545  0.115079  0.088771  0.355786 -0.163148 -0.156711 -0.038797 -0.043805  0.045746 -0.152916 -0.235263  0.122443  0.244837 -0.369366  0.084374 -0.085362  0.020407 -0.119625  0.098492 -0.057071  0.079681 -0.052979  0.222567  0.005861  0.183447  0.022238 -0.065982
-0.404061  0.000000 -0.000000  0.000000 -0.000000  0.000000  0.102329  0.186779 -0.176146 -0.018253 -0.005981 -0.134819  0.069674  0.026847  0.151981 -0.079754 -0.118236  0.224159 -0.099986 -0.012770 -0.016322  0.266530 -0.002631  0.037742 -0.037434  0.216432  0.263114 -0.093343  0.191172 -0.081491  0.150976  0.199473  0.050117 -0.274453 -0.180341  0.057715  0.297608 -0.354153 -0.002434
 0.101015  0.000000 -0.000000 -0.000000 -0.303046  0.000000  0.329539  0.107673 -0.079964  0.047319 -0.115313  0.042088 -0.282873 -0.141514  0.112299 -0.351111 -0.010582 -0.080317  0.008709  0.045670 -0.155403 -0.114302  0.254669 -0.189793 -0.100455  0.064060 -0.103627  0.040291 -0.039134  0.079870  0.190365  0.161607 -0.050198  0.420425  0.077446  0.145280  0.241878 -0.081705 -0.054141
 0.000000  0.000000 -0.101015 -0.303046  0.000000 -0.000000 -0.069362 -0.072917  0.143888 -0.282391  0.204289  0.221915  0.142320 -0.194761  0.088369 -0.147051 -0.008909  0.212792  0.024150 -0.294389 -0.280963  0.036448 -0.271131  0.023473  0.007783  0.108590  0.037030 -0.015416  0.192922 -0.071928 -0.056749 -0.305186  0.047930  0.174900  0.258172  0.170715  0.189858  0.015580  0.068242
 0.000000  0.404061 -0.000000  0.000000  0.000000 -0.000000  0.074310  0.030716  0.134054 -0.284455 -0.003464  0.153736  0.186882  0.328591  0.221765  0.126455  0.148781  0.046572 -0.123270 -0.094578 -0.133324 -0.133005  0.142246 -0.179873 -0.199743 -0.006039 -0.006395 -0.256905 -0.097255 -0.113955  0.023174  0.290132 -0.009138 -0.027868  0.241113 -0.257893 -0.093298 -0.035281 -0.120763
 0.000000 -0.000000 -0.000000 -0.000000  0.404061 -0.000000  0.056909  0.057628 -0.367501 -0.035316  0.034302  0.361351  0.006420  0.027514  0.221448 -0.246973 -0.122683 -0.153905  0.025971  0.109895 -0.079326  0.057340  0.057582  0.200897  0.079867 -0.139048  0.194776  0.283638 -0.121108  0.047921 -0.293619  0.145049  0.026862  0.010800  0.199011  0.035837 -0.144021 -0.116777 -0.046010
-0.000000 -0.000000 -0.000000  0.404061  0.000000 -0.000000  0.061913  0.164241  0.158736 -0.011442  0.374498  0.018325  0.084235  0.128452 -0.202383  0.168059 -0.113447  0.243618  0.279530  0.079899 -0.198876  0.077351  0.182970  0.051146  0.228294  0.223641 -0.187739  0.162222 -0.211366 -0.179374 -0.079691  0.059393  0.086916  0.123107  0.053369  0.140540  0.029319 -0.109457 -0.016492
-0.101015 -0.000000 -0.000000  0.000000 -0.303046 -0.000000 -0.339333 -0.140876  0.184029  0.305979 -0.204823  0.093280 -0.093740  0.162336  0.079517  0.003570  0.182183  0.013656  0.044055 -0.050588 -0.381760 -0.152118  0.043647  0.161262  0.147796  0.037658  0.296474  0.191001  0.204231 -0.149506 -0.124085  0.204979 -0.077346  0.034408 -0.093766  0.082297 -0.107529  0.006116 -0.072333
 0.000000 -0.000000  0.000000  0.404061  0.000000 -0.000000  0.248915 -0.193830 -0.123369  0.009644 -0.079222  0.189230  0.009630 -0.319618 -0.253874  0.157984  0.281614  0.052333  0.134869  0.031932  0.010465 -0.096883 -0.113844  0.152309 -0.109464  0.082266  0.205280 -0.326971  0.161009  0.151815 -0.216799  0.088460 -0.179952 -0.013476  0.150483 -0.003044  0.104973 -0.057383 -0.010519
-0.000000 -0.000000 -0.000000 -0.404061 -0.000000 -0.000000  0.224616  0.231058 -0.146067 -0.027257 -0.051970 -0.110117  0.041980  0.128371 -0.167515  0.029860  0.154054 -0.037634  0.312026  0.089136 -0.105522 -0.064184 -0.118077  0.062782 -0.074460  0.121203  0.030618 -0.119451 -0.126494 -0.134445  0.010120 -0.155614 -0.315919 -0.053717 -0.084060  0.252653 -0.291338 -0.105472 -0.348964
 0.000000 -0.000000 -0.000000  0.404061 -0.000000 -0.000000 -0.068288  0.073322 -0.111808 -0.208566 -0.090573 -0.153116  0.126775  0.053763 -0.127569 -0.107605  0.086294 -0.164468 -0.258737  0.029344 -0.170810  0.108597 -0.371482 -0.052444 -0.108100  0.064051  0.018268  0.288114  0.087985  0.014234  0.195270 -0.057880  0.098409  0.089063  0.036109  0.000258 -0.029153  0.157787 -0.463668
 0.404061  0.000000  0.000000  0.000000  0.000000  0.000000  0.027131 -0.160749 -0.163517  0.070775 -0.026937 -0.238786 -0.089762  0.159282 -0.211809 -0.042436 -0.165956  0.043290 -0.282672  0.098596 -0.276985 -0.018343  0.186212 -0.149495  0.043110  0.116201  0.207391 -0.177726  0.097851  0.006942 -0.063314 -0.219044  0.216101 -0.196133  0.255684  0.118828 -0.146664 -0.199086  0.100379
-0.000000  0.000000  0.000000 -0.000000  0.404061 -0.000000  0.102096  0.175338  0.171361  0.206960  0.096273 -0.111529 -0.311178 -0.069463 -0.010605  0.113821  0.062855 -0.219647  0.300410 -0.241593 -0.168205  0.199146 -0.063680 -0.324325  0.019447 -0.080737  0.173347 -0.046834  0.211697 -0.046493  0.153893  0.168639  0.104770 -0.053293  0.148911 -0.011654 -0.034768  0.182039  0.014929
-0.000000 -0.000000  0.000000  0.000000  0.000000  0.404061 -0.112223 -0.140019 -0.068836  0.187547  0.269531 -0.115618  0.252016  0.174957  0.009325 -0.276620  0.164241 -0.268291  0.208087  0.097293 -0.048272 -0.014562 -0.049269 -0.200246  0.146903 -0.022089  0.027194 -0.132532  0.002426  0.054691 -0.105996 -0.140521 -0.068484  0.078678 -0.066705 -0.315538  0.284753 -0.187527 -0.074809
 0.404061  0.000000 -0.000000  0.000000  0.000000 -0.000000 -0.020818 -0.207581  0.118599 -0.116036  0.102200  0.339243 -0.289418  0.065059  0.159044  0.051871 -0.045907  0.028564  0.080435 -0.018796  0.225754  0.159477 -0.070357  0.050004  0.156152  0.213595  0.165367 -0.120555  0.000815  0.057295  0.188310 -0.008366  0.141356  0.021341 -0.312981 -0.057714 -0.024397 -0.162058 -0.362341
 0.000000 -0.404061 -0.000000 -0.000000  0.000000 -0.000000 -0.255455 -0.124893 -0.308419 -0.188768  0.198101  0.073823 -0.075260  0.152937 -0.098824 -0.193312  0.017772  0.088556  0.059942 -0.158533 -0.101649 -0.111740  0.112156 -0.033253  0.028387  0.041315 -0.161898 -0.224493 -0.047714  0.080473  0.135042  0.312407 -0.118471 -0.260885  0.004260  0.123611  0.060751  0.350264 -0.058096
 0.000000 -0.101015  0.000000  0.000000 -0.000000  0.303046  0.130402 -0.494014  0.017031 -0.160706 -0.122229 -0.192725  0.103363 -0.003458  0.148307  0.233230 -0.333599 -0.012105  0.223930 -0.026257  0.021912  0.083837  0.124026  0.013387 -0.110773 -0.180885 -0.125838  0.196451  0.237353 -0.082936  0.069281  0.105960 -0.173822 -0.003959  0.144948  0.129126 -0.015915 -0.106597 -0.167598
 0.000000 -0.000000 -0.404061 -0.000000 -0.000000  0.000000  0.430275 -0.043603  0.004765  0.060140 -0.011290  0.022823  0.306079 -0.142446  0.003265 -0.041988 -0.148260 -0.004482 -0.125587 -0.188691 -0.081402 -0.140377  0.211783 -0.056658  0.327058  0.037790  0.166101  0.031664  0.017039 -0.046995 -0.017991 -0.046552 -0.008256 -0.087595 -0.272297 -0.135120 -0.064768  0.346534 -0.124449
 0.000000  0.000000 -0.000000  0.404061 -0.000000 -0.000000 -0.077220  0.150756  0.074880 -0.219805 -0.231316 -0.090101 -0.026040  0.079286  0.275268 -0.217289 -0.109422  0.065857  0.165676 -0.121440 -0.042794 -0.006971 -0.052293 -0.124233  0.137024 -0.357756  0.039711 -0.343244 -0.019187 -0.019131 -0.141201 -0.213592 -0.070564  0.044006 -0.221570  0.254166 -0.145156 -0.054858  0.082772
-0.000000 -0.404061 -0.000000 -0.000000 -0.000000 -0.000000  0.023376  0.226863  0.102704 -0.259145  0.251485 -0.034599 -0.106963  0.069997  0.002927  0.071473  0.201608  0.107705 -0.190198  0.092532  0.251729 -0.128994  0.233597 -0.215608 -0.036081 -0.088859  0.226126  0.177136  0.342238 -0.083571 -0.204005 -0.068915 -0.191389  0.133526  0.009819 -0.095052 -0.079223 -0.083326 -0.063848
-0.000000  0.000000  0.404061 -0.000000 -0.000000 -0.000000  0.095151 -0.107961  0.120194  0.274084 -0.018861  0.174647  0.320968  0.037634 -0.021064 -0.165335  0.011459  0.198999 -0.071851  0.093461  0.334994 -0.024818 -0.117873 -0.321379  0.159739 -0.044260  0.180891  0.015852 -0.066229 -0.109528  0.129491  0.085520 -0.017551 -0.024874  0.192632  0.343446 -0.019417  0.134142 -0.066827
-0.000000  0.404061 -0.000000  0.000000 -0.000000  0.000000 -0.000223 -0.001896  0.072297 -0.168425  0.074762 -0.083710 -0.126890  0.189914 -0.173525 -0.241959 -0.005158 -0.007347  0.045071  0.219596  0.137921  0.242000  0.197897  0.350173  0.162357 -0.064166  0.152119 -0.040163  0.235160 -0.017829  0.174712 -0.084233 -0.268870  0.046490  0.126726  0.005916  0.091383  0.323605  0.089030
-0.000000 -0.000000 -0.000000 -0.000000  0.000000  0.404061 -0.056526  0.113001 -0.149193  0.072602 -0.010960  0.276368 -0.055881 -0.085907 -0.019497  0.064363 -0.228113  0.184653  0.005705  0.402811 -0.149146  0.033627 -0.078636 -0.112290 -0.301681  0.010242  0.022903 -0.144534  0.126753 -0.312066  0.009410 -0.034263  0.095173  0.121798 -0.200497 -0.105787 -0.111277  0.293976  0.098967
-0.000000 -0.000000  0.000000 -0.000000 -0.000000 -0.404061 -0.129266 -0.030224  0.052332  0.083287  0.229825 -0.002262  0.229125 -0.273423  0.205036  0.004906  0.074553  0.040123  0.172702  0.397394 -0.201697 -0.063306  0.230686  0.023113 -0.130646 -0.268666 -0.004997 -0.070551  0.138982  0.154281  0.239970 -0.119765  0.138577 -0.135146 -0.020847  0.003019 -0.025775 -0.021448 -0.213536
-0.000000 -0.000000 -0.000000 -0.000000 -0.000000  0.404061  0.025772  0.109389  0.031993  0.244698  0.195421 -0.191288 -0.008337 -0.033475  0.059352 -0.066234  0.122799  0.335521 -0.117071 -0.276822  0.061002  0.044486  0.116066  0.341535 -0.188395 -0.189102  0.083164 -0.087531 -0.098082  0.274908  0.041412  0.016974  0.195007  0.149435  0.065773  0.056264 -0.202767  0.041644 -0.204426
-0.000000 -0.000000  0.000000  0.000000  0.404061  0.000000  0.041951 -0.091894  0.131059  0.085271  0.207451 -0.173872 -0.033576  0.012025  0.171254  0.089774 -0.032867 -0.155547 -0.372638  0.174413 -0.080694 -0.322358 -0.167698  0.212469  0.112304  0.076418 -0.136450 -0.232603  0.081407 -0.113030  0.054389  0.168373 -0.135609  0.235045 -0.141712  0.262296  0.074290 -0.040609  0.018387
 0.000000 -0.000000 -0.101015  0.303046 -0.000000  0.000000  0.009699 -0.024158 -0.048787  0.254824  0.170480  0.122641 -0.061174  0.053889  0.276428 -0.108769  0.003111 -0.100506  0.011735 -0.201855  0.114361 -0.158587  0.044298  0.071479 -0.288502  0.253927 -0.022839  0.118488 -0.000325 -0.207914  0.279972 -0.347845 -0.286374 -0.220325  0.121571 -0.014973 -0.145237 -0.039834  0.146832
-0.404061 -0.000000 -0.000000  0.000000  0.000000 -0.000000  0.162128 -0.179029 -0.063197 -0.084373  0.012395  0.182908 -0.009112  0.258895 -0.174544 -0.059337  0.146514 -0.236049  0.095108 -0.050788  0.134706 -0.151402  0.133854  0.045872 -0.033337  0.021799 -0.120104 -0.061647  0.257437 -0.022007  0.074670 -0.133837  0.527468  0.113746 -0.087022  0.187535 -0.177284 -0.047686  0.070817
 0.000000  0.000000  0.000000 -0.000000 -0.404061 -0.000000  0.105985 -0.037956  0.134779 -0.078068  0.359051 -0.107297  0.062671 -0.160618  0.149464 -0.138509 -0.058248 -0.322394 -0.047034  0.090208  0.028901  0.286859 -0.162270 -0.012004 -0.068725  0.149711  0.002664 -0.083907  0.027767  0.060251 -0.233539  0.264192  0.012001 -0.095595 -0.004117  0.109935 -0.388708  0.059105  0.148144
-0.000000  0.000000 -0.404061  0.000000 -0.000000 -0.000000  0.150365 -0.253357 -0.045313 -0.087670  0.032152 -0.219187 -0.214062  0.031907  0.122517 -0.145371  0.335391  0.317353  0.120487  0.254589  0.071692 -0.095507 -0.293129 -0.056799  0.072603 -0.128026  0.053539  0.155863 -0.194816 -0.193413  0.089499  0.110156  0.161911 -0.083878  0.076035 -0.036059 -0.045720 -0.011831  0.159062
 0.404061 -0.000000 -0.000000  0.000000 -0.000000 -0.000000  0.119701  0.154967 -0.173956  0.096982 -0.119663 -0.047428  0.207471  0.216638  0.327118  0.139215  0.331049  0.028204  0.084986  0.009622  0.052794  0.156933  0.031211  0.079632 -0.052880  0.122090 -0.223652  0.089388  0.278755  0.022579 -0.198792  0.008006  0.136958 -0.067025 -0.084623  0.204468  0.220673  0.218058  0.106706
-0.000000 -0.000000 -0.404061 -0.000000  0.000000 -0.000000 -0.306869  0.082065 -0.181347 -0.019850 -0.059059 -0.038015  0.243738  0.058779  0.045234  0.242579 -0.074984 -0.063853  0.129730  0.058020  0.168161 -0.006064  0.017537 -0.134609  0.021977  0.205126  0.288810 -0.047810 -0.046265  0.282472  0.232240  0.088243 -0.040974  0.370614  0.108927  0.167963 -0.110805 -0.008936  0.183978
 0.404061
