6 19
-0.000000  0.000000  0.000000  0.000000  0.000000 -0.577161  0.101831  0.065950 -0.263038 -0.073067  0.003145 -0.123795  0.115230 -0.257363  0.156170 -0.019422  0.303267  0.231112 -0.559142
-0.000000  0.000000  0.000000 -0.577160 -0.000000 -0.000000 -0.198868  0.267012 -0.164886 -0.297013  0.013816  0.108887 -0.227473 -0.101765 -0.205933 -0.220571  0.091196  0.441015  0.269481
 0.000000  0.000000 -0.000000  0.000000  0.575289  0.001871 -0.256809  0.125284  0.226782 -0.001194  0.101040 -0.429977 -0.343231 -0.042759  0.254573 -0.076920 -0.338277  0.067308 -0.177621
 0.577001  0.000000  0.000160  0.000000  0.000000 -0.000000  0.296939  0.313676  0.135830 -0.104675 -0.326410 -0.180206  0.336709 -0.253733  0.141749 -0.208486 -0.159428 -0.038934  0.209366
-0.576764 -0.000000 -0.000396 -0.000000  0.000000 -0.000000 -0.065838  0.117595  0.255488  0.202917 -0.228279  0.086066  0.387139 -0.113518  0.379952  0.021763 -0.043188  0.365726  0.199977
-0.000000  0.498712  0.000000 -0.008550 -0.049453  0.020446  0.499348  0.094911  0.245753 -0.176998 -0.048255  0.012997 -0.182364  0.338343 -0.048529  0.299223 -0.109246  0.350465 -0.146255
 0.000000  0.555846  0.000000  0.021314 -0.000000 -0.000001 -0.352260  0.010574 -0.328976 -0.107676  0.171129 -0.083788  0.492851  0.189559 -0.079697 -0.143998 -0.316248 -0.026722 -0.060072
-0.043699  0.470277  0.018060 -0.008063  0.026221 -0.010841 -0.248901  0.090992  0.078433  0.305928 -0.504561 -0.170761 -0.181131 -0.240970 -0.298356  0.104128  0.308083 -0.190457  0.009699
-0.000000  0.000000 -0.000000 -0.577160  0.000000 -0.000000  0.128483 -0.421427 -0.000094  0.090192 -0.155832 -0.392831  0.117287  0.374524  0.240817 -0.119828  0.201169 -0.136469  0.023958
 0.000000 -0.000000 -0.000000 -0.000000  0.000000  0.577161  0.058608  0.041047 -0.329516 -0.104447  0.170001 -0.350718  0.096110 -0.294849  0.147231  0.461463  0.212800  0.118920  0.012210
 0.043699  0.470278 -0.018060 -0.008063  0.026221 -0.010841  0.135716 -0.204139  0.049789  0.009041  0.353466  0.256012 -0.208004 -0.341881  0.444017 -0.251245  0.181558 -0.149613  0.216402
 0.000000  0.000000 -0.000000  0.577160 -0.000000 -0.000000 -0.051561 -0.154980 -0.147399 -0.201066 -0.151161 -0.279467 -0.136524  0.262629  0.039144 -0.332704  0.309266  0.305974  0.296649
-0.000000 -0.000000 -0.577161  0.000000  0.000000 -0.000000 -0.015328  0.532911 -0.236790  0.154738 -0.015350  0.093668 -0.111292  0.351884  0.297559  0.030993  0.156188 -0.206918  0.026731
-0.000000 -0.000000  0.000000 -0.000000 -0.000000  0.577161  0.023766  0.018973  0.059635  0.043031 -0.168587  0.229346  0.019083  0.014626  0.013036 -0.493871  0.104389  0.093001 -0.561541
-0.000000 -0.000000 -0.000000 -0.000000  0.576380  0.000781  0.356563  0.044421 -0.131229  0.455775  0.243374  0.037025  0.207088  0.041481 -0.356658 -0.120551  0.160948  0.145540  0.140325
 0.000000 -0.000000 -0.000000 -0.000000 -0.577068 -0.000092  0.052185  0.155991  0.079777  0.483521  0.341082 -0.388910 -0.137386 -0.056675 -0.091667 -0.229417 -0.144868  0.166981 -0.014108
-0.000000  0.000000  0.577161  0.000000 -0.000000 -0.000000  0.121306  0.095542 -0.527940  0.260380 -0.257373  0.142574 -0.251656  0.099337  0.257492  0.015382 -0.261110 -0.004711  0.044913
 0.000000  0.000000  0.577160  0.000000  0.000000  0.000000 -0.123235  0.428789  0.289929 -0.116019  0.268679 -0.036333  0.139497  0.248818  0.062826  0.003586  0.412875 -0.202194 -0.011539
-0.574973 -0.000000 -0.002188  0.000000 -0.000000  0.000000  0.393261  0.174391 -0.122151 -0.331158 -0.033360 -0.234740 -0.052491 -0.148425 -0.182466 -0.258061 -0.126284 -0.402833  0.025214
 0.577161
