6 28
 0.000000 -0.000000 -0.000000 -0.000000 -0.487832 -0.000000 -0.416051 -0.170126 -0.033574 -0.302554  0.389337 -0.034811 -0.245984 -0.214413 -0.014600  0.035931 -0.093121 -0.039540 -0.205828 -0.291307  0.004855  0.017390  0.034939 -0.100226 -0.001777 -0.017384  0.101980  0.216277
 0.000000  0.487832 -0.000000 -0.000000 -0.000000 -0.000000 -0.137547  0.046893  0.173417  0.174020  0.015388  0.150617  0.190575 -0.068432 -0.587512 -0.185911 -0.134820 -0.241971 -0.195395  0.029441 -0.013890 -0.091456  0.052981 -0.132805  0.109644 -0.119013 -0.256013 -0.019650
 0.487832 -0.000000 -0.000000 -0.000000  0.000000 -0.000000 -0.180379 -0.017621  0.066852  0.031988 -0.160123  0.290340  0.247056  0.031314  0.281009  0.202848 -0.050643 -0.372300 -0.028092 -0.242292 -0.074549 -0.230108 -0.106746 -0.036863 -0.373912 -0.060104  0.037815 -0.121793
-0.378194 -0.109638 -0.000000 -0.000000  0.000000 -0.000000 -0.141883  0.115247  0.099998 -0.157454 -0.200588  0.178636  0.040586  0.120363 -0.121225 -0.142646  0.107851  0.020285 -0.278710  0.056989 -0.138044 -0.299367 -0.206128  0.417994 -0.284602  0.256148  0.056936  0.291056
-0.000000 -0.000000 -0.109638 -0.378194  0.000000 -0.000000 -0.132280 -0.250412 -0.215261  0.317935 -0.106924  0.147061 -0.486929 -0.188541 -0.192347 -0.064369  0.131450  0.028516  0.101185  0.101038 -0.132388  0.098061 -0.083887 -0.007043 -0.355402  0.085537 -0.024302 -0.251973
 0.000000  0.000000  0.000000  0.000000 -0.487832  0.000000  0.230381 -0.161978 -0.000324  0.294849 -0.024414 -0.135598  0.355335 -0.245225  0.055935  0.144937  0.202027  0.115262 -0.350472  0.340390  0.116318 -0.080256 -0.105780 -0.088153 -0.081857  0.047167  0.147273 -0.062553
 0.000000 -0.000000  0.000000  0.000000  0.487832 -0.000000 -0.289670 -0.320243 -0.088691  0.167959  0.046601 -0.096246  0.112792 -0.219205  0.018542 -0.079014  0.128162 -0.150563 -0.042810  0.051012  0.342510 -0.146820  0.207541  0.059945  0.112533  0.060922  0.418136  0.201012
-0.000000  0.000000 -0.109638 -0.000000 -0.378194  0.000000  0.141223 -0.243120 -0.039142 -0.085217 -0.412992  0.124814  0.157096  0.094694 -0.295587 -0.072598 -0.029206 -0.044431  0.503491 -0.197255  0.133083  0.060480  0.088160  0.035258  0.058660  0.041516  0.279263  0.189468
 0.000000 -0.487832  0.000000  0.000000 -0.000000 -0.000000  0.085103 -0.170371  0.051612  0.146042 -0.150395 -0.217167  0.051581 -0.193188  0.019320 -0.345735  0.170703 -0.333420 -0.082158 -0.230563 -0.308536  0.001920 -0.101444 -0.114438  0.231861 -0.050995 -0.283343  0.129021
-0.000000 -0.000000  0.000000  0.000000 -0.000000 -0.487832  0.310181 -0.037820  0.183564 -0.158218  0.224415  0.116594 -0.157309 -0.250970  0.013105  0.046513  0.132051 -0.230990  0.237313  0.099538  0.354244 -0.223771 -0.047642  0.029417 -0.107396  0.150629 -0.298490  0.112202
-0.000000 -0.487832  0.000000 -0.000000 -0.000000  0.000000 -0.200511  0.012026  0.209912 -0.154467  0.017642  0.193838 -0.039868  0.259032 -0.242932  0.154744  0.100916 -0.129268 -0.000261  0.477957  0.046175  0.059183  0.122581 -0.354962 -0.044163 -0.231901  0.075696  0.027574
 0.000000 -0.000000 -0.487832  0.000000 -0.000000  0.000000  0.149625  0.305868  0.141145  0.266899  0.144690 -0.068702 -0.031156  0.177581  0.030098 -0.126975  0.109955 -0.040171 -0.114229 -0.220480  0.061795  0.162371  0.311529 -0.257936 -0.308063  0.225196  0.097526  0.235534
-0.000000  0.487832  0.000000 -0.000000  0.000000 -0.000000  0.024655 -0.108964  0.029010 -0.107634 -0.203149 -0.095498 -0.268296  0.228103  0.250747  0.071901  0.360637 -0.253143 -0.033813  0.185710 -0.168543  0.082845 -0.234492 -0.226946  0.143099 -0.035297  0.085527  0.306749
-0.000000  0.000000 -0.109638  0.378194 -0.000000 -0.000000  0.173894 -0.257310 -0.186676 -0.147341  0.184954  0.376307 -0.030716  0.197539 -0.052796 -0.101347  0.301728 -0.118096 -0.215483 -0.080494 -0.084126  0.043977  0.142046  0.066989  0.187098  0.245435  0.073624 -0.413360
 0.000000 -0.000000  0.000000 -0.487832 -0.000000 -0.000000  0.257427 -0.029108  0.091790 -0.076804  0.113904  0.179659 -0.000267  0.159764  0.056937 -0.215238  0.171231  0.015941 -0.237567 -0.198494  0.242872  0.069143 -0.048333  0.212750  0.036759 -0.551624  0.130827 -0.026468
 0.000000  0.000000  0.000000 -0.487832  0.000000  0.000000  0.055092 -0.298199 -0.117930 -0.139002  0.223571 -0.232982  0.237652  0.401824  0.021207 -0.032494 -0.302395 -0.212566 -0.019341  0.139902 -0.047726 -0.013595  0.008333 -0.023593 -0.010793  0.376265 -0.102097 -0.036677
-0.487832 -0.000000  0.000000 -0.000000  0.000000  0.000000 -0.065906 -0.006615 -0.069018 -0.045669 -0.320208  0.131527  0.042489 -0.133733  0.223201  0.176542 -0.202881 -0.313879 -0.194177 -0.062313  0.310031  0.446075  0.084269 -0.043040 -0.045129  0.021088 -0.170632 -0.115569
-0.000000 -0.000000  0.000000 -0.487832  0.000000  0.000000 -0.075156  0.321959  0.048301 -0.144902 -0.111194  0.231047  0.116298 -0.262278  0.030043  0.219064  0.263172  0.082963  0.011409 -0.082141 -0.157731 -0.097478  0.215156 -0.131763  0.394610  0.299320  0.047188 -0.061972
 0.000000  0.000000  0.487832  0.000000  0.000000 -0.000000  0.296226 -0.096256 -0.140537  0.056940 -0.176067 -0.052548 -0.239283  0.097341 -0.086147  0.204195 -0.057554 -0.003728 -0.221947 -0.126271 -0.092352 -0.248263  0.545578 -0.065679 -0.144655 -0.052716 -0.049834  0.159848
 0.487832  0.000000 -0.000000 -0.000000  0.000000 -0.000000 -0.026379 -0.084700 -0.034976 -0.160196 -0.225160  0.237600 -0.027055 -0.097555  0.139501 -0.356801 -0.131074  0.268600 -0.215598  0.259287  0.122464  0.260953  0.146388  0.049399  0.028814  0.158559 -0.230678  0.271867
-0.000000 -0.109638 -0.000000  0.000000  0.000000  0.378194  0.028102 -0.099942  0.143081  0.225363 -0.060825  0.166441 -0.248068  0.194231  0.014730  0.097139 -0.118827  0.160379 -0.082849 -0.187810  0.415407 -0.294135 -0.318241 -0.236083  0.245921  0.207767 -0.140843  0.032286
 0.000000  0.000000 -0.109638 -0.000000  0.378194  0.000000  0.275373 -0.258420  0.031536 -0.311804 -0.002389  0.029152  0.152658 -0.215439 -0.266188  0.262624 -0.054044  0.247454 -0.158858 -0.199742 -0.152419  0.168773 -0.270926 -0.285055 -0.194374  0.001349  0.061420  0.128470
 0.000000  0.000000  0.000000 -0.000000  0.000000 -0.487832 -0.345996 -0.223723  0.075323  0.190600 -0.087485 -0.082238  0.151454  0.321147 -0.026459  0.225281  0.270570  0.340567 -0.042655 -0.227118  0.053694  0.113990  0.041252  0.065898  0.052613 -0.021179 -0.300389  0.018560
 0.000000  0.000000  0.487832  0.000000  0.000000 -0.000000  0.049109 -0.086355  0.536877  0.262528  0.202900  0.187488 -0.010302 -0.011703  0.032524 -0.016684 -0.050434 -0.033975  0.085140 -0.049842 -0.152482  0.394602 -0.063007  0.103655 -0.003687  0.233964  0.229619  0.050088
-0.000000 -0.000000 -0.000000  0.000000  0.000000 -0.487832 -0.008431  0.048884  0.220971 -0.102609 -0.287427 -0.166328 -0.184857  0.026459  0.041245 -0.277403 -0.282807  0.072220 -0.199395 -0.043345  0.008524 -0.154744 -0.062991 -0.247065  0.070407  0.068934  0.362823 -0.345235
-0.000000  0.000000 -0.487832  0.000000 -0.000000  0.000000  0.092729 -0.261653  0.347238  0.103457 -0.042039  0.051415 -0.171707 -0.066829  0.097629  0.309022 -0.296587 -0.023027 -0.074344  0.128973 -0.253623 -0.099478  0.199046  0.338580  0.228047 -0.127966 -0.005393  0.052477
 0.000000 -0.109638 -0.000000  0.000000 -0.000000 -0.378194  0.085174  0.174367 -0.475887  0.315948  0.133303  0.336671 -0.002070  0.069581 -0.021246  0.104374 -0.273373 -0.074120 -0.076739  0.032665 -0.121788  0.047075 -0.228747 -0.040341  0.225768 -0.048129  0.163646  0.308934
-0.378194  0.109638 -0.000000  0.000000  0.000000  0.000000 -0.039802 -0.238698  0.030145  0.050986  0.116648  0.332695  0.188385 -0.033306  0.375733 -0.283658 -0.080552  0.250824  0.214842  0.045310 -0.200059 -0.236236  0.148563 -0.346308 -0.102328 -0.156353 -0.085611  0.051597
 0.487832
