11 32
 0.000000 -0.000000  0.000000  0.000000  0.000000 -0.095554  0.000000 -0.543739 -0.000000 -0.000000 -0.000000  0.150727 -0.026495 -0.127293 -0.425859  0.092315  0.209663 -0.182940 -0.176056 -0.098290 -0.084752  0.208914 -0.235963 -0.105346  0.165176 -0.192932  0.016412  0.025507 -0.300132 -0.160519 -0.200101 -0.093361
-0.000000 -0.000000 -0.000000  0.000000  0.000000 -0.095554 -0.000000 -0.000000 -0.543739  0.000000 -0.000000  0.185046 -0.089830  0.233736 -0.109976  0.070928  0.113817 -0.145802  0.113237 -0.145685 -0.278978 -0.267965 -0.235775  0.066056  0.070634  0.078578 -0.059322  0.221540  0.097530  0.202331  0.123988  0.416792
-0.000000  0.000000  0.639293 -0.000000  0.000000 -0.000000  0.000000 -0.000000  0.000000  0.000000 -0.000000  0.321852  0.054753 -0.228690  0.113221 -0.057440 -0.178279 -0.303324  0.038663  0.004504 -0.045066  0.027385  0.035591  0.338140 -0.236740 -0.131211  0.037796 -0.182598 -0.118408 -0.125547  0.116405  0.145757
-0.000000  0.000000 -0.000000  0.000000  0.000000  0.095554  0.000000  0.000000  0.000000  0.543739  0.000000  0.132831 -0.117191  0.008775  0.236760  0.198648 -0.014032 -0.135256  0.151785  0.476364  0.020949  0.156453 -0.309136 -0.132354  0.065674  0.105523  0.171658 -0.111293 -0.065394  0.262733 -0.176573 -0.003232
-0.000000 -0.000000  0.000000 -0.000000  0.000000  0.095554 -0.543739  0.000000  0.000000 -0.000000 -0.000000 -0.317615 -0.011793 -0.015818  0.067905  0.048319 -0.193443 -0.184998  0.250891 -0.129140 -0.338572  0.210518 -0.015784 -0.242489 -0.191046 -0.109841  0.052168  0.083693  0.155350 -0.247371 -0.221894  0.157746
 0.000000  0.000000  0.000000  0.000000  0.000000 -0.639293  0.000000  0.000000  0.000000  0.000000 -0.000000 -0.067513  0.022710  0.291928  0.050899  0.073531 -0.014496 -0.277372  0.246998  0.174595  0.229477 -0.034125  0.083701  0.163980  0.155120  0.167882 -0.075591  0.044427  0.046282 -0.379655 -0.145588 -0.096150
-0.000000 -0.000000  0.000000  0.000000  0.543739 -0.095554  0.000000  0.000000  0.000000  0.000000 -0.000000  0.117820  0.097907  0.044301  0.045991 -0.123907 -0.301968  0.061230 -0.028320  0.043858  0.050564  0.362215 -0.113907  0.040573  0.048897 -0.118458  0.055912  0.559526  0.014009  0.083197  0.233146 -0.110403
-0.000000 -0.543739  0.000000 -0.000000 -0.000000  0.095554  0.000000 -0.000000 -0.000000  0.000000 -0.000000  0.036677  0.036640 -0.120026  0.374248  0.239011  0.227053  0.009412 -0.231107 -0.213416 -0.005891  0.140734 -0.021165  0.326753  0.194401  0.030225 -0.028046  0.154792  0.245770 -0.057539 -0.275264  0.018561
-0.639293 -0.000000  0.000000 -0.000000  0.000000 -0.000000 -0.000000 -0.000000  0.000000  0.000000  0.000000  0.203651 -0.058346  0.186498 -0.088311 -0.163297  0.219626  0.253079  0.111366  0.102933 -0.000575 -0.035970  0.030883  0.129818 -0.318604 -0.174505  0.289181  0.111536  0.105159 -0.071211 -0.278376 -0.033887
 0.000000 -0.000000 -0.000000  0.000000  0.543739  0.095554 -0.000000 -0.000000  0.000000 -0.000000  0.000000 -0.109207 -0.001926  0.052179 -0.038712 -0.048377  0.073378 -0.081098 -0.058368  0.134467 -0.107269 -0.307920 -0.184684  0.041888  0.222815 -0.337547  0.019495 -0.414505  0.359896 -0.153406  0.044033 -0.101565
 0.000000 -0.000000  0.000000  0.000000 -0.000000 -0.095554 -0.543739 -0.000000  0.000000  0.000000  0.000000  0.383686 -0.015932 -0.090899  0.171897 -0.116789 -0.043636  0.059523 -0.298892  0.161291  0.029028 -0.377969  0.259712 -0.226678  0.268971 -0.024654  0.054164  0.126006 -0.129959 -0.020335 -0.061821  0.008578
-0.000000  0.000000  0.000000 -0.000000  0.000000  0.000000 -0.000000  0.000000 -0.000000 -0.639293  0.000000  0.204506  0.309789 -0.038099  0.266787  0.090544  0.196594 -0.023302  0.210857  0.199187  0.121815  0.074507 -0.294454 -0.301882 -0.089799 -0.048967 -0.155518 -0.066280  0.002748  0.095843 -0.050413  0.018909
 0.000000  0.000000 -0.000000 -0.000000 -0.000000  0.639293  0.000000 -0.000000  0.000000 -0.000000 -0.000000  0.106230  0.042333  0.191809 -0.186608 -0.036718  0.014870 -0.240914 -0.030031  0.225292  0.181757 -0.096947 -0.020430  0.039803 -0.028667  0.280162 -0.230609  0.256744  0.031079 -0.387094  0.006729 -0.040609
 0.000000  0.000000  0.000000 -0.000000  0.000000 -0.095554 -0.000000  0.543739 -0.000000  0.000000 -0.000000 -0.066195  0.119371 -0.149858 -0.305159  0.276723  0.307470 -0.050667 -0.159447  0.377406 -0.229714  0.188244  0.198158  0.026587  0.022452 -0.201301 -0.070557  0.110326 -0.086987 -0.054704  0.080555  0.126747
 0.000000  0.000000 -0.000000 -0.000000  0.639293  0.000000  0.000000  0.000000 -0.000000 -0.000000  0.000000 -0.007326 -0.081635 -0.082060 -0.006191  0.146533  0.194423  0.016898  0.073731 -0.151671  0.048229 -0.046180  0.253961 -0.070135 -0.231100  0.387847 -0.064136 -0.123345 -0.318019  0.059715 -0.235750  0.180286
-0.000000  0.000000 -0.000000 -0.000000  0.000000  0.000000 -0.639293 -0.000000  0.000000  0.000000  0.000000 -0.056196  0.023581  0.090766 -0.203960  0.058236  0.201644  0.106721  0.040827 -0.027345  0.263277  0.142423 -0.207469  0.399042 -0.066278  0.114393 -0.090439 -0.178356 -0.021596  0.227693  0.241308 -0.141464
 0.000000  0.000000  0.000000 -0.000000 -0.000000  0.000000  0.000000 -0.000000  0.000000 -0.000000  0.639293  0.311330  0.009074  0.195115 -0.124172 -0.037750  0.000744 -0.159317 -0.041142 -0.091565 -0.076297  0.303113  0.293220 -0.152180  0.039607  0.102264 -0.053617 -0.201210  0.328227  0.158471 -0.004764 -0.093982
 0.000000  0.000000 -0.543739  0.000000  0.000000  0.095554 -0.000000 -0.000000  0.000000  0.000000  0.000000  0.299255 -0.098748  0.052133  0.197211 -0.073424 -0.071161  0.112281  0.202488 -0.002714 -0.144502  0.222024  0.067314  0.240820  0.115933 -0.145463 -0.089280 -0.250362 -0.277773 -0.295844  0.179964  0.234967
-0.000000  0.639293  0.000000  0.000000 -0.000000  0.000000  0.000000 -0.000000 -0.000000  0.000000 -0.000000 -0.063447 -0.129465  0.025010  0.415745 -0.094907  0.395000 -0.165343 -0.257842 -0.096045 -0.196436  0.113298 -0.052213  0.107464 -0.037170  0.098026  0.010929  0.104453  0.028647 -0.076967  0.060199 -0.175738
-0.000000  0.000000 -0.543739  0.000000 -0.000000 -0.095554  0.000000  0.000000 -0.000000 -0.000000  0.000000  0.079158  0.163123 -0.321012 -0.064094  0.005890 -0.138447 -0.468909 -0.157031  0.008010  0.091517 -0.189827 -0.025469  0.156743 -0.394277 -0.008806  0.133718  0.035675  0.138556  0.148234 -0.043103 -0.063596
-0.000000  0.000000 -0.000000 -0.543739  0.000000 -0.095554  0.000000  0.000000 -0.000000  0.000000 -0.000000  0.088711 -0.362584 -0.508813 -0.101840 -0.191804  0.120957  0.102668  0.201551  0.078739  0.068016  0.058081 -0.070393 -0.062366  0.049459  0.168150 -0.118069  0.069488  0.298136 -0.117846  0.078611  0.050486
-0.000000 -0.000000 -0.000000 -0.000000  0.000000  0.000000 -0.000000 -0.000000  0.639293 -0.000000 -0.000000  0.085724  0.195692  0.042979 -0.087051  0.035549  0.175945 -0.094482  0.154132 -0.144528 -0.108540 -0.111125 -0.097101 -0.016097  0.189816  0.220178  0.430544  0.088809  0.071867 -0.016582  0.240152  0.275227
-0.000000  0.000000  0.000000 -0.000000  0.000000 -0.095554  0.000000  0.000000 -0.000000 -0.000000  0.543739 -0.133476  0.240617 -0.160851  0.006754 -0.080743 -0.151159  0.303396 -0.094175  0.165004 -0.315912 -0.183682 -0.341228  0.192461 -0.053433  0.265232 -0.047071  0.031042 -0.174239 -0.166939 -0.114778 -0.035656
-0.000000  0.543739  0.000000 -0.000000  0.000000  0.095554  0.000000 -0.000000  0.000000  0.000000  0.000000  0.111274  0.188856 -0.149431 -0.114557  0.350596 -0.237362  0.203811  0.072047 -0.100492  0.225065  0.007525  0.040223  0.200404  0.238104 -0.085028 -0.040896  0.031983  0.212089  0.032953 -0.346042  0.225183
-0.543739  0.000000  0.000000 -0.000000  0.000000 -0.095554  0.000000 -0.000000 -0.000000  0.000000  0.000000 -0.020209 -0.121612 -0.021120  0.069321  0.430789 -0.229783 -0.000007 -0.334868 -0.088582  0.096405  0.042223 -0.159140 -0.232520 -0.044299  0.158345 -0.090688 -0.137029  0.047008 -0.195895  0.349225  0.096737
-0.000000  0.000000  0.000000  0.543739 -0.000000 -0.095554 -0.000000  0.000000  0.000000  0.000000  0.000000 -0.113307 -0.100022 -0.136555 -0.048739 -0.436852  0.063706  0.002813 -0.213370  0.130646  0.243313  0.202330 -0.117923 -0.047338  0.032240  0.089662 -0.045697 -0.066356  0.160329 -0.037303 -0.082911  0.477518
-0.543739 -0.000000 -0.000000  0.000000  0.000000  0.095554  0.000000  0.000000 -0.000000  0.000000  0.000000 -0.219231  0.190211 -0.198152  0.034510 -0.238795 -0.028439 -0.297547  0.203930 -0.032439 -0.095730  0.000068  0.122829  0.079888  0.418892  0.046826 -0.249311  0.005892 -0.170647  0.279620 -0.021928 -0.056895
-0.000000  0.000000 -0.000000 -0.000000 -0.000000 -0.095554  0.000000 -0.000000 -0.000000 -0.000000 -0.543739  0.232565  0.251286  0.068552 -0.139239 -0.125127 -0.150284  0.116082 -0.142547  0.057349 -0.405616  0.172698  0.003520  0.013538 -0.006866  0.385467 -0.110110 -0.205528  0.211668  0.019381 -0.120379 -0.146153
 0.000000  0.000000 -0.000000  0.000000  0.000000  0.095554  0.000000  0.000000 -0.543739  0.000000  0.000000 -0.084257  0.319912 -0.183204  0.007627 -0.029132  0.093048  0.034716  0.067981 -0.024242  0.151363  0.137312  0.121610 -0.084981  0.152538  0.180293  0.565527 -0.117124 -0.013033 -0.221827  0.158366 -0.093198
-0.000000  0.000000  0.000000  0.639293  0.000000  0.000000 -0.000000  0.000000  0.000000 -0.000000 -0.000000  0.171823 -0.223317 -0.316618 -0.045165  0.208421  0.048694  0.084930  0.352903 -0.044149 -0.149096 -0.122689  0.040426 -0.012782  0.014646  0.066757 -0.061555  0.115539  0.117209 -0.068505  0.137379 -0.363205
-0.000000  0.000000  0.000000  0.000000  0.000000  0.095554  0.000000 -0.000000 -0.000000 -0.543739 -0.000000 -0.107613 -0.481421  0.053569 -0.076911  0.092192 -0.245175 -0.107859 -0.096127  0.242173 -0.122274  0.068853  0.037063  0.222579  0.171253  0.163095  0.354507 -0.033366 -0.068624  0.150047 -0.117300 -0.025465
-0.000000  0.000000 -0.000000  0.000000 -0.000000 -0.000000  0.000000  0.639293 -0.000000 -0.000000 -0.000000  0.184499 -0.124064  0.019192 -0.102659 -0.156845 -0.083188 -0.112502 -0.014127 -0.404594  0.123295  0.017581 -0.369234 -0.112214  0.121392  0.007118  0.073970 -0.072141 -0.181287 -0.090000 -0.238707 -0.187209
 0.639293
