3 36
 0.000000 -0.000000 -0.288675  0.172022 -0.026547  0.028447  0.188068 -0.324727  0.017934 -0.273297 -0.120773  0.182178  0.145619 -0.010801 -0.075526 -0.010958  0.034531  0.155067  0.088948 -0.316124 -0.071374 -0.300068 -0.282088  0.062019 -0.233307 -0.031542 -0.313561  0.124267  0.029989 -0.159926  0.130259  0.029818 -0.043874 -0.197816 -0.125539  0.113282
 0.000000  0.288675  0.000000  0.024331 -0.007535  0.016878 -0.354116 -0.016819 -0.022671 -0.140296 -0.061095 -0.204376  0.066653  0.015773  0.127747  0.154660  0.045458 -0.065523  0.125438 -0.048674 -0.175976 -0.288007  0.013831  0.334801  0.217820  0.339145 -0.204858  0.105065 -0.037257  0.115351 -0.174375 -0.273965 -0.206600  0.161469  0.126338 -0.091736
-0.288675 -0.000000  0.000000  0.201732  0.172301 -0.298958  0.087907  0.053573  0.039422 -0.067418  0.073211  0.321150  0.120032  0.092782  0.079404  0.075192 -0.182210  0.052443  0.011787 -0.362102 -0.063389  0.174812 -0.087359  0.089543  0.153737 -0.124120  0.219686 -0.044011 -0.192552  0.237692 -0.294185  0.079232 -0.193463 -0.094960  0.153553 -0.183425
-0.000000  0.288675  0.000000  0.196520 -0.177081 -0.132520 -0.262735 -0.127245  0.184286  0.210980  0.036560 -0.040455 -0.112493 -0.134895 -0.077232 -0.218231 -0.242606 -0.112919 -0.085847 -0.109835 -0.044952  0.114654  0.125142  0.024102 -0.196792 -0.237638  0.117558  0.240521  0.136098 -0.177836 -0.101850 -0.374760 -0.000098 -0.217795 -0.179621 -0.089632
-0.288675  0.000000  0.000000 -0.084021 -0.106122  0.170038 -0.090935 -0.077417  0.088918 -0.179576 -0.095515 -0.003314 -0.012514  0.043183 -0.428622  0.216783  0.110355 -0.067294  0.178200 -0.086025 -0.085887  0.020744  0.444861 -0.125916 -0.345447 -0.102616  0.012183 -0.049018 -0.267046  0.219925 -0.002614 -0.088323  0.065774  0.042118  0.152760  0.079903
-0.000000  0.000000  0.288675 -0.386491  0.077567 -0.162279 -0.268268  0.028604  0.141040  0.049856 -0.027212 -0.155166  0.210866  0.021507 -0.040144 -0.133257  0.028664  0.205277 -0.173211 -0.152372 -0.091627  0.144689 -0.043186  0.348686 -0.077340 -0.025441 -0.176471 -0.159785 -0.219059 -0.013863  0.210571  0.151444  0.081999 -0.334256 -0.027609  0.061137
-0.288675 -0.000000  0.000000 -0.067301  0.029310  0.115768 -0.282048  0.000900  0.049798 -0.205410 -0.018436 -0.003927  0.042791  0.057793  0.016060 -0.037774  0.088826  0.167765  0.149858  0.277628  0.152376 -0.011757 -0.242004 -0.212453 -0.067038  0.295124  0.278448  0.011967 -0.044492 -0.127074 -0.367031  0.044718  0.032578 -0.333616 -0.250673  0.067124
-0.288675 -0.000000 -0.000000 -0.124260  0.177106 -0.008469  0.119626 -0.121906 -0.100800 -0.118833  0.253888  0.231296  0.099556  0.027747  0.171380 -0.170473  0.024679 -0.231497 -0.164795  0.258604  0.147142 -0.170261  0.113589  0.050155  0.184065 -0.153323 -0.109796 -0.080942 -0.173436  0.040985  0.145942 -0.457617  0.010431 -0.130019 -0.053088  0.238066
-0.000000  0.000000  0.288675  0.143899 -0.061195 -0.310115 -0.041712 -0.259192 -0.089472 -0.155674  0.006416  0.032909  0.211046 -0.386069 -0.007702  0.213786 -0.150849 -0.060855  0.058607  0.082786  0.150091 -0.164546  0.146940  0.191853 -0.058606  0.006148  0.174620 -0.211865  0.117677  0.015296 -0.020564  0.192140  0.143175  0.228613 -0.304275  0.118476
 0.000000  0.288675 -0.000000  0.046745  0.129613 -0.240541 -0.102218  0.062859 -0.288348  0.119467 -0.148200  0.207094  0.002815  0.149652 -0.396580 -0.135540 -0.155921 -0.038726 -0.068912  0.047017  0.175213  0.227946 -0.062995 -0.123638  0.006316  0.231045 -0.327896  0.046587  0.021561  0.034318 -0.090748  0.070741 -0.042724  0.158437 -0.008631  0.354158
-0.000000 -0.000000 -0.288675 -0.051872 -0.080655 -0.110427  0.136029 -0.075865 -0.280370  0.127732 -0.020354 -0.409070  0.280197 -0.174128 -0.116476 -0.152330 -0.102096  0.292464 -0.238167 -0.061286 -0.147934 -0.189319  0.087651 -0.224737  0.094690  0.045945  0.204950 -0.144516  0.028474  0.191230 -0.123019 -0.114205 -0.017068 -0.113300  0.137570  0.137148
-0.288675 -0.000000  0.000000  0.001621  0.150621  0.067400 -0.164283 -0.077044 -0.058559 -0.117497  0.343504 -0.151606 -0.152759 -0.403202  0.081725  0.009010  0.162235  0.098847 -0.066945 -0.192816 -0.052869  0.252103 -0.180056 -0.041689  0.007842 -0.020507  0.050258  0.343381  0.065499 -0.028529  0.141488  0.081302  0.025176  0.229687  0.180672  0.297800
 0.288675 -0.000000 -0.000000 -0.214233 -0.005974  0.293310 -0.124882 -0.296985 -0.141681  0.043226  0.085687  0.382437  0.227027 -0.120520  0.005582 -0.157993 -0.308976  0.041945  0.141335  0.026149  0.008375  0.033762  0.093450  0.036959  0.009554  0.176098  0.206348  0.162830 -0.159051 -0.138009  0.027253  0.053420  0.080467  0.014207  0.348402 -0.094434
 0.000000  0.000000  0.288675 -0.143391  0.079333 -0.157808  0.200221  0.178040 -0.010228 -0.490935  0.039599 -0.038475 -0.236077 -0.090429 -0.038531 -0.208993 -0.217529  0.116960  0.093765 -0.179055  0.024525 -0.048310  0.211529 -0.191653  0.051405  0.213180 -0.131202 -0.005111  0.276314 -0.083845  0.015396 -0.131784  0.129396 -0.131603  0.129981 -0.190653
 0.288675  0.000000  0.000000  0.063606  0.098671 -0.094170 -0.121613  0.033894  0.086363 -0.289133 -0.049880 -0.125186  0.291500  0.366577  0.040014  0.382123 -0.096445 -0.072131 -0.038168 -0.020380  0.072182  0.172867 -0.066909 -0.105429  0.046923 -0.110688  0.242027  0.118969  0.214766 -0.030656  0.197690 -0.201511  0.095556 -0.101256  0.160839  0.275030
 0.000000 -0.000000 -0.288675 -0.126644  0.016030 -0.152740  0.025914  0.259386 -0.183046 -0.077379 -0.151696  0.075812 -0.146025  0.011453  0.096586 -0.176724 -0.049751  0.026836  0.347617  0.066687 -0.207605  0.052218  0.197715  0.273154 -0.044302  0.054923  0.316201  0.172661  0.027830  0.130698  0.309097  0.059171 -0.177271 -0.058566 -0.252928  0.200773
-0.288675  0.000000  0.000000 -0.046453  0.025866 -0.017223  0.077156  0.263603 -0.239316  0.206583 -0.133461 -0.216325  0.247860 -0.035060  0.313353  0.175203 -0.247064 -0.291337  0.127696 -0.160757  0.114466 -0.084663  0.075337 -0.143831 -0.172173  0.040599 -0.140556  0.204524 -0.179455 -0.292120  0.030235  0.107735  0.130794 -0.070941  0.019134 -0.043051
 0.000000 -0.288675  0.000000  0.118991  0.199240  0.308414 -0.081454  0.169752  0.376303  0.031751 -0.202114  0.017194  0.128709 -0.296374 -0.009433 -0.114847 -0.235103 -0.209943 -0.075364 -0.074448  0.056147 -0.002297  0.070295 -0.019125 -0.009950  0.130108 -0.062965 -0.166719  0.178435  0.076431 -0.013898  0.014444 -0.388823 -0.069075  0.032593  0.260535
 0.000000  0.288675 -0.000000  0.201829  0.427930  0.113616 -0.160837  0.263622 -0.057109 -0.057433  0.026336  0.124613  0.109370 -0.130547 -0.029037  0.035692 -0.089115  0.122156 -0.021396  0.310950 -0.442486 -0.158011 -0.046946 -0.133017 -0.130525 -0.256283 -0.063972 -0.128342  0.057514 -0.022287  0.095720  0.102869  0.143755 -0.002969  0.040981 -0.144141
 0.288675  0.000000  0.000000  0.257618 -0.100617 -0.091763 -0.024169 -0.050836 -0.104451 -0.178150  0.184215 -0.151606 -0.133062 -0.173151 -0.048790  0.004082 -0.012893 -0.352484  0.080327 -0.000836 -0.203374  0.182347 -0.129870 -0.228381  0.087221  0.176988 -0.025545 -0.204219 -0.478702 -0.022550  0.155629  0.028323 -0.100502 -0.229328 -0.075876 -0.003207
-0.000000  0.288675 -0.000000 -0.003829  0.119179 -0.146585  0.045703 -0.136750  0.426283  0.189287 -0.148079  0.082944 -0.127717  0.041870  0.241651  0.024821  0.058480  0.238030  0.092299 -0.139112 -0.052233 -0.127165  0.202901 -0.307742  0.197214  0.132979  0.100592 -0.138000 -0.220608 -0.236169  0.135740  0.014311  0.035920  0.156379 -0.012195  0.243542
 0.000000 -0.000000  0.288675  0.194042 -0.240153  0.065561  0.036018  0.186906  0.138168 -0.146323 -0.239340 -0.022400  0.223149 -0.054490 -0.070820 -0.252671 -0.029846  0.144805 -0.065589  0.100690  0.106008 -0.116592 -0.115349 -0.134151  0.204766 -0.126646  0.025118  0.435939 -0.304558  0.246368  0.170804  0.005399  0.029510  0.153772 -0.100981 -0.049573
-0.000000  0.000000 -0.288675 -0.351861 -0.060078 -0.169823 -0.067878  0.166906  0.253967  0.021836  0.216573  0.210610  0.320453 -0.144528 -0.208101  0.092004  0.136978 -0.230830 -0.071271 -0.121483 -0.115659 -0.008303 -0.031317 -0.218686  0.149874  0.171518 -0.024001  0.101489  0.134247  0.048443  0.079653 -0.009632  0.100152  0.113339 -0.271780 -0.236483
 0.000000  0.000000 -0.288675  0.070905  0.091838  0.270022 -0.130076  0.032338 -0.032628 -0.155652  0.128207 -0.068880 -0.219007  0.102010 -0.070746  0.215902 -0.356648  0.193378 -0.368025 -0.098358  0.196552 -0.012126  0.250661  0.114485  0.219056  0.024369 -0.047466  0.050420 -0.171579 -0.032369  0.058381  0.162525  0.088194 -0.002828 -0.319046 -0.090428
 0.288675 -0.000000  0.000000 -0.142313  0.401358 -0.088244 -0.198583 -0.034033 -0.165294  0.034254 -0.011297 -0.052962 -0.032631 -0.121485  0.051319  0.016290  0.177099  0.110050  0.126679 -0.159161  0.438818 -0.113891  0.013993 -0.225913 -0.197803 -0.187345  0.011106  0.032428 -0.111951  0.168986  0.048505 -0.125522 -0.305873  0.032753 -0.126933 -0.223238
-0.000000  0.288675  0.000000  0.132172  0.110632  0.211251  0.002048 -0.162713 -0.040571  0.089363 -0.074833 -0.047685  0.047858 -0.034883  0.040508 -0.105973  0.242155 -0.217900  0.183135 -0.154711  0.144418  0.035641  0.172075 -0.007412  0.322629 -0.041754 -0.031729  0.041875  0.232583  0.322252  0.025696  0.280492  0.283417 -0.374634 -0.005784 -0.001720
-0.000000  0.288675  0.000000 -0.017144 -0.132904  0.138568 -0.041796  0.030574  0.037902 -0.155135  0.202215 -0.033213  0.042277  0.286935  0.281012 -0.316908 -0.075659 -0.181627 -0.205495 -0.192812  0.046842 -0.099180 -0.092420 -0.069609 -0.413207  0.125317  0.148079 -0.201702  0.040709  0.252906  0.065443  0.154420  0.017065  0.238129 -0.042252  0.026308
-0.000000  0.288675 -0.000000 -0.098879 -0.430165  0.095691 -0.002791  0.217804  0.021076 -0.012128  0.359603  0.036462  0.105593 -0.064767  0.011170  0.139260 -0.122081  0.212159  0.287612  0.054553  0.187171 -0.000937  0.007812 -0.064449  0.118632 -0.267748 -0.173067 -0.158396  0.090175 -0.045730  0.027013  0.118771 -0.338407 -0.109001  0.065135  0.133344
 0.000000 -0.288675  0.000000  0.317527  0.042530 -0.004057 -0.077452  0.048433  0.074974  0.274529  0.343586 -0.016041  0.115407  0.113199  0.067140 -0.027426 -0.122562  0.285923  0.345261 -0.022751  0.024545  0.074308  0.026403  0.001695 -0.113345  0.244795 -0.194924 -0.047962  0.017901  0.267515  0.117913 -0.240034  0.287552  0.024656 -0.108071  0.014806
 0.288675 -0.000000  0.000000  0.130141  0.001522  0.120122  0.035334  0.441779 -0.086677 -0.064756  0.099869  0.125378  0.094580 -0.096331 -0.052989 -0.114491  0.327361  0.018721 -0.022513 -0.289059  0.056846 -0.071095  0.123902  0.194338 -0.010158 -0.059611  0.099679 -0.059774 -0.155291 -0.243292 -0.349726 -0.126092  0.237384  0.043240 -0.044374  0.255907
 0.000000 -0.000000  0.288675  0.130693 -0.054637  0.144910  0.082112 -0.088699 -0.233263  0.017701  0.043640  0.148334  0.230720  0.092838  0.176292  0.104376  0.258248  0.159325 -0.237424 -0.034728 -0.246052  0.234889  0.355604 -0.146638 -0.067246  0.186228 -0.062631  0.129746  0.124610 -0.076957  0.025321 -0.010088 -0.338297 -0.076232 -0.244503 -0.054964
 0.000000  0.288675  0.000000 -0.014313 -0.106474  0.089104  0.221116  0.171620 -0.000896  0.099162 -0.180070  0.205538 -0.124975 -0.328342  0.068505  0.346448  0.027396  0.117627 -0.209726  0.028065  0.176626  0.102455 -0.190067  0.112990 -0.192701  0.280618  0.100918 -0.060601 -0.035401  0.221928  0.181793 -0.252425  0.110948 -0.193407  0.085423 -0.047133
 0.288675  0.000000 -0.000000 -0.213501  0.054121 -0.110697  0.181335 -0.052110  0.191202 -0.027589  0.114598 -0.000788 -0.102450 -0.071847  0.238162  0.137929 -0.129324 -0.017173 -0.051858  0.177819 -0.161008 -0.023011  0.089802 -0.055765 -0.174751 -0.060284 -0.223392  0.335668 -0.101254  0.316398 -0.425515  0.138428  0.064259 -0.117347 -0.059700  0.246360
 0.000000  0.000000  0.288675  0.055849  0.119979 -0.034504  0.100001  0.071926  0.022943  0.257140  0.332829  0.000076 -0.137224  0.155840 -0.343040  0.123414  0.000242 -0.095738 -0.068513 -0.049052 -0.016559 -0.502013 -0.037146  0.051616 -0.038879  0.169727  0.242745  0.226898  0.018845 -0.019416  0.126567  0.137681 -0.160905 -0.200368  0.067112  0.098815
 0.000000  0.000000 -0.288675  0.282052 -0.019694 -0.319716 -0.043684  0.059547  0.193330 -0.111475  0.103974 -0.025372  0.121243 -0.044809  0.050317 -0.121237  0.225917  0.032858 -0.151468  0.298834  0.272405  0.005715  0.295770  0.113479 -0.171911  0.157983 -0.063943  0.111501 -0.035132 -0.110493  0.073722  0.217115 -0.065255 -0.100901  0.351447 -0.141053
-0.000000  0.288675 -0.000000 -0.030916  0.308576  0.158895  0.496719 -0.084766  0.191325 -0.036988  0.129036 -0.329769  0.234735  0.016028 -0.210036 -0.066501 -0.045772  0.002702  0.172789  0.107360  0.066070  0.264617 -0.032635  0.216546 -0.052681  0.069222  0.076484  0.038312 -0.089038 -0.120786 -0.060418 -0.066045 -0.104549  0.138974 -0.144872 -0.107648
 0.288675
