3 17
 0.000000 -0.000000  0.438443 -0.042323  0.170937  0.612087  0.094457 -0.045513 -0.009830 -0.285128  0.015823 -0.145796  0.151595  0.472948  0.202153 -0.000256 -0.026159
 0.000000 -0.000000  0.438443 -0.275414 -0.131001 -0.310194 -0.425601  0.116488  0.017024 -0.327744 -0.005036 -0.399409 -0.027391 -0.205013 -0.022393  0.130935 -0.310069
-0.000000  0.438443  0.000000 -0.080972  0.419307  0.192188 -0.119910  0.311913  0.002659  0.327702  0.176588 -0.090261  0.301037 -0.146746 -0.356574 -0.190954 -0.233014
 0.000000 -0.438443 -0.000000 -0.164742  0.050745  0.009028  0.297907  0.133685  0.639447  0.000050 -0.010965  0.151375  0.273523 -0.182144  0.104154 -0.064723 -0.341167
-0.000000 -0.438443  0.000000 -0.159383 -0.008947  0.043516  0.140337  0.281224 -0.300176 -0.130203  0.439118 -0.030281  0.226236 -0.082891 -0.344501  0.287090  0.348790
 0.000000  0.098538 -0.339905 -0.269402 -0.127305  0.340411  0.089180 -0.249284  0.101523  0.046805 -0.117883 -0.179174 -0.201128  0.011632 -0.301026  0.575944 -0.280324
-0.438443  0.000000  0.000000  0.177598  0.093087 -0.294755  0.429329  0.197562 -0.214718  0.235599 -0.102169 -0.409160  0.097095  0.173168  0.226616  0.221121 -0.195452
-0.339905 -0.098538 -0.000000 -0.506043  0.073932 -0.222426  0.061318 -0.132397  0.016785 -0.020304 -0.232569  0.031928 -0.072497  0.401053 -0.410931 -0.375222  0.104357
 0.000000  0.000000 -0.438443 -0.230129  0.451582  0.019267  0.086742 -0.064882 -0.307910 -0.498352 -0.078094 -0.046556  0.005493 -0.273041  0.283461 -0.148874 -0.101257
 0.438443 -0.000000  0.000000 -0.343617 -0.303243 -0.012309  0.057815  0.224662 -0.407413  0.208259 -0.354411  0.217816  0.291622  0.129512  0.158412  0.009719 -0.185358
-0.438443  0.000000 -0.000000  0.206692 -0.400826  0.339920  0.049183  0.357143 -0.173910 -0.241380 -0.174596  0.200852 -0.153955 -0.219479 -0.179590 -0.218366 -0.218460
-0.438443  0.000000 -0.000000 -0.104611 -0.140666  0.146560 -0.275250 -0.377474 -0.032856  0.151710 -0.154956  0.002792  0.572521 -0.273844  0.164687  0.078880  0.230389
-0.000000 -0.438443  0.000000  0.356331  0.231671 -0.052742 -0.300474 -0.298065 -0.284425  0.060888  0.005080  0.194685  0.098114  0.171987 -0.215065  0.030156 -0.486122
-0.000000 -0.098538 -0.339905 -0.104672 -0.394696  0.100153 -0.116946 -0.088989 -0.034143  0.124283  0.523895 -0.343041  0.018199  0.184213  0.194854 -0.395113 -0.198203
 0.000000  0.438443  0.000000  0.103432 -0.214782 -0.287213  0.281082 -0.232305  0.025163 -0.406751  0.273932  0.260841  0.378491  0.142397 -0.156648  0.077428 -0.179589
-0.000000  0.000000  0.438443 -0.202394  0.006961  0.058923  0.396360 -0.398105 -0.262867  0.247157  0.225882  0.093800 -0.260529 -0.389146  0.021390 -0.139363 -0.136010
-0.339905  0.098538 -0.000000 -0.297945  0.113312 -0.040756 -0.248930  0.193578  0.001366  0.100704  0.332292  0.514127 -0.216489  0.178972  0.342178  0.282456 -0.106724
 0.438443
