18 37
-0.000000 -0.000000 -0.000000 -0.707107 -0.000000  0.000000  0.000000  0.000000  0.000000 -0.000000  0.000000  0.000000 -0.000000  0.000000 -0.000000  0.000000  0.000000  0.000000  0.042761  0.221790  0.139210  0.131932  0.226823  0.026315 -0.143973  0.121053 -0.241009  0.286119  0.249497  0.113432  0.026551 -0.034583 -0.136968  0.027667 -0.239670 -0.132672 -0.114620
 0.000000 -0.000000  0.000000 -0.000000  0.000000 -0.000000 -0.000000  0.000000  0.000000 -0.000000  0.000000 -0.000000 -0.000000 -0.000000 -0.707106  0.000000 -0.000000 -0.000000 -0.093279  0.057291  0.149831  0.129118  0.005878  0.090718  0.072055 -0.048678  0.323022  0.043707  0.073018 -0.091724  0.353705  0.016380  0.094370 -0.014336 -0.264441 -0.017457  0.329170
-0.000000  0.000000 -0.000000  0.000000 -0.000001  0.000000  0.000000 -0.000000 -0.000000  0.000000 -0.000001  0.000000 -0.000000  0.000000  0.707105  0.000000  0.000000  0.000000 -0.093725  0.058025  0.149215  0.128895  0.005636  0.090992  0.071563 -0.049811  0.322397  0.042812  0.074591 -0.091484  0.354207  0.015925  0.095091 -0.014142 -0.263875 -0.017384  0.329336
 0.000000 -0.707107  0.000000 -0.000000  0.000000 -0.000000 -0.000000  0.000000 -0.000000 -0.000000 -0.000000 -0.000000  0.000000 -0.000000 -0.000000 -0.000000  0.000000 -0.000000  0.097388  0.001808  0.090335  0.249918  0.139774  0.093377 -0.159886  0.213529  0.099007 -0.054270 -0.089140  0.215470  0.001711 -0.014294  0.434036 -0.039818  0.225355 -0.105510 -0.035509
 0.000000 -0.000000  0.707107  0.000000 -0.000000 -0.000000  0.000000 -0.000000  0.000000  0.000000 -0.000000 -0.000000  0.000000 -0.000000 -0.000000 -0.000000  0.000000  0.000000  0.007422 -0.345014  0.009636 -0.097636 -0.187000 -0.175146 -0.234683  0.078459 -0.119344 -0.158805 -0.000868  0.104027  0.178501  0.025005  0.125861  0.109385 -0.328023 -0.113165 -0.115862
 0.000000  0.000000 -0.000000 -0.000000  0.000000 -0.000000 -0.000000 -0.000000 -0.000000 -0.000000 -0.000000 -0.000000 -0.000000  0.707107  0.000000 -0.000000 -0.000000 -0.000000 -0.040945 -0.195712  0.066551 -0.223597  0.016412  0.149866 -0.061898 -0.136488  0.140481  0.407510  0.035664  0.010587  0.197707 -0.076359  0.074071  0.153631  0.181463  0.099620 -0.237407
-0.000000  0.000000 -0.000000  0.000000 -0.000000 -0.000000 -0.000000 -0.000000 -0.000000 -0.000000  0.000000  0.000000 -0.000000  0.000000 -0.000000  0.000000 -0.707107 -0.000000 -0.148188 -0.177180  0.186755  0.194040 -0.226593  0.306908 -0.258748 -0.040477 -0.027246  0.029194  0.067577 -0.149256 -0.316636 -0.041710 -0.069990  0.086573  0.001067 -0.003042  0.130967
-0.000000  0.000000 -0.000000 -0.000000 -0.000000 -0.000000  0.000000  0.000000 -0.000000  0.000000  0.707107  0.000000 -0.000000 -0.000000 -0.000000  0.000000 -0.000000 -0.000000 -0.212846  0.187736  0.244085 -0.291748 -0.091684  0.080704 -0.138575  0.094835 -0.201166  0.005549 -0.174243 -0.105615  0.115620  0.134090  0.084294 -0.328021  0.056061 -0.014553  0.014896
 0.707107  0.000000  0.000000  0.000000  0.000000  0.000000  0.000000 -0.000000 -0.000000  0.000000 -0.000000 -0.000000 -0.000000 -0.000000  0.000000  0.000000 -0.000000  0.000000  0.184606 -0.105619  0.007026 -0.108674  0.384109  0.215299 -0.015958 -0.219631 -0.074437 -0.142787 -0.054050 -0.286016 -0.050312  0.191037  0.110033  0.049314 -0.109199 -0.150556 -0.041312
-0.000002  0.000006 -0.000011 -0.000004 -0.000003  0.000000 -0.000004  0.000008 -0.000002  0.000016  0.000009 -0.706920  0.000011  0.000032  0.000065  0.000005  0.000004 -0.000001  0.068737  0.122580 -0.002743 -0.016411 -0.283069  0.055692  0.111731 -0.011907  0.153155  0.049725  0.085975  0.045192 -0.021375  0.363824 -0.049515  0.082063  0.079018 -0.428630 -0.130538
 0.000019  0.000172 -0.000175 -0.000089 -0.000084 -0.000356 -0.000046 -0.561645 -0.000076 -0.039343 -0.000395 -0.009981  0.019355 -0.000055 -0.001405  0.072912  0.000006 -0.000057 -0.278844  0.016816 -0.082634 -0.103690  0.054712 -0.003316  0.010098 -0.200578 -0.222719 -0.226905  0.513834  0.086719  0.118268 -0.084074  0.159438  0.080670  0.266875 -0.121721  0.163103
-0.000000  0.000000  0.000000 -0.000000  0.000000 -0.000000 -0.000000  0.000000 -0.000000  0.000000 -0.000000 -0.000000  0.000000 -0.000000  0.000000 -0.000000  0.000000  0.707107 -0.016543 -0.013356  0.441002  0.044882  0.045666 -0.167194  0.079448 -0.176426  0.155882 -0.184481  0.169519  0.094875 -0.116800  0.115993 -0.008460 -0.087502 -0.027837  0.201108 -0.251911
-0.000000  0.707107 -0.000000  0.000000 -0.000000  0.000000  0.000000  0.000000  0.000000 -0.000000  0.000000  0.000000  0.000000  0.000000  0.000000  0.000000 -0.000000  0.000000  0.097603  0.002054  0.090296  0.249962  0.139647  0.093426 -0.160104  0.213467  0.099150 -0.054317 -0.089324  0.215369  0.001747 -0.014400  0.433993 -0.039794  0.225241 -0.105402 -0.035690
 0.000000 -0.000000 -0.000000  0.000000 -0.000000  0.000000  0.000000 -0.000000  0.000000  0.000000  0.000000  0.000000 -0.000000  0.000000 -0.000000  0.000000 -0.000000 -0.707107 -0.016417 -0.013166  0.440952  0.044913  0.045557 -0.167154  0.079301 -0.176536  0.155943 -0.184536  0.169456  0.094817 -0.116760  0.115889 -0.008445 -0.087499 -0.027895  0.201160 -0.252032
 0.000000 -0.000000  0.000000 -0.000000  0.000000  0.000000  0.000000  0.000000  0.000000 -0.000000 -0.000000 -0.000000 -0.000000 -0.000000  0.000000 -0.000000  0.707107  0.000000 -0.148196 -0.177170  0.186844  0.194123 -0.226644  0.306786 -0.258673 -0.040638 -0.027273  0.029233  0.067473 -0.149383 -0.316642 -0.042012 -0.069935  0.086489  0.001067 -0.003282  0.130882
 0.000000  0.000000  0.000000 -0.000000  0.000000 -0.000000  0.707107  0.000000 -0.000000  0.000000  0.000000 -0.000000 -0.000000 -0.000000  0.000000  0.000000  0.000000 -0.000000 -0.274223  0.006337 -0.149806  0.033081  0.186309 -0.152810 -0.303263 -0.280492  0.170868  0.062312 -0.174522  0.219224 -0.078910  0.119003 -0.123560 -0.089190 -0.014476 -0.117962  0.056467
-0.707107  0.000000 -0.000000  0.000000  0.000000  0.000000  0.000000 -0.000000 -0.000000  0.000000  0.000000 -0.000000  0.000000 -0.000000 -0.000000 -0.000000  0.000000  0.000000  0.184598 -0.105605  0.007015 -0.108705  0.384133  0.215315 -0.016000 -0.219587 -0.074422 -0.142826 -0.054012 -0.286005 -0.050295  0.191082  0.110005  0.049362 -0.109174 -0.150514 -0.041291
-0.000000  0.000000 -0.000000 -0.000000 -0.000000 -0.000000  0.000000 -0.000000 -0.000000 -0.000000  0.707107  0.000000  0.000000 -0.000000 -0.000000 -0.000000 -0.000000 -0.000000  0.212616 -0.187715 -0.244128  0.291739  0.091666 -0.080794  0.138660 -0.095156  0.200910 -0.005651  0.174611  0.105629 -0.115555 -0.134288 -0.084042  0.328019 -0.055875  0.014356 -0.014789
 0.000059 -0.000005 -0.000052  0.000034 -0.000018 -0.000127 -0.000152  0.000072  0.000012 -0.703537  0.000174  0.002240  0.000045  0.000036  0.000015  0.000034  0.000250 -0.000021  0.038040  0.033909 -0.103436 -0.126715  0.076732  0.159477 -0.170098  0.254829  0.090334 -0.095931  0.107490  0.131274  0.030499  0.377341 -0.128238  0.161183  0.012473  0.332702  0.088021
 0.000000  0.000000 -0.000000 -0.000000  0.000000  0.707106 -0.000000 -0.000000 -0.000000  0.000000 -0.000000  0.000000 -0.000000 -0.000000  0.000000 -0.000000  0.000000 -0.000000 -0.413804  0.091854 -0.066092  0.186983  0.039053  0.161578  0.197428  0.043830 -0.088608 -0.113545 -0.185859 -0.011027  0.077454  0.037913  0.039203  0.239515 -0.097833  0.052242 -0.280032
 0.000004 -0.000122 -0.000127  0.000091 -0.000223  0.000525  0.000130  0.613987 -0.000025 -0.069627 -0.000235 -0.017861 -0.000502  0.000244 -0.001384 -0.000109 -0.000030  0.000141  0.031195  0.333730 -0.195475 -0.000600 -0.180011  0.102747 -0.217971 -0.380730 -0.098256 -0.209138  0.274905  0.012623  0.128196 -0.172113  0.206852  0.017776  0.041721  0.073435 -0.080275
-0.000021  0.000120  0.000155 -0.000038 -0.000091 -0.000171 -0.000250 -0.000114 -0.000086 -0.000055 -0.000070 -0.000073  0.001323  0.000062 -0.000092 -0.704235  0.000053 -0.000065 -0.031256 -0.163309 -0.144780  0.066177 -0.069748  0.125966  0.233193 -0.146516 -0.197580  0.196821  0.095521  0.227961 -0.105246  0.215948  0.227874 -0.246994 -0.143660  0.133247  0.081130
 0.000000  0.000000  0.000000 -0.000000  0.000000 -0.000000  0.707107 -0.000000 -0.000000  0.000000  0.000000 -0.000000 -0.000000 -0.000000  0.000000 -0.000000  0.000000 -0.000000  0.274129 -0.006571  0.149724 -0.033116 -0.186235  0.152924  0.303447  0.280601 -0.170981 -0.062198  0.174657 -0.218995  0.078833 -0.118663  0.123612  0.089094  0.014439  0.118117 -0.056304
-0.000000 -0.000000  0.000000  0.000000 -0.000000  0.000000  0.000000 -0.000000  0.000000  0.000000  0.000000  0.000000  0.000000 -0.707107 -0.000000 -0.000000  0.000000  0.000000 -0.040751 -0.195442  0.066375 -0.223543  0.016186  0.150014 -0.062060 -0.136708  0.140503  0.407494  0.035660  0.010624  0.197730 -0.076314  0.074195  0.153581  0.181324  0.099796 -0.237551
 0.000000 -0.000000 -0.000000  0.000000  0.000000  0.000000  0.000000 -0.000000 -0.707107 -0.000000  0.000000  0.000000  0.000000  0.000000  0.000000  0.000000 -0.000000  0.000000 -0.172393 -0.018745 -0.234736 -0.005707  0.041905 -0.117514 -0.072860  0.210355  0.217663  0.066394  0.251380 -0.320883 -0.142740  0.015938  0.153921 -0.207782 -0.083690  0.009355 -0.192727
 0.000000 -0.000000  0.707107  0.000000 -0.000000 -0.000000  0.000000  0.000000  0.000000 -0.000000 -0.000000 -0.000000 -0.000000 -0.000000 -0.000000 -0.000000  0.000000  0.000000 -0.007492  0.345134 -0.009643  0.097541  0.187039  0.175156  0.234531 -0.078453  0.119380  0.158578  0.001062 -0.104062 -0.178383 -0.025091 -0.125934 -0.109233  0.328190  0.113101  0.115871
-0.000025  0.000070  0.000177 -0.000009 -0.000100 -0.000035 -0.000226  0.000006 -0.000073  0.000089 -0.000015 -0.000037 -0.002873  0.000102  0.000042  0.702345  0.000049 -0.000037  0.030914 -0.128417 -0.150560  0.088089 -0.102413  0.138981  0.206323 -0.149107 -0.162727  0.220682  0.019770  0.211812 -0.115453  0.214107  0.219051 -0.262580 -0.195293  0.167701  0.037686
-0.000000 -0.000000  0.000000  0.000000 -0.000000 -0.707106  0.000000 -0.000000  0.000000  0.000000  0.000000 -0.000000 -0.000000  0.000000 -0.000000 -0.000000 -0.000000  0.000000 -0.413218  0.092592 -0.066309  0.187179  0.038552  0.161763  0.196909  0.043347 -0.088363 -0.113634 -0.186247 -0.011242  0.077548  0.037531  0.039308  0.239417 -0.098194  0.052486 -0.280570
 0.000002 -0.000001  0.000016  0.000001  0.000012 -0.000022 -0.000002 -0.000006  0.000003  0.000015  0.000001 -0.706927  0.000022 -0.000041 -0.000008  0.000014 -0.000002 -0.000004 -0.069834 -0.135996  0.010471  0.016156  0.290539 -0.059526 -0.103339  0.028014 -0.148879 -0.041429 -0.097016 -0.045466  0.016228 -0.355944  0.040770 -0.082359 -0.080723  0.426457  0.133957
 0.000060 -0.000024 -0.000073  0.000048 -0.000053 -0.000045 -0.000131  0.000032  0.000008  0.705159  0.000135 -0.000565 -0.000016  0.000074 -0.000206  0.000044  0.000244  0.000001  0.042229  0.086362 -0.134122 -0.126760  0.048375  0.175265 -0.203979  0.193923  0.074185 -0.129134  0.151639  0.133147  0.050867  0.349200 -0.095071  0.163799  0.019618  0.343203  0.075555
-0.000000  0.000000  0.000000 -0.000000 -0.707107 -0.000000 -0.000000 -0.000000  0.000000 -0.000000  0.000000 -0.000000  0.000000 -0.000000  0.000000  0.000000 -0.000000 -0.000000  0.060010 -0.157785 -0.047642  0.367321 -0.021698 -0.075973 -0.088210 -0.053412 -0.149523  0.004573  0.020891 -0.188161  0.320481  0.187140 -0.182295 -0.166819  0.222708  0.063330 -0.082546
 0.000015  0.000309 -0.000036 -0.000191  0.000161 -0.000942 -0.000191  0.554595 -0.000049  0.037291 -0.000140  0.009669  0.020119 -0.000326  0.000109  0.073807  0.000039 -0.000214 -0.316940 -0.352490  0.132715 -0.104309  0.254679 -0.117105  0.251619  0.218305 -0.116826  0.001795  0.216018  0.073872 -0.022178  0.105360 -0.067480  0.061924  0.224045 -0.204598  0.254047
 0.000001  0.000015  0.000026  0.000017  0.000004 -0.000046  0.000006 -0.000006 -0.000004 -0.000005 -0.000048  0.000019 -0.706867 -0.000000 -0.000006 -0.000010  0.000004 -0.000011 -0.018481  0.128747  0.070662  0.052516 -0.036696 -0.353999 -0.042891 -0.068332 -0.136060  0.194614 -0.053190 -0.188102 -0.089053  0.198982  0.252967  0.313626  0.046745  0.109507  0.154426
-0.000000 -0.000001 -0.000032 -0.000025 -0.000001  0.000009 -0.000012 -0.000024  0.000000 -0.000023  0.000033 -0.000038 -0.706788 -0.000011 -0.000029 -0.000066 -0.000003  0.000003  0.001620 -0.138358 -0.068679 -0.058569  0.045870  0.350217  0.050079  0.069676  0.127014 -0.201182  0.073320  0.192162  0.091853 -0.198640 -0.251166 -0.309091 -0.032570 -0.119140 -0.142684
 0.000000  0.000000  0.000000  0.707107  0.000000 -0.000000 -0.000000 -0.000000 -0.000000 -0.000000 -0.000000 -0.000000  0.000000 -0.000000  0.000000  0.000000 -0.000000 -0.000000  0.042631  0.221629  0.139261  0.131907  0.226910  0.026280 -0.143834  0.121104 -0.241069  0.286133  0.249579  0.113473  0.026537 -0.034580 -0.136980  0.027638 -0.239595 -0.132792 -0.114534
-0.000000 -0.000000 -0.000000  0.000000  0.707107  0.000000  0.000000  0.000000 -0.000000  0.000000 -0.000000 -0.000000  0.000000  0.000000 -0.000000  0.000000  0.000000  0.000000  0.060065 -0.157627 -0.047797  0.367340 -0.021831 -0.075858 -0.088292 -0.053624 -0.149590  0.004524  0.021021 -0.188089  0.320515  0.187152 -0.182148 -0.166871  0.222659  0.063450 -0.082590
 0.000000  0.000000  0.000000 -0.000000 -0.000000 -0.000000 -0.000000 -0.000000  0.707107 -0.000000 -0.000000 -0.000000  0.000000 -0.000000 -0.000000 -0.000000  0.000000 -0.000000 -0.172445 -0.018789 -0.234772 -0.005704  0.041899 -0.117496 -0.072793  0.210295  0.217585  0.066414  0.251471 -0.320823 -0.142751  0.015972  0.153995 -0.207828 -0.083682  0.009352 -0.192683
 0.707107
