4 11
-0.000000 -0.527733 -0.137846  0.000000 -0.253753  0.405317  0.181050  0.579165 -0.215034 -0.156777  0.186532
-0.665579 -0.000000 -0.000000  0.000000 -0.352994 -0.227988 -0.334079 -0.054199 -0.005653  0.016781  0.515326
 0.000000  0.000000 -0.137846 -0.527733  0.085395 -0.229208 -0.451999  0.460968 -0.101970  0.354136 -0.300105
 0.000000 -0.000000 -0.000000  0.665579  0.168371  0.105094 -0.412228  0.023281 -0.538280  0.209775 -0.115702
-0.000000  0.000000  0.665579 -0.000000  0.307259 -0.375136  0.032038  0.335784 -0.170268 -0.408111  0.112011
 0.527733 -0.000000  0.137846  0.000000 -0.718594 -0.330215 -0.075288 -0.115108 -0.239630 -0.018708 -0.019655
-0.000000  0.665579 -0.000000  0.000000 -0.063630  0.067491  0.426191  0.316319 -0.239299  0.360861  0.281459
-0.000000 -0.000000 -0.665579  0.000000  0.198906 -0.480231  0.203993 -0.039870 -0.339848 -0.352940  0.059605
 0.000000  0.527733 -0.137846  0.000000 -0.173502  0.320197 -0.356464  0.180222  0.086771 -0.611897 -0.168446
 0.527733  0.000000 -0.137846 -0.000000  0.273396  0.042675 -0.346054  0.046751  0.232500  0.039873  0.669586
 0.000000  0.000000  0.137846 -0.527733  0.126955  0.361752 -0.067904 -0.431605 -0.576911 -0.089568  0.154181
 0.665579
