12 40
 0.000000  0.000000  0.000000  0.000000 -0.000000 -0.000000 -0.042729  0.000000 -0.070680 -0.000000 -0.461050 -0.000000  0.225897  0.325527 -0.161368 -0.071591  0.130144 -0.053824  0.136969 -0.211949 -0.075442  0.149606 -0.075884  0.017609  0.053262  0.053054 -0.106045  0.121196  0.058589  0.147634  0.188958  0.287386 -0.167740 -0.208820 -0.061836 -0.071205 -0.153460 -0.228829  0.117790  0.359523
 0.000000 -0.000000  0.000000  0.000000  0.574459 -0.000000 -0.000000 -0.000000  0.000000 -0.000000 -0.000000 -0.000000 -0.138635  0.184255  0.082769 -0.156507  0.108263 -0.184647  0.114050 -0.007209  0.052513 -0.127566 -0.046925 -0.200910 -0.241930 -0.039162  0.195067  0.165381 -0.056072 -0.450739 -0.048109  0.065801  0.064831 -0.223580  0.158508 -0.186319 -0.079403  0.035970 -0.069508 -0.011390
-0.000000 -0.000000  0.000000  0.000000 -0.000000 -0.000000  0.000000  0.000000 -0.000000  0.000000 -0.000000  0.574458 -0.243608  0.000869  0.092241  0.377494  0.073682 -0.104630 -0.164028  0.275444 -0.016944  0.090593  0.203678  0.049714 -0.117496  0.217574  0.061699 -0.140246  0.135931 -0.078305 -0.085356  0.248563 -0.153616 -0.069463  0.005719  0.009873 -0.033433 -0.069730  0.252420  0.107207
 0.000000 -0.000000  0.000000  0.000000  0.070682  0.461047  0.000000 -0.000000  0.000000 -0.000000  0.000000 -0.042728  0.081638 -0.146958  0.293125  0.024364 -0.043719 -0.046895 -0.133881  0.154655  0.053224  0.096322 -0.225417  0.007121 -0.035903  0.016742 -0.112279 -0.064944 -0.388902  0.135547  0.006617 -0.107783 -0.142741 -0.210423  0.029599 -0.017900 -0.358247 -0.348959  0.036404 -0.199873
 0.000000 -0.000000 -0.000000 -0.000000 -0.574459  0.000000 -0.000000 -0.000000 -0.000000  0.000000 -0.000000 -0.000000 -0.030493  0.083636  0.036400 -0.061100  0.128278  0.118690  0.078417  0.085763 -0.094548  0.135025 -0.402863  0.047977 -0.313006  0.025290  0.252381 -0.075162  0.051101 -0.324050  0.008944  0.026320 -0.044104  0.094476  0.150329 -0.113030 -0.238891  0.074759 -0.179862  0.059939
-0.000005  0.000032  0.574251  0.000025  0.000015 -0.000008 -0.000033  0.000006 -0.000022 -0.000011  0.000006 -0.000018 -0.237069 -0.108270 -0.010325 -0.022664  0.114502  0.186146  0.135185  0.043923  0.020683  0.005299 -0.099903 -0.193955  0.231732  0.096324  0.091235  0.129057  0.105701 -0.125567  0.105133  0.162906 -0.003705  0.123578 -0.343758 -0.016332  0.065160 -0.379995 -0.107193 -0.198315
-0.000004 -0.000008  0.000016 -0.574266 -0.000003  0.000093  0.000010 -0.000004 -0.000032  0.000005 -0.000012  0.000005  0.084270 -0.427877 -0.032044 -0.202828  0.118954 -0.184859  0.175026 -0.049102  0.002504  0.248571  0.114921 -0.046857 -0.167788  0.098917  0.135903  0.134979  0.271918  0.193402 -0.234743 -0.046742 -0.100719 -0.092590  0.091379  0.001060 -0.002608 -0.069869 -0.054282 -0.033835
 0.000028 -0.000015  0.000012 -0.000002  0.000006  0.000007 -0.000001 -0.574312  0.000019  0.000013 -0.000040  0.000002  0.101709  0.098587  0.319164 -0.053231  0.206051  0.065632  0.070607  0.017149  0.091701  0.134097  0.195538  0.039704 -0.187183  0.217801 -0.118781  0.164208  0.042693 -0.019501  0.399854 -0.050671  0.166966  0.124574  0.090569  0.260216  0.012816  0.038761  0.039414 -0.128153
 0.000000  0.000000  0.000000  0.000000  0.000000 -0.000000  0.000000  0.000000 -0.574459 -0.000000 -0.000000  0.000000  0.140036  0.133148 -0.033077 -0.054936 -0.278021  0.000192 -0.001642  0.016756 -0.085326 -0.018076  0.095321 -0.154109 -0.257335 -0.275401  0.169035 -0.223929  0.220759 -0.090440  0.115383 -0.165542 -0.157821 -0.001901 -0.086064  0.204525  0.076710 -0.241330  0.162985 -0.165143
 0.000000 -0.000000  0.000000  0.000000 -0.070681  0.461050  0.000000 -0.000000  0.000001  0.000000  0.000000 -0.042727 -0.284521  0.019914 -0.009273 -0.075610 -0.095678 -0.017513 -0.060172  0.068475 -0.370997 -0.069392 -0.029778 -0.137710 -0.173257 -0.219730 -0.246628  0.409973  0.166267  0.110630 -0.004304  0.134427  0.033877  0.244508  0.103337 -0.100357  0.102188  0.091148  0.213893  0.045015
 0.000000 -0.000000  0.000000 -0.000000  0.000000  0.000000 -0.000000 -0.000000  0.000000 -0.000000 -0.000000 -0.574459  0.047816  0.044536  0.338184  0.275130 -0.124955  0.178311 -0.058326  0.176245 -0.215367  0.116968  0.272269  0.047636  0.092750  0.152634  0.164223  0.110206  0.101041 -0.142197 -0.104860  0.006861 -0.232052 -0.159193 -0.032575 -0.120246  0.101962  0.009012 -0.041395  0.194777
 0.000000  0.000000 -0.000000  0.000000  0.000000 -0.000000  0.000000 -0.000000 -0.000000 -0.000000 -0.574459 -0.000000 -0.059734 -0.132597  0.185205 -0.287488  0.029078 -0.006430 -0.336518  0.026138  0.086445 -0.106794 -0.179283  0.181713 -0.058468  0.059993  0.127926  0.058930 -0.101246 -0.122759 -0.170032  0.006878 -0.133791  0.035745 -0.186160  0.232544  0.319701  0.159784  0.111063 -0.062643
 0.574341  0.000008  0.000000  0.000005 -0.000008  0.000028  0.000003  0.000000  0.000001 -0.000005  0.000008  0.000016  0.059578  0.273885 -0.028441 -0.174182 -0.035738 -0.039252  0.117774  0.487833  0.247729  0.088918 -0.014011 -0.133805  0.168960 -0.006657  0.178250  0.090780 -0.073337  0.176812 -0.151366 -0.044911 -0.012784  0.214574  0.136833  0.054018  0.044365 -0.039548  0.058657  0.115675
-0.073066  0.000120 -0.000061 -0.000018 -0.000019  0.000868 -0.000017 -0.000264  0.000013 -0.499644 -0.000233  0.000032  0.209796  0.224353  0.125412  0.031518  0.086576  0.185949 -0.068965 -0.169830 -0.088204  0.065621 -0.083653 -0.203891  0.033569  0.124916 -0.111684 -0.119958  0.068104 -0.004523 -0.495938  0.163363  0.248971  0.046181  0.186971  0.081030  0.092035 -0.139572  0.090882 -0.186742
 0.000103  0.000057  0.000114 -0.000030 -0.000029  0.000085 -0.000083  0.072253 -0.000005  0.501033 -0.000321 -0.000300  0.099196 -0.037829  0.117920  0.042879 -0.282811 -0.096176  0.087041 -0.043160 -0.135868 -0.133021 -0.187705  0.074209  0.095420  0.183937  0.096985 -0.049739  0.044386  0.041199  0.037185  0.362047  0.202522 -0.047072  0.412970  0.206334  0.214574 -0.173426 -0.097399 -0.090913
 0.073341  0.000003  0.000038 -0.000018 -0.000013 -0.001115  0.000052  0.000126 -0.000235 -0.498675 -0.000119 -0.000689 -0.081002 -0.162808 -0.293711  0.114701 -0.310415  0.078439  0.115202  0.086232 -0.029926 -0.226454 -0.140296  0.042200 -0.013182  0.268993  0.085250  0.265969 -0.018116 -0.026335  0.198151 -0.030818 -0.085011 -0.246610  0.144048  0.350619 -0.087549  0.068132 -0.005369  0.027532
-0.000020  0.499570  0.073104  0.000022 -0.000194  0.000835  0.000189 -0.000024  0.000004 -0.000113 -0.000019 -0.000346  0.017224 -0.180818 -0.023108 -0.270459 -0.260252  0.015878 -0.021229  0.160121 -0.075847  0.168743  0.039836 -0.089874 -0.073623  0.160954 -0.215969 -0.192343 -0.053141 -0.206895  0.005591 -0.052117  0.392490 -0.073394 -0.147439 -0.014889 -0.001005 -0.061759  0.078719  0.381704
-0.000000  0.000000  0.000000  0.000000 -0.000000  0.000000 -0.000000 -0.000000 -0.000000 -0.000000 -0.000000  0.574458  0.244218  0.044740  0.285534 -0.112037 -0.245035  0.277280  0.129852 -0.067039 -0.213969  0.043184  0.036164  0.034716  0.168361 -0.096347  0.020621  0.296325 -0.057272 -0.043517 -0.046186 -0.226511 -0.099378 -0.090748 -0.034815 -0.144678  0.102763  0.043591 -0.257820  0.046543
-0.000013  0.000036  0.574211  0.000008  0.000007 -0.000049 -0.000016  0.000006  0.000075  0.000008  0.000013 -0.000013  0.343066  0.121180 -0.172686  0.068235 -0.207022 -0.143020 -0.198621  0.033844 -0.030469  0.086259  0.123411  0.147827 -0.276379  0.070378  0.133248  0.095486 -0.169557  0.143520 -0.023148  0.120446  0.107603 -0.006237 -0.029751 -0.206832 -0.061215  0.290314  0.032222 -0.192650
 0.000021 -0.499654  0.073211  0.000084 -0.000008 -0.000388  0.000211 -0.000030  0.000099 -0.000023 -0.000064  0.000660 -0.259350 -0.072061  0.073052 -0.332640 -0.229745  0.318385  0.010400 -0.164527  0.043671  0.073190  0.269159 -0.170704 -0.110844  0.059608  0.065026 -0.236167 -0.228903  0.113438  0.008607  0.219027 -0.021665  0.015030  0.079763  0.046012 -0.151695  0.082898  0.000443  0.195326
 0.000007  0.000014 -0.000005  0.000000  0.000022 -0.000030  0.000015  0.574326 -0.000001  0.000001 -0.000008  0.000011 -0.112571  0.115184  0.156951  0.071127  0.023038 -0.109804 -0.053377 -0.166931  0.016327  0.463994  0.088640  0.017276  0.088063 -0.059820  0.096389  0.228734 -0.028249 -0.096586  0.142301 -0.086100  0.216716  0.060642 -0.019472  0.380183 -0.160462  0.090808  0.059880 -0.060233
 0.000000  0.000000  0.000000  0.000000 -0.000000  0.000000  0.000000  0.000000  0.574459  0.000000 -0.000000  0.000000  0.106913 -0.029466 -0.012399  0.150258 -0.067407  0.200336  0.103778  0.039660  0.133283  0.183301 -0.131482 -0.199833 -0.250408 -0.364450  0.113323 -0.086589  0.020981  0.052476  0.158965  0.037395 -0.006332 -0.254192 -0.048889  0.064725  0.329465 -0.036355  0.205860 -0.012297
 0.000020  0.499617 -0.000012 -0.072611  0.000296 -0.001224 -0.000012  0.000030  0.000062  0.000014 -0.000026  0.000519 -0.205706  0.191839  0.168264 -0.081980  0.123373  0.141662  0.069497  0.031808 -0.140491 -0.194682  0.089918 -0.038531 -0.035331 -0.146633  0.178648 -0.125392  0.006927  0.389054 -0.031648  0.218531 -0.032488 -0.201537 -0.127972  0.204382 -0.198082  0.227622 -0.213727 -0.124552
 0.000000  0.000000  0.000000 -0.000000 -0.000000 -0.574458 -0.000000 -0.000000  0.000000  0.000000 -0.000000 -0.000000  0.041076 -0.169246  0.109303 -0.001867  0.109727 -0.049072 -0.395208  0.086193 -0.307049 -0.070948 -0.126202 -0.392974 -0.003434 -0.057261  0.051804  0.154458 -0.140007  0.179911  0.168343 -0.064205 -0.002771  0.047048  0.146403 -0.056972 -0.118843 -0.110042  0.094628  0.060248
 0.000000  0.000000 -0.000000 -0.000000 -0.000000 -0.000000 -0.042729 -0.000000  0.070680 -0.000000 -0.461050  0.000000 -0.021864 -0.102027 -0.221019  0.224716  0.067686  0.122922  0.005447  0.174639 -0.071098 -0.045711  0.365825  0.069185 -0.150742 -0.275057 -0.046837  0.022462 -0.140537 -0.085789 -0.090959 -0.063708  0.206607  0.120354  0.203305  0.089909 -0.083169 -0.271250 -0.382423 -0.023444
-0.000000 -0.000000 -0.000000  0.000000  0.000000  0.494836 -0.000000 -0.000000 -0.000001 -0.000000 -0.000000  0.079621  0.235451 -0.077968 -0.138177  0.045852  0.257024  0.003707 -0.277431 -0.107583 -0.060418 -0.108784  0.091464 -0.334340  0.190703  0.122568  0.395717 -0.141361  0.044570 -0.019200  0.194309 -0.099127  0.096775  0.021821  0.045952  0.045398  0.099466  0.113730 -0.124035  0.213793
 0.000008 -0.000010  0.000003 -0.574323 -0.000047  0.000036 -0.000002  0.000002 -0.000001 -0.000008  0.000000 -0.000014 -0.155735  0.228950 -0.086967 -0.007218  0.070644  0.226269 -0.006836  0.000899 -0.193511 -0.116280  0.005630  0.293143  0.161818 -0.002205  0.160067 -0.089764 -0.243320 -0.070109  0.153320 -0.163868  0.195169 -0.029756  0.082582 -0.152650  0.070434 -0.100298  0.360503 -0.065337
 0.000007 -0.000018 -0.574294  0.000025 -0.000004 -0.000000  0.000003 -0.000016  0.000066 -0.000003  0.000008  0.000009  0.075076 -0.019383 -0.176573 -0.031271 -0.155029  0.085624 -0.064759  0.077154 -0.013882  0.122345  0.062855 -0.079251 -0.068089  0.194766  0.205328  0.169920 -0.099794  0.006073  0.083924  0.304711  0.151081  0.109925 -0.381969 -0.219156 -0.015446 -0.087033 -0.064950 -0.317417
-0.000014  0.000005  0.000008 -0.574327 -0.000002  0.000027 -0.000003 -0.000016  0.000029  0.000009  0.000013  0.000005  0.088509  0.164155  0.088667  0.222797 -0.216893 -0.039075 -0.181719 -0.000632  0.241480 -0.095145 -0.114313 -0.246765  0.010164 -0.072475 -0.305652 -0.019127 -0.052467 -0.181093  0.089795  0.189615 -0.138341  0.184299 -0.113180  0.107669 -0.036857  0.130958 -0.262178  0.107189
 0.574156  0.000010  0.000005 -0.000007  0.000009  0.000132 -0.000007 -0.000053  0.000009  0.000004 -0.000014  0.000051 -0.043657 -0.100140  0.052311 -0.022963 -0.036352  0.204762 -0.391862 -0.230468  0.143931 -0.046287  0.006338  0.175125 -0.003069 -0.103985 -0.094774  0.016979  0.404638 -0.058398  0.090760  0.055223  0.158151 -0.241439  0.055247 -0.169425 -0.154867 -0.056943 -0.048486 -0.092193
 0.000039  0.501156  0.000032  0.072434 -0.000110  0.000001  0.000035 -0.000053  0.000033 -0.000044 -0.000019  0.000486 -0.070744 -0.082947 -0.071807  0.019635 -0.092614  0.160206 -0.037707 -0.355313  0.259210  0.098849  0.139063 -0.042059 -0.001902  0.045048  0.102068  0.081225 -0.182189 -0.068501  0.034800  0.052455 -0.380532  0.289116  0.354022 -0.143157  0.047280 -0.082696  0.134975 -0.061497
 0.000000 -0.000000 -0.000000  0.000000  0.000000  0.000000  0.574459 -0.000000  0.000000  0.000000 -0.000000 -0.000000  0.291516 -0.230572 -0.024138 -0.108000  0.107981  0.079322  0.104916  0.161903 -0.077095 -0.043654  0.114944  0.033709  0.247497 -0.243644 -0.051369 -0.011792 -0.003154 -0.271443  0.021075  0.299366 -0.075929  0.014814  0.054457  0.091722 -0.220027  0.163976  0.229059 -0.099773
 0.000001  0.000003 -0.000034 -0.000005 -0.000012 -0.000015  0.000009  0.574326 -0.000007 -0.000014  0.000005 -0.000016  0.205611  0.000815  0.111493 -0.116835  0.226229  0.233043  0.107727  0.184268  0.094779 -0.316452  0.126066 -0.016745 -0.296708  0.280786 -0.243046 -0.033804  0.066094  0.062788  0.210397 -0.039018 -0.079999  0.050724  0.047683 -0.117819  0.119842 -0.017459  0.014900 -0.065112
 0.000000 -0.000000 -0.000000  0.000000  0.000000 -0.000000 -0.079623 -0.000000  0.000000  0.000000  0.494836 -0.000000  0.120851  0.054331 -0.141176 -0.191065  0.217861  0.057039 -0.257913 -0.004562 -0.036316 -0.027255  0.061883  0.291753 -0.158665 -0.136925  0.006094  0.202218 -0.193850 -0.084855 -0.106237  0.216702 -0.118868 -0.041014 -0.083889  0.287700  0.150788 -0.280581 -0.117636  0.240289
-0.000000 -0.000000 -0.000000 -0.000000  0.000000 -0.000000 -0.574459  0.000000  0.000000 -0.000000  0.000000 -0.000000  0.230627 -0.232278  0.204678  0.110575 -0.019055  0.048125  0.191874 -0.050473  0.109057 -0.289444  0.015409  0.054166  0.025971 -0.166500  0.176005  0.093558  0.024763 -0.067258 -0.089713  0.131763  0.145764  0.194694 -0.122913  0.036701 -0.285307  0.033215  0.302325  0.140231
-0.000000 -0.000000 -0.000000  0.000000 -0.574459 -0.000000 -0.000000 -0.000000 -0.000000  0.000000 -0.000000 -0.000000 -0.063195  0.080244  0.083696 -0.083055 -0.013437 -0.306942  0.026598 -0.082348  0.199186 -0.242336  0.331885 -0.231062  0.087975 -0.035522 -0.040649  0.182118 -0.175399 -0.123347 -0.055724  0.009790  0.087111 -0.374158 -0.001024 -0.063002  0.102698 -0.092770  0.088326 -0.101639
 0.000000 -0.000000  0.000000  0.000000 -0.000000 -0.000000  0.000000  0.000000 -0.574459 -0.000000 -0.000000  0.000000 -0.063589 -0.215134  0.013570  0.241533  0.202946  0.221797  0.089159  0.070400  0.219149  0.177463 -0.172302 -0.039340 -0.018216 -0.129583 -0.048377  0.124976 -0.224382  0.114289  0.009206  0.159961  0.197610 -0.211610  0.069740 -0.120219  0.261461  0.199777 -0.018757  0.105703
-0.574248  0.000019 -0.000007  0.000010  0.000002 -0.000093  0.000004 -0.000013 -0.000022 -0.000001  0.000009 -0.000025 -0.021110  0.124475 -0.029584 -0.186530 -0.122782  0.151868 -0.250495  0.290058  0.399068  0.005363 -0.014953  0.072607  0.159973 -0.092117  0.108655  0.157010  0.320233  0.115686  0.027780 -0.014363  0.102815 -0.064161  0.186806 -0.080839 -0.133341 -0.070052 -0.002056  0.050750
-0.000029 -0.000186  0.000118 -0.000010  0.000002  0.000329 -0.000118  0.072418  0.000216 -0.500645  0.000030  0.000354 -0.029401 -0.099540  0.285425 -0.102712 -0.060169 -0.360002  0.041184  0.040394 -0.018144  0.026910  0.035353  0.235748  0.075131 -0.208574  0.123641 -0.194933 -0.005461  0.072034  0.334783  0.229995  0.038829  0.152426  0.083213 -0.223583  0.210084 -0.102089 -0.182870  0.067870
 0.000000 -0.000000  0.000000  0.000000  0.000000 -0.000000  0.574459 -0.000000  0.000000 -0.000000  0.000000  0.000000 -0.028857  0.022539  0.180893  0.203673 -0.081974 -0.018359  0.061813 -0.215766  0.170182 -0.241934 -0.069528  0.067490 -0.250662  0.041537  0.216923  0.144131 -0.004926  0.197076 -0.118185 -0.120868  0.208063  0.167662 -0.178432 -0.013813 -0.061843 -0.206918  0.037184  0.298090
 0.574459
