15 20
 0.000000  0.000000 -0.000000  0.000000  0.000000 -0.000000 -0.000000 -0.000000  0.000000  0.000000  0.000000 -0.992620  0.000000 -0.000000  0.000000  0.000781 -0.018010 -0.059658  0.084699  0.060394
 0.707107  0.000000 -0.000000 -0.000000 -0.082124  0.000000 -0.000000  0.000000 -0.000000 -0.000000  0.203389  0.000000  0.000000  0.000000 -0.000000  0.267742  0.589230 -0.107275 -0.050818  0.137549
-0.000000  0.000000  0.992620  0.000000 -0.000000 -0.000000  0.000000 -0.000000  0.000000 -0.000000  0.000000 -0.000000  0.000000  0.000000 -0.000000  0.097691 -0.026554  0.011865  0.039331 -0.052621
 0.000000  0.000000  0.000000  0.000000 -0.000000 -0.000000  0.000000 -0.203389 -0.082124  0.000000 -0.000000  0.000000 -0.707107 -0.000000  0.000000 -0.234384  0.172142 -0.331780  0.150447 -0.484363
-0.000000 -0.000000 -0.000000  0.000000  0.000000 -0.707107 -0.000000 -0.000000 -0.000000 -0.000000  0.000000 -0.082124 -0.000000  0.203389 -0.000000 -0.004331  0.099836  0.330708 -0.469522 -0.334790
-0.000000  0.000000 -0.000000 -0.000000  0.992620 -0.000000 -0.000000 -0.000000 -0.000000 -0.000000  0.000000  0.000000  0.000000  0.000000  0.000000  0.048299  0.106293 -0.019352 -0.009167  0.024813
 0.000000  0.000000  0.000000  0.000000 -0.000000 -0.000000 -0.000000  0.000000 -0.000000 -0.000000 -0.000000  0.034880 -0.000000  0.957740  0.000000  0.001840 -0.042403 -0.140461  0.199419  0.142194
-0.000000  0.203389 -0.082124  0.000000  0.000000  0.000000  0.000000  0.000000  0.000000 -0.000000 -0.000000  0.000000  0.000000 -0.000000 -0.707107  0.541544 -0.147202  0.065772  0.218026 -0.291701
-0.000000  0.000000  0.000000  0.000000 -0.000000  0.000000 -0.000000 -0.203389 -0.082124  0.000000  0.000000  0.000000  0.707107 -0.000000  0.000000 -0.234384  0.172142 -0.331780  0.150447 -0.484363
 0.000000 -0.000000 -0.000000 -0.000000  0.000000  0.707107 -0.000000 -0.000000 -0.000000 -0.000000  0.000000 -0.082124 -0.000000  0.203389 -0.000000 -0.004331  0.099836  0.330708 -0.469522 -0.334790
-0.000000 -0.000000 -0.000000 -0.000000  0.000000  0.000000 -0.034880 -0.000000 -0.000000 -0.957740 -0.000000  0.000000 -0.000000 -0.000000 -0.000000  0.075952 -0.088510 -0.197674 -0.169192  0.014641
 0.000000 -0.203389  0.082124 -0.000000 -0.000000  0.000000 -0.000000 -0.000000 -0.000000  0.000000  0.000000  0.000000 -0.000000 -0.000000 -0.707107 -0.541544  0.147202 -0.065772 -0.218026  0.291701
-0.000000  0.000000 -0.000000 -0.707107 -0.000000 -0.000000 -0.082124  0.000000 -0.000000  0.203389  0.000000  0.000000 -0.000000 -0.000000 -0.000000  0.178826 -0.208393 -0.465412 -0.398353  0.034471
-0.000000  0.000000  0.000000 -0.000000  0.000000  0.000000 -0.000000  0.000000  0.992620  0.000000  0.000000  0.000000 -0.000000 -0.000000  0.000000 -0.042281  0.031053 -0.059851  0.027140 -0.087376
 0.000000 -0.000000  0.000000  0.707107  0.000000 -0.000000 -0.082124  0.000000  0.000000  0.203389 -0.000000  0.000000 -0.000000 -0.000000  0.000000  0.178826 -0.208393 -0.465412 -0.398353  0.034471
 0.000000  0.000000 -0.000000  0.000000 -0.000000 -0.000000  0.000000 -0.957740  0.034880  0.000000  0.000000  0.000000 -0.000000  0.000000 -0.000000  0.099549 -0.073114  0.140916 -0.063899  0.205722
-0.000000  0.957740  0.034880 -0.000000  0.000000  0.000000 -0.000000  0.000000 -0.000000 -0.000000  0.000000 -0.000000 -0.000000  0.000000 -0.000000 -0.230009  0.062521 -0.027935 -0.092602  0.123893
 0.000000 -0.000000  0.000000 -0.000000 -0.034880 -0.000000 -0.000000 -0.000000 -0.000000  0.000000 -0.957740 -0.000000  0.000000  0.000000 -0.000000  0.113718  0.250263 -0.045563 -0.021584  0.058421
 0.000000 -0.000000  0.000000 -0.000000  0.000000 -0.000000 -0.992620 -0.000000  0.000000  0.000000  0.000000 -0.000000  0.000000 -0.000000  0.000000 -0.032259  0.037593  0.083957  0.071860 -0.006218
 0.707107  0.000000  0.000000 -0.000000  0.082124 -0.000000  0.000000  0.000000  0.000000  0.000000 -0.203389 -0.000000  0.000000 -0.000000  0.000000 -0.267742 -0.589230  0.107275  0.050818 -0.137549
 0.992620
