3 48
 0.000000  0.000000 -0.250000 -0.136232 -0.006325  0.135150  0.029233  0.011245 -0.071348  0.290154  0.174405 -0.146410 -0.274592 -0.094719  0.200170  0.038681  0.142890  0.026646  0.041593  0.102812 -0.015422 -0.262308 -0.113942 -0.144406 -0.025903  0.150460 -0.171887  0.102760 -0.114401  0.065691  0.096841 -0.331957 -0.011067  0.171109  0.112015 -0.052780  0.131928 -0.020080 -0.134387 -0.006236  0.163445 -0.229141 -0.125487 -0.105085 -0.288245  0.048780  0.106495 -0.111495
 0.000000 -0.250000 -0.000000  0.068139  0.177153 -0.027203  0.141237 -0.106017  0.037290  0.190454  0.094669  0.150396 -0.026388 -0.325517  0.316875  0.019456  0.197287  0.016205  0.168007 -0.057233 -0.062325  0.086597 -0.152976 -0.118133  0.140699 -0.111901 -0.035298 -0.051613  0.119959  0.096538  0.189562  0.401814  0.015563 -0.010338 -0.155841  0.048680  0.045431 -0.020423  0.112182  0.201306 -0.222387 -0.054001  0.098696  0.107841 -0.181623 -0.110842  0.056095  0.106511
 0.000000 -0.000000 -0.250000  0.227202  0.039078  0.191713  0.010213 -0.014118 -0.255772 -0.205827 -0.094389  0.190405 -0.153265 -0.213193  0.025210  0.000093  0.167191 -0.065201  0.091957 -0.079579  0.057212  0.337076  0.123248  0.020485 -0.103103 -0.181555 -0.059562  0.091959 -0.176758 -0.095269  0.068802  0.056637  0.079764  0.049483  0.272965 -0.053620  0.044037  0.081751  0.035626 -0.114504  0.293384  0.001656  0.125006 -0.020772  0.157865  0.152855  0.263504  0.111187
 0.000000 -0.000000  0.250000  0.181818  0.005690  0.070404 -0.062483 -0.000936 -0.220851  0.076348  0.073006  0.021609 -0.214975 -0.086095 -0.278472  0.076330  0.124190  0.051496  0.171995 -0.031070 -0.176560 -0.054185  0.129284  0.181670  0.272402 -0.201338  0.120232  0.135425  0.249120  0.047515  0.159896 -0.093100  0.228097  0.298956 -0.045382  0.070735 -0.012194 -0.030854 -0.083091  0.048254 -0.022596  0.061343 -0.144250  0.029777  0.061672  0.146642 -0.213275 -0.253077
 0.250000 -0.000000 -0.000000  0.020805  0.081277 -0.092577 -0.296201  0.078271 -0.238124  0.170497  0.298110 -0.096445  0.219946 -0.113647 -0.058197 -0.110357 -0.052676  0.046622  0.127439 -0.112631  0.137422  0.116941 -0.074366  0.160179  0.028441  0.128183  0.114639 -0.159522 -0.091317 -0.026766 -0.254222  0.021113  0.219163 -0.066019  0.120819 -0.072277  0.093459 -0.130775  0.037200  0.207364 -0.087670 -0.159860  0.196002 -0.327736 -0.012513  0.130744 -0.005463 -0.029411
 0.000000 -0.250000 -0.000000 -0.294803 -0.036108 -0.129877 -0.005346  0.072507  0.028051 -0.102224  0.086403  0.147933 -0.029570  0.223826 -0.055389 -0.014321  0.071616 -0.090350  0.162528 -0.244574  0.330311 -0.038530  0.126041 -0.058480 -0.070635 -0.078984  0.096837  0.055946  0.101992 -0.059143  0.283632 -0.180103 -0.102644  0.033908  0.264702  0.245173 -0.143697 -0.233211  0.283771  0.146541 -0.079556 -0.095098 -0.034289  0.006494  0.003756 -0.010071  0.113454 -0.062332
-0.000000 -0.250000  0.000000  0.136743 -0.075301 -0.256687  0.084625 -0.271696 -0.002284 -0.048583  0.257455 -0.050932  0.055526  0.037459 -0.202131 -0.043450 -0.130995  0.045467  0.079768  0.173956 -0.059735  0.066117  0.037052 -0.200002  0.023262  0.090265  0.101601  0.135529  0.066319 -0.053282  0.042896 -0.137709 -0.087085  0.109383 -0.012439 -0.503896 -0.091890  0.188402  0.033757  0.191585  0.041584 -0.181178 -0.006173  0.176600  0.142052  0.021299  0.144321  0.120687
 0.250000 -0.000000 -0.000000  0.146113 -0.104430 -0.006259  0.251390 -0.016054 -0.121055 -0.163558  0.149669 -0.049533 -0.134708  0.018634 -0.170102  0.210490  0.020499  0.002292 -0.275459 -0.117924 -0.169047  0.076851  0.027392  0.002144 -0.234173  0.013672 -0.038588 -0.084533  0.084502  0.256599  0.091206  0.012570 -0.077510 -0.208114  0.038848 -0.016215  0.156572  0.207657  0.289837  0.014262 -0.204242  0.027750 -0.171490 -0.288298 -0.172110  0.004188  0.060069 -0.148318
-0.000000 -0.000000  0.250000  0.058903  0.158614  0.036015 -0.201403 -0.054399 -0.099466 -0.032610  0.010768  0.201653  0.167352 -0.080157 -0.096503 -0.169183 -0.066906  0.071822 -0.002164 -0.162917  0.123814 -0.167492 -0.196840  0.032959 -0.086626  0.219357 -0.269015  0.168831  0.270778 -0.176447  0.133336  0.127774 -0.089843 -0.009802  0.130497 -0.215274  0.104524  0.043434  0.152195 -0.240575  0.216185  0.152434 -0.098273  0.022720 -0.276584 -0.028447 -0.046627 -0.021861
 0.000000  0.250000 -0.000000 -0.135808  0.130279 -0.068065  0.023012 -0.143356 -0.195993  0.056081  0.002364  0.096398 -0.046553  0.110592  0.211398 -0.152081 -0.116830  0.048738 -0.044640 -0.200763 -0.046420 -0.155318  0.104497 -0.092481  0.195573  0.292187  0.163452  0.007259  0.043985  0.297967  0.022411  0.211324 -0.031840  0.189482  0.128112  0.034514 -0.099807  0.148053 -0.081037 -0.007169 -0.063042  0.176988 -0.148198 -0.125741  0.280153  0.041508  0.325508  0.026383
-0.250000 -0.000000  0.000000 -0.135494  0.283375 -0.078138  0.173020  0.012940 -0.116135 -0.156313  0.226471  0.051216  0.224220  0.020499 -0.003334  0.006704 -0.139083 -0.006466 -0.117513 -0.055162  0.035979 -0.121868  0.139757 -0.090372  0.108739 -0.334531  0.000475 -0.080663 -0.060007 -0.017617  0.206508  0.035278  0.011897 -0.182157  0.071844 -0.040527  0.058735  0.114504 -0.360398 -0.159999 -0.061426 -0.195525 -0.014909 -0.133938 -0.128979  0.278405 -0.161756  0.096287
-0.000000  0.250000 -0.000000 -0.251938 -0.162046 -0.015089 -0.056455  0.024413  0.113228 -0.219214  0.215194  0.141768  0.266725 -0.102032 -0.070522 -0.082509  0.283664  0.028996  0.036409  0.118897 -0.138571  0.212974 -0.096284 -0.137665 -0.219241  0.077988 -0.280308  0.002576  0.184566 -0.026741  0.059855 -0.015539  0.087523  0.170766 -0.091012  0.207223 -0.066337  0.131541 -0.201685  0.277328  0.027779  0.049036 -0.090803 -0.086856  0.069332  0.102094  0.006914  0.026062
-0.250000 -0.000000 -0.000000  0.004008 -0.060186 -0.065467  0.062893  0.025538 -0.207041  0.131099  0.132507  0.184894  0.079644 -0.144063  0.084162 -0.119776 -0.185321 -0.143889  0.203289 -0.027411 -0.335446  0.054954  0.121458 -0.120887 -0.046083  0.107686 -0.014885 -0.033950  0.025404  0.118333  0.007458 -0.387271  0.068613 -0.128505 -0.008945  0.157978 -0.078245  0.086510  0.214861 -0.181945  0.049813  0.119644  0.239756 -0.084983  0.027547 -0.261205 -0.208042  0.099643
-0.000000 -0.000000 -0.250000  0.033780 -0.057731 -0.414130 -0.045058  0.152429 -0.070262  0.005791  0.023445  0.068952  0.031884  0.054294  0.074079 -0.002950  0.222022  0.015393 -0.115049 -0.034637 -0.104474  0.218668 -0.094083  0.281095  0.318660  0.144000 -0.081745 -0.134497 -0.175982  0.032028  0.218446 -0.068908 -0.149094 -0.053847 -0.100837 -0.151748 -0.217848 -0.160659  0.057677 -0.081052  0.114271  0.153706 -0.225922  0.026291 -0.086254  0.134728 -0.128760  0.048678
 0.250000  0.000000 -0.000000 -0.253319  0.141023  0.082987  0.046960  0.259192 -0.051910  0.147638  0.080059 -0.141973 -0.143600 -0.213502 -0.058551 -0.015826 -0.113314  0.105397 -0.048946  0.069626  0.136901  0.195688 -0.042272  0.038708  0.038075 -0.037155 -0.125672 -0.069314  0.069483 -0.135997  0.261836  0.005467 -0.263931 -0.005144  0.066356 -0.115975 -0.099381  0.189289 -0.135028 -0.109070 -0.092296  0.027882  0.104171 -0.019132  0.361807 -0.308043 -0.122239 -0.157327
 0.000000  0.250000 -0.000000  0.140656 -0.288748  0.079076  0.073096 -0.108868 -0.090226  0.113526 -0.151049  0.148396  0.080884  0.206143  0.168964  0.149905 -0.142686  0.053615  0.248134 -0.091735  0.054386 -0.028248 -0.287390 -0.081873 -0.000976 -0.210182 -0.087133 -0.120280 -0.039187  0.014162  0.135298 -0.080440 -0.210488  0.014226  0.211560 -0.211869  0.186790 -0.055708 -0.052609  0.276750 -0.091025  0.145869  0.033616 -0.060634  0.113869  0.079501 -0.245721  0.020178
-0.250000  0.000000 -0.000000  0.001185  0.099319  0.031176  0.185210  0.021451  0.035953 -0.035982 -0.106627 -0.356753  0.218808  0.054722  0.150696  0.019749 -0.059537 -0.278774 -0.040700 -0.070598 -0.213938  0.045215 -0.152609  0.265748  0.005175  0.069353 -0.241100  0.017492  0.236777  0.060767  0.101437  0.040080  0.138256  0.005979  0.153035 -0.083891  0.011295 -0.131115  0.145315  0.052265  0.061359 -0.258912  0.080017  0.049841  0.245761  0.080297  0.109489 -0.250708
-0.250000  0.000000 -0.000000 -0.121031 -0.098978  0.122065  0.135896 -0.003970 -0.174377 -0.090028  0.044178  0.021722 -0.134530  0.014561 -0.133298  0.154597  0.003406  0.055883  0.115045  0.057676  0.006592 -0.155206  0.161976  0.078633  0.132808  0.089187 -0.227834 -0.419267 -0.065794 -0.252645 -0.202140  0.256148  0.100733  0.080869  0.145228 -0.081758 -0.181120  0.057422  0.142254  0.154717  0.053352 -0.107575 -0.212074 -0.062340 -0.062411 -0.257799 -0.067730  0.107850
 0.000000  0.250000  0.000000 -0.032864  0.307260 -0.199207  0.037102  0.177301  0.110019  0.140649 -0.094942  0.058554 -0.128884 -0.053896 -0.307677  0.033331 -0.199369 -0.270117  0.254875  0.105048  0.094346  0.014726  0.056316 -0.185238  0.020718  0.017914 -0.230508 -0.179785 -0.141249  0.014206  0.045389 -0.030326  0.067611 -0.016067 -0.185553 -0.016096  0.214911  0.019565  0.184349  0.066707 -0.050450  0.123540 -0.062985  0.133921 -0.001784  0.239683  0.195988 -0.071772
 0.000000 -0.000000 -0.250000  0.153707  0.270801  0.231624  0.269442 -0.013427  0.069652  0.033134  0.145396 -0.207541  0.164147  0.092310 -0.165065 -0.250678  0.036824  0.243970  0.092931 -0.206617 -0.187139 -0.000611 -0.043940 -0.152443 -0.190285  0.058868  0.210053 -0.118126 -0.154543 -0.186969  0.099390  0.026041  0.031341  0.035058  0.001898  0.047417 -0.017750 -0.214531  0.009301  0.061673  0.068499  0.249686 -0.148334  0.112531  0.015571 -0.059612 -0.079897 -0.110828
-0.250000  0.000000 -0.000000  0.013237 -0.123964 -0.039343  0.165883  0.219656  0.015642 -0.140499 -0.020296  0.053029  0.013087  0.002587  0.038035 -0.262139  0.260488 -0.054025  0.117948  0.297339  0.184946  0.068497  0.042914  0.020590 -0.048913  0.136619  0.256359 -0.164553  0.095483  0.110723 -0.055964  0.043211 -0.007156  0.150256  0.182242 -0.247361  0.191329  0.024052 -0.060686 -0.185364 -0.262752  0.131709  0.133780  0.008357 -0.161590 -0.014002 -0.001310 -0.271456
-0.000000  0.250000 -0.000000 -0.084726  0.054677 -0.131151 -0.052958 -0.100444 -0.155487 -0.059183 -0.174053  0.067926 -0.031600 -0.291642 -0.141881 -0.173160  0.120455  0.278019 -0.276380 -0.030002 -0.126464 -0.135173 -0.028846 -0.007657  0.002079 -0.072246 -0.055139 -0.063168 -0.045612  0.070936 -0.077832 -0.188808 -0.010067 -0.119038  0.284926  0.015892  0.021708 -0.129952  0.079322  0.115315 -0.251263 -0.180291  0.073038  0.445452  0.005779 -0.023870  0.011732  0.019183
 0.000000  0.000000 -0.250000  0.112637 -0.011225  0.144722 -0.034132  0.287872 -0.139992 -0.302820 -0.029155 -0.123768  0.228977 -0.253486 -0.127045  0.132001 -0.058135 -0.107579  0.064794 -0.013543  0.039208 -0.202742 -0.120480 -0.093995  0.272020  0.096383  0.176565  0.038019  0.142278  0.074572 -0.090617 -0.022410 -0.414117  0.157809 -0.100265  0.177276  0.124816  0.039657  0.106854  0.071620  0.045637 -0.094053 -0.009064  0.030400  0.012521  0.022017 -0.031871  0.145166
-0.000000  0.000000 -0.250000 -0.134682  0.019566 -0.011982 -0.269200 -0.013566 -0.177612  0.080105  0.069149 -0.149860 -0.167903  0.185916 -0.163404  0.042300  0.167412 -0.424870  0.090605 -0.163318 -0.186992 -0.038600  0.047406  0.032877 -0.243294  0.029214  0.001939  0.093498  0.134060  0.017259 -0.023286  0.204483 -0.061832 -0.066156  0.064013 -0.132589  0.074782 -0.027062 -0.217032 -0.035601 -0.218859  0.081901  0.017473  0.199811 -0.023181 -0.072149 -0.147707  0.264838
 0.000000  0.250000  0.000000  0.320689  0.181588 -0.154898 -0.043487 -0.044157  0.148353 -0.206778  0.217530 -0.272819 -0.150730  0.096910  0.192246  0.073947 -0.133332  0.178367  0.216060 -0.101689  0.162448  0.209565  0.115759  0.093167 -0.001694 -0.024066 -0.201571 -0.049239  0.193502  0.093848 -0.114239 -0.132249 -0.086348  0.138311  0.120967  0.140533 -0.106419  0.010798 -0.103107 -0.082388 -0.094927 -0.003442  0.038633  0.125072 -0.218309 -0.123312  0.018007  0.119128
 0.250000 -0.000000  0.000000  0.281827 -0.023781  0.023184 -0.025417  0.178160 -0.120752 -0.065828  0.060203 -0.070948  0.024517  0.201514  0.175044 -0.359148  0.034116 -0.044204 -0.048213  0.338190  0.075567 -0.323402  0.231750  0.072156 -0.061759  0.009462 -0.190861  0.022818 -0.096371  0.067766  0.285234  0.110874  0.110836 -0.026786 -0.011367  0.110507  0.018494  0.097504  0.138998  0.165170  0.019507 -0.043953  0.054453  0.081910  0.104070  0.009673 -0.169168  0.159499
 0.000000  0.250000 -0.000000 -0.031386 -0.079618 -0.077958  0.148144 -0.220586 -0.252536  0.018923  0.036329 -0.054007 -0.171923  0.228890 -0.164947 -0.055924  0.022238 -0.018460  0.003048  0.056002  0.055486  0.088458 -0.272207 -0.096274  0.032914  0.119415  0.096216  0.014302 -0.052972 -0.130800  0.085085  0.232921 -0.108884  0.039974 -0.136794  0.248775 -0.180148  0.087981  0.085780 -0.122049  0.113792 -0.236565  0.400312  0.064556 -0.150984  0.132184 -0.106840 -0.163905
-0.000000 -0.000000  0.250000  0.074091 -0.222632  0.030661  0.195887 -0.099528  0.137459  0.060264  0.276222 -0.119797  0.029288 -0.049510 -0.085016  0.004440  0.207757 -0.079849 -0.020357 -0.109095 -0.012084 -0.099050 -0.038244  0.082598  0.226192  0.120130 -0.159699  0.066518 -0.226167 -0.281313  0.023968 -0.062989 -0.066065  0.049811  0.075341  0.142108  0.236959 -0.060977  0.020218 -0.268604 -0.273900  0.110854  0.087520 -0.018099  0.194581  0.084864  0.157726  0.262041
 0.000000 -0.250000 -0.000000  0.111513  0.208215  0.150318  0.142638 -0.238172 -0.000679  0.079205 -0.196238  0.022630  0.028182  0.028720 -0.174015 -0.182480  0.159135 -0.198756 -0.158577 -0.095117  0.270993  0.153779  0.015464 -0.143035  0.122249  0.138163 -0.300297 -0.000170 -0.057147  0.260646 -0.220058 -0.141957 -0.083122  0.123826  0.043132  0.040471 -0.139087  0.033566 -0.079302  0.091564 -0.092834  0.015376 -0.006419 -0.120068  0.038812  0.062148 -0.317931  0.010373
-0.000000 -0.000000  0.250000  0.002213  0.179146 -0.002972 -0.105270 -0.022514 -0.333328 -0.099485 -0.027251 -0.177468  0.016108  0.100793  0.065417  0.165490  0.110687 -0.017043 -0.190543  0.308460 -0.050572  0.080702 -0.025070 -0.369310 -0.008161 -0.098682 -0.037853 -0.116721  0.090214 -0.024077  0.056353 -0.056026 -0.037592  0.102120 -0.054918 -0.073268 -0.027950 -0.485799  0.041019 -0.060955  0.015050  0.167176  0.062127 -0.169738  0.025261 -0.090752  0.137870  0.131773
-0.000000 -0.000000 -0.250000 -0.040158  0.087793  0.279266 -0.078848 -0.183070  0.200947  0.006847  0.141215  0.120128 -0.074921 -0.067480 -0.121132 -0.018211 -0.209405 -0.033220 -0.012208  0.382637 -0.051797 -0.102666 -0.228937  0.226526  0.022301 -0.091124  0.029801 -0.027667  0.128713  0.056014  0.046644 -0.019698  0.006810 -0.010193  0.175231  0.010004 -0.347788 -0.083644  0.150655 -0.085754 -0.215992  0.187179  0.056685 -0.123519 -0.039087  0.234393  0.068261  0.138046
 0.000000 -0.000000 -0.250000 -0.048953  0.018352 -0.027295  0.045371  0.116547 -0.053554  0.067848  0.013305 -0.074175  0.055072  0.290386 -0.081681  0.007016  0.262220  0.238214  0.105744  0.039280  0.092546 -0.054927 -0.148752 -0.188656  0.327766 -0.192897 -0.139210  0.189722  0.260828  0.022555 -0.217101 -0.037990  0.242925 -0.351736  0.021877 -0.013248  0.036841  0.184798  0.118495 -0.089806  0.022345  0.132002  0.030310 -0.013417  0.102606 -0.075150  0.101182 -0.007580
 0.250000  0.000000 -0.000000  0.113619 -0.061323  0.018153 -0.191198  0.106725  0.236771 -0.306224 -0.034862  0.055761 -0.065279  0.013116  0.042753 -0.021940 -0.083887 -0.247144 -0.026337 -0.144122 -0.198141 -0.029330 -0.186225 -0.390551  0.277161  0.045458  0.009195 -0.074415 -0.148679 -0.084100  0.104341  0.015104  0.308799  0.048936  0.214558 -0.085306 -0.155460  0.034499 -0.070522 -0.100281 -0.112533 -0.098492  0.017520 -0.010896 -0.078557 -0.139904 -0.068667 -0.158871
 0.250000  0.000000  0.000000  0.019485  0.023478 -0.142317  0.231513 -0.058858  0.044789  0.133497 -0.233528 -0.014010  0.268904 -0.007328 -0.259266  0.183155  0.047364 -0.075946  0.059733  0.107142 -0.065416 -0.092848  0.112670  0.159086  0.097842  0.067597  0.037309 -0.023059  0.032401  0.062410  0.170336 -0.014375  0.046464 -0.000945  0.270656  0.093263 -0.037331  0.019470 -0.295055  0.120679  0.191487  0.144340  0.251485 -0.048294 -0.273560 -0.234394  0.198060  0.088234
 0.000000  0.000000  0.250000 -0.042191  0.088503 -0.074804 -0.079788  0.148372  0.096639  0.257125 -0.028122 -0.223900  0.161236 -0.010493  0.036680  0.166306  0.197605  0.008068  0.033808  0.061291 -0.050723  0.047840 -0.120362 -0.124808 -0.154161 -0.131089  0.187645 -0.081334 -0.131708  0.134502 -0.049807  0.070001 -0.014243  0.172323  0.342909  0.058769 -0.158635  0.331248  0.255923 -0.145094  0.124073 -0.015502 -0.149416  0.103246  0.003454  0.173154 -0.152590  0.183354
 0.250000  0.000000  0.000000 -0.064630 -0.014535  0.264373  0.033709  0.072800 -0.112050  0.082247 -0.198411  0.147457  0.242275  0.248186 -0.036530 -0.090238  0.029002  0.109859  0.177946 -0.090857 -0.128430  0.091973  0.039060  0.092553 -0.027113 -0.073883 -0.077568 -0.186258  0.043002  0.054401  0.040183 -0.146871  0.002407  0.218937 -0.261354 -0.128799 -0.073049  0.029571  0.028252 -0.306517 -0.227057 -0.343184 -0.056887  0.057044 -0.099385 -0.002154  0.202077  0.153225
 0.250000 -0.000000  0.000000 -0.107372  0.057273 -0.077697  0.371050  0.278198  0.051380 -0.045668  0.061020  0.230153 -0.064170 -0.000176  0.069103  0.218655 -0.067794  0.142582  0.071649  0.004904 -0.127445 -0.062299  0.122113 -0.068432 -0.093631  0.176655 -0.099823  0.288754  0.047496  0.044218 -0.261070  0.157689  0.035599  0.094157  0.097291 -0.130699 -0.083912 -0.299622  0.011187 -0.087314  0.015340 -0.043929  0.144614  0.049502  0.069222  0.220057 -0.243722  0.060964
-0.000000  0.250000  0.000000  0.104083  0.056566  0.131370  0.063486  0.017551  0.175130  0.080348 -0.055281  0.019059 -0.111052 -0.089715  0.073366  0.137532  0.232952 -0.052821 -0.153291 -0.179779  0.198289 -0.098200  0.122271 -0.061196 -0.024390  0.234297  0.231573 -0.247206  0.348703 -0.157008  0.173395 -0.200104  0.163283 -0.146946 -0.136301 -0.195234 -0.108955  0.044035  0.042274  0.059088  0.077793 -0.066944  0.154924 -0.041083  0.076754  0.146204 -0.093431  0.230819
-0.000000  0.250000 -0.000000 -0.005020 -0.032398  0.025579 -0.034636 -0.005024  0.344506  0.148438  0.171431  0.112781 -0.082283  0.070203 -0.173453 -0.283883  0.076604 -0.075500 -0.106113 -0.017219 -0.132811  0.072297  0.141413 -0.027138  0.166000 -0.264499  0.033424 -0.030984  0.098278  0.184602 -0.056575  0.155455 -0.230239  0.066242  0.080242 -0.099160  0.181706 -0.211724  0.130005 -0.023671  0.302659 -0.228042  0.029305 -0.187668  0.016476 -0.188491 -0.036874  0.078138
 0.000000 -0.250000  0.000000  0.214366 -0.026010 -0.138740 -0.049692  0.059391  0.019870  0.003178  0.204277  0.214076 -0.067004  0.039634 -0.102886  0.094899  0.074065  0.029634 -0.018846 -0.080138  0.036873 -0.294855 -0.255324  0.015128 -0.206650 -0.051284 -0.102142 -0.431814  0.062873  0.241588 -0.083216  0.006826 -0.024829  0.017991 -0.043351  0.103057 -0.033754 -0.054319 -0.221732 -0.171155  0.198883 -0.018413  0.118286  0.135550  0.280877 -0.007217  0.122134 -0.107347
 0.000000 -0.250000  0.000000 -0.150370  0.065936 -0.213820  0.055047  0.021136  0.065198 -0.171708 -0.304408 -0.117183 -0.327315  0.040608 -0.058465 -0.233324 -0.116512  0.217270  0.071354 -0.009079 -0.166166  0.055033 -0.237133  0.059095 -0.021095  0.067818  0.044394 -0.131384  0.145322 -0.055491  0.068692 -0.044402  0.114486  0.115383  0.050093  0.110928  0.304323  0.053805 -0.032079  0.016303  0.059812 -0.031799  0.023869 -0.236629  0.040019  0.094613 -0.102125  0.350596
 0.000000  0.250000  0.000000  0.061902  0.146325 -0.205665  0.211205 -0.059681 -0.049547 -0.122468 -0.025365  0.048863  0.008846 -0.130721 -0.063505 -0.006379  0.110899 -0.151368  0.126132  0.029056  0.229261 -0.152940 -0.322405  0.150929 -0.183153 -0.116733  0.135088  0.243021 -0.150696  0.069686  0.008720 -0.047764  0.191818  0.053203 -0.129852 -0.080164 -0.102122 -0.076769  0.013306 -0.083764 -0.065813 -0.145261 -0.233873 -0.197232  0.132606 -0.355571 -0.059334  0.134274
-0.250000  0.000000  0.000000  0.195382 -0.293290  0.096273 -0.026346  0.229501 -0.021906  0.219624 -0.030295 -0.034524  0.004464 -0.050476 -0.240388  0.020250 -0.219734  0.156791 -0.052810  0.033303  0.173032  0.227478 -0.050795 -0.167984 -0.023700  0.218010 -0.017766  0.112382  0.032802  0.223303  0.236486  0.175401  0.178073 -0.149377  0.090580  0.109068 -0.052214 -0.198334 -0.150769 -0.064430 -0.074216 -0.174273 -0.181862  0.036815  0.005642 -0.018665  0.050061  0.186827
 0.000000 -0.000000  0.250000  0.132445 -0.100617 -0.028010  0.088871  0.199786 -0.031088  0.016648 -0.146231 -0.146862 -0.146859 -0.137148 -0.004156 -0.310862  0.094364 -0.069245  0.247726 -0.086366 -0.152969 -0.130882 -0.016550 -0.067053 -0.066595 -0.108479 -0.042585  0.036449  0.045556 -0.083152 -0.133162  0.001659 -0.288840 -0.315544 -0.003196 -0.053679 -0.404960 -0.030360 -0.163912  0.095120 -0.018267 -0.017458 -0.055247 -0.196672 -0.073564  0.176783  0.200406 -0.014233
 0.000000  0.000000 -0.250000  0.307612  0.078052 -0.282698 -0.072979 -0.080962  0.024828  0.249604 -0.168647  0.168241  0.099963  0.005792  0.050950  0.057727  0.023896 -0.013044 -0.062364  0.166278 -0.095974 -0.023531  0.135408 -0.113279 -0.095272  0.034378 -0.000161  0.000246  0.209679 -0.417802 -0.067143  0.049780 -0.127984  0.068954  0.135628  0.218392  0.041495  0.013759 -0.027349 -0.127628 -0.198518 -0.194167 -0.186820 -0.204649  0.126442 -0.000028 -0.031880 -0.152693
-0.250000  0.000000  0.000000  0.146269  0.099711 -0.023612  0.026013  0.412640 -0.026790  0.148466  0.055191  0.149108 -0.066601  0.181429 -0.045230 -0.020029 -0.070881 -0.001604 -0.385954 -0.163396 -0.053669 -0.010090 -0.154437  0.069593 -0.050074 -0.132505 -0.032708  0.155437 -0.056041 -0.155598 -0.063476 -0.064764  0.026053  0.322529 -0.042677 -0.055341 -0.095876  0.156050  0.010988  0.267382 -0.125930  0.093239  0.226568 -0.060642 -0.132665 -0.085427  0.163353  0.087736
 0.250000 -0.000000  0.000000 -0.052972 -0.192996 -0.026894  0.300763  0.019322 -0.183701  0.123766  0.118867  0.008232 -0.008792 -0.067539  0.146390 -0.215435 -0.223974 -0.311541 -0.198505  0.017422  0.136086  0.135406 -0.121857 -0.010522  0.053110 -0.176169  0.093912 -0.127592  0.268109 -0.151263 -0.207535 -0.063489  0.134641  0.044573  0.055499  0.103670  0.034511 -0.038503 -0.063303 -0.021668  0.137663  0.097754 -0.268594  0.259010 -0.105670  0.041437  0.033119  0.088184
 0.000000  0.000000  0.250000  0.067633  0.329656  0.215076  0.018226  0.092168 -0.022478 -0.053454  0.116332  0.290736 -0.102786  0.262431  0.054133  0.073460  0.087219 -0.084940  0.057538  0.213008 -0.133738  0.193426 -0.176291  0.132148  0.099839  0.247828  0.167067  0.026745 -0.043921 -0.048949 -0.058608 -0.131340 -0.134769 -0.297385  0.137277  0.119713  0.132769  0.047296 -0.122513  0.164564  0.033666 -0.170078 -0.168615  0.130354  0.043419 -0.076410  0.035814  0.037322
 0.250000
