6 29
-0.000000  0.000000 -0.000000  0.000000 -0.480296 -0.000000 -0.013626 -0.277572  0.034567  0.292640  0.252081 -0.084816 -0.188896 -0.072516  0.153132 -0.017271 -0.003926  0.257812  0.052105  0.198254  0.388330  0.202518  0.013167  0.081646  0.018611 -0.101437  0.155791  0.148923  0.324939
 0.480296 -0.000000 -0.000000  0.000000 -0.000000  0.000000  0.336585 -0.198045  0.096888 -0.152456  0.239909 -0.057470 -0.097076  0.138744 -0.155717  0.367246  0.036344  0.013988  0.155211 -0.431480  0.072639  0.017640 -0.094748  0.196412 -0.146338  0.098149  0.074344  0.128123 -0.132701
 0.000000  0.000000 -0.000000  0.480296 -0.000000 -0.000000 -0.024601 -0.041775  0.547044 -0.046626 -0.136406  0.035472  0.016050 -0.152884  0.058377 -0.193718 -0.188976 -0.298727  0.310926 -0.042378  0.092103  0.035850 -0.152177 -0.023985  0.203182 -0.135144  0.150425  0.170359 -0.113954
 0.000000 -0.000000  0.480296 -0.000000  0.000000 -0.000000  0.065621 -0.276121  0.233753 -0.067476 -0.236659  0.013485 -0.070247  0.073959 -0.201508 -0.040115  0.073330 -0.087723 -0.177102 -0.027716 -0.182695  0.395815  0.378489 -0.100882 -0.156941 -0.063638 -0.223347  0.124410  0.195038
 0.000000 -0.480296  0.000000 -0.000000  0.000000  0.000000 -0.117100  0.236676  0.146660  0.025894  0.309538 -0.114993  0.252061  0.094759  0.107378  0.068251  0.041398 -0.012710  0.053674  0.159267 -0.120435  0.066204  0.328547  0.190137  0.165736  0.318778 -0.098030  0.376105 -0.080073
-0.480296  0.000000  0.000000 -0.000000  0.000000 -0.000000  0.149852  0.209378 -0.074736 -0.006587  0.038214 -0.022880 -0.085908  0.040343  0.121051  0.281771  0.144568 -0.298498 -0.075048 -0.154942  0.082106  0.230881 -0.411763  0.154069 -0.030138 -0.130959 -0.301560  0.262446  0.146644
-0.000000  0.000000  0.480296  0.000000  0.000000 -0.000000 -0.060294 -0.028552  0.090357  0.238887  0.397573  0.120454  0.308378  0.002003  0.035885  0.078911 -0.045386 -0.150537  0.047537 -0.055290  0.297701 -0.149395 -0.055507 -0.172657  0.002648 -0.044542 -0.305523 -0.371597 -0.130964
 0.000000  0.000000 -0.480296 -0.000000 -0.000000  0.000000  0.297427  0.118489  0.146137 -0.036078  0.025719  0.142171 -0.028160  0.267971  0.009803 -0.127340 -0.001493  0.089027  0.215261 -0.099308  0.144377  0.135112  0.311374 -0.106944  0.176782 -0.133745 -0.421504 -0.263063  0.163534
-0.000000  0.000000 -0.480296 -0.000000  0.000000 -0.000000 -0.057701 -0.388552  0.182228  0.167554  0.210133 -0.019231  0.094752 -0.143427 -0.311942  0.106270  0.101712 -0.260937 -0.224832  0.252038 -0.150145 -0.041555 -0.137309 -0.260523 -0.159974  0.093784 -0.166000  0.062821 -0.040791
 0.000000  0.480296  0.000000  0.000000 -0.000000 -0.000000 -0.150884  0.242792 -0.054138 -0.140475  0.252060 -0.005792  0.058187 -0.215595 -0.314948 -0.067508  0.225874 -0.091615  0.089412 -0.045243  0.128405 -0.244504  0.336859  0.077718 -0.020922 -0.256130 -0.018958  0.324917  0.102691
 0.000000  0.392395 -0.087900 -0.000000 -0.000000  0.000000 -0.108408 -0.080467 -0.136518 -0.144273  0.058188 -0.046713  0.290201  0.176254  0.444286 -0.005501 -0.140228 -0.051540  0.272055  0.047133 -0.034693  0.278660  0.055547 -0.255300 -0.399006  0.150464  0.007070  0.158874 -0.097674
-0.000000 -0.000000 -0.087900 -0.000000 -0.000000  0.392395 -0.074808  0.124402  0.131603 -0.176680  0.192431  0.048359  0.040688 -0.117423 -0.082709 -0.276627 -0.038808  0.128357 -0.268455  0.046895  0.097684  0.391097 -0.071406  0.365853 -0.257606 -0.138487 -0.012460 -0.186264 -0.341223
 0.000000 -0.000000 -0.000000  0.000000  0.000000  0.480296  0.053868  0.306743  0.199949  0.059516  0.073335  0.022703  0.089933 -0.187288 -0.022364  0.162846  0.044593 -0.043984  0.061185 -0.135670 -0.151098  0.058517 -0.011248 -0.206010 -0.117943  0.233345  0.295644 -0.211085  0.507452
-0.000000  0.000000 -0.000000 -0.000000 -0.480296 -0.000000 -0.185635  0.151000 -0.128640  0.046593 -0.002655  0.437256  0.057702  0.224920 -0.293590 -0.099296  0.066049  0.039155 -0.039811 -0.265809 -0.074596  0.199240 -0.142502 -0.290117  0.193650  0.123533  0.099289  0.155638 -0.193516
-0.000000  0.392395  0.087900 -0.000000  0.000000  0.000000 -0.064047 -0.015270  0.017342 -0.100070  0.111423 -0.159148  0.079622  0.180605 -0.292543  0.126860 -0.420378  0.094574  0.059152  0.249667 -0.204121  0.146341 -0.201474  0.235584  0.390437  0.171435 -0.119380 -0.099164  0.169383
-0.000000  0.000000 -0.000000 -0.000000 -0.000000  0.480296 -0.081323 -0.351401 -0.218782 -0.145392  0.105109 -0.307566  0.038149  0.146254  0.183981 -0.106596  0.259801 -0.200880 -0.051519 -0.164885 -0.079433 -0.002407  0.045853 -0.090377  0.461338 -0.153670  0.052464 -0.031583 -0.045160
 0.000000  0.000000 -0.087900 -0.392395 -0.000000  0.000000  0.089780 -0.218081  0.050526 -0.035515 -0.296633  0.321160  0.591455 -0.197019  0.031763  0.177221  0.027449 -0.037703  0.025342  0.002869  0.136199  0.075621  0.027449  0.255051  0.181990 -0.122356  0.139153  0.044371  0.066009
-0.480296  0.000000 -0.000000  0.000000  0.000000  0.000000  0.334068 -0.230385 -0.224242  0.179946  0.155486  0.001709 -0.008420 -0.235600 -0.161637 -0.255393 -0.260641 -0.073407  0.174471 -0.276462 -0.104307 -0.006748  0.217879  0.129669 -0.035988  0.262176  0.110331 -0.017447 -0.113799
-0.000000 -0.000000 -0.087900 -0.000000  0.000000 -0.392395 -0.363834 -0.110932  0.062659 -0.074989  0.180809  0.134536 -0.053626  0.190008  0.104911 -0.174768  0.168885 -0.341079 -0.042561 -0.196210 -0.104542  0.056523  0.027298  0.354634 -0.074213  0.098529  0.183076 -0.310230  0.286307
-0.000000  0.000000  0.000000 -0.480296  0.000000 -0.000000 -0.309381 -0.031498  0.139102 -0.173830  0.034517  0.062495 -0.438806 -0.417465  0.112672  0.134474 -0.050132 -0.035932  0.268587 -0.070841 -0.018394  0.134608  0.029197 -0.113013  0.157937  0.136070 -0.186466 -0.055240 -0.161291
-0.000000  0.000000 -0.087900  0.392395 -0.000000  0.000000 -0.244189 -0.167512 -0.061280 -0.207255 -0.046234  0.088714  0.125039 -0.290154  0.154343  0.072885 -0.135322  0.337084 -0.298592 -0.362217  0.080425 -0.114322  0.012047  0.018219  0.047240  0.207777 -0.324124  0.072648  0.192064
-0.392395 -0.000000  0.087900 -0.000000 -0.000000  0.000000  0.127181 -0.177523  0.271319 -0.397313  0.293686  0.326238 -0.068467  0.165012  0.120482  0.133498  0.094810  0.315632 -0.005347  0.150922 -0.227450 -0.246091 -0.017197 -0.081297 -0.010530 -0.143860  0.171774  0.004088 -0.035416
-0.000000 -0.480296  0.000000  0.000000 -0.000000 -0.000000 -0.174677 -0.072099 -0.298163 -0.365994  0.081091 -0.058985  0.108266 -0.018805 -0.298354 -0.036610 -0.273532 -0.043747  0.306330  0.037971  0.053731  0.036513 -0.110908 -0.128526 -0.193658 -0.311921 -0.012683 -0.002406  0.241350
-0.000000  0.000000  0.000000 -0.000000  0.480296 -0.000000  0.047200 -0.015167 -0.111317 -0.138825  0.125235  0.243224 -0.170505  0.107266 -0.055615  0.003170 -0.150538 -0.150376 -0.269869  0.122232  0.499059  0.165716  0.080659 -0.201654  0.168234  0.217259  0.250525  0.132209  0.064720
-0.000000 -0.000000  0.000000  0.000000 -0.000000  0.480296 -0.208675 -0.147606 -0.037493  0.168956 -0.187938  0.355269 -0.205135  0.292202 -0.008334  0.026968 -0.134712 -0.138660  0.174886  0.101942  0.065315 -0.329452  0.046035  0.287222 -0.193565  0.113964 -0.188356  0.141389  0.050393
 0.000000  0.000000 -0.087900  0.000000  0.392395  0.000000 -0.255169 -0.013253  0.013152  0.473086  0.148107  0.092744 -0.031141  0.064967  0.039419  0.181987 -0.216954  0.201695 -0.008949 -0.253627 -0.258551  0.171753  0.074258 -0.026848  0.044066 -0.441689  0.116173  0.113560 -0.021615
-0.000000  0.000000 -0.000000  0.480296  0.000000  0.000000 -0.011931 -0.031037 -0.316598  0.013105 -0.033650  0.216929 -0.073800 -0.188490 -0.045851  0.413433  0.271825 -0.043401  0.222311  0.269807 -0.064931  0.253939  0.193958  0.104460  0.064844  0.001499  0.041600 -0.248700 -0.150322
 0.392395 -0.000000  0.087900 -0.000000 -0.000000  0.000000  0.307520  0.039173 -0.213226  0.001488  0.237126  0.370668 -0.065104 -0.243808  0.261403 -0.283728 -0.091750 -0.156704 -0.073631  0.151014 -0.343536  0.006660 -0.138541  0.025591  0.087651 -0.103385 -0.153290  0.147145  0.167212
-0.000000  0.000000 -0.087900 -0.000000 -0.392395  0.000000  0.046503  0.123108 -0.007956 -0.112061 -0.003904 -0.040938 -0.079259  0.009717  0.143268  0.328546 -0.477254 -0.345858 -0.354319 -0.021325 -0.031710 -0.117164  0.331292 -0.018503 -0.009825 -0.202806  0.110598 -0.097401 -0.103260
 0.480296
