4 40
-0.000000 -0.000000 -0.000000 -0.316228  0.031144  0.132515  0.287314  0.010386 -0.132306 -0.052842 -0.251772  0.268782  0.029804 -0.185947 -0.173674 -0.206024 -0.189381 -0.192413 -0.065945 -0.032531  0.168029 -0.093584  0.081918 -0.060693  0.187972 -0.075957 -0.098235 -0.092807  0.282791  0.223560 -0.093193 -0.006201 -0.060656  0.302635 -0.174693  0.228862  0.031669  0.039142  0.165969 -0.053353
 0.316228  0.000000  0.000000  0.000000 -0.057571  0.249037 -0.218477  0.041589  0.090707 -0.128175  0.219249  0.075091 -0.003079 -0.092866 -0.200571  0.274593 -0.255978  0.236123  0.091684 -0.021216  0.075453  0.189978  0.116959 -0.067898 -0.015198 -0.239260  0.270800  0.184688  0.309646 -0.138364 -0.066929  0.128840 -0.038921  0.092629  0.180820  0.190798 -0.027960 -0.103419 -0.015825 -0.020483
-0.000000 -0.000000 -0.000000  0.316228 -0.295567  0.341544  0.130294 -0.085789 -0.110615 -0.079960  0.034879 -0.036695  0.088546  0.099792 -0.178152 -0.158827 -0.364491 -0.033604  0.045810 -0.225575 -0.196726 -0.172753 -0.152502  0.002369 -0.099480 -0.015209 -0.094512 -0.105289  0.024528 -0.071986 -0.105532 -0.008405 -0.080789 -0.388305 -0.029934 -0.053447  0.131286  0.165729  0.183517 -0.101709
-0.000000  0.316228  0.000000 -0.000000  0.161545 -0.079655 -0.025267 -0.052295 -0.176053 -0.197359 -0.013613 -0.209156  0.242767 -0.076062  0.023634  0.027544 -0.052973 -0.290594  0.052597 -0.101957  0.105155 -0.132611 -0.096921 -0.086229  0.204311 -0.133719  0.221284  0.163157 -0.040767 -0.322078 -0.227368 -0.089157  0.415375  0.001478 -0.116707 -0.101275 -0.153322  0.021069  0.088193  0.099936
 0.000000 -0.000000 -0.000000 -0.316228  0.166206 -0.141630 -0.223494 -0.088235 -0.061392 -0.075685 -0.027673  0.154509 -0.013470 -0.150897 -0.207211  0.098402 -0.136993 -0.049199 -0.004288  0.040129  0.063812 -0.253821 -0.277085 -0.025577 -0.334923 -0.208593 -0.004849  0.147833 -0.148625  0.359376  0.151037 -0.030213  0.090582 -0.302390  0.196026 -0.018342 -0.058062  0.143041 -0.035543 -0.010027
-0.000000  0.000000  0.316228  0.000000  0.276996  0.250128  0.077129  0.061361 -0.143564 -0.095025  0.065301 -0.064202 -0.058102  0.306974 -0.049126  0.049593  0.036100 -0.013973  0.011980 -0.101454 -0.087590  0.035188 -0.048835  0.339638 -0.152926 -0.192823 -0.154461  0.253884 -0.019768  0.021636  0.014811 -0.166952 -0.002991  0.239557 -0.144920  0.048116  0.274246  0.149525 -0.217722  0.261503
 0.000000  0.000000  0.316228  0.000000 -0.021463  0.123355 -0.197873 -0.018006 -0.139880 -0.022872 -0.223050  0.113676  0.067756  0.078762 -0.146079 -0.192003  0.306599 -0.109805  0.225322  0.287258 -0.172831  0.024168  0.081832 -0.092411  0.116291 -0.014112  0.217911 -0.192671  0.117042 -0.156175  0.151471 -0.209378  0.050828 -0.159849  0.166407  0.226308  0.007116  0.187374 -0.181072 -0.172785
 0.000000 -0.316228 -0.000000 -0.000000 -0.141669 -0.004321 -0.109735  0.171778 -0.376634  0.169678 -0.142196 -0.022700  0.148728  0.027666 -0.113708  0.028304  0.279888  0.229330  0.215350 -0.026909 -0.075683 -0.296353 -0.219396 -0.052949  0.074106 -0.156162 -0.035913  0.141012 -0.001342 -0.051720 -0.147107  0.201948 -0.206230  0.154399 -0.032581 -0.101184 -0.202523 -0.111685  0.130251  0.153524
 0.000000 -0.000000 -0.316228 -0.000000 -0.150532  0.379068  0.009854  0.042472 -0.151864 -0.087140 -0.122045 -0.252805 -0.157456 -0.052466 -0.128405  0.184847  0.137712 -0.076720 -0.252219  0.042845 -0.282827  0.018470  0.149362 -0.277775  0.156599  0.019943  0.092466  0.165205 -0.209174  0.306885  0.126462 -0.039909  0.142025  0.000806 -0.087174  0.048981  0.010087 -0.060527 -0.142176  0.059599
-0.000000 -0.000000 -0.000000  0.316228  0.134515 -0.120174  0.351587  0.156577  0.043248  0.098238 -0.285551 -0.202082  0.087332 -0.124322 -0.301560  0.214376 -0.007903 -0.213153  0.066741 -0.022812  0.147538  0.090140 -0.106422 -0.068144 -0.076811 -0.028259 -0.037964 -0.046205 -0.060226 -0.001275 -0.108333  0.134617 -0.090141  0.103727  0.410142 -0.002877  0.124388 -0.001109 -0.265804 -0.110134
-0.000000  0.000000 -0.000000 -0.316228 -0.183115  0.036013  0.020313 -0.080463  0.311226  0.075635 -0.231854 -0.189968  0.095646 -0.022809  0.179047 -0.114537 -0.184414 -0.043212 -0.085472  0.165910 -0.063462 -0.163847 -0.084184  0.037689  0.024612 -0.288995  0.099218  0.111291 -0.238327 -0.277189 -0.066276  0.018567 -0.314216 -0.054260 -0.101312  0.146819  0.163491 -0.179682 -0.250679 -0.029150
-0.316228 -0.000000  0.000000  0.000000 -0.270141 -0.163838 -0.166412 -0.046563 -0.059202 -0.094289  0.067358  0.019141  0.233808 -0.157939 -0.254331  0.004653 -0.056577 -0.089288  0.006764 -0.352234  0.009551  0.089472  0.336503  0.297472  0.022122  0.034890  0.052257 -0.019458 -0.184978  0.034026  0.041578 -0.218443 -0.225722  0.061870  0.060294  0.110508 -0.232853 -0.021397 -0.151510  0.160309
-0.000000 -0.000000 -0.316228 -0.000000  0.111886 -0.121378  0.070868 -0.404229 -0.192036  0.323962  0.016439  0.044227  0.248685  0.048132 -0.020530 -0.060426  0.151003  0.168737 -0.091032 -0.120641 -0.055166  0.043750  0.029136 -0.013806 -0.096604  0.070397 -0.052116  0.257449  0.095638 -0.096079 -0.058076 -0.151161  0.111794 -0.065627  0.134031  0.382392  0.289558 -0.102867  0.070842 -0.060024
-0.316228  0.000000 -0.000000 -0.000000  0.328266  0.110104 -0.049311 -0.009368 -0.020421  0.033212 -0.131890 -0.062639 -0.322368 -0.083456 -0.150251 -0.085507 -0.047955  0.232781 -0.087964 -0.029539 -0.024575  0.290906 -0.133972 -0.186334 -0.140409 -0.137744 -0.065945 -0.233185 -0.042879 -0.160372 -0.288678 -0.202665 -0.059872 -0.141591 -0.088863  0.124086 -0.247346 -0.181055  0.045827  0.136479
 0.000000 -0.000000  0.000000  0.316228 -0.110953  0.217422 -0.341696  0.075049  0.191470  0.103455 -0.094940  0.170968  0.109475 -0.270027  0.007482 -0.202444  0.101205 -0.185051 -0.092411  0.149870  0.107718  0.186123 -0.251059  0.131533 -0.105572  0.047982 -0.087351  0.326194 -0.037101  0.115312 -0.166567 -0.196692  0.040747  0.161171 -0.107220 -0.088747 -0.002688 -0.086000  0.065742 -0.192608
-0.316228 -0.000000  0.000000  0.000000 -0.021699  0.017681 -0.144882 -0.087983  0.172733 -0.048559 -0.019585 -0.215561  0.102219  0.032320  0.136410  0.485422  0.169275 -0.051198 -0.001561  0.060464  0.096866  0.010963 -0.027706 -0.004331  0.233347 -0.230573 -0.184536 -0.041959  0.242706  0.128903 -0.077816 -0.144358 -0.205997 -0.108682 -0.009360  0.061735  0.124465  0.260957  0.290029 -0.093719
 0.000000  0.000000 -0.316228 -0.000000 -0.093511 -0.140144  0.038569 -0.091868  0.137116 -0.063536 -0.101061 -0.010016 -0.217634  0.329782 -0.225684  0.021824  0.013106 -0.323717  0.086118  0.236457 -0.154722  0.025899  0.010313  0.237524 -0.140241  0.004723 -0.181574  0.196651  0.262762 -0.148352 -0.007613  0.149806  0.026833 -0.036589 -0.079317  0.122479 -0.376200  0.026885  0.009820  0.031620
 0.000000 -0.000000  0.000000 -0.316228  0.067268  0.110197 -0.050066  0.059172  0.180964 -0.107265  0.037544 -0.295671 -0.187307 -0.106255 -0.191439 -0.060546  0.088364  0.031287  0.487697 -0.158828 -0.050503 -0.049880 -0.079481  0.212675  0.138826  0.353267 -0.060666  0.059623 -0.078099  0.055515 -0.108487 -0.028189  0.085399 -0.032659  0.084340  0.060283  0.181210 -0.220046  0.161081 -0.172455
 0.316228  0.000000  0.000000  0.000000  0.074922 -0.066573 -0.050294 -0.413696 -0.062758  0.129622  0.060580 -0.239091 -0.040510  0.111689 -0.045069 -0.122486 -0.171944  0.026993  0.098510 -0.091466  0.005714  0.191356 -0.258548 -0.106934  0.316892 -0.015532 -0.071961  0.005508 -0.005084  0.155308  0.141501 -0.213354 -0.238565  0.178519 -0.006552 -0.159657 -0.263983  0.130634 -0.156437 -0.138422
-0.000000 -0.000000 -0.000000 -0.316228 -0.169251 -0.082773 -0.054735 -0.011486 -0.120307 -0.245482  0.167821 -0.021835  0.051632 -0.016201 -0.070826  0.041893  0.200247  0.018017 -0.230291 -0.125427 -0.184862  0.125210 -0.071456 -0.131880 -0.251988  0.023410 -0.178919 -0.107757  0.025252 -0.183469 -0.289460  0.085647  0.018647  0.214691 -0.025659 -0.148084  0.046361  0.182033 -0.190530 -0.439380
 0.000000 -0.316228  0.000000  0.000000  0.167729  0.146940 -0.061139  0.008946  0.113223  0.137135 -0.171660 -0.148732 -0.035301 -0.109503 -0.038015  0.098441 -0.071617  0.069771 -0.113318 -0.155474  0.170540 -0.114588  0.046030  0.017997 -0.139986  0.252221  0.134481  0.072386 -0.151224 -0.300416  0.238938  0.076929  0.047431  0.123885 -0.180910  0.175271 -0.157502  0.468174  0.131753 -0.148802
-0.000000 -0.000000 -0.000000  0.316228 -0.079703 -0.300381  0.005686  0.107035  0.064509 -0.127180  0.177714 -0.235021 -0.242528 -0.182568  0.081023 -0.237410 -0.030060  0.214074  0.077491  0.069992 -0.050870 -0.357988  0.093496 -0.068396 -0.017325 -0.185772 -0.068451  0.056273  0.054294  0.160185 -0.141987 -0.126750  0.114025  0.149704 -0.046272  0.352162 -0.028214  0.173344 -0.133046 -0.101421
 0.316228 -0.000000 -0.000000 -0.000000 -0.005422 -0.182469  0.091767 -0.104867 -0.054977  0.081731  0.033233  0.090903 -0.212846 -0.429721 -0.200769  0.118087  0.131982 -0.063802  0.089182  0.148380 -0.083358  0.044177  0.193700 -0.003760  0.000992  0.043389 -0.016190  0.089790 -0.021904 -0.165151 -0.152873 -0.138239 -0.228589 -0.198873 -0.268104 -0.218194  0.223904  0.218569  0.033777  0.235150
-0.000000  0.000000 -0.000000 -0.316228 -0.263960  0.084091  0.166538  0.363500  0.010426  0.400193  0.138035 -0.218646  0.066520  0.004984  0.072897 -0.143494 -0.079071  0.017786 -0.004070  0.082222  0.074646  0.181445  0.013800 -0.034852 -0.063688  0.015610 -0.044826  0.112789  0.138503  0.024444 -0.116039 -0.236843  0.164087 -0.101721  0.248013 -0.062446 -0.139897  0.287476  0.000112  0.198492
-0.000000  0.316228 -0.000000 -0.000000  0.035565  0.006345  0.107459  0.164983 -0.200662  0.227607 -0.099253 -0.032976 -0.195356  0.065798 -0.023274  0.115635 -0.011403  0.099543 -0.048820 -0.028344  0.033724 -0.186073  0.240242  0.194451 -0.130382 -0.166039  0.124483  0.087714  0.056126 -0.056138  0.153985 -0.283687 -0.117756  0.002446 -0.034848 -0.241405 -0.099378 -0.194275  0.132686 -0.489043
-0.316228 -0.000000  0.000000 -0.000000  0.070611 -0.053799 -0.119671  0.111240 -0.152130  0.257812  0.466124 -0.049826 -0.152589  0.037669 -0.098266 -0.026943 -0.089008 -0.388244 -0.000834  0.038714  0.012761 -0.071019 -0.184923 -0.212404 -0.024105  0.140222  0.290613  0.035952  0.133131 -0.024545  0.071858  0.093088 -0.252191  0.067560 -0.142550  0.093076  0.179163 -0.064873 -0.060987 -0.031284
 0.316228 -0.000000  0.000000 -0.000000  0.036965 -0.254419 -0.398849  0.396832 -0.170023  0.029947 -0.230067 -0.112690  0.066286  0.110500  0.090432  0.080055 -0.233811 -0.163075 -0.023280 -0.164234 -0.062393  0.113822  0.065600 -0.143625 -0.028305  0.083167 -0.317087 -0.088072  0.034148 -0.030368  0.079253 -0.083023 -0.024867 -0.102971 -0.143314  0.201530  0.139143 -0.126260  0.033658  0.008775
 0.000000  0.316228 -0.000000 -0.000000 -0.236100  0.149478 -0.164242 -0.271418 -0.051402  0.306999 -0.067539 -0.106325 -0.079510 -0.185290  0.071496  0.153900 -0.020629 -0.064505  0.247070  0.015369 -0.041287 -0.053919 -0.032222  0.037469 -0.303149 -0.091693 -0.112880 -0.379432  0.000131 -0.011667  0.114075  0.122891  0.198784  0.322318 -0.041405  0.039919  0.048282 -0.004678  0.011105  0.178000
 0.316228  0.000000 -0.000000  0.000000 -0.202055 -0.052021  0.038399  0.029088  0.208023 -0.025318  0.106009 -0.085430 -0.054323  0.265565 -0.302350 -0.072658  0.373038 -0.080824 -0.219892 -0.148400  0.355952 -0.068147 -0.141638 -0.029185 -0.099894 -0.149246  0.165393 -0.245477 -0.113176  0.028314  0.025565 -0.173675  0.007022  0.001234 -0.079641  0.124680  0.060143 -0.096268  0.204283  0.111147
-0.316228  0.000000  0.000000  0.000000 -0.260198 -0.216593 -0.057178 -0.018380  0.069992 -0.060369 -0.193001  0.037669 -0.105542  0.136573 -0.291888 -0.100032 -0.132450  0.251365  0.119800  0.005660  0.196763  0.150864 -0.013829 -0.245806  0.083534 -0.084276 -0.061435  0.205088  0.055650 -0.128273  0.279575 -0.007073  0.219863  0.091381 -0.136312 -0.250249  0.307819  0.029623 -0.023904  0.024382
 0.000000 -0.000000  0.316228 -0.000000 -0.301058 -0.147561 -0.058787 -0.158060 -0.213284  0.089234 -0.242542  0.053432 -0.416109  0.079783  0.133712  0.167357 -0.076028 -0.000797 -0.216703 -0.118201  0.099041  0.064685 -0.143281  0.202929  0.152342  0.171774  0.223223  0.110384  0.009426  0.097029 -0.298652  0.126221  0.102477 -0.086964  0.087580  0.133337  0.031035  0.032050 -0.035714 -0.008132
 0.000000 -0.316228 -0.000000 -0.000000 -0.042555 -0.030338  0.025169 -0.099032 -0.070870 -0.039724  0.024016 -0.050544  0.200419  0.173001 -0.110698  0.277141 -0.282604  0.081349  0.045341  0.428409  0.096208 -0.143952  0.042876  0.030049 -0.126370  0.261343  0.100101 -0.188138 -0.027299  0.086431 -0.237948 -0.352134  0.139853  0.114084 -0.154908 -0.069025  0.021803 -0.158807 -0.083896 -0.023614
-0.000000 -0.316228  0.000000  0.000000 -0.040838 -0.066728  0.087646 -0.111306  0.047233 -0.214804 -0.220238 -0.161575 -0.053423 -0.102362  0.298205 -0.077404  0.064318 -0.166836  0.104507 -0.262633 -0.129237  0.052346 -0.007469 -0.116706 -0.360643 -0.022266  0.302396  0.056391  0.384164  0.074452  0.096853 -0.207403 -0.051282  0.050535  0.053328 -0.170289  0.031347 -0.124930  0.052358  0.102606
 0.000000  0.000000  0.316228  0.000000 -0.162076  0.002910  0.300536 -0.075814 -0.199713 -0.108567  0.121936 -0.149912  0.129500 -0.105927  0.092070  0.071884  0.083452 -0.015876  0.195592  0.122842  0.224049  0.289939  0.003774 -0.115557 -0.202010 -0.020228 -0.123751  0.187316 -0.123736  0.083586  0.166455  0.137933 -0.016724 -0.207312 -0.294159  0.251782 -0.181233 -0.162339  0.047928 -0.153248
 0.000000  0.000000 -0.316228  0.000000  0.015302 -0.013910 -0.102658  0.041636 -0.397049 -0.272425 -0.029142 -0.277108 -0.025929 -0.083978  0.060975 -0.238283 -0.050967  0.072117 -0.079726  0.312833  0.210178  0.221418 -0.063589  0.344520 -0.039620 -0.055777  0.139866 -0.137282 -0.041108 -0.025823  0.095003  0.120301 -0.141593  0.033461  0.127738 -0.014021  0.185262  0.117935  0.161677  0.024956
-0.000000  0.000000 -0.316228  0.000000  0.033594 -0.036312  0.014318  0.112894  0.030506  0.102139 -0.081953  0.210336  0.019707  0.230311  0.138326  0.015041  0.004802 -0.012353  0.423714 -0.153812  0.022221  0.236740  0.064397 -0.009923 -0.064271 -0.193727  0.311651 -0.061674 -0.243961  0.228429 -0.266207  0.057798  0.010360 -0.027923 -0.250083  0.035883  0.055240  0.247729 -0.074470 -0.148863
 0.000000 -0.316228  0.000000 -0.000000  0.051363  0.188999 -0.189074 -0.206899 -0.109757  0.072913  0.085828 -0.053899 -0.197649  0.090825  0.084253 -0.152363  0.020171 -0.261140  0.066601 -0.043351  0.389151 -0.106009  0.439841 -0.115027  0.001957 -0.182775 -0.247821  0.031003 -0.090124 -0.058015 -0.166410  0.090047  0.067989 -0.092477  0.175443 -0.158323  0.037308 -0.079698 -0.093538 -0.070356
-0.000000  0.316228  0.000000 -0.000000  0.097314  0.101036 -0.158558 -0.042721  0.060599  0.013744 -0.164288 -0.216593  0.182393  0.070043 -0.081885 -0.134203  0.117889  0.203505 -0.055793 -0.040516  0.255515 -0.141670  0.126875 -0.028463 -0.139250  0.267589  0.061471  0.028884  0.336368  0.204568 -0.151529  0.209135 -0.159192 -0.193792 -0.221159 -0.100309 -0.033736  0.052410 -0.315793  0.087136
 0.000000 -0.316228 -0.000000 -0.000000  0.064294 -0.057348  0.006526  0.035062  0.029288  0.225794  0.079557 -0.127600  0.087520 -0.205137 -0.130064 -0.011243  0.022729 -0.004524 -0.123427 -0.095489 -0.097870  0.094283 -0.063908  0.353865  0.182466 -0.276223  0.041115 -0.212330  0.237682  0.063954  0.104837  0.149796  0.339448 -0.217976 -0.274491 -0.079520  0.031414 -0.118529 -0.220739 -0.137330
 0.000000  0.000000 -0.316228  0.000000 -0.124340  0.161509  0.090053  0.108575 -0.123113 -0.140230  0.039407  0.238361 -0.144326 -0.112189  0.205896  0.173828  0.094467  0.031484  0.129334 -0.127237  0.322984 -0.132295 -0.296128  0.054059  0.097835  0.099053 -0.147371 -0.061435  0.118807 -0.218983  0.144516 -0.249011 -0.015831 -0.118697 -0.030286  0.083829 -0.032783 -0.022545 -0.412273  0.020049
 0.316228
