 0.707327  0.196542 -0.064209  0.021437 -0.007404 -0.003061 
 0.706886 -0.196617  0.064256 -0.021451  0.007409  0.003063 
-0.000035  0.960580  0.026290 -0.008776  0.003032  0.001253 
-0.000004  0.000000  0.995519  0.003000 -0.001036 -0.000428 
 0.000000  0.000000 -0.000001  0.999497  0.000348  0.000144 
 0.000000  0.000000  0.000000  0.000000  0.999940 -0.000050 
 0.000000  0.000000  0.000000  0.000000  0.000000  0.999990 

 0.706966  0.000000  0.000000  0.000000  0.000000  0.000000 
 0.706966  0.000000  0.000000  0.000000  0.000000  0.000000 
 0.000000  0.706966  0.000000  0.000000  0.000000  0.000000 
 0.000000  0.706966  0.000000  0.000000  0.000000  0.000000 
 0.000000  0.000052  0.706914  0.000000  0.000000  0.000000 
 0.000000  0.001220  0.705746  0.000000  0.000000  0.000000 
 0.001249  0.000000  0.000000  0.705718  0.000000  0.000000 
 0.000105  0.000000  0.000000  0.706862  0.000000  0.000000 
 0.000000  0.003740  0.000000  0.000000  0.703226  0.000000 
 0.000000  0.000000 -0.008875  0.000000  0.698091  0.000000 
-0.015011  0.000000  0.000000  0.036281  0.000000  0.655674 
 0.009217 -0.013808  0.032527 -0.022279  0.095240  0.533896 
 0.009217  0.013808 -0.032527 -0.022278 -0.095239  0.533897 

 0.577001  0.000160  0.000000  0.000000  0.000000  0.000000 
 0.576764  0.000396  0.000000  0.000000  0.000000  0.000000 
 0.574973  0.002188  0.000000  0.000000  0.000000  0.000000 
 0.000000  0.577161  0.000000  0.000000  0.000000  0.000000 
 0.000000  0.577161  0.000000  0.000000  0.000000  0.000000 
 0.000000  0.577160  0.000000  0.000000  0.000000  0.000000 
 0.000000  0.000000  0.577160  0.000000  0.000000  0.000000 
 0.000000  0.000000  0.577160  0.000000  0.000000  0.000000 
 0.000000  0.000000  0.577160  0.000000  0.000000  0.000000 
 0.000000  0.000000  0.000000  0.575289  0.001871  0.000000 
 0.000000  0.000000  0.000000  0.576380  0.000781  0.000000 
 0.000000  0.000000  0.000000  0.577068  0.000092  0.000000 
 0.000000  0.000000  0.000000  0.000000  0.577161  0.000000 
 0.000000  0.000000  0.000000  0.000000  0.577161  0.000000 
 0.000000  0.000000  0.000000  0.000000  0.577161  0.000000 
 0.000000  0.000000  0.021314  0.000000 -0.000001  0.555846 
 0.000000  0.000000 -0.008550 -0.049453  0.020446  0.498712 
-0.043699  0.018060 -0.008063  0.026221 -0.010841  0.470277 
 0.043699 -0.018060 -0.008063  0.026221 -0.010841  0.470278 

