 0.707107 -0.235702  0.000000  0.000000  0.000000  0.000000 
 0.707107  0.235702  0.000000  0.000000  0.000000  0.000000 
 0.000000  0.942809  0.000000  0.000000  0.000000  0.000000 
 0.000000  0.000000  0.707107 -0.235702  0.000000  0.000000 
 0.000000  0.000000  0.707107  0.235702  0.000000  0.000000 
 0.000000  0.000000  0.000000  0.942809  0.000000  0.000000 
 0.000000  0.000000  0.000000  0.000000  0.707107 -0.235702 
 0.000000  0.000000  0.000000  0.000000  0.707107  0.235702 
 0.000000  0.000000  0.000000  0.000000  0.000000  0.942809 

 0.685994  0.000000  0.000000  0.000000  0.000000  0.000000 
 0.685994  0.000000  0.000000  0.000000  0.000000  0.000000 
 0.000000  0.685994  0.000000  0.000000  0.000000  0.000000 
-0.171499  0.514496  0.000000  0.000000  0.000000  0.000000 
 0.171499  0.514496  0.000000  0.000000  0.000000  0.000000 
 0.000000  0.000000  0.685994  0.000000  0.000000  0.000000 
 0.000000  0.000000  0.685994  0.000000  0.000000  0.000000 
 0.000000  0.000000  0.000000  0.685994  0.000000  0.000000 
 0.000000  0.000000 -0.171499  0.514496  0.000000  0.000000 
 0.000000  0.000000  0.171499  0.514496  0.000000  0.000000 
 0.000000  0.000000  0.000000  0.000000  0.685994  0.000000 
 0.000000  0.000000  0.000000  0.000000  0.685994  0.000000 
 0.000000  0.000000  0.000000  0.000000  0.000000  0.685994 
 0.000000  0.000000  0.000000  0.000000 -0.171499  0.514496 
 0.000000  0.000000  0.000000  0.000000  0.171499  0.514496 

