 0.707107  0.000000  0.000000 -0.230963  0.000000 
 0.707107  0.000000  0.000000  0.230963  0.000000 
 0.000000  0.707107  0.000000 -0.057741 -0.173223 
 0.000000  0.707107  0.000000  0.057741  0.173223 
 0.000000  0.000000  0.707107 -0.057741  0.173223 
 0.000000  0.000000  0.707107  0.057741 -0.173223 
 0.000000  0.000000  0.000000  0.938070  0.000000 
 0.000000  0.000000  0.000000  0.000000  0.938070 

 0.683201  0.000000  0.000000  0.000000  0.000000 
 0.683201  0.000000  0.000000  0.000000  0.000000 
 0.000000  0.683201  0.000000  0.000000  0.000000 
 0.000000  0.683201  0.000000  0.000000  0.000000 
 0.000000  0.000000  0.683201  0.000000  0.000000 
 0.000000  0.166850  0.516351  0.000000  0.000000 
 0.000000 -0.166850  0.516351  0.000000  0.000000 
 0.000000  0.000000  0.000000  0.683201  0.000000 
 0.166850  0.000000  0.000000  0.516351  0.000000 
-0.166850  0.000000  0.000000  0.516351  0.000000 
 0.083116  0.000000  0.000000  0.000000  0.600084 
-0.044089  0.073471  0.000000  0.000000  0.565641 
-0.044089 -0.073471  0.000000  0.000000  0.565641 

 0.563941  0.000000  0.000000  0.000000  0.000000 
 0.563941  0.000000  0.000000  0.000000  0.000000 
 0.563941  0.000000  0.000000  0.000000  0.000000 
 0.000000  0.563941  0.000000  0.000000  0.000000 
 0.000000  0.563941  0.000000  0.000000  0.000000 
 0.000000  0.563941  0.000000  0.000000  0.000000 
 0.000000  0.000000  0.563941  0.000000  0.000000 
 0.000000  0.000000  0.563941  0.000000  0.000000 
 0.000000  0.000000  0.000000  0.563941  0.000000 
 0.000000  0.000000  0.000000  0.563941  0.000000 
-0.137360  0.000000  0.426580  0.000000  0.000000 
 0.137360  0.000000  0.426580  0.000000  0.000000 
 0.000000 -0.137360  0.000000  0.426580  0.000000 
 0.000000  0.137360  0.000000  0.426580  0.000000 
-0.063941  0.000000  0.000000  0.000000  0.500000 
 0.063941  0.000000  0.000000  0.000000  0.500000 
 0.000000 -0.063941  0.000000  0.000000  0.500000 
 0.000000  0.063941  0.000000  0.000000  0.500000 

