
  0  0.471404520791030064641100039 -0.235702260395518875370018085  0.471404520791031781448135116  4.714045207910317814481351156e-01
  1  0.235702260395514435196203523 -0.471404520791031675277637375 -0.471404520791032388872402251  4.714045207910323888724022506e-01

  0  0.235702260395515629444896516  0.707106781186544499837303562  0.666666666666669955720447155 
  1  0.235702260395512799921171818 -0.707106781186550550661207987  0.666666666666664529776464843 
  2  0.942809041582064170320537366 -0.000000000000000607433784058 -0.333333333333331029087491168 

  0  1.000000000000000008131516294  0.000000000000000000027105054  0.000000000000000000000000000 
  1  0.000000000000000000027105054  0.999999999999999996801603591  0.000000000000000000000000000 
  2  0.000000000000000000000000000  0.000000000000000000000000000  0.999999999999999980701201330 

