
  0 -0.403824249680380009523174289 -0.303282765577169449765573828 -0.495516618447573220263306301  0.499953269529309346654423821  0.499502114995207051280140184 -0.499953183526710400423750599  4.999532695293093466544238207e-01
  1 -0.426135975876357733739194233 -0.280971146944528898199353040 -0.498654100757026530574712170  0.499953269529395184539617703 -0.499953265111253266820114452 -0.490816557828121984713432013  4.999532695293951845396177025e-01
  2  0.303280890244167428593420610  0.403825656867567062417896662 -0.495516587585343891816025072  0.499953269529321800749253890  0.499502111758257242012668323 -0.499953218343418817891680647  4.999532695293218007492538901e-01
  3  0.280969164048189704377400666  0.426137275500207613984117450 -0.498654069894797202127430941  0.499953269529407638634447772 -0.499953268348203076087586313 -0.490816592644830402208467116  4.999532695294076386344477719e-01
  4 -0.413063013229593356079143163 -0.294044044670835749764707667 -0.496815777252355835911980936 -0.499953269529366884233725563  0.499953266628986681677964191 -0.496169920332080789567843690  4.999532695293668842337255626e-01
  5 -0.435374739425571080295163107 -0.271732426038195198198486879 -0.499953259561809146223386804 -0.499953269529281046348531681 -0.499502113477473636422290446 -0.487033294633492373857525104  4.999532695292810463485316808e-01
  6  0.294042126694954082037451737  0.413064377773900762418762822 -0.496815746390126507464699707 -0.499953269529354430138895493  0.499953263392036872410492329 -0.496169955148789207035773738  4.999532695293544301388954931e-01
  7  0.271730400498976357821431793  0.435375996406541313984983610 -0.499953228699579817776105575 -0.499953269529268592253701611 -0.499502116714423445689762307 -0.487033329450200791352560206  4.999532695292685922537016113e-01
  8 -0.468401783443253984674098378 -0.238705573740316674387698659  0.499953230953896152671594652  0.499953269529312897416538711  0.499502116651642668801848804 -0.473508763317770403985683056  4.999532695293128974165387107e-01
  9 -0.490713509639231708890118322 -0.216393955107676122821477871  0.496815748644442842360188783  0.499953269529398735301732593 -0.499953263454817649298405832 -0.464372137619181988302469524  4.999532695293987353017325925e-01
 10  0.238703356481293453442496522  0.468402848704419837795771830  0.499953261816125481118875881  0.499953269529325351511368780  0.499502113414692859534376942 -0.473508798134478821480718158  4.999532695293253515113687802e-01
 11  0.216391630285315729226476578  0.490714467337060389361992618  0.496815779506672170807470013  0.499953269529411189396562662 -0.499953266691767458565877694 -0.464372172435890405770399572  4.999532695294111893965626620e-01
 12 -0.477640546992467331230067251 -0.229466852833982974386832498  0.498654072149113537022920017 -0.499953269529363333471610673  0.499953268285422299199672810 -0.469725500123140793129776147  4.999532695293633334716106725e-01
 13 -0.499952273188445055446087195 -0.207155234201342422820611711  0.495516589839660226711514149 -0.499953269529277495586416791 -0.499502111821038018900581826 -0.460588874424552377446562615  4.999532695292774955864167907e-01
 14  0.229464592932080106886527648  0.477641569610753537796637991  0.498654103011342865470201247 -0.499953269529350879376780603  0.499953265048472489932200949 -0.469725534939849210624811249  4.999532695293508793767806031e-01
 15  0.207152866736102382670507704  0.499953188243394089362858779  0.495516620701889555158795378 -0.499953269529265041491586721 -0.499502115057987828168053687 -0.460588909241260794914492663  4.999532695292650414915867213e-01

  0  0.022311726195977724226184339 -0.707105139924547438116594900  0.009238763549213346571215466  0.064577533762873975137371561 -0.196671382944277626839114058  0.675699091666115620998054464 
  1 -0.022311618632640551569608920 -0.707108422444736512183470489 -0.009238720906333699985619567 -0.064577191836852775371098905  0.196670422666224639597284951 -0.675695972875728602705883846 
  2  0.003137482309453310313311693 -0.000000030862229328451866159  0.001299158804782615639886668 -0.995469849401469372934900953  0.000000002254316334914012281  0.095017089640615047578748112 
  3 -0.000000000000085837895473413 -0.000000000000012454088740748  0.999906539058676230888149383 -0.000000000000003550753090402  0.000000000000044305176801721 -0.013671618327760099255630986 
  4  0.999455380106460318100254636  0.000000003236949809242999792 -0.000451151633779630381703911 -0.000000001656435617531180548 -0.000000000062780776908218501 -0.032996054892278185437129272 
  5 -0.009136625698588415695919026  0.000000034816708417480092230 -0.003783263194629610848071855 -0.026444420208939996426209082 -0.960542092767971195338243262 -0.276698011650214060526018975 

  0  0.999999999999999908601756859  0.000000000000000000054210109  0.000000000000000000000000000  0.000000000000000000000000000  0.000000000000000000000000000  0.000000000000000000000000000 
  1  0.000000000000000000054210109  0.999999999999999966118682110  0.000000000000000000000000000  0.000000000000000000000000000  0.000000000000000000000000000  0.000000000000000000000000000 
  2  0.000000000000000000000000000  0.000000000000000000000000000  0.999999999999999922859015428  0.000000000000000000000000000  0.000000000000000000000211758  0.000000000000000000000000000 
  3  0.000000000000000000000000000  0.000000000000000000000000000  0.000000000000000000000000000  0.999999999999999960751881356 -0.000000000000000000000026470  0.000000000000000000000000000 
  4  0.000000000000000000000000000  0.000000000000000000000000000  0.000000000000000000000211758 -0.000000000000000000000026470  0.999999999999999985796951540 -0.000000000000000000000847033 
  5  0.000000000000000000000000000  0.000000000000000000000000000  0.000000000000000000000000000  0.000000000000000000000000000 -0.000000000000000000000847033  0.999999999999999929255808245 

