  5   5    1.00000000000000000000000000000000000000000000000000000000000000000000000000000000000000000000000000000000000000000000000000000000000000000000000000000000000000000000000000000000000000000000000000000000
  5  10    1.41421356237309504880168872420969807856967187537694807317667973799073247846210703885038753432764157273501384623091229702492483605585073721264412149709993583141322266592750559275579995050115278206057147
  5  15    1.73205080756887729352744634150587236694280525381038062805580697945193301690880003708114618675724857567562614141540670302996994509499895247881165551209437364852809323190230558206797482010108467492326501
  5  20    2.00000000000000000000000000000000000000000000000000000000000000000000000000000000000000000000000000000000000000000000000000000000000000000000000000000000000000000000000000000000000000000000000000000000
  5  25    2.23606797749978969640917366873127623544061835961152572427089724541052092563780489941441440837878227496950817615077378350425326772444707386358636012153345270886677817319187916581127664532263985658053576
  5  30    2.44948974278317809819728407470589139196594748065667012843269256725096037745731502653985943310464023481859460122661418912485886545983775734162578395123727855282891274752767657124763010527091177022348131
  5  35    2.64575131106459059050161575363926042571025918308245018036833445920106882323028362776039288647454361061506457833849746309574352988862721478442739055588010772271715072972832389229968959486508726070097805
  5  40    2.82842712474619009760337744841939615713934375075389614635335947598146495692421407770077506865528314547002769246182459404984967211170147442528824299419987166282644533185501118551159990100230556412114294
  5  45    3.00000000000000000000000000000000000000000000000000000000000000000000000000000000000000000000000000000000000000000000000000000000000000000000000000000000000000000000000000000000000000000000000000000000
  5  50    3.16227766016837933199889354443271853371955513932521682685750485279259443863923822134424810837930029518734728415284005514854885603045388001469051959670015390334492165717925994065915015347411333948412408
  5  55    3.31662479035539984911493273667068668392708854558935359705868214611648464260904384670884339912829065090701255784952745659227543978485754747977932493304472884730287397482865568257739444461209804447719311
  5  60    3.46410161513775458705489268301174473388561050762076125611161395890386603381760007416229237351449715135125228283081340605993989018999790495762331102418874729705618646380461116413594964020216934984653003
  5  65    3.60555127546398929311922126747049594625129657384524621271045305622716694829301044520461908201849071767351418202406354037603067826469780770516301716689270975774269056427415263323383039496234694479627322
  5  70    3.74165738677394138558374873231654930175601980777872694630374546732003515630693902797680989519437957150099108872775197754550656536816424259266004205255183511740740112447485863191110001523040262799906385
  5  75    3.87298334620741688517926539978239961083292170529159082658757376611348309193697903351928737685867351791630220686094964701318954043916364961567989174612120351106875479101349358128391953122888929256584641
  5  80    4.00000000000000000000000000000000000000000000000000000000000000000000000000000000000000000000000000000000000000000000000000000000000000000000000000000000000000000000000000000000000000000000000000000000
  5  85    4.12310562561766054982140985597407702514719922537362043439863357309495434633762159358786365081068429668454404093921414161530142084041586836307954814574690697767702326643624086308779056757238570822552138
  5  90    4.24264068711928514640506617262909423570901562613084421953003921397219743538632111655116260298292471820504153869273689107477450816755221163793236449129980749423966799778251677826739985150345834618171441
  5  95    4.35889894354067355223698198385961565913700392523244493689034413815955732820315808565615915585194452690565862129827421362958399278382611701215656083641746990097775291887940589006199671566312074022310240
  5 100    4.47213595499957939281834733746255247088123671922305144854179449082104185127560979882882881675756454993901635230154756700850653544889414772717272024306690541773355634638375833162255329064527971316107152
