  8   8    1.00000000000000000000000000000000000000000000000000000000000000000000000000000000000000000000000000000000000000000000000000000000000000000000000000000000000000000000000000000000000000000000000000000000
  8  16    1.41421356237309504880168872420969807856967187537694807317667973799073247846210703885038753432764157273501384623091229702492483605585073721264412149709993583141322266592750559275579995050115278206057147
  8  24    1.73205080756887729352744634150587236694280525381038062805580697945193301690880003708114618675724857567562614141540670302996994509499895247881165551209437364852809323190230558206797482010108467492326501
  8  32    2.00000000000000000000000000000000000000000000000000000000000000000000000000000000000000000000000000000000000000000000000000000000000000000000000000000000000000000000000000000000000000000000000000000000
  8  40    2.23606797749978969640917366873127623544061835961152572427089724541052092563780489941441440837878227496950817615077378350425326772444707386358636012153345270886677817319187916581127664532263985658053576
  8  48    2.44948974278317809819728407470589139196594748065667012843269256725096037745731502653985943310464023481859460122661418912485886545983775734162578395123727855282891274752767657124763010527091177022348131
  8  56    2.64575131106459059050161575363926042571025918308245018036833445920106882323028362776039288647454361061506457833849746309574352988862721478442739055588010772271715072972832389229968959486508726070097805
  8  64    2.82842712474619009760337744841939615713934375075389614635335947598146495692421407770077506865528314547002769246182459404984967211170147442528824299419987166282644533185501118551159990100230556412114294
  8  72    3.00000000000000000000000000000000000000000000000000000000000000000000000000000000000000000000000000000000000000000000000000000000000000000000000000000000000000000000000000000000000000000000000000000000
  8  80    3.16227766016837933199889354443271853371955513932521682685750485279259443863923822134424810837930029518734728415284005514854885603045388001469051959670015390334492165717925994065915015347411333948412408
  8  88    3.31662479035539984911493273667068668392708854558935359705868214611648464260904384670884339912829065090701255784952745659227543978485754747977932493304472884730287397482865568257739444461209804447719311
  8  96    3.46410161513775458705489268301174473388561050762076125611161395890386603381760007416229237351449715135125228283081340605993989018999790495762331102418874729705618646380461116413594964020216934984653003

  8   9    1.00000012826229403987533027760493333831890293082076105385105453350121287310972754282586010850188508294461798868844154022510504384924649973810297895904616320666599921886688987681767113028121642145452254
  8  17    1.41421465317266426
  8  25    1.73205549919895430
  8  33    2.00000414721933595
  8  41    2.23607444913798536
  8  49    2.44949966557099197

  8  10    1.00083944685934978860192892175659458287680336182662626538075727785013024856807776527681533387250257314714151390854972529611954845342548525110634020987614851748296019773109499125971556169520896985956432
  8  18    1.41686928276992319
  8  26    1.73555173128997242
  8  34    2.00299838525210916
  8  42    2.23910791305926349

  8  11    1.00812176129319542
  8  19    1.42551682611899855
  8  27    1.74239901737903735
  8  35    2.00897702566883885
  8  43    2.24409321017591701

  8  12    1.06066017177982128660126654315727355892725390653271105488250980349304935884658027913779065074573117955126038467318422276869362704188805290948309112282495187355991699944562919456684996287586458654542860
  8  20    1.45773797371132511771853821938639576913034958372149298861250168621695251549917815691631008161325884963919740551883872783795346840404270157147580651970611179541626358994255981704216209413581741410543249
  8  28    1.76776695296636881100211090526212259821208984422118509147084967248841559807763379856298441790955196591876730778864037128115604506981342151580515187137491978926652833240938199094474993812644097757571433
  8  36    2.03100960115899009011497089206651008712605102168132820691289389863322920071016817374978940073698421935949487787896767449927825582766964660531952332193703797270015281058468388883914343812786430555137770
  8  44    2.26384628453435415664345204174601660326303111602423506914543530750466449519151480834624016964774773161144012876466946195761387289368762236842631275518102773760197712440696412065010356004302096967638970
  8  52    2.47487373415291633540295526736697163749692578190965912805918954148378183730868731798817818507337275228627423090409651979361846309773879012212721261992488770497313966537313478732264991337701736860600007
  8  60    2.66926956300782780270288099139892765657057194236514502849452651071225224591285200426016210898944593618203698295154115689896209523913718708230984864366912783256024950577205405814227999667519999901176577
  8  68    2.85043856274784494784012256391688619769001327729102593824367354312390305905758840580049858448099899002300415224584493375919038112241132966176898935129683698338252882935350281317742569761442206280137798
  8  76    3.02076149339864301707070981670196392457652139840510155569005425809815820435357196556824300337523321839781732586907471548383764221376988051492579269921149522098372957444857517108694016689280797778023580
  8  84    3.18198051533946385980379962947182067678176171959813316464752941047914807653974083741337195223719353865378115401955266830608088112566415872844927336847485562067975099833688758370054988862759375963628580
  8  92    3.33541601603158342812235906812711661727961620686001931785329582171454618806511790061325100730361731716729970532568717953001091538591774287502908441860489863249117564190542541541952743919520353106768732
  8 100    3.48209706929602983461693473212832342654859910152820151731006848503648754886655789084492441895315536951884290696473112178144055846156094509752588888649510282165772146029486282698810677443841352950157026

  8  13    1.06916480358365962
  8  21    1.46601772468439151
  8  29    1.77490649814438339
  8  37    2.03696047312230233
  8  45    2.26918663149269451

  8  14    1.12132034355964257320253308631454711785450781306542210976501960698609871769316055827558130149146235910252076934636844553738725408377610581896618224564990374711983399889125838913369992575172917309085720
  8  22    1.50245110166004125
  8  30    1.80481558971542921
  8  38    2.06333693634353743
  8  46    2.29289321881320785

  8  15    1.17851130197757920733474060350808173214139322948079006098056644832561039871842253237532294527303464394584487185909358085410403004654228101053676791424994652617768555493958799396316662541762731838380955
  8  23    1.54560308257757506
  8  31    1.84089350286393016
  8  39    2.09496751499566169
  8  47    2.32139804619669121
