
  0 -0.000546873684627141463068624  0.167731234461317046092695450 -0.062142303634088572907284015 -0.018663393409959173607759724 -0.412007807614260610894890702 -0.373440341043736406996273597  0.168918696137894567646541878 -0.070273110971311398492234000  0.052443944245433125512264975  0.313234244438493235508777154  0.488307901666062467075203959  0.064395770883035307138473821 -0.106740029911206896364285826  0.291450871715110749262138065 -0.011201721110749855329605685 -0.091539236647238633269704679 -0.377248494338822495773469803 -0.185364843135061778999828942  0.661091612804252529720164255 
  1 -0.129221805977384039164162187 -0.494395473136701920410102096 -0.014557330215853040840211360 -0.019137194472781257276248860  0.003779860610271008838199647 -0.211402693138777966294530701  0.057996636809788887934069036 -0.172863623282599603004326683  0.262599171697133683915778221  0.225413974116796683692270399 -0.137098644392234691210923081  0.540757920206332838401752650  0.052262524522273348887778073  0.123118051636294424611096834 -0.105354606312068689889511856 -0.171771121169127431596926336  0.115688989335375851128862642  0.396840816971611677030666240  0.661091664412991239594546977 
  2  0.012282569543449020540598377  0.000000000438890707879091817  0.575235790927202104462490073 -0.000676811037231634323397877 -0.072896498823298619121259945  0.258224942633774016455001227 -0.345884802701198479016461360  0.237210588190901315342211039  0.239094479073323783177898970  0.274128176241169445645886119  0.389110424614794998078365004  0.015342522100142594467446055 -0.157186823487121485941960149 -0.153091587333413570802651167 -0.037283893821809832179372396 -0.159821934272467505627258501  0.246708213680388387993255329  0.033996009449479645086447579  0.661091670770072093886362413 
  3  0.207449786917280643808603885 -0.208062783531478918741313908  0.000000040375428020137523850 -0.245579046160291675823111879 -0.000000002207981851965087554  0.377450962471804647864991045  0.343106679043080969507663672 -0.186704411444177406171002556  0.332053565073739969851608980 -0.451116047951496481152079687  0.375523095658189387248101013  0.050770594851452418830490849 -0.069536090065893365232271243  0.216193839081477448833931883  0.159484606470412309560521699  0.147051031574349776049064238  0.048091782020701699902414609 -0.002778514031070760171190825  0.661091659192461091282353586 
  4 -0.000019536757101657464940099 -0.004947285491995944793150865 -0.010543698960666178417155123  0.283707429373327287122543566  0.361873681597239854704781484 -0.510539129609103448234012218  0.071803860276380388605712082  0.366779536908938318763356498  0.025301083643125320923035026 -0.348324182716454584774444514  0.335325858176561084631264742  0.075628343421048147201407336 -0.178369956369699859713667638 -0.174352365570330938612905909  0.209693560799605358644791438  0.006025590285035894474427497  0.029505691613212782304297935  0.202145569463342456638745882  0.661091632180330921809193606 
  5  0.030114057995220893241866862 -0.000000036810001615584487688 -0.583248290661657779905806959  0.047729173107599752745599814  0.000000101062323839288542919  0.104416399984181805027979445 -0.189574806924170340897538994  0.296845521732516128205533329  0.107584949778378307356347353  0.119620578648480569153506655  0.274845247342686480447821254  0.223705152820044221961110452  0.237840897293561703384860706 -0.022528243823746114405379756 -0.288283018931128251092967790  0.282645534562594344081890019  0.320571819384087510103331642 -0.217652550585508131950735443  0.661091659636803836226810749 
  6  0.661091672339224839614196805  0.000000000000868604519307258 -0.000000000018586426249991448  0.000000000155841857572826865  0.000000000005594132201055587 -0.234743581050901479334450453  0.172826528020983779940960082  0.179529936233536134660240292  0.397271023125182242753151984  0.225068536110893302113183240 -0.349190927032448886348876479 -0.154471126954141085269142826 -0.104025864386755612892195011  0.028180621420173876270318407  0.089392651903919697509864634 -0.019125685129025385816908377  0.186470877734157496630478142 -0.191660498295740309990307752  0.661091672520115854509107495 
  7 -0.041393070795501180741802648  0.000000001183870804875010533 -0.000000014269655902767917506  0.342044066331457549678951580 -0.277654510110122959375524368 -0.219988075326639177965856384 -0.362378621487947656475267152 -0.372755883093573546418087600  0.004755519859869785803131568 -0.263180981057525583289430360 -0.017472894415785049242160229 -0.156335983206931637264579769 -0.169060130637674814539335791  0.350745805021846771069556417  0.043119673218376486349435192  0.045943547525094507011746755  0.481598271713128921233185165 -0.063217342275019160545521547  0.661091662690608385848436979 
  8  0.175821028820311376007117302 -0.094725187076752012127771243 -0.015292295407704213070065728  0.375212451304131467652623957  0.000040667084671795820089494  0.104045297225433191835094072 -0.336159582739918081766570049 -0.030643860140529421168210586  0.251279614135884079152531700  0.035534537252208042250312386  0.051852507452350120580058688 -0.136375013191507508237112004  0.542717700214532502761468485  0.100894142263703264960283349  0.315919352461579235486757375  0.079036268143497981364126864 -0.398887515410875429715080454  0.196855293433523276589022441  0.661091629693570828336761369 
  9 -0.626357708438965180236610714  0.000000020331118477682670991 -0.017490546682863580251949035  0.017243390635073620348959142  0.000000002733991345892676328  0.008386395996864085655512209  0.008488830960563225309049992  0.206971830655689062713532313  0.545214349942283828416838415 -0.051890727852761167215070144 -0.251451705017595889826102079 -0.046504061431216774283152211 -0.121029339975707283268266303  0.059848040250204695524375003  0.197956482582220614252249864  0.071285374326764631923414837 -0.110458209258950153003504824 -0.352209930888903074140162952  0.661091668822012234411466397 
 10 -0.251426186519602219509271490  0.000846716121061388270386195  0.187542580984869372228937036 -0.096092377955331183944837938  0.125183804667715734839587155 -0.167807788345362961392572346  0.386934040539330460371694048  0.053926353220880722008601874 -0.032043902447569120612848271  0.187498168879786902517856940  0.136958347985116493685767321 -0.413633692644269588628786263  0.516139706761526434659372031  0.211037426217787726131624310 -0.000014700289061575148905097  0.042271006672513542762591740  0.384599472243830946597241416  0.096168439300899172132773649  0.661091666248579908939098093 
 11  0.102963407704515049986317143  0.000000005774679294685001770  0.477152953799975710193290862 -0.080975294114829030204312944 -0.000000005508477293270147824 -0.202172462516483651969009978 -0.099513362952858072097686495  0.195404445794236089563224862 -0.030809960098183273795828660 -0.329725418055840975334498666 -0.134333492518609364744369694  0.258074849079457745035454455  0.247922063494009773033282043  0.269174927095101105569124184 -0.432357045585398248351135728  0.274353968002962353786187630 -0.174968989886608707572113186 -0.212493559360093523267825830  0.661091666902476350381641368 
 12 -0.000000000371222923761287974 -0.000000011499039294987485726 -0.000000002326198157421227716  0.000000000750985738898671370  0.661091654360667788255506022 -0.061997217775884783921082647 -0.149970910947460746737722528 -0.407868997015216746973922946  0.165941067763862437305761276  0.243622096402836119352392115  0.131433944439933440162136466 -0.194239559771784757658723633 -0.222211565969692951896265719  0.100140957751292148685180218 -0.301029326758510856434274475  0.219458598065075463946229338 -0.157154324688351843715959123 -0.074089941535561960475684672  0.661091669308113861515396881 
 13 -0.009103790776558307058701565  0.000000014276596687317809069 -0.006653065350156543562353207  0.645334792390759928726318151 -0.000000002831141134694649079  0.281475670924430502577986632  0.367445888548120797631024032  0.074027935560011869943735502  0.077009444977661755327906588 -0.075493937982975975424103539 -0.016587182946483600107402808 -0.078355648537879491040099907 -0.049909277804495080608251879  0.076127913396303630059146466 -0.464397810663337044930713132 -0.341949474589417600400766822 -0.066160919834832664708870222 -0.019690861870815284605964308  0.661091665625212643255144418 
 14  0.023789797665795039624615282 -0.582497708346559065351998735 -0.000000033581367653267894287 -0.054553672981384756530677483  0.000250445493749175815701611 -0.170767723571844341461252979 -0.083297961050219290262623239 -0.141398206915099167201629177 -0.081195463666894461868717321 -0.120054732721406285607986929  0.137646782715895516296879426 -0.171737805160746627431127970  0.183946480624716165021368536 -0.343407615974021227758967989 -0.043258022275707358552689335 -0.329918557101243677218572331 -0.042596392319382308928291288 -0.517027335946897177742544172  0.661091658068855741027611966 
 15  0.000970570678331658294152951 -0.542217191174662096141666223 -0.002054350884156900951072947  0.097553041678315861480181963  0.018296502476485945968550728  0.148323479797447630622797207 -0.008949223418643805900975447  0.365802018414492973607697254 -0.373704937087660626535666475  0.206053174830913263970060337 -0.027343233273684362934322382 -0.151744593995716891754650148 -0.296973151686617551541294557  0.401333596699241333015861430  0.141957540133293360891473395  0.239640875629589097633022170 -0.083606738099850245046426329 -0.023110267965687846805365236  0.661091656891952411082176433 
 16 -0.006937408452429292136816986  0.001834815652565044411187295  0.247598559568446678445926765  0.391652450309145976488052823 -0.013068419115820838682073531  0.050678760549042828183549528  0.294203990815591246772058368 -0.263690087823196497819264184 -0.135727144262471911088647862  0.213558559520558098788643384  0.012106805241912625003300420  0.343397872530599116699468257  0.046580680370970800338803952 -0.287169055402157301164732528  0.262880419299715903077088730  0.446266727518823426342766889  0.106321109508373755827702507 -0.283065973310240029056378958  0.661091653098407821187096345 
 17  0.051973079113152540380114307  0.204559879804627257361953480 -0.000007986334554578576340086 -0.000004033035312083723290116  0.404546685546295904992424725  0.122141902095015690142987969 -0.068440701915497998245616149  0.013725834292458269207150290 -0.174043069122708665799918390  0.038766926847032023609423805  0.001136287513844686957356403  0.351834989320844565758618361  0.124182128849576008652389521  0.408604885191344144686935794  0.318877627085266049399882304 -0.462214232828262944083536415  0.108397759067937856047826248 -0.327059138891275791701180112  0.661091663833942371712032449 

 0.661091672520115854509107495 

