
  0 -0.004244019863838931597469720  0.522544773549200971748951439 -0.038408356810348158244858676 -0.031552171855548632357099745 -0.017422899489922856834702163 -0.305393148287657184222765316  0.130429223466257568093268349  0.439740631787309416400036030  0.432132411157129504337840245  0.483495240629384259424755968  0.919565369856516690548475790 
  1 -0.003618719810330701135371774  0.003923899351290811438154940  0.020110587994593499147635515  0.008695971863013420673117358 -0.780886582357848312171098859  0.176821823576869307923691357  0.169481141614328987692354375 -0.461604598544697586380916587  0.252924067673426107712934124  0.229495955598644598127369351  0.994057584953946111495926008 
  2  0.001165317897808535752422046  0.831744231678441321231956551 -0.040477841498190191865831893  0.011673771550856123541539536 -0.006670839421489314083219690  0.105912668553741782042926928 -0.175661403361459005759473949 -0.301384672501581995173423889 -0.377631626187993765683638056 -0.175693353611650445906546512  0.997644670600527300532989194 
  3 -0.038383095381069677659764423 -0.000771821960530416442369892 -0.239943943574575109875393966  0.149868835812857928858465167 -0.032582688940048345725561873  0.520771789923112891061186824  0.497900285376376363299065486  0.327032846189875142905436819 -0.453586390671979010791748516  0.292628944241271544295969476  0.982322175592194367127647781 
  4 -0.009151695066217551172357023 -0.041558947963945346300404689  0.830481316282659944559303017 -0.012724908611361178261770226 -0.082732558630232919055856166 -0.012382416818591822647051129 -0.186185257923446142064608996  0.097047691559302085522300055 -0.346258430476135325228352266  0.370610111091450921750375253  0.989031843373008794778611374 
  5 -0.029831772891593237751758179 -0.031744050627952221567558942  0.029268609410246922958496693  0.164370898308817315439946637 -0.029456092113932223708962525 -0.699098757930019198926149815  0.568197820396254512254497621 -0.214793152734039167578135657 -0.328755699197758672827499385 -0.059632464705120597702966718  0.983770181282561113900175798 
  6 -0.009281687462786949562921525  0.018974634996901881293107921  0.116983906090911710367458154  0.031060415056190717584161561  0.617243779905253040505078155  0.205091893600835538773456863  0.236222344464339981237512717 -0.557178085991757388473893942  0.238236579189049884789719860  0.372620689155820455982885686  0.998636317112879831267568953 
  7 -0.998655781360749552396510742  0.000000000010632397002041504 -0.000000000003996865632746847  0.000000000023490776235217805  0.000000000001210042351637661 -0.000000000001359766319758901 -0.040042498349735941034853838 -0.002155017240327401535736403  0.026371354348976555011837674 -0.019573866535684521854887596  0.998655781401439353480147670 
  8 -0.010990546439402858524072865  0.001072576585292737901653134 -0.004828523972929428785854560 -0.971438037780786952995679129  0.004921371782830156882822633 -0.001254804435916515525251582  0.210223252923506328732126784 -0.015152853509877899361072513 -0.107506294898226663085054160 -0.012492344092088661945672261  0.994505860997158663578537885 
  9  0.000522982419445632191794799  0.178987379194341276523495810  0.484401066831748161112865952  0.067049008147541524687076670  0.008945110262791847267304084  0.249181982104429421625646848  0.465178256537389883066430096  0.171843366398288245033821285  0.322427986458036711938344998 -0.562823992872082129869208689  0.989087528960297869009242466 

 0.998655781401439353480147670 

