
  0  0.065151568724076018999306729  0.156261867238295730234902241  0.000122933815716383130236346 -0.024777140769960658856025586  0.723822106456492862227788954 -0.381583295130845494535489978 -0.229955197735673273689107655 -0.479678699006117929213568671 -0.110386900743204021841932343  0.022645962371784992730650477  0.074365129538101242230379532  0.970135617004541606469072978 
  1 -0.232626808064903584078288515 -0.261731587716692562284098375  0.049468328650461021372204858  0.000016849297833856219699117  0.427166977521852086997159598  0.137639016319731494672191745  0.100261930846704261468041713  0.509665394509881602112810750 -0.305377402908023731884119834  0.466754642110452409208476085  0.304288645141941793670868621  0.971010551251743100182288460 
  2 -0.260299876555711264620920214  0.000024711951722670909076941 -0.708982702988351252732131258  0.001703230030062980083643672  0.000000023151977196006757850  0.397653111137103727377398871  0.047941904148970523344777412 -0.320529549640287818372498194 -0.353802640933287917274219225  0.062376949619312246988502273 -0.193266116499930041663425119  0.971010544677825286261334953 
  3 -0.599930242314735647608196084  0.205870277014282801586312656 -0.012352820021984674504182818 -0.105676874008333535489526523 -0.047118387136488833899375731 -0.473166200854597917695469264  0.478233561814818506800284573 -0.004545489965076590273827025  0.175974464083016118214411461  0.185480111937619273265384634 -0.257248242830250619213794047  0.970948600495825538819749667 
  4  0.616931997323069770131423462  0.116010473551300824329691411  0.053203155779576834395879978 -0.136850328594802511084061424 -0.048014598942716726900979511 -0.129064107448501882039544782  0.482666713796383177735886336 -0.002393758633793262928799987 -0.443734610820769805820517478  0.239689792901067072532174038 -0.279446700807574500459440348  0.971010554191466701556834096 
  5 -0.038401341377576168515479635  0.016187993107026756435277092  0.000000000454105329773732649  0.916421219718462849333426301  0.000000000850562857657427216 -0.196379262736225113834842050  0.013635286255326687106255023  0.126019979636727026166211248 -0.239442710286340444515522895 -0.145949496000079598288616534 -0.158649285802425865226110077  0.971010555507733912831546536 
  6  0.293252020385732425753920125  0.023649538614748236042042420 -0.406685455349175735645459590  0.196091339049372001497378512 -0.051332197368327063580521145 -0.134457747654536290379313247 -0.204776766766702456338752891  0.069981240214221609035889337  0.500346603639951006698566305  0.623008390682674968480848215 -0.059733757665708906362244399  0.971010550767355477830289345 
  7 -0.187511858377016008453700910  0.210240847056277981719360146  0.412154512512406886451041266 -0.058819980348759922329977302 -0.102131995576802321402172958  0.165592586047750608196026632 -0.514129523240021942920123521 -0.009062328324583004905290343 -0.214357639117391155490245647  0.348846780393442000740844566 -0.526688277588821831946309937  0.970859193871263105590774245 
  8 -0.000000000198719861702841345 -0.878547248447842285253104461 -0.000000000289194159485530654 -0.092463307581863100621365897 -0.000000000008853148180666047 -0.249332511245601396284105392 -0.074945795367410517648192048 -0.107370277605785064401725144  0.002389187888788211673762020 -0.041540556765036748705904185 -0.372239161024461286391296772  0.971010556526472529462711003 
  9 -0.103578548135582035589314590 -0.133266897014880886528130979  0.156613824462191010648002068  0.095353177430178320315534539 -0.480501710718680586839884200 -0.191147899611358067231627229 -0.044927010325567390667563092 -0.455378871656636631065585494 -0.267914600697370204260283622  0.346492731874728688234131579  0.518891209234771537178645268  0.969314157761512862343522556 
 10 -0.001416833360004357923288214 -0.128879417024484062016245409  0.363484437733112065267368496  0.264776190203092214243193320  0.212453652336261494148377318  0.503993124777456753999888700  0.398762221662198943801643999 -0.409420467610280267457129044  0.340738865026640565605593053  0.181561819594634852448452808 -0.079441800500272570266719393  0.971010530656954188059512556 

 0.971010556526472529462711003 

