
  0  0.515981059840046208850826426  0.000070928354021500725606140  0.219121824103687261396222058 -0.159920844643786954801046099  0.258046826151139520203001837 -0.158216121520702215241154301  0.702726950293705540792014302  0.025289197349928126574912751 -0.272193450946153373324167338  0.516051988194067664172601240 
  1  0.000000000132415451185249785 -0.516051988963075848344114194 -0.375038161016029481279691199  0.276644999720842589606504408 -0.521440523945255980545025742 -0.105196978423159905554110614  0.376649005187797773037614024 -0.299131924508262117990298884  0.046832263961749730502834082  0.516051989095491253970154205 
  2 -0.384212668962279787213598067  0.131839319192286065293034415 -0.292230562985896429083546022 -0.133334528119446473393063662  0.033551656336160300856481711 -0.504079596868576453874092463 -0.048145801872012197898377485 -0.033897067899656114384291392 -0.687846812538756598577691787  0.516051988154565849375998710 
  3  0.114460300621830630195892471  0.401591685504551334845099730  0.097466127011199717291916808  0.173691411992205063357232013 -0.175724544796186556738543279 -0.732943925632739256691584179  0.005664218250229234830351444 -0.010113132561038761382776448  0.466620115957749615175900390  0.516051986126381950770181106 
  4  0.469414100309552798610682536  0.046637885901164957256519791  0.091466090686459845315121799  0.037393664562623207769616936  0.001112150319857607621276810 -0.015092591592331397793336385 -0.428261626530028792486778574 -0.731218767346791434014793148 -0.222245468922863547437318230  0.516051986210717732184161122 
  5 -0.445845262408234483265511566 -0.070206724733117287452950368  0.125107708778445590654679678  0.370774054727878148830051350  0.610079149801127508349896100 -0.033414852496764573718196836  0.223044037288059574300740778 -0.436988226747671129845907931  0.170725525507928776571876274  0.516051987141351753418661019 
  6  0.392320551202062386871851837 -0.123731430987085261402277665 -0.570080232560547461048792300  0.405691933059032374601741988  0.436724561221833422236700273 -0.091653219834211533427394559 -0.207139743861462717058278399  0.314794601713510362265549189  0.008156724195078663711452177  0.516051982189147648294458293 
  7  0.000000000496198938356810263  0.516051988607473228999004272  0.094546641767899542731744267  0.657604013362428811077624313 -0.253553936813328768102270006  0.307569907497580830458682594  0.155232684978580172947110714  0.078350640194952088619462314 -0.321221703840331196855208823  0.516051989103672193782458566 
  8  0.000000000232004853401893581  0.516051986863754625191672010 -0.598736279641077651938151083 -0.337706079070054589809932524  0.047864799863289253767487151  0.261255271962240924894229840  0.248595123272984260684383313 -0.278846196767729145502522081  0.225963991586509109320149782  0.516051987095759494880275325 

 0.516051989103672193782458566 

