
  0 -0.000000000161248642551879703  0.370461140623402867953122344 -0.073849566168080601302303300  0.128152649775972355994683657  0.121515493602660480598959877 -0.326722651440696467437050515  0.314222932455888932307607950 -0.343010258383815530932757151 -0.104674315440287306173635686 -0.388151958465891433122663123 -0.168062888189164701696772485  0.009043654462607254712907970  0.130537324967015979393391602 -0.325084653508907597384974819 -0.267287756871183394455880611 -0.344771723110293967063484308  0.370461140784651494004117364 
  1 -0.370461132968756430550432562  0.000000004483534721761432557  0.171379760181643486105377075  0.005782814419130976364724785 -0.067261285145618189979790577  0.438955983269410987708796651 -0.291700531416345544674564166  0.057377478935404159333071158  0.226242680083916175822812168 -0.184390140812244695883367895 -0.045322583159645628286685617 -0.160747780483176400768497230  0.182455628709487532990011528  0.195765941885483868057532021 -0.303909148835589602253301825 -0.520299609822133329493313442  0.370461137452291156490179203 
  2  0.000000000250811192969756144  0.370461140329817621642989611 -0.253919885064379749213103049  0.225740803232083599147764739  0.598368421179607477594815379  0.365233129920403896631229609 -0.188975277025059154746957149  0.100740653945044710970843031  0.088020154819167260912455859  0.172295893760776456518028082 -0.288275319078858936717394551 -0.099433330549537628287304607 -0.005349576441925518287629290 -0.200279222490393399370750722  0.053378899464900951697037077  0.191340593124402672477635430  0.370461140580628832717031626 
  3 -0.000000001499963616969241723 -0.370461138969486068783006777 -0.129135169988117482308526661  0.047956253568068365503390769  0.159654384767406278528944878 -0.169717687754753963547322583  0.360167422331363979885266238  0.178208212755495334515603786  0.207480209395489292013522488  0.346478005515132566005881767 -0.512216967417627172445143691  0.115551444222424062189993454  0.000014763098054968335568626  0.160733576165704817659946567  0.077687153775863620091049738 -0.396644065452870583980650096  0.370461140469449687101684277 
  4 -0.000000000988304265456948898 -0.370461139694530161852077665 -0.307343776529440222081840384  0.379099324213244010694416966 -0.015008743422743296752634365  0.301593683595834007016810163  0.141945400774267295896519103  0.137981210895610549520382167 -0.256103583603631442726453887 -0.499177855107315059931616733 -0.047060803828210699795939762  0.323075296026731327418170248  0.188752561293756688519970659  0.092731418482145597379699784 -0.005465234786907660908186345  0.169098399687499803667315758  0.370461140682834415933585848 
  5  0.301495676813203776500411230 -0.068965462928825771449226067 -0.022773834187300944721025868 -0.278876291293665224817503387 -0.274805471882376488036410847  0.203623755638822526376277566  0.079443478583246475451906492 -0.284315924258202361166788380  0.093565096082136903855646856 -0.086783278553701836312696087 -0.485307660672559575853373184 -0.394182423117416259400946563  0.361454714189879255687321696  0.043352502876870224262994364 -0.003398495701544471687063236  0.286699186554680043935265654  0.370461139742029543775458933 
  6 -0.370461138332267155486932433 -0.000000001151676957761462165 -0.156073305355945725990244634  0.118927327358330077602217509 -0.120576180859802687970528702 -0.084539013458017731351425671  0.254606427263078961110249684  0.166308604013923969698975948  0.161343515876301401082426601 -0.290895310456138926879501513 -0.078016137065525880520578013 -0.533050657598302546336371116 -0.519540340277752081760490044  0.058304294229876496217487890  0.076832438924486572484682904  0.173151384188385366750054239  0.370461139483944139138378235 
  7 -0.370461136625912023073031731 -0.000000003412558441071228280  0.522969810930768942887087586 -0.114255673395516563820549245  0.133493968760536128650702296  0.021370376201375534715984133  0.092317804294537329441500042 -0.180024603155100095108341780  0.293088706486770389541196211 -0.186924219512174430177860358 -0.264655862424972717982614087  0.442860171382479960084689596 -0.063321235762807422703022341 -0.054753575649598507028278710  0.126875031663422143445659092  0.326930695360313232811395878  0.370461140038470454168614138 
  8 -0.343519436574475210487795637 -0.026941704217490753284244115  0.003191574543385679447821951 -0.462131913487929848100054311  0.039800137556010260126603461 -0.100373375868214294983152019 -0.110930324523761475059564600  0.404524803597568141443974535 -0.520109638353183472315056229 -0.076331190767611709108609198 -0.215313014981136503732113245 -0.069869753925762188173252329  0.183297700902797106590255000 -0.286366117209369054667994839  0.184740109904432163039382161 -0.052661736820542283685702518  0.370461140791965955892939277 
  9 -0.104647230022346972361159834 -0.265813907651477607902660433  0.020719271678295566100391268  0.290549119699574662608254280 -0.216577869235934981041670662  0.093040806205477909108408126 -0.349128631568663225134266023 -0.475845108754201058466528490 -0.273062489576244081838311134  0.149002155740495575942869411 -0.240943007127267963326665463 -0.021121947982928478491752595 -0.320681463646319574368635449 -0.304405397634336245891572420  0.225012296169749467954408241 -0.168129994172111774474831329  0.370461137673824589255922035 
 10 -0.370461138654705711024603398 -0.000000000996269791026633512 -0.314826569068888115004393319 -0.050186604067487777876586464 -0.264805305564744679022205764  0.243039984727873870624481438  0.339481229272556958548963044 -0.110416209220410362045470317  0.248180943587421760300102368  0.297942060016091168347463283  0.290973509924261612393436502  0.075503594837350378772414857  0.263472319132333204034709939 -0.429788991297855547295617140  0.094824449111979757882841691  0.025239022794060634933326829  0.370461139650975492730545710 
 11  0.000000000169661854727375923  0.370461140490197468388760757 -0.220436431460626845743404865  0.179943038957064795557109355 -0.536637369006583423672752248 -0.247741619078205035174426209 -0.333812507848233940916304538  0.294346429410633251232392443  0.231213158318027345390003983 -0.013867747955297472748311164 -0.297744677042222666215080459  0.293750828921292447972564085  0.047694254167284821859071516  0.003910969198622522156785341  0.026986672893418507578815017  0.052431288138028485173135207  0.370461140659859314999430985 
 12  0.024479592320343880958746731 -0.345981547800078677773515448 -0.306170131513691412067845396 -0.176175522543090709728192886  0.266898682935388983656493922 -0.322501153333859543105186993 -0.404429602949777542683683709 -0.118013595282222446073967879  0.439951882850559743712509989 -0.309773444663541625221587009  0.144564277894044232358251346 -0.057386908564660985487219241  0.135459901829448032425343325 -0.158511454318251139087290504  0.208211181710827328058947307 -0.040628123216925478755536666  0.370461140120422551674783662 
 13 -0.368498923998060873757692466 -0.001962214466555077369134039 -0.423268581504943106172574041 -0.242544636372990943650059491  0.080405405287664895875037081 -0.138057729650919871390731507 -0.122936491158366581988531461 -0.341748088423317457877235667 -0.177577638156075938319377640  0.176687062358649442454219466 -0.073124348719943643171712607  0.148660627367370352908777439 -0.075326462047455745572898701  0.389010139841458618968671537 -0.420802324145709653570790118  0.210982341477902347239166934  0.370461138464615967382659312 
 14 -0.033114475584256007994446609 -0.337346663866932012105495295  0.212113014613961248385452796  0.249000046678379039451277192  0.005007069449290136229368013 -0.208085480843609098059138023 -0.102728269702743428822629308  0.212458220622468555089431413  0.055044193813178602967353149  0.164254656374827858673665255 -0.042601487072517372294667504 -0.146788541832008834510099431  0.106615175509313890834736400 -0.378229837325307711862806131 -0.627864874819225841462259907  0.277635282394937661296085984  0.370461139451188026239236706 
 15  0.306089235073036423977156303 -0.064371898681984000068271017 -0.158597096980268988241778889 -0.443676420165324617207345745 -0.068967401679608362474456322  0.304636588872627018154039952  0.028832840131781825566102684  0.111558361890267009691680902  0.111955148141074137293203040 -0.134860891374511940616763746 -0.067622252534283402978002551  0.257983135872611147926172087 -0.515669699156232314398492361 -0.307014759454286841332563626 -0.310080273622795003730587271 -0.105615905091836182501244864  0.370461133755020419200398862 

 0.370461140791965955892939277 

