
  0  0.000000010548365893905787806 -0.000000003453329368800045888 -0.653838002342741358193910911 -0.305793891897033510242137275 -0.000000001204609362677610974 -0.055397635065444256062983531  0.413866800597518831491801808  0.064238556310905941584539578  0.039460235571477652739266545 -0.195134098081244637885086485  0.504375689034386114008214758 -0.080470376736346537261171906  0.959631909446079477295481891 
  1  0.314938479110037679179270875 -0.070897626329982923935153164  0.053371054690163694966440703  0.313595249054288955237873582  0.206829490908025539789238077 -0.242872711197897976444551836 -0.486373351364904201382189167  0.024650490870829367164504260 -0.111461685929306058431636182 -0.132152337477619419869889240  0.619082453062282632937594895  0.206188079325312281498945935  0.959631900092498844878630138 
  2 -0.000000000283532187897824503  0.381152227543735527760977722 -0.015819169436109925475970493 -0.286095198871149807641782112  0.276565309279180745691013171  0.389457637737487919138640660 -0.218069815794408860789221558 -0.600381298769528945762259664  0.031369068657922207744387583 -0.342518264709278641964602247 -0.009312359562587323297493233  0.134368895096992069359957168  0.959631905413708210974676333 
  3 -0.051708021698103436868446635  0.593277654116760921182687633  0.157722917279996671470801949  0.082141154201833453802857662  0.074782168129816754309263562 -0.400875755233397040394821911  0.154038637708239814461900347  0.085120059947119500981895825  0.630737208835285828123582569  0.043052629864482789577220931  0.058721723347104586178792432  0.115438083455487864536451615  0.959631915426511251931973590 
  4  0.008722634506172687343516375 -0.171959308624139463548001656  0.032322627313950326905260188 -0.017775564060710645586412654  0.629794640639642055925540715  0.184327971126713609510867908  0.285946063631257480500613352 -0.061796788542853421195768116  0.031588455071203881665886431  0.588154686157310668348594668  0.099125244144071802627549757  0.309905670878877394013939731  0.860574775144615201905029522 
  5 -0.001876750541251037892340279  0.012033083029552827063569443 -0.170968975545862797684923927  0.758878788733883380261159568  0.015874317580422402899711118  0.501519642953501828088521547  0.203463297940758624786253099  0.012700294828352945454010784  0.228024813591242440664191848 -0.199129566155854697604809904  0.014519248540319438307509266 -0.097637136876178185173865212  0.959631915430972432488887502 
  6 -0.108850407800650191372272835  0.000000000136405715392479543 -0.609980215114816289544413114  0.240801282216653204706620188  0.000000008655806425312194073 -0.332957414397151738163832188 -0.306224526595112515295511735 -0.404678656422793161248976923  0.045519278796419943681914261  0.334727179142145187776442861 -0.264511080413814498332823050 -0.074907623497534508068284882  0.959631913924331796507481013 
  7 -0.833149549985799226002949891  0.005473178415640379979965750  0.121007140151418990024984133  0.000002043283026632805935134 -0.000000003497380339290466111  0.124850204071074914291376856 -0.241436794166755083423611151  0.033670404460208086706043918  0.025868162254449536729603281  0.141358791915614921780807410  0.381361399366990460403680288 -0.223803846563578254073596102  0.959631915333265604671573318 
  8  0.146367321641183551232320847  0.633535258530510873994315985  0.000000084486769082059344529  0.127280384301059036145174069  0.052448862744375659694629193  0.048617698641670402231047517  0.102153871885102398579705640  0.093040586845989435140565245 -0.576073734243150411703151409  0.276330612551553408967478301  0.083161839697987416487954659 -0.348808561621356455077812633  0.959631911703898167335154840 
  9  0.130451176541061849661852154 -0.258081976112446681055493172  0.297313672741799705866562811  0.039592059788066823196832486  0.234193028525586043791031909 -0.256956637777851594115451073  0.229748817020689187823529777 -0.426138015832335000527284277  0.103144727559373953022228091 -0.090632729768232076968407975  0.097654817536000265705651169 -0.665411472145566125057508655  0.959631913708961066522551420 
 10  0.385865475243482578318870296 -0.000000001524266746498028220  0.000000001050157009263620604 -0.206374259257471379667200212 -0.367392176745825206352893608  0.372523014315796461486205576 -0.250201786729322183099608404 -0.032208872384753576259195079  0.396387865610376290923530865  0.450287007930539095540639974  0.229833632443629150613438605 -0.241709575198885448580861726  0.959631913821202912548424813 
 11 -0.068853301391110585352077836 -0.000382567446609116012142338  0.197816780943138617840132594  0.158095151471867975648982231 -0.534484112055336822776161615 -0.080340329086741172552425805  0.346156568983597502452793579 -0.517103867905915968897039015 -0.178460927156836370908814769  0.142659569407726978957631422  0.253164008149246077031789548  0.368093514652873303585672513  0.959631913308063152373041105 

 0.959631915430972432488887502 

