
  0 -0.135811879570074068112705938 -0.021002891474488911347358279  0.362857399319450867243314757  0.429675206613731959525738502 -0.586017523180444158451517234  0.093198385203400438131363711  0.108179905014861048079440053  0.010276994559173564872518692 -0.264383213495546568676079768  0.072780160810606974473911755  0.291417722597685319391256492 -0.013715516049471445186791940 -0.029278964462475882005727096 -0.063359335121564190576213486 -0.368425363724123169131266162  0.519672170364013859961138664 
  1 -0.001647545384396291354503314 -0.518024623935617775996598233  0.000000000214232843146954748 -0.144137153551836144253295649 -0.083624375626985260406495454  0.064745714784336297251924209 -0.634070039524699539468591269 -0.034267531113052713753010020 -0.182049420923478986970704165 -0.235478131305765868062050694 -0.050304283970428000724724963 -0.367422131641717717034185606  0.108307269551240138096990986 -0.225750817269583437088597069 -0.087480004228887268705682455  0.519672169534246901801029239 
  2 -0.017583487944455738258609542 -0.198425082144694952764919782 -0.303663601484691984285337399 -0.125943816693895633814035545 -0.115102648291006901267005853 -0.561445625054886412986458050  0.082881604958822380565955715  0.433307882994387197968678277 -0.414189077284846231242175507  0.186358612622318666580348984 -0.003020406842126400059505192  0.161842429634375715137377914  0.262893380779030667713678723  0.149707484415824974282737021 -0.071697341508700308308310416  0.519672171573842649194840959 
  3 -0.050677076901506256514316198 -0.054654043286549372414150202 -0.414341050195141547175673238 -0.226003931734046015379754543 -0.347589693786424976064061698 -0.214850613694310827546038456  0.332679534065428632701654985 -0.617471714472308155178138095 -0.043096806265373287121711859 -0.000747697309700933343418392 -0.029230654869056330515418368 -0.249587684209292602643438796 -0.173532734116922584660094517 -0.131667394693951180566714697 -0.017488988312789484383223551  0.519672170383197185028478771 
  4 -0.000007152630957435205402503 -0.000021974902236850844893665  0.519643042984260421582060757 -0.568105410296138326441128807 -0.040008126235973481683275317 -0.174804482171172775176247287  0.148010879080121803038207033 -0.035551564794062591115400909  0.310724556554817656778017670  0.122766543295172545939087164 -0.064726929414358115259374871 -0.092896107698768834246688935  0.313680351848326810005641863 -0.006192453219398703726169961 -0.359199962236140793388249406  0.519672170517454736393854475 
  5  0.000324596422458739153760772  0.519347572353928652391652498 -0.000000002340285019284344000 -0.161901139912589624674345637 -0.143387693264435012987980528  0.136511181291502007261167567 -0.325660927263327691709134462 -0.200923592572166750453615050 -0.307877818898896635956474385  0.196968633373868174654339191  0.107306273199469204809701223 -0.236727259780219525235221353  0.311070346358054909251950049  0.425626585728988701749601897  0.198450939201798138436321460  0.519672171116672457625955406 
  6 -0.000028070466667132651516944 -0.181407527966367225895371641  0.338236573305000533837087751 -0.160339783707258463267639886  0.058432434090723273008440670  0.223676661020885288343380305  0.401014347933999839982723012  0.112604023672205843594363184 -0.487984510445436901250083894 -0.114616759926902170620697293 -0.389614006758715142141177509 -0.226062366551650785592621901 -0.218708879480755731718058868  0.181842403728677184108130857  0.254894733432416755548660312  0.519672171738034863652713063 
  7  0.519672168864973941073207020  0.000000002580597348279298298 -0.000000000265092467321725606 -0.121002242467848344620567468 -0.121621901059345805077042610  0.057642580183161441191727007 -0.254769587623723080363783919 -0.177455296991663396063846139 -0.131824615837689053737748386  0.097482356657582788251063723 -0.303493893424285711017717240  0.435110778266568750164387802 -0.347061133900010930595104314  0.213037158348584437724025989 -0.355865257840746079489495715  0.519672171710663731328087855 
  8  0.193854004836175243016308314 -0.325790108117249166777042169  0.000028046987997630255604643  0.014672983186988791428744796 -0.505821689332993285352548657  0.149057992135719507634781557  0.072736221448361756378208146  0.000300126532209097152142878  0.336218253398744445001452771 -0.178932466241572201172123184 -0.041322906435236868780271980  0.241779618472377929338829224  0.316577207287501935219177149  0.276370389756502474724484883  0.436892881868244066718206392  0.519672159941422044367263094 
  9 -0.374997060763589733629842435 -0.144675104896963924150897485  0.000000005195260535012428151  0.128489572459693763404231688 -0.021839286853786773462252936 -0.225174348465548281335150450 -0.147906195631752441447398505  0.055171164122383796967440117  0.315555297663350150746443268 -0.009408559493199427918725655 -0.086531267621014434004772173 -0.243760506492669086912373523 -0.364594115550079494054427562  0.653493726367187654612955078 -0.138862433094701818802425494  0.519672170855814193816783753 
 10 -0.519672171351650027037658020 -0.000000000259389578140384505 -0.000000000122929910897696202  0.193718360971155228520529899  0.098098526270685354920759232  0.035684228052898896342234360 -0.042267087481868932776006131 -0.330211796862506014148134006 -0.116484247924882652936199538 -0.112635649936264065177097746 -0.510679538213967686209691227  0.357894780003232000116378600  0.370272812722660057602446643 -0.004174665326899680844736066 -0.135771833818391746202705432  0.519672171733969491969756804 
 11 -0.449217642918819358362507096 -0.070454527461852658785999414 -0.000000001320116990222070734 -0.348824751214467398225879680 -0.218067177856317504869385765  0.221201128947534333244622808 -0.179849157386227789809179066  0.132899334455627467506508461  0.036552149994206793642755613  0.499704307277520727017736113  0.009824765739532214290125772  0.267892782885857941939291432 -0.306816932246798429624861509 -0.215442707723072884084332575  0.248221800058187537250183226  0.519672171700789028493151778 
 12 -0.223147206355260732500581447  0.291374426387563758926967095 -0.005150537727085597731395921 -0.355502947347925773611751477 -0.148716374588244092054588677 -0.051221442416382422738868607 -0.049361352983565508328178814  0.142924251036483219548024227 -0.099813276509809366527671559 -0.729017733635365723654248732  0.215957678514799717074288884  0.260750554320467141323960231 -0.182898319906932451512325544  0.013514519184593262702163085 -0.040009488007928694061800115  0.519672170469910100522314966 
 13  0.051606054734185589984602491 -0.000008941368742979369590881  0.468057166749102812359096398  0.136301053967148646289190943  0.048679938221816800757646079 -0.606018793130932361366836059 -0.197398810780537471888532522 -0.292626055031019830654373873 -0.083808916163968012234624337 -0.000576148338720036915085664  0.064999613558737103035484965  0.147799508320746755314243834 -0.155879426137369251113102761 -0.113225930684116139945591655  0.441864341300590667525622496  0.519672162852031376315507794 
 14  0.078103244150818839439261946  0.411444066529331075368061330 -0.030124860197150771023172507  0.132163725890223709966467790 -0.370352328627794766106352820 -0.173743380815484626655126332 -0.111009414119203210814259240  0.328763542286838288364022101  0.179430658019622827568364740 -0.045290257239488676304012878 -0.575431819022847654699747560 -0.252316232194333500102626996 -0.051008195889075451616293585 -0.287672239479338239344970857  0.063982482327272997073524911  0.519672170877300693137001986 

 0.519672171738034863652713063 

