
  0 -0.316227765996845524112176390  0.536718642253948147570821736 -0.166830021918023681853286526  0.513878591995362906752562587 -0.428927274882641530832092305  0.147677676489910603857026727  0.117287043343508665704561129  0.155938266494418802752945120 -0.275125926006055311395705892  0.021795954199669973820621357  0.316227765996845544549387341 
  1 -0.316227766150691754138465223 -0.342238215489011968667475497 -0.407895146420601151482062188 -0.410446251218252521379085268 -0.292179458042540050253773123 -0.158915944386049953106687313  0.417189998267129284823927921  0.318326672071209336060482534 -0.076191663616866548572130989  0.237109216751969883204935463  0.316227766150691758095803152 
  2 -0.316227765970776272455708064  0.027981782554772924955416346 -0.146426455050542509805748537  0.147011514958801661135854265 -0.239324245691983361465117464 -0.489323046783609686224579202 -0.307294924853992488573582384 -0.182709213836391692675287582  0.656975836688362003405825679 -0.004550962678473565625514351  0.316227765970776286685861578 
  3 -0.316227766174357478575016739 -0.090249050484816265962407546  0.511750873573947730383638943  0.117243038763346042587865699  0.116184795417687363155555963 -0.324386098573610554560500696 -0.023699003080563404983446872 -0.159032443353064773940521749 -0.310898936113604417108774794  0.612359261502849682617163202  0.316227766174357494133317914 
  4  0.316227766098824132937842452 -0.182398866760474373123457857  0.173296364567808173248568415  0.418958663383438814560881178  0.045078369960052974005294997 -0.067216219872536590623952890  0.066573435653809875704679713  0.717049400750502566044119329  0.303222630182802414420747961  0.209968457625410669231268319  0.316227766098824136786760164 
  5 -0.316227765870263611598526068  0.057308636119361676966805011 -0.308053683974357972664070635 -0.123535094357388726159566444  0.363931691296147614002147452  0.297029368758215071020037379 -0.635872007464573705669708820  0.313920065184404495882419805 -0.050281455666832491777301986  0.245922273797670271877602831  0.316227765870263632930203812 
  6 -0.316227765748820051474937340 -0.154554133508394750149230780  0.542674952922280320628117822 -0.219913965218163924764853759 -0.333319894372897922613400642  0.046789871916662195146891998 -0.262316424568527433434407536  0.329419581626019654840755585 -0.096469962700368994750160616 -0.483042128803045367100525015  0.316227765748820055513590432 
  7  0.316227766007299063920040275 -0.035839237013691591532968742 -0.268110622657603067019388768  0.066134278568362109833767438 -0.031254709265842228552709833 -0.626067706019969815161435589 -0.326456531505288612620774638  0.127845355570513038382784304 -0.517019828533874051007968725 -0.198224786390838130008414629  0.316227766007299071482350428 
  8  0.316227765990611785272383638 -0.369429674234137478058825899 -0.049406885478292400814176498  0.071555443698276372428712395 -0.602112677251546246398779261  0.328422292796863081053466982 -0.356191969022087717602724488 -0.229101845524443074371022042 -0.061906605943568584357280561  0.319948141368817012223507712  0.316227765990611808799570781 
  9  0.316227766159889656750548240  0.622635439064674204418491088  0.169441662364002819146820145 -0.532410550511805495709546227 -0.225345369569523274787064236 -0.116266539748708292351152618 -0.078630252785343135568511298  0.160070016764140449590974116  0.123711696563618669683171179  0.297901802698699663907123611  0.316227766159889678299066418 

 0.316227766174357494133317914 

