
  0  0.707106781997641785201830916 -0.000000000142806665513398938  0.000000000060816628385496753 -0.462079635867010442214523544 -0.061915155989609015818521832  0.531647366615064608311169714  0.707106782201265058446747191 
  1 -0.000000000098670845171326171  0.707106781576773991244370260  0.000000000346048122917150237  0.263895030480800752808708334  0.584703685467537042524423241  0.297457581070567422739129790  0.707106782021492947566416315 
  2  0.000000000311849785325169649  0.000000000068162825388391918  0.707106781465367469866490496 -0.465662777233397412918235528  0.392795255678436832351028626 -0.358984769344717162938224533  0.707106781845380039563855185 
  3  0.707106780375453261773023572  0.000000000914870230993989770  0.000000000173923533432081676  0.462079637277911162119518190  0.061915155179554560321999014 -0.531647367640681764943376419  0.707106781464247034362131938 
  4 -0.000000000546589947396525777 -0.000000000311860376830291131  0.707106780907727578084145947  0.465662777359372100983211235 -0.392795256368886590129813757  0.358984769524234074744876641  0.707106781766177929849422762 
  5 -0.000000000673392719686601466  0.707106780796321056272585315 -0.000000000102350572089564080 -0.263895031212975809882829645 -0.584703686416603386538561743 -0.297457580410720777262670658  0.707106781572064346731883167 

 0.707106782201265058446747191 

