
  0  0.544654822815931994976768049  0.000000003471715718376213161  0.066492480711215726014615916  0.000000000278907428429772123 -0.017825220816400350951403168  0.045042616053431787269064907  0.034148089608747031567401132 -0.076084210907634509554427812  0.006051949210122731760462609  0.368008416303104264437340287  0.431747023443655900435626110 -0.072624584163154565822587572  0.525481108733429184336292256 -0.156194379439250157756485446 -0.217547232884262110595209073 -0.093915285449067675156416355 -0.076208902652939387009406371  0.611147307277770905707247467 
  1 -0.005274580746120293845056011 -0.057825864054588083975201292 -0.548046854170548947582809057  0.000000007244792592734992484 -0.030053487577071654505641869 -0.407211030358858661786555094 -0.063610197802340564033111124 -0.326173686198111730335678568  0.013951499151763249276506551  0.016232585695044651022151284 -0.197872589444684072494608403  0.135151825890310579161911024  0.088505604689234637701025603  0.111558254026782471922797733 -0.204868059400121277726682101 -0.546524010240282796346637795  0.017257090939981913620089116  0.611147306216049960062800667 
  2  0.009526437210037321128164734 -0.078891761995924724335318978  0.000000006817051345880729052 -0.522729099840806974612908431  0.481774574749745592837802538 -0.063759192446424501127450780  0.042710839428231646058489865 -0.209947355754929574486928635 -0.092245902998455474503837481  0.046914821737296735045045755 -0.240688116094615492339251796 -0.164139043599740500008242819 -0.058184752653405014048395216 -0.288041848551796578550843186 -0.139052346100485046631015269  0.164624621213376433228985085 -0.458249328168831522887843519  0.611147305863820344037484061 
  3 -0.448670141796012559898309061  0.122146017737390826371414888  0.037507443951782944377030876  0.002823691707021526574742371  0.273731824750466155388379033  0.353380095371185896636857457 -0.048991383062802507343199993  0.012741112163874224797939538  0.533103413059354294201500069 -0.140623822531393414194561022  0.070012103669076334886496767 -0.066313422869670907656080520  0.408968109757466186636194055  0.137443337093944660447859991 -0.100476621459471921682046498 -0.230960275701564555006560335 -0.130898120963371908325009914  0.611147295192207852618931918 
  4 -0.000000001156262293144032766 -0.000000000371722930653057236  0.000000001590381217854618411  0.611147301041780650443339951  0.229221188548278910046118034 -0.184354941524767788804109112  0.063639607111168267009201297 -0.433687320852435475031401435  0.235088906765355493504979396 -0.016608405661339453667055439 -0.109717832702531825343652931 -0.126778130792581701644160079  0.060226343727333524893317309 -0.388988929913708810317575504  0.188910477350540204584459884  0.252707404369328718168018211  0.098458395227745101516668436  0.611147304160147052294344699 
  5 -0.090507755804647852311713412  0.128905107233747122665013483  0.377131968154846215285835517 -0.014602474734249528793611137 -0.404549893984860793784289271 -0.333337172753010767099627124 -0.006155925060058351859115409  0.049087996827040027600602516 -0.095959657491720711718031708 -0.279281443191638629921624143 -0.396262195292120426517870971 -0.066895400687396371171755585  0.469976437534781628629215744 -0.062701816853293556893302139 -0.244336402310166042297278829  0.119331158632873250387881198 -0.089853082698716525201533545  0.611147305927490740520835466 
  6 -0.000000002223352193934255640  0.394961824989214507644706004 -0.216185463078282203534265758 -0.000000004308599983040610485 -0.011837143453650018888072466 -0.138133702733905663036033905 -0.108267397992748462259707861 -0.214949931925095391694138271  0.058717504745252254803319436  0.197549156723847068554012624  0.066363682172361638569575790  0.048480631627931990634480797  0.059965514857705365394210028  0.578173524387326489551094943 -0.026144857552572458721479136  0.546524852280002799054421658 -0.183415599677095480639918770  0.611147294599448890370201048 
  7  0.153295045394683783314469620 -0.039806882364300832182580714  0.087097038431354219700959718  0.330948247471895155494411508  0.332997418315093160083367393 -0.150383687412545435794011817 -0.005749978150287901621766921  0.335265792400391881243875564  0.088231987719719282044629309 -0.160420783075136602339907758  0.042395982056586884732286586  0.435089757144443802584820105 -0.193659784581742148353044643  0.027933211288029282036608834 -0.564114561795665495384181215  0.080322662567697424741014218 -0.155830304959554097622687584  0.611147213662233991515737586 
  8  0.000000912342299545384549412 -0.216146057177165273633376655  0.394981126651201732281719348 -0.000019206423960006431546322  0.102892423356428448658148739 -0.490560155674188642319771825  0.150371789463705764561198171  0.152730022957209087415249640  0.267245151178344145074822907  0.301019071356255757979060103  0.009022348069314809762623804  0.025552943082718796766241169 -0.036536737781515443808843992  0.274733419154100017391725158  0.396984470289859018692904188 -0.209516247268526401180605868 -0.242945711931924111646368195  0.611147302594626556178272064 
  9 -0.093854063091781503102390902  0.445326231582791497523327734 -0.071967007529234708419264323 -0.000000003480156570661554854  0.048041890961467452681376775 -0.168672690688053435339012823  0.282106442950930771284201101 -0.006828868974263026386941700 -0.265164702039817485012792100 -0.375755234445116166770977512  0.415610223432312628357538850  0.231733790194033773115816696  0.062759758738819928896841924 -0.184651807409897803481332347  0.304838476496009037945917122 -0.142045056582116987586687784 -0.297039456549605539328147083  0.611147305683964280835062527 
 10  0.000000002240306225427121135  0.412360705925743376969736312  0.198786589679627216471964092 -0.000000000521600663464067199 -0.100462232200067558829923754 -0.179702168277298686267198953 -0.581934994195383838589546999 -0.022385629142336929626037651  0.152665952289179036554362355  0.048105815458947874216930150  0.188228577778798324807748958 -0.323236440544845424048146440 -0.372896245383503198910987719 -0.184135944044792475589159865 -0.132214389761464420319889319 -0.216122303415508057737766390 -0.078914825390662123779099597  0.611147298367277482954076223 
 11 -0.547534972140728372737641938  0.000000000376509726773711298 -0.000000011468696522601302470  0.063612322476175573784387077  0.154636754607889368579032308 -0.129128913984076983711740856 -0.256974173664291647664918369  0.160015283055490569312528416 -0.377509682796459740069822814  0.500020730798989125511899018  0.076030885976434822343702873  0.229231050486421519750651447  0.207491835341001864517871019 -0.214050238871666914753180179 -0.018558264946527642711392170  0.063095251381357952537927598  0.140974675972993565277414582  0.611147306462110146015563605 
 12 -0.204848209174296595278387360 -0.406299088392285230912030075 -0.000000008716589959691516682  0.000000000567154436094289647  0.135202089874505358333377225 -0.283758820996546855003773296 -0.008281644200280874338903649 -0.066136947172555368330035090 -0.194589974100811547057308763 -0.318519442496926014616633049  0.477122533871826235075301950 -0.449229162441059492864338376  0.034682716291324957748857952  0.222480606836817311556587541 -0.186382896517787381137970168  0.116697046634396265177866046  0.147942437919899778326531317  0.611147306850326238805964224 
 13 -0.303213863924775871684993978  0.000000005464404674188258423  0.275159644970085933319029967  0.032773784796611502106821042 -0.294080676963644150646859377  0.126473576602544363661393377  0.457248712079007003195952122 -0.437462199983639827698426658  0.001568997122051434071440873  0.246812774710987500745512993  0.146861148043665219246303906  0.086832186457948158166705952 -0.295659766724554477600054106  0.001756322571230299101174952 -0.369238748325072549969026042 -0.079503372163248452451119862 -0.090790834220829647463262783  0.611147299155878005348305204 
 14  0.002130630849368508283998453  0.054340818806970252655667722  0.066429330375360582422081777 -0.488246523481153851413199760  0.010921293354864574625907251 -0.260734731187682756286833757  0.027141500108531787061351133 -0.100743631394320137283147736  0.409695457664324269987741328 -0.090513889894940339190696973  0.181108149099792837240035202  0.349268585477308611910753078  0.001909886288719961853610977 -0.184696620554896978616283426 -0.017530490469879030901762689  0.192499784932527757985200323  0.522441751619950482947874609  0.611147303512853173369789861 
 15  0.152279704730795936308660084  0.000000002043400202394929991  0.458867595351809545142817218 -0.000000004971595146240623204  0.284652256401454035528771763  0.164865373088332806152914341 -0.301284226045854979268235133 -0.458947738166517859063290447 -0.311943865649323386833287677 -0.165151155766673690005906169 -0.062242562219903088847411865  0.280175260761702559154017952  0.058125891305939134044949816  0.279762310309078540937173865  0.099896409412773505239521027 -0.177982263478918264877431075  0.162419120841169580153682921  0.611147307097600831101141122 
 16 -0.067367750572031301354973282 -0.467128307593898399772492161 -0.076651238076423696348555767  0.000000004902484666877258885 -0.362909818853213138578053462  0.081647477612397139678840265 -0.408884938250064472817094444 -0.168736671378231532569336518  0.144127333378891698707486950 -0.131596201876455059064509150  0.190873867545581122460063468  0.334221238992691119083387405  0.020319821756910829539880393 -0.140754080234047956082430418  0.131393555331950663691642847  0.159276023502116685523445280 -0.433893847764120595936372660  0.611147301144838060759419823 

 0.611147307277770905707247467 

