
  0 -0.087484578426104337946960302  0.000151488650377802208015328 -0.000000008085730822787362948 -0.538391081052028759254286100  0.158799433300143390959484856 -0.084810578568894312216739240 -0.056686852501139465333621038 -0.015279324591132810424011848  0.098756165468824805117500475  0.041510567588068228328415481 -0.154531063278878519901405990 -0.035867296470597631049366180 -0.162626218423848175345875280  0.431636521324892564728612637  0.105683024971346015010267069  0.306182688604455184930427589  0.385377530985354425864444078  0.062232249594654048619531573 -0.364351859191151856097977413  0.164824793814730195473335951  0.941603345175551666840739473 
  1 -0.009006795832209430145151108 -0.011219978612434283831579389 -0.047100595810418998579373545  0.658494349849925545228607887  0.146989344251022821557410916  0.061563515358047822548172474  0.002153876420489619973342113  0.005074889904780337150519702  0.136718861386430610722203527 -0.168885015523651933877350741 -0.216323682995745792751384959 -0.092250466658502239791479847  0.180883485692887485622834705  0.300943306308836638251124826 -0.012138308803859213040712882  0.484157013739558337342113251  0.125369139043449458702488702 -0.024266072261704695106805402  0.106267576154510108807382286  0.224884381135426876922888718  0.941603346039328821786423829 
  2  0.000000001045816842043730953 -0.000000002534251313804081208  0.000000002728800930120178889  0.000000001644898001224677560  0.220725687683525111285986857  0.093881470981552498297219821  0.615611102614577898920703719 -0.011385087843226300267821893  0.173188647757185580587364730  0.409589219575280161412698596 -0.059166294719226675549934077  0.297819312909637542448977252 -0.005833697686861645340737734  0.026134635209029421711615605 -0.404533319062829280015301803  0.121993449767181523928939995 -0.237804039309687664067397700 -0.067788959917017962221496077 -0.181304520572384124382911072 -0.011877190556100319933774260  0.941603357076648843219154189 
  3 -0.061541573375398680375176217  0.000000000039798949456831914 -0.105825001236558762699022009 -0.209208194553942157626084605 -0.501002628145156011271309920 -0.064025952963733600568267765  0.000000001148316429304329603 -0.000000005462479627622666042  0.382135831611612441415177024  0.139626105816603021873129574  0.139124517228693941531389097 -0.026676098211301935793821104  0.393507211655195466052607062  0.026075816483991383369614903  0.201755968732254965707973750  0.301246968834059192725955897 -0.363236522801510799317520686  0.241993487546859186541480143  0.068865529098005813953529714  0.135369970090656877419470379  0.941603356925384265857948557 
  4 -0.387200202526089102455023050 -0.000021696762782749278568467 -0.000000000710267293700504514  0.000000007795601949663833216 -0.235988331008568956342658259  0.318393090477173938598323341 -0.000000009422921795407989614 -0.000000010771495177068474549  0.192965609307211867994545640 -0.175186357993220169631544934 -0.225628046176614808056510100 -0.006820174036729409176842566 -0.451902038176024176742992880  0.178854638067138409622818147 -0.161105333619842008049515697 -0.298005199541922544055920150 -0.202895796133948053675236274  0.077920521323001566304687019  0.138887289792136585798564691  0.395773144264684101844512659  0.941603349474900978626976111 
  5  0.046655887203004836579552529  0.731258662919979282677346299  0.000000004127938785454004675 -0.000405828262655018331611879 -0.000000000159825836937851928 -0.000000001472669240297877677  0.162615833103965669401841376 -0.000667136309880604865766011 -0.228747231736371172078434860 -0.279485794828425796316974036 -0.068226871457094128500949718  0.297594549475117531572160301 -0.140850069886018945287541222 -0.123168155238061889040286807  0.286763749327645389985150595  0.186697133500372534074037562 -0.182418795460778817172568626  0.090378227920379136747124679 -0.113835577760424766619018998  0.080515003107585802565157509  0.941603353559919296542329165 
  6 -0.000003007109203733533179762 -0.000309797296330200799609495 -0.283036561058546075336653583  0.009405442768320573206592219 -0.000000025271258370603126902  0.155982568035562250589399005 -0.000318503558318812662639913  0.492547449504777022459816455 -0.185627283631688316556688709  0.290452898672603379207459232 -0.263379128188193165267284857 -0.338325159175381226316732183 -0.038440510092322220581562055  0.032617124998931677946835579  0.317790033999187063494052188 -0.006542268545902154998469748 -0.268043563516650589889081177 -0.389327931217644056065534802 -0.152320568769343899775351586 -0.003903616335648462620016918  0.941603354602317055581286315 
  7  0.000000005688432697586945297  0.000023366111052126156647118 -0.504104360137947745063372040  0.000000003101635569191155946 -0.031406774419092732065686814  0.000000000445741639974480562  0.000000014015813439821416609 -0.406068830247864617880330582 -0.063646183957384367462450057 -0.297681069470180813360971755 -0.148682862783314061360024662 -0.071059395447955572114903493  0.160104792643543876573650371  0.333250045018092644897363813 -0.125755378608894467293960982 -0.170008465134324682761063872 -0.243512019059674357491195040  0.010646408281028699758450880 -0.264411938994333342583956462 -0.386585142534731413595672916  0.941603354167580606755641459 
  8 -0.809022550492577587077664553 -0.000039102480019942432977666  0.000000000964768842943548287 -0.000000006127716420476898490 -0.006703133940322764011189062 -0.125838556921514212118447251 -0.000000005477368908661937912  0.000000000499839037306540164 -0.272425917077416984056698404 -0.000084461685818350863143551  0.228766398163013387096766625  0.192946564815552034255919517  0.217666158471909884709644296  0.046784120737947102187497808 -0.004710924074512337351990185  0.097017506550719455944047694  0.048959770787849406232231835 -0.315440668923387177255022659  0.041506410076687525664829431 -0.056562804889239940794339176  0.941603356904127673505759677 
  9  0.104275808070585612674847139  0.040768434638827812177086594  0.464685560906207842163037625  0.000000000186619905457703773 -0.066768607966170797549099441  0.000086231220305963471908808  0.005485244229792421269689890 -0.259533455924761998726436191 -0.256202353467326026016269089  0.308297079463041295079332380 -0.292715436358297207976005352  0.131866124628797969469394015  0.199328113133485362780958697  0.463334265312124576159050898  0.245248548817726117650937258 -0.222426309194146240019252306 -0.113321526527954791137330418 -0.023207691968370856472374730  0.240236197740763111939735208 -0.028352750874915366549163724  0.941603343143272363447056350 
 10  0.156482019254716411634409563  0.014301816960435552828235779  0.000984341497233422041362143 -0.408718583789620965398582675  0.009933793723731131659830771  0.002085516820512926112827351  0.129312456538472305081900575  0.219784829137418943813698374  0.059232128100219328034061698 -0.381120612464462824259345958 -0.211465556071376121376800133  0.044937709699656321514022123  0.108241129598180917871399868  0.061764186347087574939599417 -0.225069888419144607599135105  0.172784393702093938595680707 -0.014496115671776860774537337 -0.338846097049406859208139919  0.557042777782355330118500142 -0.162058937046402160169519639  0.941603357722141662625170433 
 11  0.040233053547336627561254114  0.004961454364829053796984680  0.054832105658917132464275643  0.000003924437169437031963466 -0.493960637079780843486289527  0.174850788419512573459773871  0.139865295954213022353745423 -0.032896096932879068762000004 -0.532535827449740642263158880  0.107474747069727936062718925  0.013099160661475409344418810 -0.280100719579047737341041813 -0.149525018616849120737946968  0.014240192743838403493524631 -0.348649289523088810850096758  0.338130201160809571087929870  0.141615147943567638510954827  0.186322626890128414573507935  0.000265972598237624909962115 -0.114641248196162107619768683  0.941603356394637730649409268 
 12  0.020441695237422531397880436  0.097391934324526584775569369 -0.000000708779321632597231651 -0.002774411291721295057322160  0.095188645571586968070570099 -0.000226093612988572684037031 -0.718992697330059915539722526  0.006587170144028918654866071  0.003647283166896537784615429  0.247394740401804025974790216 -0.106680870896819483478550582  0.273100203620942837330100306 -0.176872039588731489647018512 -0.012870311671188630651553706 -0.315109458672837819333571382  0.275266932456748592917064600 -0.297885666843569410223687213 -0.020275384654653696741877537  0.019729979494881925246977414 -0.144225483208009916093412031  0.941603356291656393975073036 
 13 -0.127995892838916374206954286 -0.574983033947976498990138639  0.108266225353155893280519741  0.000000000987543880834694228  0.025401314073848695847593609  0.000000007363783271705040370  0.104843764415818151589598027  0.000113112328696569460280618 -0.111191966555598098376363668 -0.194843725629798598136701963 -0.363050418121850729821862430  0.255682007446614518520518894 -0.166807632207247454517022069 -0.251586303413753926039482522  0.315479158440400374947745060  0.234274680637254650685040273 -0.159968635800712836517721051  0.238881141460547781870055531 -0.063031989798692560715543363 -0.223576677282390687929525611  0.941603351309739287260461293 
 14  0.333461281883936512185481402 -0.350864932143489627515029958 -0.130782499035268438275091303 -0.037703785523696556785170058 -0.039202454454017341041878160  0.002033625406378608563885758 -0.023973279234960487170575955 -0.023526603651830071749112322 -0.330909761737155302854362232 -0.161934553649724887809018339  0.387068498268790115829059498  0.301752458379690767070182775 -0.053551095805514514824679454  0.199661505258044787955743968  0.011980447618186812162561041  0.051742748763452914828305049 -0.207786888110044217259949999 -0.222718036006362168476718777 -0.075757232708513376798990097  0.473107553403230177396354000  0.941548461333577679094331003 
 15 -0.000000004422219678606452416  0.000034841173338883249028307 -0.000000001299482376565687639 -0.104058350072505673311769585  0.056683287496793140597227270  0.085863285084154550027646467  0.011741337258209185174164945 -0.683222249626405043294516406  0.064911663994144493031841162  0.098438702920849280903912906 -0.073389232734345297628629663 -0.270410488855179181823164963 -0.135429637760950973576854622 -0.348993704030818318592233399  0.129092597986723492419804116  0.216439648072002246829460825 -0.053868467110282704450298580 -0.418509314170399071667076282  0.087861384885334281722899744  0.172696412686804118529751081  0.941603356433108594513749223 
 16 -0.000000007621662488284110587 -0.000000013954043408999470659 -0.194685215449771971326373490  0.000000004606014024268485523 -0.113954549624181457197723537 -0.631826938379278705290933993 -0.001136605278003966427043228  0.000000007533009964926210601 -0.170574816331766655538447648  0.071297829812223553874717639 -0.463610891833509541800880174  0.030794975622041799586956824  0.145370988099183565605632476 -0.224321301000401492132846522 -0.230305727178548395956618304 -0.142348345402599902188422315  0.062741358321722963010545933  0.049783585724864786731252856 -0.014823349159885525880742292  0.385294371505245956694568621  0.941603342445966000188485590 
 17  0.129160608393141926544963292  0.003711032308008843440810465  0.000000005222155079975477139  0.189201205200466809940376689 -0.563563507502033649780408264 -0.047169606310232264127861026 -0.004979264145631836986687974  0.003818103868659815472624263  0.267743009047347308327225585  0.028276245619926719108739059 -0.100915958323891767392499995  0.372231651479252347659897396 -0.152018295432829133096200823  0.011433010014823224841462135  0.075955263195752027801808861 -0.038334823187647857553334973  0.327284987929875205946422118 -0.435326453147926470621737263 -0.206338875559881653194813263 -0.191658157884526402560962724  0.941603332950330237254878141 
 18  0.000000005119889773358164227 -0.005734405717026318880008746  0.605211269336400933208791608  0.007193446026500020089096030 -0.055910636522833792488623890 -0.131790422557471292684802208 -0.046536552648052464021302373  0.089226599090401381319701771  0.072990148660205187423379025 -0.325372312210621288000415852 -0.023760443456917389559008257 -0.269064687735739215646924363  0.140828446086085192078701279 -0.028806321084776557090690002 -0.209180017833889354914728154  0.005961998412878119607612740 -0.296675223585833340231299182 -0.205426659759197353645552436 -0.472955270143588575078178252  0.022374129563449218781434722  0.941603337018575932708310677 
 19  0.014185879983153018092801440  0.000007978538951817966829843 -0.020071165253235038983622594 -0.132311767634250375616912325  0.002522652764037191107383875  0.614663460186176472494976042 -0.155562831069046680028465472 -0.002277607522039040922063859 -0.091125987587052855677031797 -0.045103782482485783071954463 -0.229011194822864368303276007  0.203828994550813310797257420  0.518854539330417076586996622 -0.255329267584104434524270438 -0.093596205575455664341045971 -0.092644335751170373624964558  0.216128309871357025112852818  0.021498541685382060587364544 -0.197336037771752630066643408  0.194100157454139849800070494  0.941603342950889605448162173 

 0.941603357722141662625170433 

