
  0  0.289047086076104378659940713  0.226133383067339307153460412  0.314845652465730645039798316  0.000441611570984870781727320  0.301914621354884737686880003  0.669407260164442708414225813  0.089313981520352419461944785 -0.258572307490906614523993798 -0.287592228764965925368090119 -0.263406645901659440002755969  0.830467733180159170731406137 
  1  0.038440420558065248109478945  0.161860024415395755494105970 -0.083425374464120697532191432 -0.530062389689904723372951972  0.051199910819256380437432480  0.317919694613931079116807277 -0.610781996871964375905167399  0.313506648664805788044888588  0.110460569885461339694680653  0.311706222980288319022914439  0.813788209127486422689301548 
  2 -0.000523256560838529995008918 -0.250579727040647608882857275  0.003182967869357407664038467 -0.579965902283324420077997852 -0.354991264940176391354644328  0.229936272434900962918931898  0.523217855213262020047833289  0.185616995222244800524641177  0.207021069821333078355449046 -0.266235128521171057628183498  0.834251853754168016586746648 
  3  0.038320241942020673476279559  0.160586173668516855666480586  0.018041063387663443513093346 -0.604838735593473855788135968  0.288704069579155886513411461 -0.463706130661966672780634202  0.092491241880762730041246229 -0.516171332471356904476097321 -0.166921565311115450421864184  0.073243192043126294053659656  0.821786214591674866319914727 
  4 -0.546883076711491971440455562 -0.001480219027917790282937543  0.286272283424309012918795511  0.000557096334879389868699003  0.288438867743204853605690219  0.063373716914058626960152068 -0.160016116137888461407740026 -0.197192454234500561701640305  0.614583248862653950617476739 -0.299247020220699313066206604  0.835192675498598117696594234 
  5  0.541166799366715917899307159  0.000854566249500536549809375 -0.173655618662850700143190225  0.118996974230188353874651790  0.078340871580813336167705904  0.099245969021528167327401114  0.168644949186361985110768277 -0.277763442536413030008136602  0.643630223999266959389060211  0.356343433421232429349862977  0.834673958509255566008341876 
  6 -0.000000000055464303677315837  0.000000000000499203053350400  0.835428537073043976657078097  0.000000000004332199665276365 -0.178523633758751586596172194 -0.095343480572091838803493093  0.123171890075353708260137275  0.103938594437640880913955276  0.005976837254436904729123267  0.484858560658663046642313094  0.835428537133339692776715785 
  7 -0.213590105716162803896319110  0.444080152578972654677652576 -0.147646828041342216235993177  0.024270964401885157176607831  0.481558626706891056823813327  0.002532949093634434489064966  0.494234409433716885833194621  0.463463062604901118284863801  0.031624817126785487476632423  0.206911820757726881375260057  0.829588050738362822733584778 
  8 -0.525294844418002971351069896 -0.025777575630437818872419970 -0.248451775611122045291849318  0.030229903624757833737783587 -0.226897409888376208942132282  0.392390428336390960237451200  0.149911003626654985257816294 -0.427004450850637315466795316 -0.151469284190012397323761226  0.477029322131555568993564048  0.829754099284320714713381051 
  9 -0.002718491510047122059599251 -0.797629187109972161877965297  0.000073655914815127224239513 -0.034348320357755521105356904  0.540621111873658843948245445  0.077420211119031935068058540  0.026424607322727891588908964  0.099979961919642201528541769 -0.135710756448674997425019040  0.187679885365721474226041732  0.834769654892589985919690299 

 0.835428537133339692776715785 

