
  0  0.281181345360369925050376960  0.472856804095521761214029888  0.177588357917319093247170668  0.000000014437549024864650074 -0.344409473537296973940941697  0.737468312443898577155515506 -0.057692908169393057931306160  0.931626521810759813046424332 
  1  0.253670826407988377862619267 -0.521675248028126894463390312 -0.133355362587009137269561214 -0.022925070174367347155251241  0.406941531328046552870320723  0.416659865045050724921766108 -0.553163613040565776675459159  0.931626507197491793288435247 
  2  0.924978836470744088954238499  0.000000000983457764571527340 -0.002148288750763488643247907 -0.004499396537970615755830172  0.014612342822949712701085677 -0.330743068809932721293255026  0.186506820891029611705273610  0.931626522742935950596211703 
  3  0.000000000115439275909498736  0.709796998758738306506063664 -0.221829520843991488126428248  0.000000003004046647719371689  0.512227043239735309559761134 -0.192526647390623144277138103 -0.384105233567075710429542315  0.931626522722215664920174943 
  4 -0.008338867554069563412583643 -0.000000000268678904486956900  0.923287654565226867050837384  0.000000000411051277674059010  0.088167726308265295223133041 -0.202553610453734857368502179 -0.314115993138116821964617512  0.931626522799026623230123773 
  5  0.028857285515518244634866661 -0.021156059361984424061728675 -0.175873588032761569372786938  0.618085968749028557308981824 -0.518696209101846269519647120 -0.237248061044055113258865672 -0.510319012664838382445971904  0.843972901659292784604105009 
  6  0.010001764476361598765603270 -0.001421309509390745530447742 -0.134440168472859180077310683 -0.785763279762976137108720226 -0.419965873530521475608025955 -0.196883086890408674603171642 -0.386349024885540341260658018  0.931626522221587619878788167 

 0.931626522799026623230123773 

