
  0 -0.391140639973054686712779920 -0.000186740667708520080716575 -0.664135143995991027827344860  0.050077056246728869092258406  0.256575716895532193490437473 -0.048308093490256014752355250  0.113069249091486888914308458 -0.107061554723025662722859456 -0.284539217839975646723782096  0.253067707546378121676510994 -0.118036096080842081080977506  0.051682119196376629452623856  0.072558133384662699437504634  0.379657854672953753332517030  0.391327380640763224632248593 
  1  0.391289388778700683547365907  0.000037991300305093051992685 -0.125333411343855094960972676 -0.485730099464036404370917421 -0.174322429059597714041300945  0.261652071207401035809071016 -0.287764807683612293111264854 -0.003400939651643022917101863 -0.060831655869378895561962965 -0.046091320330680521531258520  0.291296776998016953929117670  0.232397855210814385584295119  0.106331980767120191995098698  0.507529493718192883044103281  0.391327380079005768297780582 
  2 -0.390431066086112399637344725 -0.000896310868439574036648818  0.523871737689400118179097049 -0.313399462678736313858696150  0.120869894540786042364736812 -0.292817036143693524522391841 -0.065896156520679507967257465 -0.391586647856473729195072794 -0.136653559456682844434091510 -0.130739227493577838835740225 -0.098790284480368904849003405  0.016478370404285735196017997  0.342338353870764684338135614  0.232109150554376553277709412  0.391327376954551962319993341 
  3 -0.000000000109016726796218300  0.391327380702058855936175535 -0.103286991203822779807400527 -0.001455867450295277755419854  0.023080426592901150924995414 -0.584835406106422159798734900 -0.331959350064592398420020014  0.082365934317232632513297499 -0.307646535977931595264240131 -0.120190726695183274851748325  0.311523436039822646350435503  0.234308049554757463514933526 -0.289450367968307789980162564 -0.178396784624401963083523484  0.391327380811075584740154482 
  4 -0.387914147337827603409347865 -0.003413228573890496211273445 -0.127213309653396558309194041 -0.040996262162254217615626637 -0.193208100226959468900941527  0.300850400119684296653321462 -0.200679964279936598464800998  0.066313788130791689609067150 -0.231841588313239176097411802 -0.297487794365964536996444628  0.406410235699739053050194570 -0.553983307079385456719606423  0.129065101630652488009869637 -0.167817311875418671095042990  0.391327375911718082415052811 
  5 -0.121891625894272383379037927 -0.269435752785574823522018670  0.042300775454773898206345655  0.121972456316556332747908561  0.257656984676024289180771773 -0.204116442051046449252188833  0.010253525897077668516303522  0.646757684392490429922326078  0.196166585661869266702132461 -0.446651521694417484587003031  0.043214277678693488622256895  0.038643338925417252110311450  0.062877408548744791416630281  0.352328864933315596394197353  0.391327378679847182052498056 
  6  0.000000000068913428821948506  0.391327382213267680166049120  0.344534458235548586769363480  0.401671892581611076353600986 -0.281380419978726236800723251  0.126367235715932480722627045 -0.063975143122967979672271934  0.244936269284696798471815185 -0.317850917732416539293301486  0.209736880708255070578094337 -0.180991549746406357886650829 -0.157504997883904055599102109 -0.077124869929966286334589113  0.446156461050893801928256266  0.391327382282181111496826079 
  7 -0.366674793001628594914112838  0.024652586043851242770559703  0.006284983034258384203078594 -0.375581398418599302308027582 -0.206411977471579784792804664  0.260043725558486593868803838  0.024732136809774113260976106  0.119383242100089949964231931 -0.060602506163215716647799363 -0.247782362629536668041456936 -0.413301614588581101494488279  0.246304568094780010554232554 -0.546852394861896224102955355 -0.056105329172610992266101784  0.391327379045479827740505741 
  8  0.000000003250939544199278124  0.391327378788887001652245512 -0.274821839570966149334527509  0.271001445205880573617032367 -0.245111715653564249433249075  0.036551996235251193839677856 -0.154464782670497615210290429 -0.203099183505824540618657156  0.297169063584254711105547483 -0.475977301311724921667424201 -0.290225448480272913879358596  0.183749907102183500053798129  0.372152658001279251857298588 -0.003650057149123513297151144  0.391327382039826558973293763 
  9  0.000000000368354505708975290  0.391327381659110282028290681 -0.016858462101462220934675008 -0.340858182982447703086208504 -0.100838659518801522510457643 -0.026695615610439225937592809  0.597552859684494332267925415  0.379107509878587564726383149 -0.126606519174192855945620430  0.052924612273896714389158488  0.069588623304573249357457207  0.098813976268005208907939038  0.387828386790877665873597535 -0.186744464768280301914535682  0.391327382027464801739127104 
 10 -0.387778819941930477156223633 -0.003548560942261879685485492  0.006917516704721465044287271 -0.088578971384995401524816219 -0.223087968414130122707297182 -0.046713814376494365935150706 -0.418210405828621809882919905  0.285681920749693581763938369  0.422823123499292990350520438  0.526514528506617087409442252  0.035587019046837945077598701  0.159718830132917588750110852  0.196929582303255981435034447 -0.108174115736309162716973897  0.391327380884192354594530716 
 11 -0.000000000025604923772083444 -0.391327382223929525053912268 -0.127168970497854675106067478  0.034095296651638560297861540 -0.733292256667177027858010863 -0.440418482507535014334803733  0.254555363356732812306999422 -0.086740610930502894760979124 -0.021637321465088677152499726 -0.019245970571795105086743312  0.032033828668326903029681422 -0.063740542478433659811674818 -0.038207079073324373064737261  0.134657783661461672122697068  0.391327382249534466750542916 
 12  0.302171185653422903777008332 -0.089156194947919980653503608 -0.150237787351165074203104138 -0.283989920662374373250529808  0.033167571820203291123698493 -0.220209323786293531424827080 -0.326317934185614918812714386  0.217365731164550381272000841 -0.215536745176939655515126540  0.031267994275314363925006135 -0.574338350157501173649798876 -0.404487862647533075519242982  0.178746119686836565780031771 -0.146081030723036046093115010  0.391327380601342866839331691 
 13 -0.000000000350486829566678683 -0.391327381946075735001883480  0.082387666768888992077776376  0.255132247555362714466677815 -0.065627480735544322051921474  0.197415499442512858179398991 -0.132946630318142981514329543  0.100524200928538648866744469 -0.524442863111950807622572285 -0.031472077846257671450229919 -0.050634445197079139668137199  0.507515711218056697596155702  0.309426779329966727629828635 -0.268348909695443755451171527  0.391327382296562576997726868 

 0.391327382296562576997726868 

