
  0 -0.204751959636655011485215430 -0.387176008234521884895278435  0.353731924529225592586205440  0.000020237532620510210039088 -0.010265387822748331676222860  0.000002071085054104469604929 -0.296730797160707266015402042  0.353030407230703249972514346  0.103966684749989614932924771 -0.145023330260750442903148680 -0.249763667089862298074844776 -0.375167632559918949933502191  0.283321239603869467045755073  0.373134186032809673345088386 -0.125644581473395795126013312  0.955947588840825409847203054 
  1 -0.000000000351365712849488126  0.698575400874097163304420749  0.000000001144956399832528722 -0.257367219639050174152632156  0.000004965422653773230246681 -0.000000002894282060780778487  0.005318983449565929416859848  0.101731718043387145518558542  0.060195237537055635870618516 -0.084264211407727400042011814 -0.233860551035197208828556904 -0.486301119285820124276851703  0.190265926003848538430591845 -0.108115510971102314510643161  0.292546309628282906613967393  0.955947590326405325224061460 
  2  0.386528065527070929184019418  0.152444474980033018151346150 -0.000000005837531639742138589  0.011146161630438620704873758 -0.389459316792229252819418014  0.016369560450856989315638820 -0.418623964253631968365386082 -0.068094387128600367112729770  0.515354132524260650236383463  0.326629349361764374890144957 -0.087673102382277443582654381  0.137350822208192629899628154  0.132795148308504680861289078 -0.040590709019305817572680637 -0.278015317289372025015385670  0.955947585218160418671796280 
  3 -0.190047594602312899889767772 -0.067468587442670813684563857  0.101435966567187407732879550 -0.198752802208791872322639523 -0.047840909849975584837319898  0.350401713657948504586749430 -0.305822149121494462194149541  0.236067038210468761895823378 -0.145715443126445729819470366  0.319391252811159371389169992  0.410223763325296513333967710 -0.298058245162264617980152695 -0.308037666871023803637002700 -0.391808850350751816307834016 -0.080284663008126350734543989  0.955947574328887071659632824 
  4 -0.777002763331433579793109528  0.178944817664536111030768734 -0.000000000363357736592236368  0.000000001396864150841016947 -0.000000004984239994654218243 -0.000000001773238225671243601 -0.081391822496686583554266828 -0.364862972500154118349162402  0.394190303153635271876187654 -0.110699879317819295984604532  0.149845889979505541160010630  0.110966385675497986252257751  0.053487026217285639931260438  0.011664686960234903382445609 -0.138170640025024161446037634  0.955947589513669794547556791 
  5 -0.056373748528879765622086632  0.277567381797302846073742175  0.480087070522085177805803047  0.141913325668346759794074055  0.000001417022320999095902388  0.000004637844754257259189015  0.050221771741423372135000288  0.365637892283100701375448197  0.091163073224459210589605204 -0.211584745046917220299476960 -0.283760936698791962543410652  0.337244288527166453202019158 -0.502813059219106303111834766 -0.124904577990892058383346364 -0.131099776428659993518944377  0.955947581383689791965918570 
  6  0.141333720753603213907611744 -0.099981753870993761311631882 -0.120763513877026555420933843  0.001221424845558449589569723 -0.505246885053992982517103577  0.087400292354347164699025340  0.179035348462824404493329462  0.137757096409979145327671587  0.297474430407321154478609421 -0.561809985331184716275502999  0.397409980856246946038980855 -0.159065342517932592432449226 -0.164396821859688818342516703  0.066784892715953063156264068  0.150514787201116735591822048  0.955947590755522083518641585 
  7  0.000000000771709585238302391 -0.000000000286789714804908854 -0.000000000361918946068104411 -0.135584648965035467249639137  0.000000001009293297068006786 -0.820362939223586931029429808 -0.197432498513892639406411625 -0.050594583313193300314199955  0.011303566960048539408446009  0.113788760701482166060223306  0.147259677252889237109956082 -0.195321022660539508924342281 -0.407471345238060384810144937  0.160236911699731902227849915  0.049617692373041696736560855  0.955947590618333953413517101 
  8 -0.172365769940499475408189796 -0.054546078681152611976600550 -0.728870362321145609497095863  0.000000003812308520130060799 -0.000165365870705771345372800 -0.000000009860556784400600601 -0.370843377576734341765458611  0.302757223491336994103048652 -0.060333411766108861346024923 -0.203940286331492478933791017 -0.338467920976630196522099911  0.126483064284223308966731252 -0.142173933431397997122886366 -0.102281823855088397723454158 -0.020266432464470716588611390  0.955947590486368832508011495 
  9  0.035032981798737745376287091 -0.412632950762928324032552743 -0.002648097734225530820001179 -0.214084282532496828993051445  0.223283412779295015830323227  0.068265861809750947691551384  0.206176470602549789118158180 -0.134424724609649607996860951  0.528434018487889202377212616  0.120548782193803349361541002 -0.342511329822162204853525092 -0.131342648860096571729111012 -0.234652479634741801238235342 -0.284470214906091666809320045  0.321323324919233822643226117  0.955947587417434395309218109 
 10  0.000000000989457611428181450 -0.000000008639016312417162939  0.000000001651179420123723273  0.700221516275798617058665624 -0.161510510199172378968212986  0.094215552332006170240885981 -0.101403267921476435894912165 -0.380571405247729208570295692 -0.130388192665433798051854292 -0.011497471227374557337353692 -0.229714797858345707367178773 -0.426643867375875097117847792 -0.244966765110918474967842927 -0.087242112900407176407583786  0.007958823597214561705427498  0.955947590086630529611008700 
 11  0.020726038293759215540474922  0.175533522271815362050741312 -0.265267212282617376336007337  0.023418784526334334958566521  0.207760836679214273560152917  0.263241176404491580728640596  0.298989271705951882161962641  0.135268877531143666808071020  0.194080507671581505569334027  0.276172648842773041014510629  0.028085237384342353105239304 -0.195953235800257916923369783 -0.320196284127244695289936025  0.580332003587259343717688620 -0.291983943249347207725061248  0.955947570458232174367418921 
 12 -0.316005030651211075477542006 -0.042656396524099719706865814 -0.000000001145553581159209414  0.001364705430823729845260071 -0.595921451985472047467844864  0.000000003216643229607135841  0.203683166452578446489166293  0.143618779998343875370912272 -0.138056563159580870578640316  0.448876435804589231376307903 -0.187195387201586817857261458  0.160327637912505746234500745 -0.016219902306927893662820439  0.189399091106236633472083980  0.404539234381562819522788060  0.955947588953803395158455997 
 13  0.029698138882900814844637938  0.093354602705443269468961898  0.008446371852133434523579938  0.447611102082893293289391975  0.341208438613001170571902704  0.035628896008045939525904489 -0.272423320590892748986134100  0.247902781360433121073463814  0.245211679390515520441913913  0.113360802956728258817915671  0.309931083945370033027287560  0.150985082922991578583825530  0.078679620455255037904038207  0.129605694208484091149756814  0.567266866044739735003028108  0.955947550144417894368853439 
 14  0.116447803871773685213425898  0.025429808830009786967181365  0.133491558113621860403859125 -0.344329590863745138047810265  0.001264669917051520384675394  0.334984148878429666568992337 -0.409337484888598958045939982 -0.401691997582699769506415013 -0.172307115686362632140499716 -0.175218330842768870412879539 -0.088495625533665368556970540  0.152918949507476603972178260 -0.279288367844699855492259302  0.399494529805111348106771291  0.281204543923985976575661075  0.955947580474631657858688993 

 0.955947590755522083518641585 

