
  0 -0.268358939285435929512826231  0.000000004202910904696989520 -0.301696703520517723424651524  0.132238267022000236916145360 -0.098318005368087180976968773  0.167123381229350891085966985 -0.135914327658607420154686374  0.153004077169035881451518086 -0.216503111923825599947402744 -0.560555275892562010887996277  0.551600483218590743373938717  0.273197922408768067000168003  0.570055647008864570940422922 
  1 -0.368727591523148841518107283  0.188499139619223238483998809 -0.012828912369434848818028599 -0.480407139277812677955912732 -0.090261604218178987295111409  0.165348798668544232136432687  0.012014705045150870982214328 -0.473654032155390327621814067  0.089543824167022169077201441 -0.408077287442512591161825064 -0.401890223545136038811728327  0.038879797646999409961257209  0.570055643511806910128658643 
  2  0.000964797739212536614742789  0.569082345692971725817279477 -0.000008504334324902424411253 -0.194910482323016705737453967  0.278418177009223789922275419 -0.181758644214479726821634582 -0.614021929006580024015815589 -0.109177437686256534049437147 -0.021028583011058864120072678  0.167074886856270567940356553  0.280490503631602504716743493 -0.177841465380464015930053051  0.570055647766509219619580212 
  3  0.000000003010011600180097592  0.570055643947873447391697099 -0.000000000238540954705760722  0.057247354416375616654446765 -0.650638509346721983833596731  0.272037378329560366915481143  0.199436779081628192522969781  0.165969484986988727220403629 -0.213757026528824814831327740  0.218456978130488394042080409 -0.013340265958141313635571142 -0.116233037406206603287157648  0.570055647196426002062084881 
  4  0.400382630373443646929713241  0.141647960545290487057541393  0.028025055255051982612703567  0.257141074136288742493392998  0.063051598770804848144585185 -0.068554073789131555299294820  0.127026531815176865172940801 -0.629496488227802335245833487 -0.414480029071149605772103608  0.006859720449628380028741722  0.033378449200077406689622867  0.398360470036060265383581758  0.570055646173786106228886794 
  5 -0.028369984682403473704885360  0.541117786385851206318927525 -0.000567876741016459904160770  0.256854594863544900097207871  0.417371189204046579186713206 -0.176375228284514566959827186  0.424623641197135754217972456  0.259044484703617811490123160  0.275474302684152482081436988 -0.260005199504417495911514843 -0.146083927271332895077619006  0.151216924895754298465008411  0.570055647809271108647152793 
  6  0.517431275619189352278897570  0.052624364904349256246720266  0.000000005806380498492488859 -0.106598359878864681448817214 -0.082323460618760582907678641  0.458518011143185999316500973 -0.279522227263624967348847744  0.110668824348801938705548573  0.492524426623361030931234558 -0.060687881656134048438384996 -0.043915075114179343819477332  0.403167824050568153503634056  0.570055646329919088314587550 
  7 -0.128890869681456063418757522 -0.002827319441246831918440260  0.438337459489619584845085734  0.339601867605675563412679155  0.344624764215250525210528301  0.632336596699375436277622275 -0.148353587598557253680398374  0.009928034720905757469662772 -0.236576862162947087897947422 -0.079809904636581090650571634 -0.130895520419828325777247303 -0.236040188923341044487558445  0.570055648612322516787659366 
  8  0.000000000130434678904853337  0.000000000377013378278886759  0.570055648669403710671662461  0.059946557648284293884588482 -0.215550705621676832622266029 -0.090248900027512286301574918  0.191623252426340467927828350 -0.292441538871986675120163632  0.416538850815780068679054435 -0.160461240422828462800055108  0.509178608986372449585460637 -0.189945236059034386515219188  0.570055649176851782244414280 
  9  0.325945770918325548697307842 -0.000000002027275666726837709 -0.244109858831701860337531559 -0.467284598972665669110084646  0.310706891705825192964273568  0.312131393151551526926471350  0.441612101870748923734604982 -0.018885780160743741483360446 -0.127679802207669472759155559 -0.013048351028888111561245444  0.313921755705669897919523476 -0.333845584646079448153891539  0.570055631777303076169940294 
 10 -0.000000003717183913746543895 -0.000000007331110814469912124  0.570055637231697048730033606 -0.478424186174006746793052267  0.051884388747133420606154645 -0.130092233239205939336179813  0.059402785024855938374611225  0.356508842374449953685055376 -0.354074311730760504812222378 -0.008558878653808447707026271  0.039684456449039891763098682  0.410958532365879552756930682  0.570055648279991782566809844 
 11  0.490227272322882343661603136 -0.000000006473615989357577971  0.079828366660771808446079526  0.028775401145244513028003427 -0.178686313083446901304259143 -0.263245000561477042965406736 -0.180923008636893830198806923  0.155186075412967964713088082 -0.193829733423273872804960816 -0.583026172733462964489770108 -0.233381411864678454931966781 -0.403085202805411443134284144  0.570055645457270123127157396 

 0.570055649176851782244414280 

