
  0  0.363608991245559603512887276  0.129493377903650314005587832  0.179609110102996568684931462  0.467144368698544746991169890 -0.293892291859460036342489159 -0.460420352866922207778167461 -0.406755175172479736399495931 -0.221895815317202832028364162  0.295786353627662546082570383  0.493102369149209934784394704 
  1 -0.491213121851065074923922693  0.001887583461595957978038890  0.216029327562144801041219867  0.714068888217168256879203297 -0.100790149403405219664530031  0.054601101582302110876794479  0.424287949467641113720020596  0.093100437741722025581010171 -0.017752982325050486543790897  0.493100705312661040120164602 
  2  0.000000000091095520927851977 -0.493102370080557765618430727  0.507716672659922239570825381 -0.359846253153794853272542595 -0.375300671790865880185234654 -0.072063262626320776085353872  0.289874951964731443471547448 -0.022114421354299501988455970  0.372859576167533643848437178  0.493102370171653260155861936 
  3 -0.493073786149247963127555811  0.000022539954081498395867227  0.112658579792969521790125045 -0.235862584270206976686619013 -0.156078409139423537001678706 -0.591963244838355584476717597 -0.187282039478370015641748789 -0.120229907835422831726725212 -0.514047060643737718994058378  0.493096326103329459628575593 
  4  0.480252866753242820430525734 -0.012849465768631548714214972 -0.087603954574769118482662107  0.074333271505851491909807899 -0.551821054882125449367671899  0.111501696342516188387758002  0.299016521769748725741297143  0.029180490195061120234454950 -0.590585049672838271702692003  0.493102332521874350129698072 
  5  0.000000000059973482904725129 -0.493102370057883431284486211  0.112586006196379363386767848  0.179573685735763028214324009  0.196433665207125131448419667  0.319095870867560606377747248 -0.212515519334100698038746494 -0.681818535579350003988149259 -0.247951636805399395829460629  0.493102370117856915254306652 
  6 -0.390811458115617351110997191  0.102288822865033054507612024 -0.354211712547060886247494993 -0.073963263800480292515886465 -0.627944504118385077046787801  0.386879163683621064715118312 -0.307995680636255009726210199 -0.135920376068307007650075996  0.220321183182024575076575490  0.493100280980650410023180541 
  7  0.000000000070645511970152986 -0.493102370038124523395723850 -0.707587633138655016046356799  0.113102304679195480614914068  0.011997967335427249955791284 -0.393518885601331470090215314  0.242792123210606665626169927 -0.046836958300855646887420405  0.165029944153140967913278268  0.493102370108770027599216432 
  8  0.000000000013530334561346677  0.493102370175904130482173737 -0.064089502873331529701902368 -0.175289581917567564858600158  0.026583634290133144131726634 -0.103105856296116821906592217  0.497036047672994331711590274 -0.663893222970414317450800479  0.151260038385744222390566320  0.493102370189434471229716211 

 0.493102370189434471229716211 

