
  0 -0.000039715131482452330962743 -0.000820349940335422295869900 -0.000159106340379859053735544 -0.000939398740577757534946544 -0.000390254379845628315599744 -0.000460842029406227842898052  0.000325412574454794931409962 -0.000606005831724272098164346  0.000485037571946660760607791 -0.000525802471877516359017769 -0.994563564708269175944702067 -0.000200835875325604760575662 -0.000265826971971118600601870 -0.000140179051787713686383451  0.087493782926939772576809939 -0.005610487029193020506145207  0.042261165475798219180812287 -0.021892188242110977379649363  0.023495781174120075564240779 -0.018338153329598044198741561  0.999922331619384149718234023 
  1 -0.101779932105702230993001575  0.011983582678115781994288328  0.004922170604079045981414263  0.007475604577652248051332162 -0.010032976682566607511526543  0.005864962695831441050166381  0.001766109860462321477337563  0.018583589069710429173809519 -0.017730937673584962055434297  0.691940603566666701462143513 -0.011793644322082758107139158 -0.077673290318007491518301211  0.007391715765583215241332321  0.015779472004556044802239855 -0.287841563826599668477704969 -0.179113430626667849749245227 -0.004623715599952910873851451 -0.046199905311023910656551125  0.026869554439567115239296743 -0.620926231742407526751313662  0.984718591924601328738489436 
  2  0.000016104415074541694149729  0.000032476771491122078610591 -0.999709607793065780354836714 -0.000016853400534548458601874 -0.000039353487058042797168273  0.000067318922096407664713608  0.000011661045296582848722457  0.000039634036253617612455975  0.000006652595176763851465771 -0.000000661668189386072458494  0.000003453278083618383490687 -0.000004737190634737239784475 -0.000003509391076564704191655 -0.000009750669408017162696496 -0.011488423488226265788693891  0.002587510424022773497306914  0.020419024155506149064442955 -0.000708656553363074152651818 -0.003415026051542926016098330 -0.003593088551013863024497237  0.999961774663439785873226412 
  3  0.000957054900368568662721203 -0.000937062702139837464789767  0.001172025777298007818497060  0.002647311051489004393816139  0.975281205536667800473638046  0.000615332170389975430794443 -0.002205805807150225998378786  0.000239806855763917480538928  0.003988805148860374726826975 -0.002417053804605242851327553 -0.000801936555878207950304239 -0.005347435526632059530765677 -0.001112250666465031177239009 -0.001671103209919137011696629 -0.017497429554121787785523896  0.125513380073661054829614082  0.004962984189128645887732554 -0.146157420446264309411713370 -0.098702124838578146154245349 -0.039592563242129615836648613  0.999394189713627339901984292 
  4 -0.016238442411114552749634753  0.005579038795422022995066849 -0.000131818661534109583174034  0.002195323836284083794084240  0.057639755518134891630599708 -0.003028826592411171433474201  0.001740610260219356705422696  0.014790647832777496012382110 -0.030147829205695063747901387  0.054083169419622738820869687  0.068916938178818146645105650  0.655841599269234447431176777 -0.000404641043756167628485318 -0.025665016467950138867942724  0.471686944668663648438542910 -0.082699766960989303975963858  0.308146929605990009613369213 -0.001241595601017345895758299  0.439381204486104983314735326 -0.198587051705485604535155256  0.936403657492974412428037023 
  5 -0.014062383899535995322739297 -0.000613477309371515394692733  0.000257527567699713897883619  0.003855063337073005086270543 -0.012590712716346086806993448  0.001331834177199644680046579 -0.716577813454196896878790890 -0.179544747063967389727793221  0.013213689185148657109426958  0.007298681617698798429866812  0.022678590150728889437777729 -0.000792659720258487206327668  0.004248534210244265540854175 -0.009879782730981588394995191  0.323469332138377388039494897 -0.217524486747293152160429366  0.119370464545829851253600992  0.084892717260165677594068844 -0.516294466507854665727680898 -0.114379712353781095856848204  0.986945497140450950007608405 
  6  0.036340673694464670875393670  0.021018352805017296543513543  0.018029085377858999754316057 -0.010800055007745455756193182 -0.065475710184206632601827420 -0.000293981025537184313790229  0.023708137708343818229796834 -0.019381010433707609345117730  0.023244651641596126523552405  0.243928999273234519784645663 -0.013722980558637532664822435  0.199236745209193057143262987 -0.004613953973482381578268073 -0.306036869646470052866481584 -0.321487358166768811060373320  0.341039984738810558452743252  0.661467434042111872001361295  0.016382041828311613119195677 -0.265264317764416132020954125  0.266703630897670237504979915  0.985831206539495308001971180 
  7  0.002754732585638801545239074  0.631223510671263048695412562 -0.001508489678891150146199622  0.034650733271257593747166972 -0.152200611941156807788762956  0.000335967853690633110383029  0.023902570944037203072687946  0.009239415464080937616716128  0.010411712115393414308175556 -0.005860301063310123301327203  0.023407378634470029463791863  0.003098204531563141680810121 -0.004730594305410423997745601  0.072934948222881979760503710  0.201142034062687838832646052  0.388539033911411127030118007 -0.083954400107763641051856086 -0.569530355958036946554482599 -0.148830411102306723550997569 -0.159680961104678008168392643  0.976259171283045267160372038 
  8  0.003025896018491810705973246 -0.022405699952675887840728309  0.001965332912166628268605238  0.699842023310958740995972593  0.003630435861727914949701696 -0.001515809617717142647544720  0.022016181135695242547140895 -0.005126029595485267207396335  0.197617630016676999030514859 -0.002432378599447751169282012  0.004868693941736208245986444  0.001309017303122788945522170 -0.004114301296925872192700602 -0.016992115713720437720783067 -0.099716349063622312038420326 -0.468960127324157732424435643  0.127728395370974596740448748 -0.421851277924141916160103924  0.030248671813896844017194917  0.211506368315543234840401046  0.986861545276548756495602066 
  9  0.013382943997493440517651509  0.016584510123806816427708701  0.000495379040869802043276120  0.002333177929204833999828875  0.001548262670258593586694322 -0.001401688534544385077723181 -0.695947992641538909269673802  0.188946100316779837463912473  0.008092660017729455714342120 -0.005670771580743590371528272 -0.022250693677406937095490593  0.001423343863890134211914046 -0.004848045836764196670469083 -0.009835284168824391768000404 -0.338699466030269518177853519  0.225780710671224917193092990 -0.090999901814655391665148405 -0.132267249375759278752994440  0.522361835627559502510681294  0.120186545980595312700959718  0.972760854399855355860611550 
 10 -0.000000000021083641132468820 -0.000000000006451262331149193 -0.000000000000442277723923659  0.000000000002045092011235623 -0.000000000020875400162535360  0.999951861694927076609426542 -0.000000000011939963747591544 -0.000000000006571999892054248  0.000000000006350543379805366  0.000000000002383157070593516 -0.000000000039194050507825407  0.000000000024014897352911323 -0.000019673100842207344809337 -0.000000000001313767391339155  0.004885835121106193676397981  0.000338948926164959777744383  0.001348171486888852450711954 -0.000762415540413424390795093  0.004065640877860607330975402  0.007304748801381793109132679  0.999971534938435373306240411 
 11  0.004935213453660172742911723 -0.001332900077880327471360438  0.000819767267985558670698636 -0.011318968479214399958142703 -0.001070533250045763407249103 -0.000626696588648733237439156 -0.007146224949671705658722965 -0.001013851185084146919347789 -0.956251156918538614091097189  0.000026838386426797711044710 -0.000820260529216076273817982  0.001682099807971282157689771 -0.002068694575179754750786842 -0.009708851612486543756710576 -0.053865042887556922761359366 -0.174440022837166305787496776  0.042070709345843350553535408 -0.191507405286542487521665896 -0.021569830628181574416394163  0.114158085485112217990957134  0.998822057082009831345537076 
 12 -0.001125347371184484089645467  0.774112862146486519843505136  0.000890698120892216048908519 -0.022834541757025753719141594  0.126660911900699822948469266 -0.000389696174409398153605484 -0.005207840988242694999478207 -0.010736562563029046045036310 -0.000070197505279806749114885 -0.008009494891435755065047138 -0.019777703918438110093598126 -0.004150872807397436114189738  0.003718183877155178646423055 -0.021500142370975705443205458 -0.155315957593518733399350247 -0.348814163884243845514549626  0.059400909286137763295711960  0.446959119714242133418295733  0.110448464123962643630867935  0.147639723444945623529161310  0.999185056392651980798885053 
 13 -0.000880928774565062231248577 -0.000953432953847173040964923  0.000255275072922524088349022  0.004014022838583144610071315 -0.001859798587652616231619552  0.000405213278806036644592055  0.003055862772822875449568465  0.964794507296202406268405966  0.001890350350222164067574952 -0.002609960011525590582708785  0.006389338321059541942684433 -0.004113860972571942825633506  0.001542865811554589736753590 -0.001348267010408636774267600  0.115442336841482169849926447 -0.082179511347621330933515844  0.049994034654144101032451726  0.052065049645311395236840562 -0.208574145611432962277298486 -0.016572607697350924768302910  0.994113684052744317975157384 
 14  0.001022504277408313928624096 -0.016318351973060087566329973  0.001646965756897133551693119 -0.712840501957174141518542437 -0.003277798362739174655268378 -0.001386139850782636493766642  0.016542923179877460713367598  0.001370537210422019011307268  0.209206230552654508876488787  0.001566475871567947526657179  0.008225461706923629249182473  0.000137724308188568177304418 -0.004202466820492583701563376 -0.004002151314831924946855335 -0.078342989897544546690471429 -0.435060127486767879738047138  0.111028970530424745747342420 -0.453866995981313714247700961  0.021975043349720547458805509  0.182232216633023380643221882  0.981746233143020168563676331 
 15 -0.091871558949339839849582579  0.005781516593259521937452175  0.011620363879102272212665774 -0.000286767533961431406918078 -0.032420177692201706931140071  0.005592033836083081046996188  0.008605127117774634507661583  0.006065673643770396571236103 -0.012989594094158449865128717 -0.676975033270717207242034297 -0.008769187473653927383930205  0.026611741134019908313986425  0.005891542218371891276799252 -0.100562442208286630077767633 -0.357120727767987223568672134 -0.068863598060254623387150836  0.271313371139228169095971438 -0.038987264450469789963147705 -0.033719586863560518768796834 -0.558798712002903025686684907  0.994042759644700857151692480 
 16 -0.000000000000207651221065937 -0.000000000003324076499618451 -0.000000000000157799486897465 -0.000000000000178182187749746  0.000000000000539338387302204  0.000091526103453687750455918 -0.000000000000084531225452566 -0.000000000000131251960315842 -0.000000000000013858330388298 -0.000000000000060625975643075  0.000000000001104450579857620 -0.000000000001026845093802249 -0.999880008829653109533267680 -0.000000000000775814981916848 -0.001199108916572758368248622 -0.004786769200117110944726277 -0.002438345496199412452735807  0.008954088619569880625156705 -0.003667196612834812096645324 -0.010772139130790030431958555  0.999971534940711224417539404 
 17  0.004752010732937139198225657 -0.023334739810847834738349025  0.007805522061097974948562582  0.002708271315882791192856930 -0.003693765130933095615124869 -0.000135200366309956988739719 -0.006845991840839338868281464 -0.005003880861268655487863658 -0.002856823109304170743226426 -0.000901301693936693252288304  0.001451046572977573378317077  0.001556136284685420667689011 -0.000944805722118740574778382  0.936333937659648916267476904 -0.105546142836535845646833524  0.059019615700415177624911121  0.321077257798811929875252430  0.044407669679111704358435162 -0.026443970006976319909495847  0.046456527944925467631624846  0.998323433162788281434660287 
 18 -0.004355877518116629753540560 -0.007983176248040810093527112 -0.004754203805534623312528734  0.000449990546215207251337698 -0.025540241582125302269046805  0.003261177890494311285754294 -0.007791776990825844746824900 -0.001457308650942982194161199  0.021330062737999309379323073 -0.017043631902814065264602922 -0.060044546210689891611704278  0.723430760210300395976479315  0.002283402613786492432371885  0.110539056971273167420059379 -0.356428571237501710001083916 -0.038263770115907785711057559 -0.471709791389657615446467931 -0.001144542457335120964698278 -0.323335161265006224674085564  0.060656762930675644430225093  0.990265213879159033488232267 
 19 -0.989521406901453411608052951 -0.000148086140752794135491689 -0.000868195922980265961340488  0.000281310204566030158496561  0.001365611279461988073641128 -0.001143988596647769907113800  0.000750369574438802992098272  0.000820211303864755345585790  0.000274661553830625586721435 -0.000369793898304499962681106  0.000180766232600615839184041 -0.001049184873766500825601684 -0.001657713903041336329208426  0.001035381895807838939651195  0.035059133396715201916261830  0.044215133153798304495052949 -0.004414410060181173688050916  0.001221971275526182027260259 -0.001330229430814957812580506  0.132778329526998168280725945  0.999466682281517228292333499 

 0.999971534940711224417539404 

