
  0  0.000000000007885345447495897 -0.000003866034399739715180574 -0.000000000000820047803931692  0.000000000001036760820100677  0.707110776054434135812036544 -0.000013386099938588783367866  0.000000047028497541765417935 -0.000002905713063620831102891  0.228242593646230185495797117  0.252294214986141920225096169 -0.334315061395194443885853577 -0.187996521503542903864560076 -0.046698189257940674328113684 -0.407384889530653271523790576  0.076455065055171652339360659  0.251295183249021647395012383  0.000479736966720565763908542  0.707130980940075820975494053 
  1 -0.000563775616465967460314500  0.000993234195828827487328050  0.000201886778277395294127038 -0.704279947908094014507630887  0.000119699990323238888515533  0.000392174412707194141890436 -0.000010601148412357548416604  0.000284438101036379549664509 -0.190970429792695932602825462 -0.375926452397385088674466175 -0.173867297712467365998489921 -0.042830958032720453993098288  0.414193260274920128330856245 -0.122679208759584865314189867  0.020706968735868525855909890  0.158428777801560915800428014  0.286354201220822520232043781  0.706845758151145366521457547 
  2 -0.557558803999292770347921688  0.007034042378537038065181329  0.043568871553057113892108146  0.079239971509509708452853507  0.001321512417491409998278225  0.013431100841953592692412038 -0.002640107022691614968791624  0.001876759683103410687457843 -0.222796475439191922000002101 -0.167224197059403832630610463 -0.350346151389560764419141975 -0.432641630512956285725808744 -0.154491230502079011550095426  0.114080417144126045103961434  0.343823860014377787454407237 -0.371600857741313498402036669  0.001231079525824106727002626  0.706671169405636695080505372 
  3  0.000000000004850332271702464 -0.000002470588615665121453672 -0.000000000027548591282646108 -0.000000000017140737401247233 -0.000000599213654398662761385 -0.000004888873075767501768194 -0.707121039212869789941217497 -0.000001983008847632397974325 -0.151495441605658885824456199  0.333442540495852186047077634 -0.084730881754460964186978847 -0.034113027014299280428513824  0.008822051473421422777487712  0.419108005792474118324664883  0.125142022097237330793611729  0.307075296578576195362332221  0.267986764073668795078800656  0.707130980946602964330380270 
  4 -0.000759368416695805878686690  0.000493672877992646436567302 -0.000050273192321769551100493 -0.701668647275300059746715869  0.000152626888441571995589239  0.002241355735643018935290667 -0.000378829132237588232746772  0.000189102969613280943065128  0.197166647750445302037305972  0.316840137253764284015278632  0.095237488235670674801181153 -0.003762905331851404491559380 -0.448427894391180310103457718  0.166320220626795942195797623  0.057916108500411862448654108 -0.204488436486570073879597692 -0.292213233081756808317067109  0.705933876488245776463677228 
  5  0.000100230819232816879844312 -0.000118982307282426088066174 -0.702466067342652575908150403  0.000549246316032183773898481  0.000131723105079227586541784  0.001532948510669081285494822 -0.000523567899805453727042890 -0.000759283924891535956745291 -0.003803986721805349743590451 -0.207904132001105821443871779  0.023822405842474546615750858 -0.232264790613731772782107540 -0.425914440562580258491836085  0.002906446480032917530515326 -0.362450063016019450256276213  0.105028841998366733815066694  0.291499876672872805998893223  0.706182050225645325733370150 
  6 -0.613934132657978757390600938 -0.000329212772454168134413682 -0.082310572083511224282612734 -0.003836261491920472872157126 -0.000129979081015637551261771 -0.002580488222899079160869946  0.001685842541600111743646829  0.000623334405569856428111107  0.492968709849667987193998567 -0.219571954150571556157144071 -0.029913505608632182379314239  0.433985987144378058450898059  0.012003093118729373398036414  0.168619190530448271800583598  0.040867706762490008966497851  0.321183704633094934484307398 -0.049100150095095084474649920  0.705429823256949353727472685 
  7  0.000000000003593509681571124 -0.000028596666284227227221108  0.000000000007306891228880449 -0.000000000003279280683644643 -0.000002603714778589381821669 -0.000009489539060795929259346  0.000002656371552551342404114  0.707087634637003935365959922  0.217841255653161884156304891 -0.041590690246800353896920862  0.458503600443922428909777206 -0.239321186842156056166644809  0.024792211858278177326033115 -0.084684482868422634141327820  0.357316233179240918708475042  0.033051201285465888794014083  0.216307438483120120762434428  0.707130980942859815473102575 
  8  0.558759126699091296635452109  0.006659065165679405143418334 -0.047628441289084058840553812  0.073190049436297312586581758  0.001176036004075759593793709  0.010568864971637908148954159 -0.000782313503038029908978425  0.002559000048346685731475483  0.319304886781832805372777911 -0.407748765229082967432444606 -0.382529281524254026935951550  0.045291253416815506917231628 -0.140609768769211022684654556  0.299166379076517470003791083  0.388548707023005544629323804 -0.018224748465441274008732361 -0.053196947330123960393449085  0.701322897117250490680272212 
  9 -0.000628204813148242745547854  0.000142273383181787513114833 -0.703988377518928459364126737 -0.000299015647246267385295039 -0.000113995963198499364933715 -0.001111775464288268931682007  0.000214885415616518809049627  0.000627850169071915457185050 -0.089302350160554763724724686  0.250233586503979946462535022 -0.016132420353272611546213439  0.151168947234922196272205105  0.423692563310767525143170700 -0.035842103254610955035113634  0.351881296777281160186858985 -0.164059470976215300216938253 -0.281350503555502996110753225  0.707126378374680010095894300 
 10  0.000000000003672498266269104  0.000010486315558561560103906 -0.000000000000000965994664067  0.000000000001388256070480797  0.000000364992771326142620986  0.000000386852334345943692737 -0.000001981391581374502687803 -0.707117761391657043438738195  0.218731556379296964589642287 -0.043325209184153905619013873  0.456060088359864415803734961 -0.239551269184219100136993934  0.024764429533612089939906189 -0.083184275833582067392489492  0.360379983248085670425198829  0.032032614987398860169624977  0.215535536921033123527752934  0.707130980948964379918190298 
 11  0.000000000003601149438198258  0.707082117519803108717912216 -0.000000000003479959609769120  0.000000000006256677687460624 -0.000004629055955381433681644 -0.000043760897814204632613653  0.000000143381685837480295364 -0.000000330062991909722185046  0.335503065790595141385486977  0.067647174277118730157428838 -0.039554141588596207236425877 -0.329752644506041186470059884  0.330482570987406956919624559  0.239141401867123882461459508 -0.294124037814573733104353895 -0.133266187257305604552224017 -0.043805559340843446867823884  0.707130980931588219457611943 
 12  0.000000000001225955378098478 -0.000004729322767589509455201 -0.000000000013172424554527552 -0.000000000005333898635650725  0.707100513258933367386708385 -0.000024106438367244534742818  0.000000010650889063490706425 -0.000001621252313579732287539 -0.228294768877854165793975239 -0.251276072192821816892859682  0.335609610571122474339221531  0.188891363275630346706080928  0.047394977484618940052283611  0.406683501826260789750299568 -0.077626506323260883893431356 -0.250545550887011725957418534 -0.000487503534986012283595048  0.707130980943003172208005669 
 13 -0.000000000001287264088759306  0.000038361381084746859525293 -0.000000000005966843713536014 -0.000000000001559755179368693  0.000002466608474079592994658 -0.707056389341339758844266761 -0.000006749720809857911714135  0.000027013887127530683196700  0.159027502618279350729557642  0.152568534961574896484295255 -0.126052378013170142222318035  0.255142735247213392555786643 -0.002843486750720314012898774 -0.073020973366599046921728098 -0.005514209265998161468931620 -0.392584901914866855020258551  0.459373354204860646232298424  0.707130980947649819586941361 
 14 -0.000000000002996507725792897 -0.707064117581445385879966581  0.000000000016140042171589479 -0.000000000033523366691973726  0.000011288678655232567756592  0.000026133163339191831175847 -0.000025582470171672163694140  0.000003858995117766429825561  0.335898540526080550223594900  0.062008228706131372927177646 -0.046813076175485589080886312 -0.333862245650975845577719536  0.328048168405574011564050652  0.242971927729292757046916998 -0.286875082711386040460084523 -0.137209232172988121546187458 -0.044242220662931858916492927  0.707130980941389163422442637 
 15  0.000000000002766508527636439 -0.000127755311410294637520319  0.000000000004287791249771506 -0.000000000012813360486518401 -0.000004211676660197365865187  0.706939700404939455364184547  0.000026447925915167068749709 -0.000032865608194556096913969  0.159674762933728482070536506  0.161098113023662913430257212 -0.114076127280643086168976635  0.265081888914832476266021655  0.005028126357117291783639727 -0.079585017753520976861096418 -0.016572036090422856247260310 -0.384088613601475569028559018  0.459726099655943015861656042  0.707130980946987350483929485 
 16 -0.000000000000127674012082869  0.000006373608345685477303129  0.000000000003368464176638885  0.000000000015202438162009005  0.000006104728401887162761922  0.000032594273647890459240535  0.707084822581014642317066843  0.000001085728516750265944911 -0.153022636658914270319105898  0.332839421150924837377064677 -0.086323337646048349243270426 -0.036954610063987900316003236  0.007394868233727251584500489  0.419595837274372799181572716  0.126410581693360508302422310  0.304943690417610703178273590  0.268197768225079759073876604  0.707130980938625472236817165 

 0.707130980948964379918190298 

