
  0 -0.000001594612920482605417999 -0.000000000000491892711872045 -0.707101807479846637639539497  0.000000000009876612801780394 -0.000000508844543576974382890 -0.000008692630738404155286081 -0.000001380790450485887415500  0.000003381258242450785168254  0.000000917547090942437614210 -0.313296245313445504798548213 -0.140007367191352858430664595  0.147549732909364324765942242  0.175616239834874533212120268 -0.137516680543945225598354183  0.312504654082693839067287611 -0.242654183743138898173398801 -0.119094061435460471789159718  0.037062650385143257580336171 -0.372330983848354855973153063  0.707118283174201481885035731 
  1 -0.000001956006419013594356207 -0.000000000001608200661448378 -0.000000580614480162197739951 -0.000000000013538907342973227  0.000003253937462959484114422  0.000009962425191481825966766  0.000000246557498121615142453  0.707100189878529704671193679 -0.000002093738015993171630806  0.290520856705725446161381678  0.227793978223906406032467885 -0.273524312306890091811562016  0.271365020254998205631157687 -0.156426607188664419520940027 -0.016656802921232337206833654 -0.233605074919040111766904005  0.301973458125646444035090898  0.046129396520422633421810218 -0.206466410911079914996353254  0.707118283172744578927385734 
  2 -0.000000828996871152656371445  0.000000000002493623554904251 -0.000000143284542782015973929 -0.000000000006449984663335678 -0.707095623021651692159759289 -0.000010788635419789026481805  0.000008877496150349680459305 -0.000001551908169899085877816 -0.000000469819354872890008691  0.337389716784790580898388199 -0.146004472252171794958053481  0.270355480861723025009417734 -0.313605875399516745457000749 -0.271756720580365555481588274 -0.181435582496690093098879425 -0.139711842405550822632524961 -0.077408426656796114334732270 -0.117508259041241902027169746 -0.217567648176395562193536325  0.707118283171104195948195037 
  3 -0.000002054307439077596811899  0.000000000003768861965633723 -0.707099207327783583207966162 -0.000000000005535640909020323 -0.000002213218188631440493725 -0.000007578420822868434102460 -0.000004211522707869912690487  0.000002045485153946519826297  0.000000972881856279841624706  0.314265340238072702212486845  0.141042401097357890653750251 -0.144395203793763714133547606 -0.174101658903592476000882563  0.140859702649167925879859602 -0.312882296384713741129509484  0.244214906420621337065912648  0.120313554512196709901964645 -0.037844809088329771336263506  0.370011346717108861252131663  0.707118283173256706539838712 
  4  0.000005488695796567134772512 -0.000000000008673163674981695 -0.000019562571716108181427630  0.000000000005491268186932398 -0.000020098673960928364937755 -0.707067271012152685663414153 -0.000003099685373544132464268 -0.000002452708020706300841845 -0.000000309803238656589765272  0.038335789211685295081001113 -0.040095209727470439002740667 -0.056498214928288368825764956 -0.218240001112565151433634117  0.432228578838158170120345089  0.006142251340485249403485234 -0.492550418950141556169051646 -0.010164098688129185254609102  0.122586893115357511214091792  0.039519949239602258698707878  0.707118283164423662976762197 
  5 -0.000000201862136894340726131  0.000000000003504310034613255 -0.000002646009962629412227116  0.000000000002364280501205668  0.000000029543596195695181907  0.000003487349468365534886344  0.000003194947274493757088993 -0.000000979302441781189759291  0.707107744146832464077982033 -0.034564008942963803704340664 -0.431265989154994573007281464  0.076178567848686756711605334  0.327189911294537709267327141  0.002813557797081550565543542 -0.232738718643414746884952662 -0.162133202591796729311285179  0.172225365295345076517476851 -0.215278715911906359865737697  0.208538478816341635630371605  0.707118283167581368085438664 
  6 -0.000296701607032912422408413  0.612541563839498802998898008  0.001257178268339952608992691 -0.021482578153422801874576241 -0.004203079962151256564024883  0.002270620161844994348985781 -0.006783500725334584868017330  0.000129795691293872481553502  0.000501168841055042545853584  0.217472986236465061743016597  0.205898658411280634643087013  0.392453219656696458754420107  0.078924822464712082936081749  0.100302332144055786545449108  0.448838577224227182793821200 -0.048271489935578186241147769  0.155832250145970333852856425 -0.294892570947609155499868211  0.221880736696490198602200496  0.649466187249974175824812628 
  7  0.000000221647165351571943162 -0.000000000005053059955391720  0.000002957838025325892139441 -0.000000000000039372347851718 -0.000005695806258886125940466 -0.000000903881548660335481595 -0.000004395742596665753473407  0.000000288512850360230932972 -0.707103819735957826503238571 -0.034513845428500404752123398 -0.430037635974883239681036684  0.077498142648916907580032998  0.328028696478167121168556530  0.003655316108913030356024346 -0.233356322115817283382598231 -0.162187118307951073608425517  0.171894303986874825106428294 -0.215888785723543608259262366  0.208189843768605608451062634  0.707118283169495499211176098 
  8 -0.001600121227080719546119267  0.581632796598354822811827169  0.001790702726920990853094232 -0.104946312785582265002823441  0.003590192064123971539357801 -0.009196542907473460355202862  0.002684067481822140176751386  0.000723844227490648044562603  0.000230642833910346734945356 -0.052120740133537973655424502 -0.162330792913453094683247195 -0.021291115825929144978996901  0.062399973320021715409821727  0.315008862251937850595387078 -0.377821604649602125472127034  0.278731725100298459782540914  0.081369252953354596357457389  0.206926001316787734233626841 -0.498049367813204091998916662  0.706395222852759416883473148 
  9 -0.002220250011183226740420105 -0.001995375971626173261016995 -0.000208935154214316245405747  0.696011333767320378672609910  0.001727070128073305540712101 -0.000439086488835200312040476 -0.000997748355848911267611979 -0.002490231018405487403009725 -0.000843029524211605556043535  0.137075925974604010662474124 -0.398951667141310201413232847 -0.150974666917183224769069029 -0.189497823647586583869681896  0.031865742372183246045909280  0.332671013189445954644652553  0.195965662829439192803336958  0.329732139368264384938654252  0.124620372054666985973589693 -0.067466122753029806309132792  0.706933060419718610120892038 
 10 -0.000001455797960834769505132 -0.000000000007038363128177367 -0.000006078615772112135925547  0.000000000005176273655146272  0.000000972137026006068216316  0.000001901830118895769299445  0.000000190204193953508572952  0.707102447149036801511863548 -0.000005237424765707922502123 -0.289890262461505901942252980 -0.230703981197464145442622453  0.271398345299765999117779652 -0.273242488319809915587633997  0.155140469055871908839075272  0.019400271808550543369982478  0.234112082982675609403437102 -0.300250633515283792937576937 -0.045200544218546750091871928  0.207316143829036917442098370  0.707118283171088952661961086 
 11  0.002070214650148764098011567  0.535249603299905807069370561 -0.003385252056888402297780933  0.141292836996940919974978176  0.000914993376535526546842947  0.007393097397354973278416957  0.004842703888371420355623892 -0.000944100207411626386851667 -0.000827200872262575731817524 -0.191738866778890437486855547 -0.060679394209825600358700071 -0.426525773063902055793261345 -0.158811229708781489884075917 -0.456962518811019203070298428 -0.101886901952114527416940522 -0.246924216377255302721734943 -0.265553307282228707141003010  0.113069953236782977231626290  0.287030099731356143881325430  0.696920002745819997251770783 
 12  0.000026367557213716490019571  0.000000000001748583339857334 -0.000022742338135434641675834  0.000000000000462368105410629 -0.000008267338315494914742267 -0.707040049083190467299996074 -0.000000056492118601675417295 -0.000012413370353167683889553 -0.000008386991289404882258144 -0.038714814050313389836145781  0.041161323224756599511244036  0.052836040937661557451295816  0.215366084938823421716914096 -0.441193431842395112734952003  0.000136174071976054838717096  0.486437554667384044375724739  0.007500076968474728046745091 -0.124705513920954514627003912 -0.029089595647438192624553992  0.707118283172827285555390314 
 13 -0.000006761794370712424695014  0.000000000007949192921892040  0.000016400740688869991770628  0.000000000005692525769244225 -0.000008993687372500651182366  0.000000081770032607333583232  0.707085810068977198023648656  0.000000034639771227344779704  0.000000200449088957904653450  0.254965901773235591084567839 -0.085888703153758165026671403  0.204056957664807574477747361  0.235445563230503188939632571 -0.038635682715501511051210031  0.040547554091662249285189269  0.011078521966195870821292129 -0.185074736597196813471326825  0.516742482876752826526783879  0.161357725826253795050192578  0.707118283163943788481586861 
 14 -0.001550044829230470599834629  0.000055966627027072222888195 -0.001205339729950415269564204 -0.695794026813527944198920633  0.001501677118706821313090078  0.002379076218194746320586171 -0.000210063158589591098495603 -0.002795908945689733734742168 -0.001061531351495362766824714  0.099329781535422929002198972 -0.393271070210260577598802151 -0.246540775085791138485752892 -0.233654891667158193626404467 -0.111527810121143848678991820  0.355213858029309566440023804  0.105334086996729827691559461  0.258825798204320468626129376  0.125514296363915867841935803  0.059069184129091845552618750  0.706553634792412190725706400 
 15 -0.707109488001514222780402585  0.000000000006856770161612854 -0.000000644357289747278952336  0.000000000000691716001313719 -0.000003403648689819383918739  0.000001892741923518809384338  0.000000832433833050046364348  0.000000675930414164881090872  0.000001346049687420105325447 -0.281001569229758527124467954  0.139402327087637143736222230  0.266437145415793585553898559 -0.157681452373463836200162026 -0.156861502333851154350583164 -0.135305027441069812302819851 -0.071517463927444772161124559  0.429725638407600109188724455  0.253419660406480195706047445  0.093998461559246712034877951  0.707118283170900392502720988 
 16 -0.000006753612680147471051833  0.000000000010240468098335362 -0.000002965832207395348069162  0.000000000004194794195702050 -0.707092036169526966260263229 -0.000007491320536205199705370  0.000003479759047493814237259 -0.000004559897488701418751215 -0.000000996567015690256040211 -0.338640968509350635232309223  0.142069633450919920005027335 -0.274235507607000724523624302  0.312302292833059291174988351  0.272001785774242140961533612  0.178289232118400063452487089  0.141806415029464920687669177  0.077898143339385956946383828  0.121048824994460415935173658  0.214054923635519635857077381  0.707118283172937878730632960 
 17 -0.707093985825337239755922908 -0.000000000003446963773334251 -0.000006900542841752494731150  0.000000000001085611446214652 -0.000001410766507606297914196  0.000003920673706118456438737  0.000006611832299625514485670  0.000005403404096941622996963  0.000000050121720020158888915  0.279823857248619664573035387 -0.137186735359393901763705448 -0.266791485205688404795014781  0.158154352161198781127936577  0.154901532468588632924003622  0.133851491666651944300757068  0.069352380519596428468532667 -0.432363858463615245144792687 -0.254114569153052754466341409 -0.092047967464068970996145420  0.707118283171041863213734935 
 18  0.000000338180745759651611987  0.000000000000632460176139820 -0.000005802482619655265351508  0.000000000001742020015827030  0.000035984069430296080880946 -0.000002908551990965989706811 -0.707072800703921993835041060 -0.000000147585264750063465120 -0.000000301589565679974961146  0.251153718721067068848527490 -0.088219540713680091977217431  0.197580331859970199427124771  0.234178692774018683275816244 -0.041547696229772943305775948  0.033536558362957620617767493  0.010601819030418645861404633 -0.188630052438615120082823946  0.520924932661545800327822925  0.159380472963557387729789834  0.707118283165913564820154180 

 0.707118283174201481885035731 

