
  0  0.351215193037507072358052382 -0.000000000010684468684901867 -0.138903462435493609792051470 -0.515747758243591525198577102  0.039750454861836219825000282  0.336883871414840513309552419 -0.097173506458753951461340074  0.075091761410453572043923604 -0.178880225812460450155578183  0.062789822782882267529199014  0.087883444788491722505108933  0.317198988990143872164538877  0.386824066707291159389857371 -0.100578610317887931628101379 -0.332569078999614735835891471  0.103668402149510296603694692  0.189282912157879173922075955  0.351215193048191558314622893 
  1 -0.000186754076409846530230489  0.351028439041713623649295511 -0.244187051821155656796649876  0.436973972913241319183637670  0.006826730191838088970976656 -0.051691289342350621940919012  0.360224186449623698391426380  0.214905226162232805970893693 -0.065523228761305073950807140 -0.067475777456019964879751528 -0.071087371871987865480809182  0.142464634523739463187533283  0.101777069136669105935198536 -0.403059865604656509131126230  0.000228862732181335776578683  0.100271657449524594095163679  0.480078088588381472198241343  0.351215193118123448996542244 
  2  0.094419215890791424011221824  0.256795976657009178249508469 -0.355125123252589007684766956 -0.225050303328954436245116014 -0.019791921018886500748307678 -0.315470832942720328225189377 -0.487050350580455431446277176  0.301451504440940001969435891  0.199001736323058635934443901 -0.408891551754485163349501706 -0.182221274004837000662945616  0.071522367539844910841624875 -0.068131349465268626087728447  0.030812748795462450784269498  0.247166927491792256469521627  0.089530176506603024419754175 -0.023711664022523308314901970  0.351215192547800578171113273 
  3 -0.000010285698083383507299990  0.351204906993195909001206217  0.594453550203285465173500685 -0.004293551934448893673231716  0.098534461310076951905990994  0.032183068900474388974509467 -0.047447917247531010361309093  0.444078312633780703758568792  0.091019000441669572840769614  0.148755828673706291565307855 -0.310197003965989032375598355  0.169757707149262549147839853  0.011996409379514262649632202  0.239034843576159888536456985 -0.122993354313198390516848231 -0.280109700445776517137644324  0.082079336534355503008492366  0.351215192691279281292067796 
  4 -0.000084847796040533746992435  0.351130344815950876878043671  0.075126086813476076811386777 -0.298738869634205053937544075  0.192668880981731749799860769 -0.187047002743964925334553551  0.223519603985267964111173858 -0.638932416986388720633090882  0.240985060100774426211319747 -0.246635276766435664844590719 -0.095308418669406954021154632  0.075844841764684296393371661 -0.021197059434705258536556531 -0.083757867234049416796306132 -0.104380325554810133814012847 -0.296732935444912565608110641  0.106610647695435919063986288  0.351215192611991434848504184 
  5 -0.351215193129552491171007852 -0.000000000004591797069104833  0.243717246775873674254618041 -0.268951644416102086428002962 -0.220999908360708702904700793  0.257870154550426147912036215  0.342241929740540259307019291  0.257810725828456721407796678  0.246898135966251081131251667 -0.425799179638912317417921358  0.211672677349125467995204046  0.031552776197974935682810486  0.123847490873942406111889083 -0.225140412734352974660984384  0.141620714026726326001067759  0.148407326858473260876433372 -0.223178899274542890635388871  0.351215193134144313536057144 
  6  0.351215193111511018856426419  0.000000000021980260764087025 -0.023116504595722303532339130  0.136151947390064349417606454 -0.241574474647181181304164861  0.226149613802807784965383242 -0.178392428340643306811856388  0.101498062558614299150127648  0.275396747769439718625137867 -0.100982784458376600296664136  0.062639805818268280147278950 -0.449655197473881084265943595 -0.087229753033844767899196004 -0.366831448397293993156061467 -0.289474860188636641154195234 -0.430165705673183843460363057 -0.052740582617664628997552990  0.351215193133491264496515855 
  7  0.017443721631708174728218733 -0.333771469860500826642860442  0.187126878125543676668050309  0.225181735062982137560139671  0.395753113004617670917613045 -0.051711642416991997157687741 -0.247281483388458730494517332 -0.004592975633821973163713550  0.206886214332080432842277118 -0.097570694634659783326400065  0.128547173232808810595809504  0.534728815175592725862738913 -0.216508302437152637937955828 -0.395344620479412115041269182 -0.115262842595357366369676014  0.013879823807710250167466988 -0.103308171399069020549412248  0.351215191492208998746971105 
  8 -0.062957967690947673853479622  0.288257225069868968449259342 -0.037110522689543673683325439  0.189589634113176292709232462  0.084954040958637770212808892 -0.212875638959261201236562722 -0.059526863603497811957594591  0.089890840099260138206394705 -0.053058899581767066058626912 -0.172439698246088044344438706  0.715127078964707620599688259  0.005239630696068113373846728  0.088493517316962954425395033  0.330090650958940895134821961 -0.377631161394611792621713378 -0.033018226315082961234764411 -0.083631823743900618952523164  0.351215192760816627415287883 
  9 -0.351215193097311082680517594 -0.000000000007789952787027317  0.104415324789946279965128281 -0.341856061758263227108632989 -0.021196690358475613133397539 -0.419862904231528279240092533 -0.132122651709478322728792514  0.141795094107842417025596056 -0.429098998375753840615366708  0.199918557334206253034577204  0.112778903687659538442858344 -0.167244986552080645477173955 -0.075051386249673856000132720 -0.466910574656378630765919333 -0.077631189725492291473895722 -0.192657524710351770339607398  0.054939001801564239889087400  0.351215193105101037505380232 
 10 -0.351215193094150437676335269 -0.000000000000795498089082360 -0.228836157227819695413940405  0.040115493684714777768921933 -0.502591356872571041309281925 -0.138946925528963793384801956 -0.092545798881645944095302846 -0.079287199915997421465201512  0.417262684874646605536537697  0.380250271835903614513945195 -0.091262330458934787004454409  0.317525443131729236286280721  0.158892405731840837362326031  0.007434635373359455851733062 -0.275095448445532296809527481 -0.044928368317037908370855867 -0.071199519092541705668432308  0.351215193094945944376128119 
 11 -0.000166249665407752689986394  0.351048943423689502492650999  0.003703638270338382868426198 -0.000499791387622556479121978 -0.196906131125789888382292617  0.364155326781205072769450129 -0.220616700133055413055060447 -0.152403196303167802480387459 -0.097765877403072869656546016  0.224853609558494469834581155  0.363133104326621138243074566  0.260039094636401223881042380 -0.252555326292826503160838733 -0.068394058362371620889358717  0.505837568092350325693520169 -0.215113792671972070463044975  0.057098441070475356814875427  0.351215193089097282787454379 
 12  0.000151346133079203375705684 -0.351063846681610776406410809 -0.021193391024750827774771945 -0.165902136681567056322532915  0.166213532852002464471107349 -0.141298827441197299260118234  0.072264554089517890444864263  0.161643387624018881274781320  0.422119087718161032632066543  0.155189061069221045994874497  0.298550506787367088277129409 -0.118949192972377725442819588  0.132135986700052972451471973  0.143056594110646896094080939  0.281778262714318697011901815 -0.214734016102835292727382503  0.548501728872457254093750884  0.351215192814689983928991279 
 13 -0.000187204770249336158099367  0.351027988323501369673056149  0.017582209734321022328979952 -0.076211058530167773114084601  0.386026671401377687666044494  0.057527029819390193963226645 -0.073374951117465906573304746 -0.004728568925851372692341102  0.348043103041565433025195456  0.443646380439541294590528181  0.080487586032245439495119797 -0.315374593499751370786901919  0.063451355742354611492886483 -0.210357886298817963309656064  0.022867232645362173370492736  0.451984466942554806434539927 -0.189591619212619534099698200  0.351215193093750685992757155 
 14  0.351215192941131983025418103 -0.000000000101315640212382638  0.116920195230037802402349792 -0.218022217909494303808592454 -0.300621633534458084641149966 -0.213308888941023456128627360  0.268456831181585264686989892  0.079461915640414851258932407  0.089058839001035531557338119  0.101150009153770846751939274  0.112688975788416027989523489  0.078451130301259646667225416 -0.641954441738873604985683718  0.045883881256272273436758484 -0.161904429071255173799956557  0.327495660875034189161818243  0.128425385570591206433493404  0.351215193042447599728944282 
 15  0.351215193121223693422956053 -0.000000000001352858284858015 -0.218795423546372422784426354 -0.045256718921026833863323997  0.093975889120503070336574633 -0.250958622122377388534821344  0.417830552021988620701488382  0.205743912622307502404664543 -0.010574671360427740198626085  0.208041529586390943040155252  0.048960951347367649047861212  0.184481199135744199863796468  0.136325497261032157073957528 -0.053901088007711052203145639  0.218564064676007674273630621 -0.330490366020867346518938290 -0.528862897564374623304329914  0.351215193122576537122650833 
 16  0.351215193074010826289332865 -0.000000000018567587436938119  0.462641600656450453814749410  0.155676125149049923048600284 -0.335330549436222104855423107 -0.350294812598224875402081607 -0.160530895591648370895410461 -0.206347653227979157544106498 -0.013240854672362286337465966 -0.032584407591110150741848216  0.091827296948514509373074754  0.006615629230316826570316069  0.458562363491904216160777868 -0.139099636287633329751302694  0.225964073658353705500436912  0.209841448961464542176044712  0.020942703391994035248469181  0.351215193092578421531690588 

 0.351215193134144313536057144 

