
  0  0.301511344566028358142812174  0.163629267960340917095665020 -0.203991321250210984745683887  0.032918385128627339582723993  0.122232014383477571193507404  0.008375489685513410529630522  0.132288364402801152786394792  0.152124852688561904728338503 -0.802946594343260021083615724  0.335130681458586214343468163  0.164108163075239294408742483  0.301511344566028349767350392 
  1 -0.301511344548259601814309272 -0.692829034964016213227460533 -0.343360504339871912027641263  0.257606850790035236221453899  0.212616097620546629207074346 -0.036985380068969365302701926  0.059062336021982359152442035 -0.382340501728072245946890226 -0.122616215321899862092022964  0.177383798098066543572591536 -0.045554601449187997459593352  0.301511344548259618836283380 
  2 -0.301511344561421216814217292  0.434178351497913459237833894 -0.296231421442680708687109070 -0.261852986594711716050992018  0.213889858430176998886737723 -0.207372313475898547996813075 -0.012826271102191000299923838 -0.151575184882052035388014417 -0.010495534672159198215988087  0.195642832881949460031400893 -0.643414372242822460087885439  0.301511344561421201770912148 
  3  0.301511344585975749890086745 -0.140365027096048638444408634  0.291000044582440931396471323 -0.410998174832590387474092267  0.129437863029011838945578350 -0.486337642361440642048029878  0.143009501203899857797816747 -0.470687171854379659180532894 -0.189929493875754595161309268 -0.323015380283950650190530687  0.009964943634034354445918160  0.301511344585975726850790579 
  4  0.301511344586048370185280693 -0.142504393500780870298705154  0.200314847275439825955182724  0.194712665515297943008869372 -0.181692978619961174375661492 -0.015195233114684964717403578 -0.759699266814657118735299585 -0.094676629977980097622330697 -0.162902404291788008766422510  0.111503143122642818295213712 -0.390415584557841095498641887  0.301511344586048390947752296 
  5 -0.301511344582079416791258950  0.111908592999925582456342919  0.651162576496191206499447590  0.349822304405943155115182863  0.184059912568563459876226640  0.282830587520579259004638306  0.263975113500027408665197029 -0.120426808369836623729552845 -0.280212288715268935428625782 -0.091396719306364654651490299 -0.255440939928478453894208217  0.301511344582079399145868592 
  6 -0.301511344583209396825497495 -0.336736968281644605786731908  0.199000526683818592432241058 -0.117338420542292527206859609 -0.254936918965088460717989191 -0.479255971128730658229475173  0.099276807638747338952069262  0.610981894955267522786309525 -0.163239164135499878604683606  0.056776332884446182108030337 -0.186078351854339683747025479  0.301511344583209384140332077 
  7  0.301511344581960118583878472 -0.103993191139622445103669543 -0.207723920398732752023432044  0.239708865702198083017307462  0.555768870985023879149802134 -0.024672970596264514607677673  0.017496964951511941553652374  0.393321326963803344426958211  0.049237601679265441336782018 -0.508292564012596298722666127 -0.269045502419579334128091341  0.301511344581960105681872619 
  8 -0.301511344586807286796475633 -0.076858485886556891749689120  0.205073563840198366825268855 -0.428983479992167529326911254  0.563049483357443216868104541  0.149189110354974237729699417 -0.452610225340447112473557523  0.156789387358838593243483446 -0.052875966169386677508872183  0.095359065471354613642692918  0.310630698653195419289612875  0.301511344586807283896234821 
  9 -0.301511344585099886353657742 -0.012052379506869005222666582 -0.274440424485104386736122536 -0.222510020859162698531204770 -0.342245472435640586201166177  0.311538392177942003878534510 -0.153772072935440102633606295 -0.042056620914513653576593828 -0.401833255869989258262904921 -0.618051304062703934789468202 -0.032515693174091457517071134  0.301511344585099871906663793 
 10  0.301511344588510447629328345 -0.349156580299952768131578271  0.061604666584983634676541200 -0.479597494311413887575420989 -0.049312809227111493748260630  0.537774781784245139103738109  0.270010124034553861707653663  0.091289788670860276023589445  0.075268465916607372476556954  0.200388125660353402091159655 -0.366985279653068562403205044  0.301511344588510421527161043 

 0.301511344588510421527161043 

