
  0  0.001241746830414599536857327 -0.002669045924705156843531346  0.010382803538382152878006995 -0.025458966808254720154850522  0.017475728270329388593575947  0.005517059173404194962726197 -0.007202938154449518254783064 -0.853034870218289796855049706  0.006823703873273114001601788  0.000045032629368344850231448  0.009453932114632468369680202  0.056342798706490100664462514 -0.316706165511748605179663529 -0.127554262271139116707244915 -0.096702379414945620037284083 -0.369075138931756912749875682  0.005449846017747363299044735  0.070919476492424420660737935  0.025860052672758620086955169  0.995648626241993592290123460 
  1  0.001843219733285148853607875  0.027162934054386727092999577 -0.032712433402747399056046318 -0.001585458679441912606394482  0.014148791614662411401709321 -0.143931955729899890622167091 -0.013740895788370715060006620 -0.010631923104844301337197285 -0.704633166999564883466698750 -0.024191732733219446258458103  0.001847133839766397682176171  0.005852753052764651594170486 -0.195284567991738447557720400  0.320861864893839452832517353 -0.426409382362739250606339589  0.220898560887633858398145133 -0.239564643361584231736000419  0.201236264323196065541884264  0.101193482793474808289016249  0.982282398732953910625367855 
  2  0.003274088346611801784161316 -0.679534380292187318315169642  0.002326263519929399580449120 -0.023036639958147104473870723 -0.003691608526903251945819491 -0.001251980359655198130191299  0.028565102953057941676738270 -0.021529603109394547475347872 -0.006525769446880926838417368 -0.041566455364654874546820372  0.139701486050657186797690698 -0.015458244807830167965081167  0.049023050357584996387781033 -0.285326924704560296172303757 -0.453603772389473763627107741  0.152516943279995370022408124  0.082219937100071855551200808 -0.303099019037383627593303451 -0.321565013898749259849347074  0.966461622735909670674908645 
  3  0.001509452040888663735720949  0.000182763992402206659417724 -0.000675153794274032176872226 -0.000339018259688866567536770 -0.000127793362995119561718437 -0.000422042983813541329764710 -0.000461882287940069878401691 -0.000064298283043231480682037  0.000397894023957673617109153 -0.000326591570105209522729402  0.001150844378718037660622823  0.990861728859534507082070659  0.094112321932592660800082247  0.046856760005487444976305777 -0.010802752994202837716958743  0.050628851110776549284466517  0.045377520471559409293748266 -0.045215205939316859105344239  0.018760356467989482518604356  0.996519463837361148337689459 
  4  0.000622844834473163903382358 -0.001097989571818009126442116  0.000584523653274123356122884 -0.000752870280308672768357074 -0.005689517263666961678094357 -0.976443216268190456287937029 -0.000165464553145346763825837 -0.002245846864288972413932385 -0.006239981364446126439124847  0.000443474554106529807336602  0.000457305164453144494199351 -0.000576557530189009042416107  0.050809554493804799271916518 -0.133701236624618669785011411  0.126522024799084072330655239 -0.050237699426059605676116388  0.065119207487587630620647517 -0.056990845954965286590982202  0.001130308036722250625901840  0.995319591902360476529457167 
  5  0.093296884340004973865763047  0.017538331863666781403889808  0.379112666221886792641479480  0.000175355396184295333775953 -0.011521683174961105146428858  0.019949062788047476165500518  0.172719101626596273051507217  0.076586767875358920370371107  0.017349472668513821422146327 -0.090383009080807420177990693 -0.056227379822952084058583803  0.026547497799616202395991569 -0.619641699328180329002426635 -0.232287564744527358443762152  0.122412678728858009137407410  0.402635580700298536637859320  0.209133571398097930040850534 -0.188193604908402859846321305  0.323310735068466431119983684  0.961407212658596118780990336 
  6  0.000691292348227491431720545 -0.000803450389198590561091751 -0.000151953971569889195079449  0.003239815625197328100612592 -0.000279353412249325727888886  0.003325218403535865141241526 -0.003829794850747530173921352 -0.000651643589224187911004130  0.001702971426252666248086910 -0.003356445623885820233584491  0.977597207418939856762591517  0.000525740528450881309011604 -0.028631158062783599288668381  0.058053252373027964087246009  0.135262923116086870308589704  0.013028268371636070040160791 -0.032540746345021969478512837  0.043310560026517199659059840  0.136605144689892836330313668  0.996154887587479426929761017 
  7 -0.324138890836245318911174040  0.011180181682600981125520864  0.211640580292322065598833829 -0.104355656046106628465053832  0.012790994148751507553183736  0.018643046982686259514832216  0.009290691483913412378630489 -0.121540198215780901520887726  0.010175033556869072692201237 -0.087972729743912127677691552 -0.042147431037735903742265028 -0.032193788827957606094796713  0.360495598736516878295155220 -0.159852511956142376672081878 -0.083879715531333732263686177  0.015090118248796256361966036 -0.486503157582170518078963986 -0.366466869550051210790726081  0.528531311683283554474915844  0.986069222854881775180979631 
  8 -0.928121536728383367633767043 -0.000007757178434628047030465 -0.004902425242545216321124588  0.001700028347263073278384993 -0.005015909893117137529505332 -0.009727313693404133176382209  0.003297470139860855680316199  0.000627537306931808963447381  0.010680070271026206087421810  0.020822715443750701952866440  0.009798924229387242816819489 -0.001879637802408139915336985 -0.119924203580160625193554939  0.093608475589228104014492479  0.009087640268160186957087474  0.080269577236812419313331194  0.289890739573421960775974349  0.107920636244068025783374425 -0.111497015841579605548280953  0.996581326276512522712933140 
  9 -0.000202348793959098790254333  0.727777299361611195544982666  0.031852851868457100540217792  0.000922958039373116342639441 -0.006648641853049556595789117  0.004445075782357081980779052  0.003918490535774435810645051  0.003438233794158990180284317  0.017355748429186541635386369 -0.032924475213075953033476555  0.134597956363942414091281960 -0.007147282054247756393547121  0.064492388467809985668356253 -0.333054357251251417364234023 -0.423783328405922867627118877  0.100642221123329218335825525  0.072469997042438588973425635 -0.204438458586439677052348438 -0.312774690242484941320438158  0.971231362089193226349789767 
 10 -0.147466055746000465170560470 -0.051924087144767332702540363 -0.014438903330120141492216737  0.321787264393695324378192463 -0.010820609310559160448445232  0.013638751911836945673773701  0.000103923783677327746421520  0.289573043161397043320642863 -0.012272261609490490508288642  0.010103802867773505092380260  0.005082570725764402700812576  0.105744477897831961329207142 -0.330708601925990599884781773 -0.438132539435076230735412878  0.082990035958923032419546056 -0.240393068672362875899174185 -0.565647585526103520339302050  0.230402563916603793088382079 -0.192714911158685215668740116  0.982955751882914088325953611 
 11 -0.001261521852467732322861368  0.002090281136005458316268351  0.000981936204535652926707935  0.001169321640774515701136405  0.001975637274894933653285279  0.004282493100223144358812768 -0.955547429886091057710511415 -0.003401572638769136164780857 -0.000366353915275903882810195 -0.013132269326239709277071911 -0.010681807382185271325255010  0.002242131778789778776025916 -0.160772776652797552883206872  0.028177153596314871192876584  0.084159926217576282030682997  0.090494560547649300723249948 -0.029215284554959387841092358 -0.207235135810739172536874310 -0.029687603768531844768542669  0.997132756136252329114046805 
 12  0.001140339315320640211261357  0.005512861411813236663457931  0.740936256862895121957490047 -0.003465786449987063050663991  0.020015745586907600941207292 -0.032828178262675656165964005  0.062287864989345658843906918  0.004086572883714513735882012 -0.021911552883764091828480789  0.067740392024606648167784056  0.029681055811492280732330484  0.000574904127820445285891066 -0.015812816283253671434180375  0.395195928345942953680697274  0.081788538567163200251571627 -0.202501002074283582745761051 -0.156805618289605031489761244 -0.197718408648559114648398174 -0.414533871589817153068859013  0.990181510610342939028051534 
 13  0.010823711527205566060499465  0.003336238604069474668786021 -0.002992383995599212228757013  0.866695142143080813766815862  0.028336618236099748077672610 -0.006126970939831299298071129  0.000570307648000042662631820  0.020588094655869022039912765  0.002825529967892133039933768 -0.022266794382612487929480453  0.001632965512684789892120668 -0.029151524359652141932318196  0.046132183092026122352244822  0.166691568472237624550088761 -0.175531253737767258812441443 -0.186308052033311065515098180  0.223254281454004374453457642 -0.226138152466817657232638246  0.222854696852182506734306108  0.995346281972596772912725838 
 14  0.050707048684581534768483395 -0.068105001218510377231150736  0.507973097073997383477800271  0.036529353188906447558480023 -0.020652844898827724968705345  0.009041462738469863115693475 -0.225741637130379547309701194  0.042481246117792372162999797  0.002785033403829379088494111  0.005085706384824502966259658  0.009169962401935962254990466 -0.000883189505715532388305214  0.288144971302830627310877579 -0.281182237712783312562217844 -0.214371841834225451470089842 -0.041481158597951776695404421  0.244438589110604343116578928  0.612758919366556200150359529  0.187184554447960393671647472  0.979155582747770632874757812 
 15  0.000915012067792179222012878 -0.000484053840815764895888994 -0.000445726950338981439311001 -0.000099593963304216463075318  0.000815803695691153474358130 -0.000313363807475405544601580  0.000959300141604564700132415 -0.000950787770063372900200441  0.000496865783444223610466160  0.987030386805172515226735469  0.002743320934781041929188339 -0.001937944304030108471808095 -0.028494985419568309374497867 -0.062248322072147740084978361 -0.061042013947734357340373047  0.058230555215800610242794441 -0.012142591296679616279932733 -0.065144446948284229844013116  0.097778498466630938281785122  0.997192160064513534348078216 
 16 -0.000000000000488017054716191  0.000000000000188128275360600 -0.000000000000054756503054213  0.000000000000083415052000896 -0.997250680709722819926137116 -0.000000000001432562842196861  0.000000000004648232185552730  0.000000000000703141842281286  0.000000000000531471878387166  0.000000000001397132964417880 -0.000000000000222854358177907 -0.000000000001298920253842569 -0.013603332250932802889917652  0.037273271980071386562865599 -0.028022941620073352257547380 -0.045020761671884082375438493 -0.004255642455248479380425957 -0.027028304972376175225118257  0.018866329018108486641886173  0.997250680720771414203024846 
 17 -0.011241785967147356175114290 -0.003133018886722135217108066 -0.037164504270084466273351906 -0.363122068521865119848732878  0.050983542436826728391671389 -0.003965800920156419056871236 -0.028734413024291081030305614  0.406158629001966739403752665 -0.005003581672422624652035771 -0.016637105610701200241133431  0.020664810084859598984796669  0.029350755699915294762844726 -0.238705065762033818987930545  0.048711096658876902045724050 -0.305043512733902696324860687 -0.648209961277156734989982750  0.194604583263671013213295079 -0.154007791016882487691321522  0.249918326752584654963824928  0.976160016096958784923010022 
 18  0.015379782056501349474654343  0.001860667163741903410742221 -0.025220458205918763146515730 -0.000809080050856646247320117  0.014918616426824338620961289 -0.153368611872660720647928122 -0.015720082783338925787455309  0.004962662268569416184702811  0.708427309357768389787898128 -0.018941129063625795778680870  0.000325570901647269580318388  0.006768302985845746722271205 -0.189331635576085572362408163  0.336609456496016183776019692 -0.414683121195091859977370150  0.196326199532295554909372935 -0.256362627930723294426753472  0.204576290615465202190671225  0.074842342152763628124753983  0.966702273137299295522380932 

 0.997250680720771414203024846 

