
  0  0.000000000056944580635038322  0.000000000147315820112187785 -0.000000000043485597538995093 -0.000000000183448309219095701  0.551579600144371550005020083  0.032907888009265400459425494 -0.351934966157414128723468494  0.168002430825749355750042303 -0.188113877839386736120575253 -0.029118646879375452292575198 -0.133349681171812396482498526 -0.092934152245094392068649764  0.004274558844145131512587947 -0.496017290643759153667734577  0.126495066721488351484852311 -0.020859681810632294546715808  0.029080816924269745229705191 -0.120278925647050494314969915 -0.449599923399653525122026537  0.551579600575565881005486030 
  1 -0.442447754663795501971820107 -0.000000001994732782240476580  0.000000022142889657333258225  0.000000007066438072870741373 -0.109131814365127096595254642 -0.201297049403142284059483984 -0.080129938342304370070458969 -0.222980944154742200896896290 -0.064150772746330425842255490 -0.177430634788608132228616802 -0.324952252352578647347312174 -0.095194699758422734851576880 -0.015516413247277286770683144 -0.413826418488268454713447514 -0.283557773143948440295377539  0.374663049283016133186733146  0.123739753816297515512845264 -0.055077089459300900904414932  0.367151173975219158134280367  0.551579600232983104676591501 
  2 -0.000000027319221191331086203 -0.000000011240229842054831472 -0.000000000763061310467304149 -0.524245730725004951695410876  0.027333812987634937392654845 -0.287055689967685252918369251  0.118697554544920773122789956 -0.177144043718348353458769823 -0.496111531359622890058813302  0.062594011340169549956582214  0.203032129067630049619225426 -0.070000981823357192487225671 -0.098959860932725891940174318  0.034261910847419409567853749  0.136636851955149071031949543  0.261204174672045537369423004 -0.355470780965377125575803754  0.259586690729234409653371218 -0.093666600530520331657194279  0.551579583035152192275162031 
  3  0.551579499510134906167194840 -0.000000020461040059040251207  0.000000030505921905961633863 -0.000000016097526846839581101 -0.000000005928073253139748651  0.202211088165996956956247700  0.250898188973588651823343199  0.047589379146686132298005789  0.030354628118374998698233850 -0.136423535488235350438684934  0.291938188917827409502719904 -0.326744684388678372524662460  0.150608682649394258137734784 -0.443112862086961135623048094 -0.264507300159820096574275414  0.110299422309778340857465764  0.062749889157705167676574911  0.208102160708715504052628877  0.172415735302645466812412021  0.551579572502696916880358252 
  4  0.442447779241489869817395911 -0.000000016412283885207330331 -0.000000009986223049887646052  0.000000011789694635935343158 -0.109131781125238419776315221 -0.275455086571711349653504911 -0.247795201081958671793367341 -0.093862019923329437917571168  0.007415997588682351884484961 -0.098581257154767330260587352 -0.107428501821295169128421456  0.420594365984254983675426007 -0.295474109846534854068294401 -0.202279228848639830142192367 -0.209984715337447747608647271 -0.248128790091368885524980223 -0.384660880212023229972502503 -0.204760503363860856630490268  0.155737719141376039703301114  0.551579598554929854178213722 
  5  0.000000005921555740674407510 -0.551579576503335934048628808  0.000000008034178704416601613 -0.000000005817209109956896799 -0.000000002173434174964793717  0.092965116008895092254758850 -0.217738151755624783641835870 -0.505608089499749870901392640 -0.019747566008797366227431975 -0.116576614206687729548023863  0.018541513587726876797223967 -0.466930127424197977922858474 -0.053219587061270910358220729  0.083336467900508228405639585  0.084757782184033390113361232 -0.352729852368157327025584985 -0.052880142369640843133673331 -0.065525311704434361899720973  0.057017650548954121776250347  0.551579598449713618877037619 
  6 -0.000000000027538172747703324  0.000000000016291879005344729  0.000000000012778755617802149 -0.000000000154464319690707676  0.551579600525799429249461381  0.195261561846695696036666813 -0.075595360053913165992924440  0.091599954200660923579421259 -0.007628545653517300345551041 -0.141149875695324319638387575  0.061367915468227762541229007 -0.087551399307472204759704524 -0.325683481864853673119980862  0.437836648098720534073163835 -0.446822467941937378869965425  0.241756298416556064982078228 -0.118983287160976471223954466 -0.082385587506144913259560972  0.187892021859469524487076461  0.551579600736872589826845226 
  7  0.000000001814784171155060407 -0.537687523112646606677535177  0.000000000947675477201526857 -0.000000012578119572299212168 -0.013892061899601422294832191 -0.378095305081159553786456992  0.403143596550942569288564915  0.326665289444376628636692791  0.208879816242032084587249702 -0.308247375042244117109620921 -0.061614173631586372521914876 -0.030684663058059637748734125  0.000225084319826599826159951  0.022020830355833011787719663 -0.034781850127623330320135193  0.158694575930806135651853460 -0.084253237163331803582480735 -0.221163523761787724880014880 -0.268760870373667476809515647  0.551579600352827201779383481 
  8 -0.000000006072538139631993651  0.000000005866834112387853241 -0.442447687194526317970002735 -0.000000003180132273391370967 -0.109131896533416625219505176  0.052501222962044958594103258  0.215834380504386885184426627 -0.013256527469656041831906276  0.123249736655155303761651538  0.592050065913449905430267911 -0.159792824897547396391351247 -0.247799802834659121863135865 -0.460070070712467128553561230 -0.136267417792534534842145526 -0.142522484783479506798681800  0.017667283348705925804253761 -0.039676144062517055949686684 -0.101494862939426265437820041 -0.165613821613339687939970429  0.551579598847447465765313213 
  9  0.000000002657671498534542963  0.000000006149170978494383366  0.000000000035284952254020934 -0.551577827291417144240856518  0.000001743794410350637785459 -0.305089443036651987228380714 -0.303235389948792103298642886  0.077724511069727093415650341  0.351746404077232660811405326  0.082214697413495241187612883  0.102246847801540924974294817 -0.036135996102004389704152269  0.047457662279407839515813286  0.063140990772973480999363978 -0.337289013709140136492185477 -0.184322646752782260621606782  0.401897852633460049532557884  0.186274911386523847468105718 -0.110664156942570692912009879  0.551579579927954913071315446 
 10 -0.000000002475501683625840047 -0.000000001187272677950453583 -0.442447700774063461736859693 -0.000000001423760084138876100  0.109131892146301177752044931 -0.053215950622584270937739329  0.068300252931582318133144679 -0.292259043795847845375159360 -0.052582183730594874875491395 -0.174393455145628053869601495  0.495070412334995617597297249  0.291328728702013602401338019 -0.127022154516163715616441747 -0.058487971302920787973191009  0.157075829706432292421237201  0.108475366168073847625622202  0.412332202509048785830187908 -0.331855317594342607683812960  0.011487300577479690470687084  0.551579598006899098744902632 
 11  0.000000006923540825004161722  0.461461434348955539419979283  0.000000002961020357839658415 -0.000000003119675165212051243  0.090118150742728073429403928 -0.167851088848235599897151284  0.289935317128021741769211550 -0.099710898948513408546613472  0.094910524315613841204531190 -0.473709487010819748199850349 -0.209222286769201648549357936 -0.236421583700756218824994004 -0.385228152238813554745317999  0.023965227564824457461307842  0.182482694581652736315249136 -0.302527928241894811136995791  0.108893329282336890218973319  0.181843371754331309668884648 -0.070374684079219686271087358  0.551579598095919950415978728 
 12  0.000000000753919561996107303  0.000000006271318152484423616  0.551579585352883379207721698 -0.000000001269455380361146842  0.000000001628272513557641680 -0.194984862062431730118363879  0.054681011005868743149081149  0.241503218162316836859371955 -0.178041389347831382781246930  0.263479484973677285437236931  0.227353086300596904717669956 -0.191359224524588385677012665 -0.304567869277538303529996935 -0.071050146409725386009205179  0.163019181434201555484678030 -0.100469263596969616417274411  0.253546698147076244830074726 -0.345874552399586622318918352  0.297665789727171577341109307  0.551579595275849036484835247 
 13  0.000000000016496840565108145 -0.000000000005308521938928375  0.000000000000087579828157298 -0.000000000002537755910605414  0.551579600212266561558033945 -0.265665545850266421383468682  0.393850801839892668905658557 -0.257877930375063628296245302  0.114962621159018331494906882  0.311951864251798240774884302 -0.135348847284742790117819701  0.123971607571324757050780421  0.364365489479797736641205827 -0.039484517060500893938717682 -0.008757462618446981016359404 -0.239399475225905922828048902 -0.051341457953107093779111314 -0.012959743611013875538081220  0.254616775397325297627124444  0.551579600236697294656472434 
 14 -0.000000004600101589531085726  0.000000002501313128041442881  0.551579583739190616189194960  0.000000001716624054293715584 -0.000000002773822992896179830  0.194411533227913180669793776  0.173236608743300597563715727 -0.486571493131928913314886154  0.234727109785902473781363416  0.071542358547080565759658521  0.041588689214559131940041623  0.226275850496006227327181956 -0.166366172544043024894176372 -0.085172185300863582568743800 -0.151345249987107204135260846  0.201654143775380612077573021  0.045378097261920296381931556 -0.001735840587374409759003239 -0.421297882174101182635624074  0.551579595331052346778022422 
 15 -0.000000039715418577176500618 -0.440119805146270010271034728 -0.000000001832006802497092501  0.000000002086355679692457460  0.111459751166744408892340934  0.169414489632813675839585754  0.084360208302242434955423543  0.130024860069694183839690040 -0.130923781543569007655355985  0.026000641046468077604170849 -0.167331645850587726562252490  0.374780764794650996738758705 -0.337485669297514981167110740 -0.106216492974622109231937640  0.127601277577901637985766797 -0.069014116023561228981857227  0.283376477251984624426651635  0.542972580435080622160079478  0.183096493310552228112302736  0.551579599946795491789176824 
 16 -0.000000010348449976419162436  0.000000004063691424313521352  0.000000005971356720632798643  0.438718655028807090142956709  0.112860913801348888683582714 -0.388325770848662734778967282 -0.279668281801971392819218185 -0.049368016120852990045179054  0.387304426476167475439007365  0.117544796573986138501599456  0.287562503315742061635491844 -0.110039165291892137137357184 -0.126906652027463362895800918 -0.025919193018790392365051129  0.235302336229456304677915175  0.274664317335246549299119720 -0.151357955813842256603514794  0.362605631570834180112073916  0.052352069059198332903038277  0.551579589213654085432317342 
 17  0.000000019487679284870359352  0.000000024892015610639990728  0.000000011054997514530185434 -0.477968886002843151416391576  0.073610627823865720594409719  0.310485749424481416599251593 -0.036957374880767998224194437  0.059286736019188263224093983  0.493727759511763077295140242 -0.055638239275044824269948404 -0.076734703198808389272057590  0.017476680398494395177725778 -0.062710416067118844335882138 -0.134234803270804955424490984  0.455346337456144687898295167  0.178324318815378018873675156 -0.212832813355227489464501986 -0.166852853852196438173838278  0.278495208864775498314126853  0.551579569261401285462393523 
 18  0.551579552519295058913856994  0.000000002234328062924050875 -0.000000007744254505917305003  0.000000014119017594673185167 -0.000000008819506509721723880 -0.142725440925004535243293853 -0.116405994496968871774274148 -0.151161701043234255288703720 -0.087761723163361524828235318  0.073174776357683810335257469 -0.466424120485783531370399882 -0.086993867347891680372976454  0.073958475323852203086672299  0.273420928760344242493133052  0.205490894093087555016623712  0.389271076957653478785954457  0.345062065274432741188940371 -0.088034004322245374343368536 -0.002831110696101838207077865  0.551579585436401697553978479 

 0.551579600736872589826845226 

