
  0 -0.000000002361646932620124633  0.000000001326088461277224694 -0.000000002412260336230065515 -0.000000002383772600002413672 -0.000000005468393575770608173  0.015489667394671737550351505  0.000000000609157383213853198 -0.707106801569917792573988918  0.000000004942545452721952284 -0.274665959184330500783468437  0.403050068301072123201243477  0.272063559410892870973333255 -0.057922719838582073230995534  0.013715828261372811405749937  0.242942313688397945877308660 -0.191803368706308889103662185 -0.153850449742993976323082901  0.254613605281052380864634938  0.722596488468454266871927177 
  1  0.000000007775152185073515410  0.000000036638127107796343863 -0.000000013721326123251417585  0.000000002488477076303197433 -0.000000016097853629762617047 -0.015489629160053804292403331  0.707106774979270054576688254  0.000000005406423636884702695  0.000000015678114845429698143  0.173619195394886175387496458 -0.270622566399844445366416890  0.274099799909484898832907895 -0.032271990183710747381230386  0.125040285846539527331495491 -0.072052525434274894220582335  0.236266331051085040008529620 -0.357159483145587452177817378  0.340582420210511545831128660  0.722596501944798512266383145 
  2 -0.000000000205133800326894216 -0.000000000841231441194756485  0.000000000111154566853923008 -0.722596495983349120569710911  0.000000000237341148463447758 -0.000000000092826059788646774 -0.000000000030158993456730212  0.000000000036110300420962316  0.000000000759800993353496466  0.046937704521680766054709437  0.274885632206392479745266783 -0.309792891825978393541057496 -0.144835765824028089125154704  0.076618037556066348560998135 -0.454177345756759718361367240 -0.085176455937283063544866474 -0.194248462599248331546318395  0.161261065542096709276914321  0.722596498297106377972642832 
  3 -0.000000001872815777906875098  0.000000000059596047681181603  0.000000013771457754220142508 -0.000000004294505309315596065  0.000000013673863839991531080  0.015489638319091383384488460  0.707106787393823648366943113 -0.000000009500508382646962596 -0.000000015829469424271744121 -0.173619212876851667572033859  0.270622559520799745854746990 -0.274099779699370923986096946  0.032271990124972690858467118 -0.125040300329741023836770987  0.072052500040912275205452764 -0.236266306863169601293729952  0.357159487217908959367975580 -0.340582419407804899670003801  0.722596484715131518838764080 
  4 -0.000000004026839058453460262  0.000000008086062043861076444  0.000000000178706320361362379  0.000000000116498708949267976  0.000000001422883456882401660 -0.722280103181094704375107829  0.000000001941150438446748390  0.000000001597906451482583611  0.000316382541909276271912313 -0.045450170117029786533212159  0.192257878209114841028997203  0.129892191437215523359743549  0.536229164224612792240265424  0.286357757526545003305467815 -0.155369439605519554553798856  0.092009664820706412062599304 -0.026174926430242182312502480 -0.139919661017511754182011431  0.722596503093050456152136862 
  5 -0.000000003491260561980846210  0.000000000191296499527679508 -0.707106782544601531793632826  0.000000000556972140657425002  0.000000002465800781642230148 -0.000000000714646951996433960 -0.000000000895093946230522474  0.000000000012189794105946694  0.015489711298480309852356720  0.436652319367117765030149312  0.352983591176595043253580442  0.175226856302987062910699045 -0.110614338684193462131459974 -0.068592381749037668578798058  0.015613325054077117043378590  0.252202733694579129576640586  0.267195878997459208842183212  0.040110756572764208607384875  0.722596502170342561144344984 
  6  0.000000004342015321912554193  0.032079263228161005952764106 -0.000000002566867446635341204  0.690517218563497281393244454 -0.000000003761264329370147233  0.000000004166054534943402695 -0.000000000075755786298204522 -0.000000000996376056664082657 -0.000000004266672156689078647  0.032644967737223888376747738  0.286608613995121716663729700 -0.312152776901248190543529740 -0.152547760791561597606556984  0.062372347188316181883466043 -0.491072016588908847846894554 -0.077620483658643373651975748 -0.197619575252233836340628667  0.167678423110631978499153287  0.722596501966663877199528732 
  7 -0.707106790026342182909312173 -0.000000021876177989935072394 -0.000000022872880195785909115 -0.000000011096162589010372135 -0.000000003644696530952978512  0.015489638242091848607374200  0.000000005466010139089843328  0.000000003118333974558597749 -0.000000004429451433137646012  0.182648987324432616235667624 -0.049606668836623626397919987 -0.063610800259871977185236608  0.391412723238142817795866268 -0.371816310458674537933396187 -0.020489119686268085968511342 -0.245886955533436432638576784  0.060243551800243990005702139  0.322384052701172502651289636  0.722596500772146836525430119 
  8 -0.000000011419140514022088653  0.015489686246047181478041057 -0.000000001128265467294103635 -0.000000003725087159993062501 -0.707106790153321901587057247  0.000000001953275820441226234 -0.000000002626808968915687262  0.000000002316187324921250295 -0.000000002064043100552731159 -0.116317017757031757627193130 -0.138333630650547332666664736  0.041346766666028917164223307 -0.054698489854102186931027098  0.334334744148119338523483801 -0.113213817392288020213960125 -0.107113103007671739737977339  0.467296484070495992893404594  0.328567229940017905106186200  0.722596501632177433611155942 
  9 -0.000000000613159960341520173 -0.000000001024648404337384454 -0.707106779828492306024748798 -0.000000003394633193842862039 -0.000000000104802359690460261 -0.000000000485602267318182692  0.000000000945225364670049840  0.000000000363586357480604493 -0.015489715647974572810638308 -0.436652342707522380044551924 -0.352983582794540081079091159 -0.175226858022981362268894259  0.110614312388553159464217243  0.068592397976781572725799453 -0.015613326912731056943935105 -0.252202724528608962625744055 -0.267195867019245228445901985 -0.040110796404215073956121568  0.722596502408124829303602554 
 10  0.707106772346752187794437228 -0.000000039467862366604719711 -0.000000026977301321640080219 -0.000000014806038514386851402 -0.000000015684278588482083224  0.015489621249113897707599442 -0.000000000436325067623405733  0.000000002545500704173842123  0.000000004989228250637186311  0.182648992667684944324097036 -0.049606667282775625209116123 -0.063610813387927624645943204  0.391412727082051165587066668 -0.371816313951530315844292915 -0.020489103904169886593062311 -0.245886967094851805769642993  0.060243565095695558186147771  0.322384067922044894336040116  0.722596498502400944258586279 
 11  0.000000001748143128504563513  0.722438266399497328984057737 -0.000000005234445130546114116  0.000158207863973628227177322 -0.000000001931205720810008185 -0.000000001423026535519463932  0.000000002871809995154721394 -0.000000000008301062738610983  0.000000001090242286988254430  0.338965998934572174794812097  0.014564097962294403205805874 -0.232977337243691422037834317  0.029101517553450110908260504  0.345536737489884565848862613  0.348167860582745684541608813 -0.226435970415196043768594515 -0.126323341906858431664731866  0.000441960869588298379098908  0.722596488570644863676847164 
 12 -0.000000000620441868215789776 -0.015489707873609641519170458 -0.000000001232731758957770998  0.000000000701027667100877453 -0.707106772219772204354521633 -0.000000003716847020361768689  0.000000000202820607757988174  0.000000008308680426067389442  0.000000001028832573216673747  0.116317018881121252561576529  0.138333647349505403133045588 -0.041346781347923510008311818  0.054698483325491519120001207 -0.334334738394755874493075032  0.113213834200709946161095103  0.107113097348575407209291151 -0.467296483530031284099126934 -0.328567262002045729784747638  0.722596495904763813525415600 
 13 -0.000000000039687885609566421 -0.000000000387440964441134024  0.000000000035403672018289483  0.000000000014462794369089825  0.000000000196993578120791910  0.000000000048256379581582134 -0.000000000485619110466321189 -0.000000000345274982258917708 -0.722596501653460198007477427 -0.171534793492857813869390503  0.079725957503918063093136057 -0.361147817088282914661009210  0.106678711897088732059877061 -0.017541981945118688809693674  0.227118658728090817139604746  0.439719859554249984745586538  0.030151804260923187657884425  0.232620928336993939054095845  0.722596503206599599384695604 
 14  0.000000001788814066034409974  0.000000021302003379386056112  0.000000002036483966512279596  0.000000000308042157590523923 -0.000000005156475101527459921 -0.015489679501378358187309628 -0.000000004703243624561503506 -0.707106760803176056140624539 -0.000000003383546297464584187  0.274665969378346160625859948 -0.403050099608897599627556005 -0.272063563458033090119167832  0.057922719637036580306516716 -0.013715848556647833811838414 -0.242942336537694222948677823  0.191803390840342042949692725  0.153850452215124936048568083 -0.254613611862733226241317999  0.722596478983162977859436293 
 15  0.000000016229970408925645454  0.690343400549619576952054684  0.000000004741145672639610566 -0.032252904213239053972931596 -0.000000019554580111074518374  0.000000023400752011325956260 -0.000000040527154621083422882  0.000000023367006401435826332 -0.000000003996077819529811386 -0.351022121584930177768920159 -0.022351698576113115440181021  0.256458552369066320608540291 -0.020911156152010454711582133 -0.379502916564057584693486075 -0.336454663916805175378392859  0.245376849183585462642136731  0.120409288233863013521803779 -0.022998833037264074045778360  0.722596436579545726736507200 
 16  0.000000013426939789542275399 -0.000000010984734244050954132 -0.000000000644915047669213847 -0.000000002026242954306995075 -0.000000000587058582193251672  0.689796130681468692904135392 -0.000000007864470304227665679 -0.000000009534584953570088758  0.032800311112214511483889303 -0.044930886423371043557816948  0.176068332660269443856043692  0.120525167554029917957292804  0.549303400268191297666810213  0.320100020469385687193857037 -0.164387014505244311208826541  0.147406494540617973495739805 -0.038236861758560685686510021 -0.145424234344863119412294764  0.722596486862629111785731595 
 17  0.000000010263431254526745452 -0.000000003209126066711026445  0.000000004327801201603362227 -0.000000004900208454955533852  0.000000000884843796313212867  0.032452671884509845729501615 -0.000000000060807843119093045 -0.000000001696109169178435021 -0.690143805916016337645858131  0.197045250765011592685338644 -0.059173973513921475482436798  0.391783485819107037519473669 -0.090307927689166149140542750  0.030632463878184119091124273 -0.244981629549466324301016003 -0.442027935876212766047946290 -0.021404943785716811499112160 -0.248734648401348185035972423  0.722596503142853946585408287 

 0.722596503206599599384695604 

