
  0 -0.333333333349897145242131738 -0.434255485121676712290941444  0.300452565098487693042925151  0.038248453334052845694148760 -0.160706930085455862458284661 -0.643018050416826406046576226 -0.175557287114287161104665344  0.170327533101776080792831916  0.330825655492530643569199997  0.333333333349897120712057585 
  1  0.333333333342210961792442467 -0.028431271339985153137017724 -0.267996125653850989596291288 -0.407260192525649498273979457 -0.173921398630323079429697147  0.125607321532747409265529277 -0.556804967434877729577299976 -0.138568945412706146555047865  0.524536735981718734952213706  0.333333333342210935690275164 
  2  0.333333333326572691626861478  0.392790783249123434076478106 -0.448884466090864389160213291  0.058893281843661821626026431 -0.211199448486190125749912064 -0.665040221861104644104824984  0.184604627456481138348537430  0.056519321444361001036040676 -0.074037835159622178886416454  0.333333333326572667232312597 
  3 -0.333333333300836624567926522  0.519302276262743689211765635  0.347322641973783307180276975 -0.613058696593722149274004879  0.039225579857214703779680733 -0.168222321686321433186189073  0.058415314920275914751217209 -0.298333663340355570024915732 -0.022075605406454801447329738  0.333333333300836642809628074 
  4  0.333333333329651335384972641  0.012263316582444513002122892  0.477116783343211566865331788  0.249456308707758153369433117 -0.599601166316936878364438762  0.017331358646323000122118946 -0.139502058228936741664867778 -0.406985234615569776956507317 -0.232271145365734927787631364  0.333333333329651315679598156 
  5  0.333333333333785952838071096  0.167379216239011068386105877  0.316494358454282233728688256  0.299896965312709392307991343  0.419430947679922161230132646 -0.058777021364737784900881450  0.292319741141091726674633780 -0.227403838860196193166003827  0.595168734915825370617847162  0.333333333333785952756755933 
  6  0.333333333347696229739766036 -0.449786173667359727977067829  0.000829499473734431232385979 -0.265441145715056506714998874  0.482453972604569020525208667 -0.285567169365225498539953564 -0.080693086202153973820691297 -0.370892704938099801155546725 -0.397162914067721486733068478  0.333333333347696214588040675 
  7 -0.333333333339700751978993895 -0.274824259011600663838315733 -0.397787648759641083979045686  0.031001663986638371694551657 -0.234477372084858012613343622  0.054085149590980731572575869  0.405273105751207757670119200 -0.628871207942389396055703904  0.191139402053724282126408521  0.333333333339700776942748917 
  8 -0.333333333329648308184086844  0.283993338986350137069470875 -0.172427508764332016667395441  0.479353796813666827676334026  0.273121629211081090799536492 -0.109290509882261686232783095 -0.588206876845530331058328061 -0.330454064247062092565723063 -0.083655875856769836748899182  0.333333333329648318077431668 

 0.333333333349897120712057585 

