
  0 -0.000277208940979626279041791 -0.000029263814241759280616235 -0.000203572159164248037180620 -0.000006829131219019064323494  0.000353266688394328257612480  0.706098167484568648420185932 -0.163484005220192605919060820  0.120970134194620388825105496  0.031610211386182972127085154  0.157571537623473117821232964 -0.142700186272302045951791694  0.641183938503280004945171500  0.052499137789293775785014109  0.706968308218567642695496361 
  1 -0.008452536781462401078513294 -0.079273331773437050774301898 -0.001782602048827280901049024  0.570676717360783349172401180 -0.013830039885258053082327581 -0.025922841471498968740332243 -0.425093223337858256788640912 -0.302338492542680256386800758 -0.342362527176247957917025813  0.384550438417844560155681513  0.195981589288815436305742947 -0.080670026916655293780988520  0.291522807829937093967260717  0.699938069321267162343699897 
  2 -0.000139074263718109505096168  0.000247889933467418835715140 -0.000184797432214144070295847 -0.000086914524222111684690046  0.000166188693610796094810263  0.706192726349061615444442641  0.144363922753640634699667800 -0.160681284892944077662612842 -0.048705713883571027257156794 -0.144459283623663199537068107  0.194022205075735463752841133 -0.624328197353328630291643270 -0.062938226596859504821787536  0.707017591196294185971072538 
  3 -0.707079897159869753852420166  0.000001985035853292541425760  0.000000355109915984792877779 -0.000002050876880806327623462 -0.000007141711815390587118329 -0.000002496108270923039670365 -0.165661182560993986798039516 -0.166339193930346760462294677  0.194046115712900786731015014 -0.479020599991949879705929738  0.050280405658224173022713757  0.074450843708755394219963447  0.411995129291552571930510457  0.707093926002606138619954734 
  4 -0.000256591999300507918189909  0.000000263136696343620446862  0.000061471500020634339518864 -0.000005286318421431227878260  0.706733805453710423917501604 -0.000000900516678867869424239 -0.347083602501301806669137262 -0.319341606016076901794790641  0.186174295380474533220089249 -0.028677048840998618140814410 -0.354571599359564464327065555 -0.082514970954613421721100548 -0.331765262239731621149224292  0.707058318924828235741125021 
  5 -0.000243532738128556314357374  0.703829014399226077908482829  0.000234094966752557990595787  0.000322637610594638563290577 -0.000888242548415582634554039 -0.001357906274592867638783259  0.364978166781599174298654498 -0.419032419351245272122388069  0.194454639995743876535231297  0.291430518464669982802968742 -0.130846093882724465477448983  0.044291638095902825970282815  0.232374338319019858338705144  0.706875428537710274784402337 
  6 -0.004703263686936717320598940 -0.084808527409221582875440294  0.002677231266639143894806678 -0.575795334072656449556602831 -0.022133702064222346061128036  0.016841683294458761463907506 -0.243135518030141124448543014  0.120866859163936165362952108 -0.178436207492087027604910944  0.292399740318111280343955569 -0.402940632387106454633885280 -0.294511176699295075981669886  0.469367300880123199975776579  0.706959741794135034225615710 
  7 -0.000024592723093431204811837  0.000014442850816742817609639  0.000038646594609383889515582 -0.000016837543661541739239856  0.706940688019236952493919851 -0.000006302966514247992026835  0.331447890551059109342678030  0.323373988757451766523718512 -0.197551831829788866637213907  0.043594636526517409441899668  0.339170731730438745443571846  0.068665071815203612373050904  0.353733691205568280600899517  0.707041510697932276750636571 
  8  0.707057013117632303736154881 -0.000004268134688144394597541 -0.000025632010889565849582444 -0.000003735224379945071222986 -0.000002580239108554207459742  0.000001549416614115982444176 -0.174061701748514948375119206 -0.170792846427083215899204137  0.187648756756619359515139180 -0.472298481377188124054290405  0.052941643390493099219032023  0.072566004888376355374060307  0.417439999284737853744737396  0.707094778143312574785091240 
  9  0.000000000003732880652564319  0.000000000000691552065377236  0.707096320764085598962935680  0.000000000000588593480362078 -0.000000000001380123600055579  0.000000000001005372762815604 -0.180812725471865891129722576  0.197151847028276692069858125  0.534923945793619540927700540  0.252187750490936274621982249  0.251201294627001806914270987 -0.118703826700155180594645470  0.038957958186124522082373171  0.707096320771484095546108306 
 10  0.000000000007207266285726239 -0.000000000010540267159624603 -0.707096320717499155275847372  0.000000000023634280317225299  0.000000000006953269862362993  0.000000000001011789876994871 -0.179410268695153679027265783  0.200752262177125998172163429  0.536181211720835058270103607  0.251912394706182787390254599  0.245475115545220544992980997 -0.120923895986651224684373367  0.041164433236938847962327120  0.707096320766846045077248795 
 11 -0.001237839951761652781044957  0.700783631772977476793833052 -0.000068518206687133412942304  0.000469025451012388372603748 -0.003449347112391257908376122  0.000673355356682268465604170 -0.442366919781617199200355120  0.405515155648051036984614096 -0.253998468653605051622776378 -0.214637383999272416659678114  0.098801214661308119230895882 -0.091138678852245411096742560 -0.141791369418326425257299850  0.706681717851512123166040497 
 12  0.003616487185776582232970473 -0.007085897296416205680546379  0.004370370236680924626635316  0.585480559465640568541679178 -0.008257217296767020336355745  0.041943745116639082585888523  0.175408763576683825245565440  0.413449678136944420394531877  0.158308792166343789440470687 -0.087276297364079693113538255 -0.587274092734021523521011077 -0.211043625243674819367775165  0.177439279297128716208261506  0.650754276597920410657449608 

 0.707096320771484095546108306 

