
  0 -0.000000000005485741920001438  0.441726104868619251996551822  0.178814358163858545984546515 -0.103364562011290407200780634 -0.210624385092262787999529625 -0.100514298789848640528572701 -0.250078499572437153039778171 -0.537469453426600221081221864 -0.370882559456356298286435619  0.173607297528130894654686302 -0.434335641038749849848071838  0.441726104874104982328996902 
  1 -0.000000000001279277757825940 -0.441726104873584445292128420 -0.197838333343626749280769021 -0.519932473111203481567002549  0.021785116121959506837514088 -0.088664717871881406422156658 -0.487704470372683833375186332 -0.036879501624767282296776067 -0.397633877027601263830832584 -0.246293111945249079575040278  0.170538842626773460162885147  0.441726104874863713080834424 
  2  0.441726099067301184922630999 -0.000000005523689929440551578  0.049379379117018755167338668  0.583080511043328241665203299  0.175789756913158537598583682  0.142597810432413588780406304 -0.525137283057085473459042746 -0.059251298906528185881839978 -0.123330920904773566582849492  0.153019167939475973159698177  0.305475710163263946162349322  0.441726104590991132772034161 
  3 -0.441726100772221604473695422  0.000000003884423015189034049  0.557275785678675292136689812 -0.066393856286737246952494966  0.365522111518869284477011028 -0.307363469288870161372608306 -0.259053454982644591162192424 -0.177222786161242373636050609  0.320494505148566931384060408  0.027007541985708976731305375  0.244687855338029129078454213  0.441726104656644645563273038 
  4 -0.441726104591006333422017680  0.000000000201045202050416332 -0.516365280343437264474158732  0.239888318612894941439387178 -0.165881804548307392892280213 -0.353289020741091186597398685 -0.336596020682313627991845070  0.221219308954853195495443390  0.119056363977158741094760936  0.362110221784366035122732994 -0.144345213975244774631725292  0.441726104792051509805505746 
  5  0.000000000011282484398037569  0.441726104846032523529178807  0.158579407946158616827332828  0.041143834639093218550633634  0.165316577671929771758659380 -0.353341730537514024066162929  0.033870651783120237919740003  0.593823224012225202284552539 -0.467446448072765456931837447 -0.223003659016499279624441178  0.062030629310896130204497833  0.441726104857315014502565365 
  6 -0.000000000014403254963422583 -0.441726104852091645971241471  0.304534838725251234993604207  0.411727710152014102315976701 -0.507793329894927463613596430 -0.395888338185351198528823952  0.110260767471057724685575777 -0.076085969024648064838668889 -0.113018883713921785359843471 -0.302152389411078665091593687 -0.077584694124125574551053240  0.441726104866494882739656747 
  7  0.441726104383821067082957143 -0.000000000277155537509032142  0.307960618066689600013860484 -0.357389329235677200306744300 -0.363602191478929561417078598 -0.129543831051221060860151671 -0.240877720623670503344391364  0.383000668193747985027083555  0.350326998458246506058929789  0.312284574499437821766979068 -0.091437227177281228871733205  0.441726104660976631830372058 
  8  0.331294593523684876613683709 -0.110431510636902431429166426 -0.169551941827127564384821053 -0.102916144439411459893599088  0.223452237085903289548331242 -0.575264661637031336056079256  0.383402163616367869458873355 -0.255866149052947498056817879 -0.122740916502132580697759581  0.418405462300064383621145403  0.235065263377068190379795901  0.441726104160587329516829413 
  9  0.331294574102986636804585655  0.110431530258604922689581133 -0.252354048287622318970596993  0.033320533862573714384714557  0.293151410429250352753958661 -0.323010603123701115331695491 -0.156248151683637832417487872 -0.117137634895361214457641403  0.406147310642788346793114612 -0.519986790615205080393068648 -0.386659732443819708540624913  0.441726104361591556668464875 
 10 -0.000000000003731508224231945 -0.441726104870149108533143589  0.209996729683707138001567613  0.080043194314502732740566199  0.458125211391475906254735009  0.093760513550961157264271740  0.026323292675254457470597892  0.204001358687335199932938630 -0.195454186394898852453957082  0.264451084934216205344107917 -0.620690406114657596751797708  0.441726104873880635935754629 

 0.441726104874863713080834424 

