
  0  0.999491479342831075480171193 -0.000017574850559836963297434  0.000011899902623226388983758 -0.000004772599490307092469806  0.000015119384916062980900712 -0.000031600594318852296793886  0.000086561841493735836277692  0.000296224012537673684844858 -0.000042800073785056174226789  0.031760473942653451532577369  0.002820681140900846193252522  0.999998032602555864275205300 
  1 -0.000753069117848606890709481 -0.000137423226832109766684304  0.992852412117577943020691605  0.000319270136604312588498503  0.000519667347226543728784737 -0.000074098376730209053794097 -0.000206662233043269447868149  0.000229993111358826131793798 -0.004506835684036769545761630  0.012788380124500305573235104  0.118571389617077270050432558  0.999599431351258556821201551 
  2  0.000114801917358111095098960  0.000041980081145715147052634 -0.000078896539336419743686923 -0.000261075748231587260895966 -0.000058288160263649369730279  0.000000161988224094202067347  0.000071149270462135741699227 -0.000049568774199028543218543 -0.999308586632557968457493680 -0.001660549827305606495933951 -0.037141499873789845044319471  0.999984509111778690235248362 
  3 -0.000001996281782065566371040 -0.000005248702516591359957918  0.000002471697155493401272080  0.000001233849611968405783886  0.000001207041431802096288247 -0.000000096548413237802832453  0.000025868599460703844845804 -0.999956261654384460468673879  0.000000124914267607224590486  0.009307886426596540870392438  0.000915051160170722314721562  0.999994509289023918142090552 
  4 -0.000570187960358956757925919  0.000386559048112432187102996  0.043375418288306283025475805  0.005876103950879514938912247  0.002218387992439387256614534 -0.927096202071813454471428673  0.000907706903551507565659029  0.000126061372532393013641218  0.013614080362834127896808285  0.049760616825185372618739693 -0.368658349712790736114496545  0.994170707950828024294324253 
  5  0.027997156979135985423504628  0.000607399904985897869707015  0.034555720610208945051019776 -0.114915836293925757552231073 -0.447851233379037528842953053  0.030477407224240131543771125 -0.002159682697300991803073306 -0.008216122793853114122875276  0.008680014051566750942656074 -0.863577348943178944677950132 -0.193398795920241863829447740  0.675460573934255107406490759 
  6  0.014116016369496528663489052  0.000279782890695288184906444  0.013884862552898066875201359 -0.058204170095003065313500742  0.893798369008383291668164150  0.007784984612165263581788540 -0.001148894346066145648181225 -0.004144005750431747941922719  0.003387835422505401080184190 -0.438169413102669952071559212 -0.072536954732778910823328897  0.996748921047644786030874492 
  7  0.004194042079621046073953974  0.000058851307023211575440713  0.001260544823547918078026093  0.991249087558606870257751909 -0.000117927325878556865044468 -0.001152367699939925340451240 -0.000393893710519779769168181 -0.001225770092442361929760918 -0.000077576570664906776249183 -0.131916640679066693632058224  0.001028766064784115142664530  0.999730061168244562631347849 
  8 -0.000000000000278741086866855 -0.999999280602762189113039831  0.000000000000056054675716979  0.000000000000009797437311296  0.000000000000031619514108792  0.000000000000100090201656623  0.000000000000022926245309165 -0.000000000000387792667750622  0.000000000000202119379970785 -0.000454780638541762596208336 -0.001109940777207534791793707  0.999999280603851360563552597 
  9  0.000001726892399911482614456 -0.000000941773332849131387271 -0.000000004771910198473627805  0.000000906090716010486986565  0.000000277640156119649257154 -0.000000112683138787535323394  0.999993483417401656811705768  0.000000176832587347380259754 -0.000000536456117483716820796 -0.002962962295408682013095003  0.002062515955766641732422814  0.999998166557760392956361040 
 10 -0.003896742383224163923629755  0.000904270253800616434854373  0.104757712174258349092253496  0.028234249590166252300113981  0.023420919813241533186042270  0.373499423462693306077775368  0.002452328984308335923088208  0.001065745928528987083120409  0.033013118716220820045889172  0.202713981315883743760525304 -0.897759608031125719642979305  0.571244511306442378909854762 

 0.999999280603851360563552597 

