
  0 -0.447213595559100022733527852 -0.000000000014440176512804875 -0.000000000000336106773318148  0.425118634553887826731197880 -0.299264080036919617885081413 -0.060431434277647311698766124  0.071874966038996640035787893  0.022008301215201368648588564 -0.031843362294547316348786344  0.474661182994046413908531198 -0.469367550706190825700542604  0.121416342246216809009848065 -0.139710718434633828047590140  0.086744438198801558444922012 -0.178896830602446895453210181  0.447213595573876291104295500 
  1  0.447213595398154085708720268  0.000000000073150131052557632  0.000000000028046688510002249  0.263283181586415905984892294  0.250556323552378598163489082 -0.363149478657166572951632555 -0.010055499420404917784549438 -0.064846890973292770558422237 -0.214853183542206678199350256  0.397298348304960804338367003  0.009317951824280452829659185 -0.128517449322586602429682907  0.492950255420840046727878198  0.246572581139219056635598394 -0.085500291148369505502772198  0.447213595499350904130487702 
  2 -0.000000000011950937744756949  0.447213595538556775752609893 -0.000000000003814108432714723 -0.411083741370935168527337919 -0.270786545924056333859916701 -0.126169156103292765425550465  0.096193088730905167598242683 -0.315550163855278974320457686  0.042009159810707506953550297  0.028104122399328111231138830 -0.231455415746562661517718267 -0.024121767568583394486343902  0.042710024130540359603127243  0.482024406270883330104465650  0.376910303861612514702335991  0.447213595554321820214546679 
  3 -0.000000000002638517896163221  0.000000000017696491902273411 -0.447213595538097204542312552 -0.393874093996507411517132846 -0.074333985290382702608143282 -0.291954362733671753891420350  0.315142398333940364251511829  0.289311355498428619342993554 -0.036624894937387825437217267 -0.040745437388752639415104425 -0.167292170802760581854512142 -0.359073643816312772198513434 -0.043586073616075128610481857 -0.062059539504128807563829509 -0.453223186916342781084933791  0.447213595558432207023027635 
  4  0.000000000060896667223785535 -0.447213595424660155644219425  0.000000000083948039839561725  0.013264575598791583529370423 -0.110900203869857724871652097 -0.097580195153459107445289688 -0.320514370038105329889467285 -0.106768589050298263615223788 -0.218487064475194249897832890 -0.425644578093361357129303588 -0.564374808356701305859810108 -0.179713230651027990102206605  0.226980671321060761138981542 -0.057646842720169213769148284  0.171187765267657603164325360  0.447213595569504866739226831 
  5 -0.000000000003970365216853466 -0.447213595568328964346190707 -0.000000000000824534755481350 -0.024059517341145128996033990  0.058624943184422272942192891  0.118552883037478400545829387  0.075871426210007851980213472 -0.196565479601346110655126116 -0.191493061528645028542623859 -0.119629195642021426656317201  0.171004064401587830659729091  0.071215361672199189059918965 -0.317677377239716055262307853  0.681858220221985053283858536 -0.293922957763599405705233492  0.447213595573123858726823435 
  6  0.447213595513916494482171277 -0.000000000053639332955082836  0.000000000001020021176761269  0.176361173915635332823891555 -0.270403575113145772882555784  0.486959907881415200080416419  0.176083130614358556015309164 -0.285371954604035854693652730  0.033565142496381373833619745  0.137608944376575061086746127 -0.098208436361132274537851742 -0.506757939564931758191085320 -0.194938534484654986807207130 -0.145788296333884433527610172 -0.020968152529325907195193422  0.447213595568575838373488046 
  7  0.000000000018434035571039490 -0.447213595541308618885314660 -0.000000000000646231102460441 -0.288516875885551428904032129 -0.326030526502036957872156242  0.069868753007182266820179403 -0.017837822798493974043188698  0.389619956917343457331948456 -0.146933921328837176274620217  0.442664012257276521833697022  0.223278660953064256433479341 -0.058341491586514218480746547  0.046611524673006368933703397  0.017872745554741686641657904  0.424462486393674496328986406  0.447213595560388895035599036 
  8 -0.447213595558770072961596309 -0.000000000013027909047034845 -0.000000000000327500561250558 -0.093216199204182653009764792 -0.139760280986215721160865512  0.251137595410762290209713554 -0.257527296111353320469524938 -0.196429793256853565892915484  0.201017038100058800293877190  0.055157269395931355942841760  0.271802335348905252940601707 -0.335875953097987276266787882  0.533443250796137669782551183  0.096975443820311432968454823 -0.282307389902370474670922212  0.447213595572125459148751098 
  9 -0.000000000049349808483406121  0.000000000040249425524305982  0.447213595463818129518290823 -0.264373750497972940495848906 -0.196289413989178453763453230 -0.390518572640205680767842497 -0.220018912039017508120342277 -0.359526036191896213663372894 -0.287885140672934563253488466  0.153097164415775612947311947  0.159536643055372569412067932 -0.047561615856949140685171499 -0.247886533020576787584221198 -0.317980835686176739732005866 -0.254587409811921312383607707  0.447213595553417348350388333 
 10  0.000000000031197322966305691  0.000000000027777281445371663 -0.447213595467933010561617166 -0.068028841076536609450825781 -0.160422223162425549080950180  0.212196098506326196112665126  0.200754967439632044798260464 -0.349111417562787580015247133 -0.462329424365086244741408425  0.010198854498199994180048997  0.084180269320042564246326690  0.461850401842148980386228499  0.256564730478978862850516010 -0.245663176153830638072969421 -0.044808284337196624442801454  0.447213595526907593862226201 
 11  0.000000000021542370858543948 -0.447213595426935183412388633 -0.000000000123206955955177372 -0.111771923829253237680483781  0.107519241291404710185875947 -0.217010597219139596752513280  0.358673855258370270304799782 -0.401836052240416467763381436  0.598923207204384844802320248  0.130713883878658108177151474 -0.061363332910552834733995025  0.142717593094779610782209429  0.086795205553751230614977028 -0.160059716871535704356020388  0.075183009956151727981956724  0.447213595571684500003467946 
 12  0.000000000002758989558590297  0.000000000002197315296212479  0.447213595556168244784861140 -0.402004242729745860280860664  0.369260144609880042578051867  0.417362560482855422344617910  0.183279577041616926225153263  0.120350294765438799205489826 -0.135147498288672737577309317  0.176011133454735482417792027 -0.385293820596239938139522530  0.122678044863946501470718716  0.173797260510106677618060583 -0.028296313460436382306571225 -0.189790055811536691418605662  0.447213595561124546728156565 
 13  0.447213595469849022208917722  0.000000000061874762515817257  0.000000000019091426063615162 -0.107741920093247006080306762 -0.419177109455606646074574476  0.066895731803162334841569500 -0.351679961361877052052320874  0.175797353501478007399387582  0.350461716859150233409131089 -0.005088840066593868280979851 -0.108674730778231059000009644  0.420815778000545929685019889  0.095720811499568683898748513  0.082935597317611728638328105 -0.354735776990875386591216614  0.447213595550815200930323476 
 14 -0.000000000026327880867593652  0.000000000033888541012308211 -0.447213595473773113187290762 -0.204475058117778389128347746  0.407726939104271864311663034  0.106602252223626214087742140 -0.552636700950035261476357001 -0.179375679282024940149682830  0.075921680117237073646984692  0.359654880704124204455433139 -0.142645276199350548338253865 -0.027660329001490823702360177 -0.287067929273095230488727428 -0.038554433434653990710920882  0.053654005653307852395514843  0.447213595533989517505661301 

 0.447213595573876291104295500 

