
  0 -0.000000021689429731553043649  0.558838782729989417988412242  0.000000003617330535023037798 -0.113792466358756405482306317  0.378720809522521160723346201 -0.452405059339007744147794637  0.274955857357386643707647042  0.310636310680896831064746327 -0.044782912962457041184554697  0.381797259328241100255832419  0.082343200711389748093873339  0.558838808036749702765500630 
  1  0.558838813295157178925257752  0.000000000004200868875008628  0.000000000005038890382287528  0.453048903256269495384107523  0.220091883516392549177556962 -0.409893682868934656842417608 -0.258362347258968794226456633 -0.358800554798810637812701840  0.154654709403642933791172068 -0.026665003764854030677644656 -0.214183476010397496204062245  0.558838813304396925534141272 
  2  0.125596134929840531105045900  0.433242631101759758472996217  0.000000019124447652406756780 -0.188968531215541424699033181  0.027338279058530411927920218  0.318958030103948982580085170 -0.377571576615034363368387724  0.335200162042130700939092727  0.268337516966034393721884585 -0.191913995281011060434379900 -0.542752496567658808000658016  0.558838785156047944911988229 
  3 -0.125596122604275612453920453  0.000000015154841399182875412  0.433242666726980992235492007 -0.158801171303461471811841084 -0.512776697943547316884110171 -0.521435173211105610984687081 -0.376215684582998107063269572  0.152390166865579758731443112  0.212501732869764820693919000 -0.019569079394422991022788440  0.161780939132393890598571665  0.558838804486097979334902064 
  4  0.125596080998820396832640553 -0.433242702872044187250482120  0.000000006726341836384804855 -0.670328053928438298992437128  0.356082975024551589041891392 -0.263458297159574856590022116 -0.124765916374428257248625600 -0.009791173536514455028165107 -0.263739796028871313084661343 -0.114693329380148103530795683 -0.229359291802601729850911473  0.558838790597206416885939229 
  5  0.000000017544278789814255013 -0.000000004444207055082877426 -0.558838789038538293985156763 -0.164606704085360622347796074  0.095544616241340646262722013 -0.164647060816994412308592738  0.036522863208280245296820940  0.046816429685123018526878794  0.541126314894447103700896029 -0.423104718938927781206153778  0.386012205794956625545984175  0.558838811027024186521994925 
  6  0.558838813225614270167266456  0.000000000072166168448231416 -0.000000000005194718295745275  0.109507338990801228407936246 -0.107214680299021030717202506  0.080581985872149740648647583 -0.064174635460638944646602662  0.508464874241687684838005706 -0.433628356659935967838724949 -0.263820991399172979121863850  0.370714040797566525049398442  0.558838813302975126061280381 
  7  0.558838813141851633041392450  0.000000000033082868061964319  0.000000000032727302891689702 -0.404488744632434317401734405 -0.301791859702435539761092645  0.219434870886112723379246688  0.197336303766742476466016995 -0.192130584505579849477702528  0.287379395566233066287246262  0.463868859900149889386161001  0.106023736873260185017975310  0.558838813207661857824105206 
  8  0.000000002565547128253607489  0.558838794216197286995363724 -0.000000010478128252420182097 -0.259384049599026649457131355 -0.123859729806478019952225428  0.000883796884881626008549427 -0.078966962243127310398598494 -0.578092606053238035031596742 -0.367712771484525064634657845 -0.321931566189973296051619889  0.160616453722018551214132873  0.558838807259872690554741714 
  9 -0.000000002038523385531388559 -0.000000007698978378743013528  0.558838802827352764258754536 -0.039305410446829588192168160  0.536199949124415465001158160  0.307851021969698316818738956 -0.201469061476242071559612790 -0.083678130850455845314648639  0.244200290697676582161459134 -0.032379128972666237695288496  0.442264217081465671509502013  0.558838812564854529516249898 
 10  0.125596145756341247382318824 -0.000000014504894418152713369  0.433242648001930624225563893 -0.002824684741089663620205080 -0.055623705656555291547518986 -0.088039112834007778674103983  0.683201009458673837843826343  0.015934459778467006410711845  0.170502493869904160806892299 -0.484427043947219820174557650 -0.234340281648062435837140925  0.558838808263166308227740120 

 0.558838813304396925534141272 

