
  0 -0.006012326287454823571851760  0.031863542465360303851911036 -0.850784662462464130315998451 -0.082208807856919938417345275  0.000058522758967844334645702  0.010307304298638944941287688  0.001147239870997584023959650 -0.007711538433012573681378646 -0.000886489948207872312810348  0.005679100715627325514410842 -0.114602761949251644044362256  0.217920955813871428420071784 -0.431037658958184597053110709 -0.049850708559814424469228047  0.138757983661266767264606294  0.996659535097651293753581031 
  1 -0.008450191386481740278862793 -0.012733089943424552504508515 -0.001586016192988821181439793  0.033963975512845452599323655  0.467757289002804833172050741 -0.014465916880197987053096242  0.082606564431540677454401857 -0.052518855069564684708000426  0.036525538408878654291839705  0.075895598635766451083711770  0.171197699301564626271762379 -0.736096392613879513819666323 -0.432835033083312546985663496 -0.039198154106796243532906399 -0.053839644791887291873177081  0.786503035464493846680433808 
  2 -0.004319618603873006682955201  0.009674085160419140168578300 -0.000146845733590285796090090  0.977204294717366722395745365  0.000405321982008068872960442  0.000652265546433406773285535  0.000702749236563872169894778 -0.000131577859193209963558957  0.000330680796038620196628956 -0.003064741710703184523634454  0.071859971884155631728586990  0.119892677929396512937875851 -0.115289552848244219226264695  0.039405852379010213257519608  0.102792426368558219622816822  0.996632181346189490508263864 
  3 -0.000552492444150128890788963  0.000730821980087509138379715 -0.000295191744412723434776383 -0.000853334017550030485214179  0.001264665418581413011414777  0.989370492153790241369581276 -0.000159790348106469224525106 -0.000378806438819843824821789 -0.002892965826375971288012806 -0.000604678274224034670334828  0.031237052163388991729705505  0.003410568586366306520147923 -0.023784957878992217524081066  0.105968377133446755624919620 -0.091386348636233185607161827  0.997103238646098372728251991 
  4 -0.639584326833297248853047595  0.011245831036779816448991666  0.005372604418511182793957449 -0.028216965383601052448162287 -0.020457666426923730667889411 -0.109147814581319196254615735 -0.040581492147044591026233034 -0.095483204153474714337846829  0.020895538832149129869887681 -0.010913389580114536664724192  0.152816060638188577758527636  0.135429823824155845347970255 -0.171676994489344036780038155  0.557001912341239989619450651 -0.430012633351698912985991777  0.981898833393215202981763046 
  5  0.000000000001799734200349683 -0.997852652699290753842472496 -0.000000000000238784811785850 -0.000000000000095589317379845 -0.000000000000547262797174245  0.000000000002783459414741964  0.000000000000025660178070059  0.000000000000390636270867146  0.000000000000129946669868656  0.000000000000177339437681969 -0.021369851695415214062941252  0.038838757616662892412247570 -0.046865762673223445762424539  0.008181754751341441235661686  0.007850033410420131163652124  0.997852652705479211629052694 
  6 -0.016256021786610112529495253  0.002007982094692938523648241  0.003742669202519478699701119  0.046399623046048499910707546 -0.007911733894356742161616978 -0.013881255050170331504043981  0.014340281986774650275258001  0.790412541514733785663528870  0.095811288641207478783542659 -0.003810962798570794066052198 -0.033664359349001755472818561  0.060145702622101924272955253 -0.115387841157717694052207719 -0.311830422998054069709311306 -0.497849550796997133316661513  0.994574360015684866363067096 
  7  0.000497681435009377939538903  0.001396321835069574554750223 -0.001055319878075215185959734  0.000420136050524037110417690  0.001160399552999204508003550  0.007076249274291530922671956 -0.005876903682920840971019643  0.000848123574233311089258925  0.978073275288089947847834649  0.001413954944807414320849493 -0.123890989408200863426570519 -0.022082089301002503128255839  0.046848438587485199321991652  0.108487622570455161901249817  0.116101540764509810461468757  0.997818365516020467113553205 
  8  0.000091462762318109440016909  0.000627042499327132577186580  0.000020408824258605243674765 -0.000446221695874815028213466 -0.000094803759860784250569243 -0.000269243572379987793869051 -0.000101733692633576377781715 -0.000017893321354616421161123  0.000078593542637342165008038  0.995784937798982301314018595  0.007734802424049936933090564  0.077831336281638132155264939  0.046281225865041821038929452  0.003626795960631796602224099 -0.011790193190624249746490228  0.997532341469627219622887115 
  9  0.003938420387119913947165446 -0.005975525993969099061132278  0.009409910721127036979521149 -0.055360138842116016486330759 -0.000465802839981270140981677  0.008177255286311389740862765 -0.827194317830872387744059471  0.005057880464903318858565948  0.072905253967253539384681463 -0.004650774796880113387590155  0.512132898754374678697374318  0.067188722042087459418349248 -0.065466161566893121430193644 -0.168662752962797550250169734  0.087110308190410117404908850  0.993135281130534087307669411 
 10  0.086311496511900333558967285 -0.000207165265159029971680603 -0.001944306823177839519119922  0.062923483530553665424430929 -0.027613509726024058303363003 -0.001427814460281283361982503  0.030401018392685438371556917 -0.601794464985992272234704287  0.125116761960883916775092752 -0.012196339093420785838703402 -0.043232484053417016875810793  0.127155477413408604390522051 -0.054951172651477315926930260 -0.493722851495466351037138056 -0.586616901882369494577659785  0.949936360750078660243611584 
 11  0.003400591493496555741254600 -0.006633089192759767221619418 -0.001032683722685475608816760  0.022641636078594213073614618 -0.881486940082457776676587435 -0.003112145764927798301954461  0.010521457292934977718675969 -0.015280315229630669600535589  0.008816781432151408850213367  0.042084925608062829479526180  0.040838785018829281682847419 -0.411949145027063972913624126 -0.220776514910995313648164537 -0.009654605039979408399683925 -0.001834643742917312261796340  0.995010565897701459211338593 
 12  0.014539191203562972213813556  0.047817576734339657647612516  0.505374378927461428913543717 -0.152569601978829147933039954 -0.014861009757266375032242519  0.015905024811848945897769787  0.166330718985067988740654717 -0.012754807576022587434563804  0.028074580664452729237933045  0.003753321594460719547330422  0.023772680480335645777936423  0.394568018234147190092045432 -0.678756438123513840732139307 -0.105294595187166666217122839  0.248335151373655413145342778  0.961980212233312530645951144 
 13 -0.762719393595405452867738716 -0.009711264583148393128953586  0.005323273491513366755450092  0.019030458098949362844432964  0.002521978867075657145748222  0.091027146537300962888172515  0.058102906893725769485513442 -0.003344356913619710120621573  0.000282319478250251633558312  0.006384217203799804002911742 -0.095691284566436305767506663 -0.083651615402343487527619080  0.141992255106643562917912056 -0.522422617592663137905950599  0.311146980674899596225812734  0.958447315662788686227609170 
 14 -0.033344345289912559257149323  0.020618534105974506131375582  0.143505589091200414091921943  0.055075452632999006176152098  0.052055027764436266682752897  0.007517794623002011272228231 -0.524366333895412725847086366 -0.026886342659540273914797835 -0.102846868675518048249757728  0.021868093435354407307367281 -0.797199793621077417663661757 -0.114924725530875635913161115 -0.163593005202301025523769183  0.086846752816244465052154203 -0.047862043299006249836267685  0.988084382173350267951350556 

 0.997852652705479211629052694 

