
  0  0.001353641250727039891615884  0.004677657513074252183896015  0.003788096868807792741534307 -0.975255491813654312781376593 -0.002328674262021230445192748 -0.000336184484091283686634500  0.004294335526134665674956884 -0.113146610652517229005716449  0.142237562053996232210245979  0.125622476342097135051717113  0.992034081718510605380455247 
  1 -0.058525601221049072206978683  0.000526427019837682186868848 -0.002367087021018990765776173 -0.008696460029417076066592085  0.005837496924189131630363329 -0.907127293206443490304700245  0.009253681278072077806911796  0.353751816433658544880846639  0.027349001108258168879413261  0.218186380874200879369001656  0.992334046700027503848384747 
  2  0.000000000002496305611129591  0.000000000001737115974475564 -0.999839194443565474127149501 -0.000000000000007190019124135  0.000000000000020458743349812 -0.000000000001101325892796059  0.000000000000075353623955176 -0.013060816180765288690576937  0.008002014294588480467023642  0.009325669003537929382279589  0.999839194449003254181948530 
  3  0.000132130132785780497901715 -0.001056865429091572917671269 -0.000151960602356411526912575  0.001631361764220987987149311  0.988802346334648355277458648  0.001239666920453316331485540  0.000704760328920856377141963  0.027878399141061987667535873  0.121713805620095780040681391 -0.081686057247040217438468178  0.993719091512477288911063533 
  4  0.002823397031970281428230659  0.002616976219676258516016269  0.011734623479402368575555426  0.161471882371750195158386677 -0.010335429786494136803566340  0.008185426858910909362601529  0.692500724078216599115774554 -0.303613567725851310203765560  0.448174382127584063160302685  0.448332197378836032076445881  0.889668459826420762997373215 
  5  0.989473020762429883803463354  0.001136667177443048689475115 -0.000878979696980984871566460 -0.002152711615762816616968374  0.000273423540652912263917212  0.002457793880479241277274064 -0.002852721953459636494846764  0.125945685051197219474412338  0.014607952940963139646262422  0.069616671800046279671109282  0.999225318627208573644959966 
  6 -0.086284241640015051575654439  0.389302626350831740373748674 -0.002451771464740842423803163 -0.024421114590504081211892393  0.097691168292927011321626941  0.290678373217822004964455349  0.041521060376768501537861084  0.368281905900682871664222201 -0.449055180673379937387502958  0.638241722047803255860910776  0.932350355933609255439098451 
  7 -0.002718084247802503119340931 -0.869870825916589714252476206  0.001141009419689732652114138 -0.007803200022878008062355128  0.072231209008877485080785032  0.024547643796037670337094674  0.005658793012426552359526695 -0.096471057379084197313699137 -0.368692130056766510998785685  0.303583033810037082893176080  0.983970765424301661329631319 
  8  0.008146065511523127787067385  0.063321790063531209309601218  0.011864358371532994868614321  0.148292991602975493826955221  0.010189919369243713734411738 -0.032453853597395770935220283 -0.711966081750234396617084409 -0.374949752193211722692527815  0.321971092375578653185753605  0.470623977856605930155005357  0.986235060266436654174970755 
  9  0.099946771285971247685724680  0.296187688961114980616467704  0.003880631994214477719163986 -0.008517090940075654896906335  0.085198465629133271140175157 -0.301489014852002194376923844  0.108066269255135273568606616 -0.683769441350002410580886936 -0.567290692592898748529677694 -0.054806876167955375796881712  0.903285932917647097373931020 

 0.999839194449003254181948530 

