
  0 -0.000000000007736898963418382 -0.353553390585759314630655975  0.336668707680640578262581605  0.286907859028297276441721655 -0.159796252448770772681290765 -0.142629163796566821084525235  0.005671061050162358127449646  0.033389557976189974903896349  0.130581330814237614535767464 -0.292055691241328800367193022 -0.160524742096025756609291128  0.117951660766321263344735566  0.628030601949822880295404987  0.026492619017066483656601666  0.052193970890860559667798939 -0.304032585808014086764484649  0.353553390593496196295502515 
  1 -0.353553390607873595577470560 -0.000000000004966994924480556 -0.230375778517349002162619039 -0.231361877706683920788649847  0.215867400170573717056265832  0.074391668277770540740377950 -0.062340190747289857321099737 -0.151384523992596720031139461 -0.330127731726883989331897476  0.256745589429052832863018332 -0.088492330398400842955209181 -0.392275769651323528731121440  0.313647207485411425243381975  0.203180049301529568872288871  0.101285162992753165684723955 -0.450480940298797333340864030  0.353553390612840602634861509 
  2 -0.353553390574699526915014233  0.000000000035962052504684601  0.311986907314828184516544707  0.205662452179907668804422285 -0.137137524844137326579724713 -0.075117061922536983924018894 -0.287677155916408546068368732 -0.085000823093492768996941138  0.198162632697943670928510292  0.227185879579328391203950875  0.461854568450013349008818897 -0.192308795214367772948753713 -0.195772531078063824014497650 -0.406284943104906779261708757 -0.060590661102370814903146862 -0.269619789038898911002518910  0.353553390610661585631135234 
  3 -0.353553390602379177939593169  0.000000000002842925034155333  0.047512847582529849929335779 -0.341537157960581429466499770  0.061950443871734180784955790  0.183159687734572933885137357  0.240055996721498521171344817  0.016185224106520961683203588  0.275014842763923354881840794 -0.005368444317504009311721425  0.314105292641262470829544712  0.052742873208963063529818244  0.378584660034011691640389377 -0.118437027385522551123722430  0.373948203183110917664604134  0.431884087325289304181135525  0.353553390605222094515572642 
  4  0.353553390566283504017983802 -0.000000000009738234249826462  0.242225336101955752198867412 -0.263697475113653723692444877 -0.390180406939986005124005458  0.042586096875454084006491383 -0.167275519942660526185175367  0.119443129366074930876133724  0.290293166542957353716720992  0.433487937919389589133851992  0.012514527901378016563878695 -0.304274609610494987108671866  0.128622755051008346382189484  0.395750071052071320974134055 -0.070591306509416913457911989  0.086149933961574854006447259  0.353553390576021721737175890 
  5  0.353553390582916604161509491  0.000000000000813999549190618  0.319322237617226493939332974  0.188487255872645000957734014  0.363416782267866148075025415  0.052338528376804022893117787  0.457936136079895972822483355  0.192842517393199719186029119 -0.326866813960667866470564263  0.327009481433625684313002552  0.221373792834928561124615935 -0.136400695958699820319178983  0.160043312500964231433718543 -0.200346939839809552909169824 -0.091137149449776123871596028  0.018806469563050749730010770  0.353553390583730626351008017 
  6  0.000000000008148347135830900  0.353553390576993334907954583 -0.360085859745377902702305126  0.084182229299960211915427200 -0.400527158015647203194008891 -0.103349545686143798988701394  0.073775404579067175361026601  0.080143190786543516577957336 -0.015100647245265934916790050  0.221468080197911767903625434 -0.270771101663694740101489405 -0.041032805906506257250470184  0.347477757995146657136065899 -0.519227137429995794985597424 -0.181487139267459906760509257  0.087924038954552441233923025  0.353553390585141656525004772 
  7 -0.353553390597384745852723928  0.000000000017169186553798317  0.086776273057451584451850272  0.314304986297654260466068188 -0.056396562602046499428000859  0.013836224300454689164356409  0.559288405841869749770926823 -0.203904364179912915349887625  0.289028101972069210166046277  0.039001472863266961127259131 -0.294282835666103844844731022 -0.322476906848141609636306665 -0.191607856472144750088976509  0.223728836989753460470645510 -0.189669321289676907571161192  0.111959876601289704411317568  0.353553390614553906748243964 
  8 -0.000000000000677485758997886  0.353553390602619998459585707  0.257502533859362901753420685 -0.088306668889433936265784784 -0.439544330779059066002150205 -0.009507561069770633432543397  0.236014224787205488808065554  0.168315276834693532481495269 -0.324669055240289928626314445 -0.308893524132409192679967966  0.010465535658515178102140244 -0.189860485348632052510524024 -0.189533125277640610622446708  0.014908971384914444263154612  0.465736744467583346968921065 -0.183124230936735593358827105  0.353553390603297462620744143 
  9  0.000000000018253476011137805  0.353553390593716773812257848 -0.333829572693766415774057482  0.261106867853876201086360878  0.158924779015740663857961593 -0.358945836754627737902496876  0.083426063836170232781899031  0.395360843238720658905996364  0.301039001573556283433263231 -0.026343576004323177147309668  0.351140842867131462750251644  0.031165916827125084903320098  0.092252058163270676820102555  0.334932760778402960057066259  0.072047417772541609864609628 -0.191156530362172430472498565  0.353553390611970241370247761 
 10  0.000000000004598113480244107  0.353553390607209912249340664  0.052763896814242639354635388  0.321236051388836909686310891 -0.185347590684556805636562168  0.211969383620406251424097416 -0.075986852468996388084755429 -0.521522337895376995040627038 -0.262949541606312209600024299  0.039799146948255126771685011  0.303813855247784655083708241  0.259201090863069985581468302  0.220526376440228997355278220  0.319128040439691820605175657 -0.101983842307219732826995516  0.144531242877986519502326278  0.353553390611808029871674167 
 11 -0.000000000016119102166418675 -0.353553390589628558531628405 -0.340127887246905175267419272  0.116212205311534482680534824 -0.326795621087291596423927281  0.590313692175840169134096169  0.231931739085492626177781653  0.236770289657955594267565655  0.015071874930512702270457733  0.108498173020840314236684383  0.204331206182316912168617576  0.194009939945499103964915086 -0.104766201926545136799374600  0.030766580602991635695083296 -0.016814390036562356478178526 -0.277658480913794267105594929  0.353553390605747637774657413 
 12  0.353553390606527925420134867  0.000000000008741344261074433 -0.118177972107170872700747637 -0.304572365282648682032525661 -0.026952851253752998850738809 -0.214722790980739125212212529  0.358061430516243432752368503 -0.557201277301637516422075369  0.273992498556565894569144598  0.018730003378894244601542704  0.131949707147548217888301074  0.126970223030550825207125008 -0.049232240651743015908878807 -0.144828132188026124124551053  0.085804647375269094692262425 -0.378205965909800100971339606  0.353553390615269250656484482 
 13 -0.000000000003520230027172649 -0.353553390606202485387139778 -0.221359038742694962218111876 -0.120626737873254418501262411 -0.243653736960417015197091425 -0.332815127007995728932896948  0.096373241584657056423587982 -0.036339077103804789545883928 -0.277349007244007532651912384 -0.310882720540640050286770868  0.407993276916508473887946692 -0.342434310481682418803072235  0.056834866811534340154648658  0.041218168354463752233032359 -0.341451696458079259572987105  0.227814122242686177636497233  0.353553390609722730056905041 
 14 -0.000000000011414067594929929  0.353553390584059728764731653  0.158830783396373169448511677 -0.295725153254243123342355493  0.136248689975122505192045054  0.374702961252057381260531857  0.016747200975910410003730526  0.111523797618889015040982964  0.169984440986518541439470598 -0.420470365777970444658975455  0.057150608845353597387706083 -0.089946426205838268587184226  0.109376199552734025351890569 -0.051265267185233803086169459 -0.560385296308233243542645113 -0.212051464974671062340381977  0.353553390595473780028124011 
 15  0.353553390608125025693347226  0.000000000004905445118554333 -0.227469352136265373575080111  0.326850987272594141973790227  0.138000232501299543183635038  0.316068684180909807208579784 -0.199394990725355098515358433 -0.179188856578065175339186353  0.194658994542608821060394875 -0.261662925148790005013986135  0.027346667116901580242761165 -0.540613515983273203462013828  0.065417653110410743887137824 -0.148388083166800460564608080  0.300897192340182702844026200  0.096992796980998301810004882  0.353553390613030462833821579 

 0.353553390615269250656484482 

