
  0 -0.000000000041062453320274853 -0.707106781184114055970307139  0.000000000006640471681004931  0.364007914778931275729192962  0.034684062611449481111750058 -0.605223309021142041733750533  0.707106781231816999887338643 
  1  0.000000000024959614901830424  0.000000000010622610950043842 -0.707106781151077876384093007 -0.038277457647236899365369728 -0.703224823244538966790246476 -0.063322067708758271699029125  0.707106781186660060339009559 
  2  0.000000000007012372886600079  0.707106781188980990299815937  0.000000000003490003818869831  0.364007914777524210319910661  0.034684062635496523697693858 -0.605223309014923999647750374  0.707106781199483336254520832 
  3 -0.707106781159762613395668163  0.000000000023907538377160586 -0.000000000034296173675969854 -0.605006672899185049562843786  0.065359496810403374120266706 -0.360132006300507761668893217  0.707106781217966377198636679 
  4  0.707106781213332435097069367 -0.000000000024167287828844769 -0.000000000006264276491634303 -0.605006672834636962310037034  0.065359496828889145220978143 -0.360132006300408404053658984  0.707106781243764044694779386 
  5  0.000000000003072282285388349 -0.000000000013773078813277567 -0.707106781222017173301266912  0.038277457683315666058730372  0.703224823170736938607924132  0.063322067714392348400300348  0.707106781238862561070421947 

 0.707106781243764044694779386 

