
  0  0.000000904475348461044136062  0.000023501835153750214491341 -0.000005443120931788223437611  0.000039950075677885254020414  0.000049447753455517981136410 -0.706811967181888671041354449 -0.458885098509853036724244826  0.275240046168534661165687091  0.034289239044959363000847482 -0.271819722802534184398059319 -0.086054487942746056238743808  0.061745249531905267964781688 -0.355074933510363313106644040 -0.041550559736062084304609012  0.706931214442456058971286231 
  1  0.000000000006110693916408015 -0.706944386646757981778211449 -0.000000000034923616243276321 -0.000000000024412234995836464 -0.000000000020374507310069713  0.000000000012743705866829859 -0.208587356313241201679503124 -0.576319612192152909847363967  0.137252248947735698344639783 -0.200731721397698279675688403  0.057122557005917938160083390 -0.225035756064208044869038791 -0.052291375845978891837722864 -0.093844465723529528707101775  0.706944386745322719042133874 
  2  0.610643336843457939188111600  0.000042926737151463197044820  0.001675670126605200102016228 -0.001645229704600395830304765 -0.068551373741481509445762441  0.007622562174022504788577134 -0.072566308293137502438609893  0.185227520976923993258522923 -0.420199983753048981165037837 -0.068204579624576436055040460  0.365824760852365155202551433 -0.513542579132340925879979254  0.058635372396768310368053278 -0.023769025933204915452593678  0.690181099327319029078809526 
  3 -0.000364839982761038134095610  0.000770289671445099121241456 -0.000092484069341837990444108  0.703768944234586176574193506 -0.000870994710452464336428534 -0.000758674874811927184915251 -0.139052772034866837250416741  0.002877048667255178062216112 -0.002887905424706396784856175 -0.329835211257481664246134223  0.119840925711056656358523102  0.174081383032545531841712473  0.387036758299745293143093866  0.426731787932753277769928196  0.706626227543398502503775582 
  4  0.572817792977331109705550760  0.011833168197310266638121840  0.013107344984379873343779965 -0.055939791813584690751700408  0.021251049666413771547599106  0.000042180412689211102174388  0.458851684078142697234461295 -0.020832191791660137705844758  0.348099004033333854810734406 -0.474274849177399591244278648 -0.224380544303703373534104523  0.213045830272176842874244131 -0.116430710383601024815946549 -0.040092622026273255134951349  0.674991328051708964173849292 
  5 -0.000000000000098825511919523  0.706944386752150285657507467 -0.000000000001142917281896378  0.000000000000650038122787402 -0.000000000000161095667163828 -0.000000000000413872939558896 -0.224958580856757935607860739 -0.573969802669862347148117127  0.147145313007577938757943284 -0.180130283342466996376906620  0.066473322508250071888899566 -0.225257242920702289008761873 -0.046359217132743644423871271 -0.093672671243220319151675385  0.706944386754617071764485170 
  6 -0.000691621479966452544641331  0.000064305749620044760498386 -0.000245644047274569502140930  0.000121458342784985351824043 -0.705148926126901640022877349 -0.000418158957409627227709433  0.070398180488984927737094489 -0.020560722724906219856605091  0.147495078188447499456417526  0.141541187092810181213692507 -0.200848589319202021238842601 -0.260688847780475049732869242 -0.258899525840903848894524256  0.529404487153893895984464735  0.706690114703957288978027756 
  7  0.000012730394008312302105764 -0.000590168082996296658895379 -0.000036792305641197299110884  0.000018895093180755174148792 -0.000116381172212206946904386 -0.706154928696276951009293266  0.457517092541098894587555529 -0.252583890280694917974957381  0.004890680612464780395596197  0.272917032039743162938729218  0.113828456190530844585877702 -0.085371659573911444722613042  0.363810020247895172184303403  0.033372858755703036259977886  0.706929895744315708438348933 
  8 -0.001913174075665180246938426 -0.001119231816615692293100577  0.001948512894619569850311578 -0.693380717520816890306507851  0.002912579431292706983105950 -0.002533185465335841005926065 -0.173596356597436401935307358 -0.047206119266474797674279203 -0.046443211207697052862606235 -0.230178220042355193356020671  0.242971922214771041519392088  0.260992209910958779240080369  0.296476991203003173512130902  0.465452015039553981703805696  0.703807401204345859692390608 
  9  0.000004708316118539511624333 -0.000802487237667967957746048 -0.000711927195141516850511807  0.000888076201038103520990112 -0.703269113329635226579319290 -0.000517629614465850951572222 -0.078970180991717569924054441 -0.011362340998975260279229497 -0.081439631567018063596906808 -0.103773543549924488358575207  0.160960984780616905124336728  0.348541313863644030537815993  0.248448006789584359136810986 -0.522041851186230157434633309  0.706193941894067243577118309 
 10  0.030106575239216881246370945 -0.008416516545748429631090349 -0.545658931074368180218821939 -0.075513584782342284031358016  0.002119672564037148219383446  0.026496145656583901541498310 -0.188767384807229813802596265  0.282466115110693269905917102  0.548497464600900041316496047  0.052744018591280457080162740 -0.086950234005108980517219797 -0.303435422256155050213044869  0.404277612923584490982028064 -0.112892994354378213266317486  0.688311425862296780153748443 
 11  0.011322972012949040346870119  0.002301490469933881271448310  0.566532173975187879999375340 -0.100386463358683392778716598 -0.008670730799455680778526853 -0.006380453358620668442535538 -0.149708204540452958193424114  0.065684135689797161982653867 -0.090486616240736161366541111 -0.089139697746439106695425913 -0.613459219264632593714235004 -0.236553358197538261630367765  0.433141873118104836541892091 -0.077150519566645616344332474  0.695594283974830514347825750 
 12 -0.545852578332182643598095156  0.012039121161120586055592212 -0.001869751327715564943959895 -0.064791836386809882535422513 -0.053561063699970775413625309  0.009933234335709463774613818  0.387392300768647376569674828  0.202740166301954733723178666 -0.075654130324119915073396818 -0.571901718577314301605006575  0.156262695631135408691719628 -0.373347669363678657345959055 -0.026317264326931681213070108 -0.079123220534335480003964268  0.688047585243508862985761798 
 13  0.000752667892726943461169806 -0.009763425155076175847846634  0.617345241041308300563705130  0.028669768975430830183659284  0.008302312655092243730881897  0.029241990622343692674112007 -0.037346519219919664620428159  0.190057419542484494457638272  0.561476710131834489726516263  0.137572392750095331574516563  0.489719562988847505663253176 -0.055881724872481068294938428 -0.038600186979395350197981135 -0.030102289744246589419746302  0.694075406341978165623146646 

 0.706944386754617071764485170 

