
  0  0.481451780937674761240213303  0.079106931596385128762445507 -0.000001160077981005404466790  0.000000068371972336871865086  0.423744124863533695642689794 -0.061565955281843523509601856 -0.336932226615715347633984653 -0.337015193172220519431288299 -0.004114783750906130856624695  0.416854046403598275596794412  0.069169981026536178850684482  0.268268070123329135717379912 -0.203546992504383432204435878 -0.243975653675192426594691385  0.001513645150282773843773530  0.560559940984013236437658728 
  1  0.523072129890511189939227704  0.037486012288275664433481304  0.000001795946997739022444696 -0.000000140870594328933760587 -0.311696872350335392248474320 -0.029526692066763381529494680  0.066050878848304096680897537  0.053653106840916941497950533 -0.255775424640486620042958976 -0.154183133168089996434062770 -0.670408928781856402903758380 -0.139362640204365256695940613 -0.104671445600955809457756427 -0.169059841543252307972337173  0.148732243773964522198577018  0.560560078996378951393664281 
  2 -0.000001217379614913972314402  0.000000613708813445359016209  0.000000443422216551053486331 -0.560557935311329964920157992  0.150342959300829169733875260  0.102972175072690411535105467 -0.316077418110401640562656320 -0.061193805621243418668166441  0.005590989067780353184240256 -0.333297206971323993344221565  0.000879779149198129315748076 -0.357271786339869957909148174 -0.442753728860980038420066054  0.161556086359006824016847255 -0.296690894200930927615154561  0.560560209821974823863298398 
  3  0.000000049123330010888317554  0.000000049850286049959741298  0.000000460282819667868431401 -0.560559694064382395099765954  0.358286542193110071018429669 -0.144297565147283837175447296  0.239167634829648453266190931 -0.044758368433595441942000805 -0.328885312594218526916845305 -0.142775449338897662736953993 -0.018406319764745507678883061  0.091138189679599483667565580  0.541708680925673960915474325 -0.204685318102891252787351416  0.069552945549852272930839523  0.560560253320818169806612902 
  4 -0.560554843687556705108133298 -0.000002403211043376416683400 -0.000000863954616723628470160 -0.000001279031369395035289386 -0.050551419090271974436439847  0.132190653334103037162936163 -0.165949556886867278637093248 -0.260297185600676182797756988 -0.552304933261057876393938099  0.234727331365379243826858706 -0.143481701264439045608663388 -0.058323254518841566698320435 -0.240297973067637839756477934 -0.130486446278028250873501880  0.334003717964692566923766426  0.560559389884586198164219406 
  5 -0.000000575302110936996947038  0.000000149159511839060247993  0.391263312299351134521292750 -0.169293202255119045094807796  0.016144601887740572915852532  0.414568016594441627340264511  0.374168861817098511764060134  0.063573683520539143418674397  0.065907739919581589785096878 -0.179369562872768501088339109  0.017634793081267191725412693  0.554246061498173726487213864 -0.373961709570882428762357216 -0.061534267095838717155669622  0.120128323235731094063935987  0.560557239016092945997453423 
  6  0.000000236884854673762613769  0.124897581213085177930888301  0.435658871347516314366478049  0.000000942946706157240861600  0.018268580569373741263739636 -0.071864118996805700830812422  0.089076666019839963287256165 -0.609544983968871774654245399  0.362041391064514218184073463 -0.098890550902882976489741054 -0.085943123926560958008083729 -0.278072632106196097006136150  0.141729519499877711286766127  0.188122835800058165600786783  0.358584205244325532346578306  0.560557632392162309643759283 
  7  0.000000000002705194471623213 -0.560560428643911521241066653 -0.000000000001589257663447178 -0.000000000002275582892957845 -0.368187269043548846537928718 -0.096723727342160200831709498 -0.231238185795864289640466800 -0.310799165792559812821361370  0.060811668336860746620465374 -0.336758311734542416297734022  0.210400675073596109000131568  0.154593677376343104136490782  0.061265812243025782991243675 -0.446359110030037812362393307 -0.050255524605268611031372002  0.560560428650481569674314530 
  8  0.000000018225559504341960170  0.000000741034367952665785678 -0.000000113716782276516497695 -0.560559527090609260261550029 -0.466215851742463598686655804  0.018181054294313352008287290 -0.223534076869698600091053431  0.172667682953342712536990919  0.284330867605061500541377764  0.470703084217425965854204178 -0.027169686247194265131052883  0.125240971852493244366086832  0.124261016990112424870787780  0.082990764821659156297533992  0.217132303314013996961995973  0.560560400067319033231682396 
  9 -0.000001661876881750676027485  0.000001469378150561332454253  0.391262940226228263452179154  0.169294001068967846205149015  0.156578196606296449474118350  0.337933393055177662048617696 -0.620648077589066392127387789  0.284481247382096102559092404 -0.063121058968787795688147255 -0.197143051044356290915637864 -0.130353954575589390713660602  0.087727580592226090926426425  0.365145922339216415724401019  0.070456737043374440339251873  0.087005159359020194823704144  0.560560072550228432588983324 
 10 -0.000000005320684744373222883  0.124896466128405986369587135 -0.435662959046693021704452914  0.000000658914493896502528324  0.056970955151283679475555932  0.703399657033261042720067441  0.076383264976800738098761546 -0.135218947777690144467725025  0.271015495625891537087928662  0.005167571352099144985252420 -0.044255815762949696537241094 -0.217140174594513120178199649  0.170267941192207911726475868 -0.345620694764096537184450836  0.037867569885643849878284614  0.560560089410277631800146730 
 11  0.424709308559989406797307437 -0.135846886983611344907729029 -0.000000010615397838253772666 -0.000002676907277078391283638 -0.163191230738284313622928068  0.280631252136831291476562131  0.081566885899688215783259575 -0.027590942590676711467192919 -0.409285318754609130022410757  0.027149299930640880113743153  0.557889084213037927245919939 -0.209448640294100958905861541  0.042495845222522345602288521  0.312562885825163117459873918  0.255941317027143776290315849  0.560558883066275643756917052 
 12 -0.000000000000131735550856293 -0.560560428651306906109794137  0.000000000000076606230175334  0.000000000000109616944444355  0.383828677255824009760792198 -0.084050815638356665366671180  0.079723287302090871699869392  0.359140845808996843666711582  0.218807283554858197175958627  0.086131088340320538558831168 -0.053695992102669240170431881 -0.278058034396736346256567493 -0.185644027779179376843330176 -0.119857869669014605906764200  0.460131206638605633202224535  0.560560428651624911063761081 
 13  0.000000000002930413118938755  0.560560428649390037969882372  0.000000000004612874888338532  0.000000000004483253393951051 -0.079626163802766819279645681 -0.242813692943996354986707989 -0.125480573229320813011668061  0.251564919281959014713467501  0.057064680848800862907011996 -0.271679912161170978061267706  0.355983986273218210911626833 -0.092425185668886376516952593 -0.147872190975098882165868382 -0.409645175422219387305995328  0.373408873764959136737047810  0.560560428661416582660562136 
 14  0.000000162100478232869499141  0.000001044551145730290366651 -0.560558173590588099989562298 -0.000000124052686950444040768  0.090477761818324559819448454 -0.077293441242397428594457839 -0.162173561719788840887837046 -0.125699939370537972370043232  0.072687061140412152494523837 -0.343676364013420346271059438 -0.111077249161329901754188213  0.400734828047538899477384572 -0.028333987672016121043633502  0.421049221594945146767948255  0.393833241493028215986140633  0.560559504294899040466749335 

 0.560560428661416582660562136 

