
  0 -0.151452723263825775986401650  0.522434615415202591880211442 -0.000000000000006212070560137  0.037541265070126325395233695  0.667028273126708416336792410 -0.052490781317999303114892067 -0.008710353193965505319502958 -0.504932598593454314367641755  0.673887338679034631301036880 
  1  0.000000000000002756681391706 -0.000000000000001914100571070  0.673887338679049139490638764 -0.101631919262411028126129473 -0.420863882864925633506778354 -0.109325218131224525345230128  0.194593097755216007759353734 -0.555519507165639061627004586  0.673887338679053823427424394 
  2 -0.673887338679056568657907970 -0.000000000000000594617394250  0.000000000000000410077703887 -0.108697579714872834699952903 -0.026232362649353375531269337  0.554774407453068197810375944  0.465639391610611791127133639  0.093690276430462731278439820  0.673887338679057595834824744 
  3  0.151452723263836971230170413 -0.000000000000022803666459640 -0.522434615415189554620453799 -0.004546278579923448892263322 -0.347477974085479789852247465  0.468615153732044021170100259 -0.249264799584012294793342746 -0.549208003846912134542552625  0.673887338679049307762218905 
  4  0.151452723263824603125228002  0.522434615415232575162189041  0.000000000000000436645385221 -0.787414745780385429792619628 -0.156798590755804200296996436  0.049897241501742541151096484 -0.078299910856628468280350822  0.225600874437301490465150302  0.673887338679057666163350986 
  5 -0.151452723263821236992456568  0.000000000000009424522669202 -0.522434615415222489947171405 -0.126548525584535831474934739 -0.195393485043577482463964249 -0.609633528324981587525312010  0.500270037181723671441971967 -0.167355468829246326187302406  0.673887338679053164830885772 
  6 -0.673887338679056098057251808 -0.000000000000000644323646837 -0.000000000000000943253455994 -0.049287673534887287421551304 -0.193098708853217191720619824 -0.289432363055379981242766443 -0.649733398290112795046379263 -0.015326023860034888820574143  0.673887338679057734627619587 
  7  0.000000000000000185423930043  0.673887338679031286520571691 -0.000000000000003980721282108  0.581343261728116489507362577 -0.395558178026295398015036080  0.002010655043825279779441245  0.067455153446784766450969735  0.216553351735063987704610220  0.673887338679035444199977303 

 0.673887338679057734627619587 

