
  0  0.000000000000786564207060834  0.350823207722480132615782239 -0.158637373072379066420560949 -0.174520485951992347839858077 -0.099464584373691876165313973 -0.415898516925695090697400720 -0.113307309129794913525400105  0.001973499930762534188823108 -0.326026961015011108351759729  0.270761854472009783982894486 -0.359548162334333329486709648  0.164785831130966984900876369 -0.311172382083809049511604031 -0.195783809960622996717010539 -0.057095634458428243852624106 -0.351311862916969851255473999 -0.166488256045621459999973322  0.350823207723266721262916277 
  1 -0.350823207723441207457271944 -0.000000000000198460381529169 -0.412915937652737066519177789  0.393104161635419830548241998  0.154558367838338456538603108 -0.397467030774894491445879855  0.221893232662295096656018503  0.135897642567984272035366979  0.132076235221911435954214342 -0.333272520780484346989553517 -0.133637149034953233301142516  0.049493356768916592202476200 -0.052894478980415181026294272 -0.195524469765032043878318372 -0.169903124054511784980688311  0.282961615886513774123087752  0.059450324514461861472893051  0.350823207723639681998651379 
  2  0.350823207723535577758796536 -0.000000000000147753902966999 -0.240957760010399372674588450 -0.071174658331678088011244211  0.047498393455771508521227145 -0.114973703265849913649497089  0.151129548879335317916871254  0.196815242486135943823172613 -0.043681055168730739869823903  0.140301769890922733364694749  0.035851841070462598381410927 -0.708242287832105052125913793  0.104516690949744826354329309 -0.064945545538157892249774770 -0.287965845564913207183914442 -0.153331418532723825096490436  0.301137085214253056282417748  0.350823207723683344477182347 
  3  0.350823207722597357242306448  0.000000000000082997590601186 -0.339126316673089691449146607  0.264079879860953507619806362  0.489028541984195247496373997  0.033619960009427759150888992 -0.306402288405079248094813516 -0.243021682645322425010188037  0.276972841055358413124701781  0.274720941512492370818063939  0.084182282432427888052633996  0.273403176679626471228000139  0.011935178865968491180811298  0.139470923875298727750587892 -0.181440389175966123519179459 -0.108173436758269906323946959 -0.026812678461759929873489906  0.350823207722680338686705814 
  4  0.350823207723218067234368469  0.000000000000262256219301569 -0.263672003304725870914977796 -0.186069844953735705364860984 -0.439542590818710936789784316 -0.211882910714566111634877305 -0.152571025724178181168699991 -0.282196439943846524439620168 -0.175430744700796699877084806 -0.185796123188616502863755361  0.081756946104965879214899926  0.270359733133020074893489783  0.200904110988284784203225922  0.025967596994990362582550670 -0.011048773834434230342329715  0.332344654744286669426053264  0.367541571567832311265235157  0.350823207723480323008474122 
  5 -0.000000000001405289788019402 -0.350823207717159244288461777  0.100860105194079620730733500 -0.362313676756495124507706393  0.160355814094272937172668171 -0.218546250204945976152630908 -0.261207821859354911547742797 -0.231958772483218933718061744  0.061326990060481307355346504 -0.436254691473582927784469159 -0.111656548645791040558714423 -0.131243286579024014355279243  0.198945501552880838307520372 -0.106415077548320935565977488 -0.314648449759846642267356540 -0.145250469324606741611786220 -0.381041072660655654443120264  0.350823207718564536464905088 
  6  0.087705801918321307368882026 -0.263117405804884914038567482 -0.376941146335352589226083500 -0.188702839357556244850561046  0.008722945559147887611170266  0.193207776947325797227628643  0.079611543056188943221209194  0.170295985896771345385038140  0.101248778709263448384097786 -0.214339778562518174107028652  0.242405951601857547767711017  0.174255782977947503859192346 -0.146429813769198185303251975 -0.446581743123688891796403477  0.375094156161626575313628214 -0.399578896596544907386818679  0.078006633411948079662978260  0.350823207723206215158384680 
  7 -0.350823207723297835327216785  0.000000000000044795692416647 -0.016219306413918150831319561 -0.124459437133835797632015600 -0.223973254916863012701360105  0.181153368590598345193793689 -0.191221328406817791895333068 -0.108089325523421229455954775  0.238789080821202685629328596  0.422733965693790063215072294  0.170348651066746421199920902  0.001012332259086637288342252  0.084713960834433016408513923 -0.540430127791777218562110871 -0.366038615465260244143672212  0.172016100063035164978776912  0.048800568086376085316329068  0.350823207723342632005908518 
  8  0.000000000000352183324217983 -0.350823207723121858751724464 -0.393910740704341002902179760 -0.087894110445215133434962184 -0.131012213885255429439497373  0.167566658121016654797242741 -0.105939566605194469139423922 -0.055792296553871072069000549 -0.122312058304279206625766395  0.154852829983146162438236145 -0.071447569166806743768138872 -0.258710593164007881263576865 -0.468002912511247816737232842  0.187933951060229028910731776  0.097833051361748428121051067  0.390982389302104648257709686 -0.355939992024861590659565781  0.350823207723474049288306767 
  9 -0.000000000005086199382344883  0.350823207718218653617447251 -0.094945239202567121898746621  0.364147455933473173072972093 -0.453081755722368220470258256  0.000031861455395390600214938 -0.381430154252097339257609401 -0.041878301559354182679645533  0.265124037672471095294184768 -0.266056448719206306385341750  0.204703548225824037051609187 -0.280442847712419390243164518 -0.040474427505877789636265639  0.066073159685076778469029019  0.082099227701607962772679633 -0.232762296719671994529164709 -0.232869794726831503648150412  0.350823207723304876380479125 
 10 -0.350823207723598398451595608 -0.000000000000034389032784458 -0.108022748531772810487243883  0.063367684268447839377263951  0.080159280874532864167218315  0.401126802613231061609897948 -0.189759100834267359270675420 -0.283390521727800492718933510 -0.317112661439849178997545886 -0.244761832159133971609584660 -0.157568384693897719562800471 -0.061569623162573911058721712 -0.210037761396900266554135391  0.144662280012898857580714053 -0.232463720983627774303042998 -0.253957697625021404442573014  0.452689114035787735215924138  0.350823207723632762719042358 
 11  0.087705801927010501209651174  0.263117405796062923427113158  0.173455559952564917416388107 -0.280305824459492003242674466  0.255810299038330411698861420 -0.029692664872782621332433583 -0.394878963917834036420776684  0.449762656562260174546682603  0.056534851343348986624132440 -0.221458834714987394022411602  0.228475766611002302072237912  0.040546522819691406627310311 -0.400975322580228549728633438 -0.012766198741268416179522938 -0.125517093076541207786753719  0.283634446770138232790622188  0.163247368182247687781950705  0.350823207723073404729063896 
 12 -0.000000000000318707184694628  0.350823207722969548228833949 -0.156386471065690110204619679  0.055432440819705737129104336  0.315913576294991078853744604  0.205940881683932750944061380 -0.072679211314100626672793869 -0.087957582135966651650699167 -0.531922104656244791954755943 -0.077433742114574930051880738  0.193589184176739695437291546 -0.136008099381820372956710348  0.340440582521679369616496242 -0.284110880547656307559437702  0.175978327009966654138460862  0.213908324039717344115697916 -0.275509971026867528252776719  0.350823207723288250549804840 
 13 -0.000000000000032352664033536 -0.350823207723454643072711231 -0.022259995277670872878935579  0.286876142354007309703116242 -0.193030626700682707929937268  0.030075039357831127429280319 -0.207719362678180186825299095  0.539117447552798886441411683 -0.397405626931975115066478943  0.069638352089699226666576739  0.144503479705856328932761647  0.237217236379567648451260400  0.203057466686686908465469589  0.103194391422698269471724062 -0.311175897117840600780698278 -0.137217585149492658447310748 -0.121222253136735016019166466  0.350823207723487007979753711 
 14 -0.000000000001091849232596744  0.350823207719729829402325184 -0.318139077185043264763803563 -0.339688816817922475563300686 -0.112369777812418079650871506  0.356196552438971067122223789  0.348417803793374047227083484  0.169628759288258461614715911  0.167969778353550023709469255 -0.133695880927166311507950483 -0.066897569421936203672434739  0.199210417724488497118645696  0.136115414400450724456343592  0.273173137460001221286808589 -0.353514778823223567191882515 -0.033729837119356296305304207 -0.247265847099427326081255200  0.350823207720821706300699518 
 15  0.350823207723415376419191506 -0.000000000000109577409896219  0.260070441318480840076023141  0.250102944996414767592794506 -0.081287132705386188436251100  0.083896663056513324611762666  0.380640454595660327123760219 -0.255117111448417318459550205 -0.157404387017386526438556453 -0.154641775493163926731990274  0.256119698798567330753052914  0.088025318110258354085454624 -0.419346093675240413898518214 -0.249301065041210137254134874 -0.372624538188347103058704688  0.008454568632658470911524446 -0.155428906937676747067597149  0.350823207723524930830544663 
 16  0.350823207723408070698047488  0.000000000000037358561934647  0.097399042653146279041859776  0.192326253146497979335782909 -0.071086129270765621465409368  0.353274353332663750022989047 -0.153067030716689502007639415  0.172923126262588000013450591  0.113850092931178530184557439 -0.120935546664825229941250916 -0.696488080607134994200100513  0.011689549328709599797712579  0.060623117408186535470210369 -0.327647242382704337231824448  0.022279820499663444219201403  0.150711762680347349987967598  0.014189434855065658826633719  0.350823207723445440021771796 

 0.350823207723683344477182347 

