
  0 -0.369274472937135770073558297 -0.123091490974587134406390331  0.104311033788702315350489262  0.393341432942872118178732565  0.212736600478790647482374832  0.194585214188324594366707686  0.136971849072683337219376840  0.332984483299299907735780466  0.685657606627793045196715122  0.492365963911722909207568932 
  1 -0.000000000000097076055792079  0.492365963918567121845126341 -0.107012440277838512589377760 -0.228783455575058595644664055  0.745483188443277218541261227 -0.257027705147589730979432685 -0.075646441387780833747386640 -0.182637235280913842550569265  0.181369943443712668546139504  0.492365963918664204898843330 
  2 -0.492365963915227285286311664  0.000000000001273182634602152 -0.219814755158563914985383167  0.034262707555364991941613192 -0.185188372417495006603149173 -0.596600165370035493776216749 -0.475332766092762809512809364  0.294351764199849864037154768 -0.072612723790183474619824451  0.492365963916500483063824775 
  3  0.369274472943689646812780732 -0.123091490974698470575566333 -0.365495522967545484509102474 -0.077167839614477341538423768 -0.271190784612068217111160008 -0.502146647740350850376591449  0.379532388460447840157645154 -0.103867406330261832506931257  0.477926800062573904074785031  0.492365963918388119258118252 
  4 -0.492365963917558373510890567 -0.000000000000506006122544246 -0.190381452095561105683676410 -0.121758189178167891345859639 -0.233123048622480274541246993  0.218795190901416461792087870 -0.086673975082147334136749769 -0.740310346541536597771643626  0.220717296848152088712978082  0.492365963918064386325421079 
  5  0.000000000001354682361815748  0.492365963916574409332627313  0.098778661899725291443720515  0.748225762801342469587420344 -0.145592540584880202122313798 -0.200375003155243690536784093  0.196359032147854526287118786 -0.237770977279394762312501486 -0.177588019033624092899708443  0.492365963917929071897967305 
  6 -0.000000000000217564925172920 -0.492365963918416106894846715 -0.581708965314477600018540861  0.368083548950659123887006208  0.416206566532940717179355174  0.040636912232192328022390517  0.050556470599038121740004946 -0.125603024138240687754489127 -0.300821537105187383990809073  0.492365963918633647925723918 
  7  0.000000000000222333022218128  0.492365963918111022122215807 -0.638771309228024273912549925 -0.072315359944581519290146004 -0.198297627358809217179031746  0.421149262151164676371202565  0.058969939220200562236887215  0.352084457660022516100379810 -0.013707359855234688166203356  0.492365963918333382246753364 
  8 -0.492365963915585271790836404 -0.000000000000791632157674765  0.057841289682512312962718845 -0.265386472794242048740107035  0.055365882217760708403212926 -0.144743921986842863115358141  0.743927145721566690106943088  0.118319665120513434989968930 -0.303902677977044766101743030  0.492365963916376924001187770 

 0.492365963918664204898843330 

