
  0 -0.000000000000001118341559852  0.000000000000000383265834991  0.577350269189628767120912746  0.058824790864537363128282203 -0.264062889084884239576024236 -0.137343188460162669895102396  0.133345981631387497368185545 -0.698144002983277750836801432 -0.263491461188770994096260816  0.577350269189630230268429372 
  1  0.577350269189627387363342854  0.000000000000000064616107787  0.000000000000001415140240947 -0.141232793346264047177418277  0.392058397986275418028039920 -0.121129611571631934833525422 -0.145300853865121937596077343  0.088875808377386852843347493 -0.670318243128254369675819528  0.577350269189628876149753713 
  2 -0.577350269189624089983562612  0.000000000000005606929981328 -0.000000000000001512176532872 -0.370227173026790189601857349 -0.086258718754308440000754350 -0.292350779731264977350533908  0.369655083339317155624728205  0.302019645538094937794015592 -0.456977258864259111924733923  0.577350269189631184830845303 
  3  0.000000000000003860987708759  0.577350269189623994972925471  0.000000000000000781189815097  0.087548785799704190917523923 -0.077788659517566557033004507 -0.709852886423850076710237043 -0.352651975300820101075562873  0.053292322199067406181837855  0.147838403565905117498414094  0.577350269189628596879552497 
  4  0.000000000000001117893964831 -0.000000000000000559489156249 -0.577350269189627341508721550  0.073280467124312403850085892  0.360148666811975970198438651 -0.273860446705559801403636231  0.448742884470835994696290215 -0.498606114758293031637571088  0.081312971234169394656571490  0.577350269189629073776526059 
  5  0.577350269189625729252396124  0.000000000000000071336598934 -0.000000000000005435487101795 -0.228994379680522605342361155 -0.478317116740591006003956840 -0.171221168159626892195429414  0.514955937204437985105901750  0.213143837160705540874709518  0.213340984263993337877859721  0.577350269189631237882568770 
  6  0.000000000000004744405852659 -0.000000000000004162463280491  0.577350269189621131788765533  0.014455676259768416636886184  0.624211555896862285364824950 -0.136517258245400634343198963  0.315396902839456214760526303  0.199537888224990073048161601  0.344804432422948485285261318  0.577350269189630086013600228 
  7  0.000000000000000461548515203 -0.577350269189625050221386358 -0.000000000000003038614993548 -0.576713390303854579735696790  0.038272471401028755370206791 -0.321717917697684277813276458 -0.365919641208284518199575040 -0.167475381050613140604933906  0.259144639913653215816432411  0.577350269189628565088562017 
  8 -0.000000000000002071538081051 -0.577350269189628200898514296  0.000000000000000600096519394  0.664262176103551308265267062 -0.116061130918600427043866607 -0.388134968726164108393356107  0.013267665907466034029488928  0.220767703249680826030371885 -0.111306236347755015602976572  0.577350269189630845184122661 

 0.577350269189631237882568770 

