
  0 -0.277350098109942088812746899  0.096220139286673900659352971  0.345658146160984789906700272 -0.072071531949851750941984378  0.176371757052299263904595797  0.143053302327404940597943906 -0.034259120753008111938082417  0.490517250069475523057672788 -0.155620317531475463037783867 -0.667911299879719805051533033  0.041418641856764062975400030 -0.046245934818522238759293017 -0.147021311618140381598597643  0.277350098109942100332858672 
  1 -0.277350098113472179504012213 -0.538172146743233745354694002  0.308063419742686150133100699 -0.113240193139377277545582219  0.166266099801887328419385653 -0.195352426203845744260198238  0.130788380536977872223772140 -0.261738996809327164214005901  0.081617292365900308874726609 -0.122295950960459018440079468 -0.275120568841082675923340941  0.421138533496646744718774770  0.315649629319464311647186486  0.277350098113472165461956820 
  2 -0.277350098117619299615691838 -0.460383441165723542727823747 -0.469110161841720806578243804  0.263897722315506498755312863 -0.381530167159377065463586483  0.201915368914358503543864316  0.125802628096611460724423973  0.191201563941984722398880259 -0.097999853053991417758779302 -0.075688630985170391933922229  0.181200436278827971676846623  0.269255375803045855633233266 -0.249065129787826332826556331  0.277350098117619292548141630 
  3  0.277350098116819477290268968 -0.108990017807955996422227855  0.346007304756675518684241441 -0.032015525251070004177750271 -0.257956128734847968834883518  0.111889347429901589229514136 -0.207080676285059894300910118 -0.457018746547386446174050232 -0.579959712635267565877298931 -0.123177866179372682528074010  0.190759589368394929209174193  0.102406142854168370431260946 -0.247468431638053161874824692  0.277350098116819487881201667 
  4  0.277350098117050320665725647 -0.150174770586372243816814203 -0.225159243430929380220823212  0.257463596384786295314424806  0.171717964791127051414902513  0.268126440127296762967934783 -0.643357998293419919095629788 -0.025809367537648729294127548  0.150004127642154195786737776 -0.289668729652721313399253151  0.021058647086484726029135054  0.069669523427220556686662524  0.394815485866333611898769103  0.277350098117050303248021237 
  5 -0.277350098115034435173619345  0.124430903575790007518841727  0.107981812816680715041069798 -0.177526241455920862535971126 -0.239647223421590281932615378  0.081939530415626578683306139 -0.180419840701468155227487670 -0.387033324764306937714985156  0.655842695208600625074830867 -0.190807470779444176110832476  0.293228433285532910192638102 -0.001527470451157745957079565 -0.255743747243575218734582278  0.277350098115034415791058109 
  6  0.277350098114387345750101746 -0.463906852460310473630798329 -0.022013189123454368047821561 -0.160847620193441572459920438 -0.037853755272741736937039260  0.232716481953358232520705624  0.158486584415224968335490847 -0.062451877479973691316825660  0.169726722292409497791788984 -0.164465316878445127396841233 -0.400350514681277608793273920 -0.572979317055764850280950995 -0.229043407681487174452019329  0.277350098114387322301155336 
  7  0.277350098109001836914148291  0.294203926924539009804459338 -0.173931497785244815024058808  0.279183920573396391091866293 -0.097262093637262637389086318 -0.052066377387153636282528810  0.559128441373505452225125495 -0.279328735064989188548485953  0.056260501388684339414908933 -0.525949994127757388870082058 -0.028496947249967679514197248  0.109844969367315493056239178  0.181214052149635197374863900  0.277350098109001852453303627 
  8 -0.277350098102031079384424188 -0.018745606030525130740939085  0.419269771963682109571494317  0.561380148412078159066382480 -0.304551834245745394636320302  0.193279374440160930238876694  0.068080314143618688284290217 -0.017023531948178765562444772  0.010991666918675539174226147  0.162269204350411350660744664  0.033694096194649029041277160 -0.381068321590901706165019070  0.352074959664468201798717671  0.277350098102031095148589657 
  9  0.277350098111420185290893116  0.065283921145810709532448974  0.161402893646135169481379393 -0.210542746150840316940508531 -0.699278042365685939944054202 -0.175536276333968637962957339 -0.137609215215233510910983156  0.370926753714549723091721275  0.145599177393218306826231280 -0.045541637633786638090248351 -0.274385461924917694555445439  0.210056454655731965345890688  0.171539546553402833695664820  0.277350098111420195756693374 
 10 -0.277350098111411226137262646  0.013283735413983114146916269 -0.242768588580891114183801027  0.167125036163297476874302030 -0.119615945128886585628179934 -0.678712220575087669504962473 -0.310462667619874730296984609 -0.154313865552889553216510805 -0.175629955185908428711789899 -0.232243929174256655565391975 -0.215468816172063051901187867 -0.319702402928480937334061554 -0.086344944175073388752881574  0.277350098111411202950193911 
 11  0.277350098114263042672316936 -0.359191491536499563662197159  0.094697445474207593579932828 -0.067370868377010603105982699  0.033014656893222715737437296 -0.418562529830805115600019277  0.125543100682035691127570089  0.186647257343151020904862867  0.101852130371281137502703236 -0.064639292372564647323590866  0.682338220392410619878609740 -0.212720455111395904933191483  0.168171323468609267616551392  0.277350098114263032833548550 
 12  0.277350098111536637349499960 -0.060591131338370063906139171  0.288090686696667528704633466  0.563694183344039506140417624  0.184910085224406024249127748 -0.220444156649341502139206425 -0.055580542955871906827706799  0.128643810510002082114267649  0.275718582282504483499262091  0.086764759415077536290989411 -0.131971310391062867212598947  0.235572461401386782142763571 -0.509679112577496432757932467  0.277350098111536658151976553 

 0.277350098117619292548141630 

