
  0 -0.242535625038700445069028662  0.187138800576643706304903272 -0.463862683794692699977910546  0.469580199874303044390695701  0.263021274055893214466491042  0.084897540339192877465474228 -0.300934708247597578316592640  0.150402016309138066561906426  0.062676631234866110061016294  0.224541359789362808675579887  0.028623335423627889880519023 -0.309444860631033953479717264 -0.113865121996003793955545540  0.020369074338768949859382329 -0.300730746595958318645911769 -0.161549930202236847619308575 -0.008426845271582521255440443  0.242535625038700436428840135 
  1 -0.242535625036303751452393914  0.114259033683520747758567834  0.016271725529685261182468042 -0.032218609225671228939121826  0.180764966870765306143288373  0.114691883414760411550930756  0.537016388298685619711396266  0.340615989274720180294462575  0.443735645005332312944499725 -0.032268164082147618056360654  0.148014996085651758992212735  0.354510010060010328137593405 -0.154017667624155124271575167  0.234046551926734153360191539 -0.139410023715362805917030418 -0.108134159677136229388729209  0.146378810579746307594738364  0.242535625036303742474430578 
  2  0.242535625039450242616284828 -0.116530242661300053530908789  0.055074908573390145279015349 -0.068623461462278081707093220  0.419474010656870882403641356  0.004939287854851675249912881 -0.334191018497877916815364866  0.187648478396539269273044191  0.117519348085516110027350232 -0.039934167596837462701116457 -0.365895191217073001606169500  0.142434147864131820343482256 -0.486197575848556429016435865  0.018844090586926024798368804  0.151665113281093519810401891  0.328471471574161138862351705  0.244468829421975028910581986  0.242535625039450253304096350 
  3  0.242535625026210792169980754 -0.016224539399933451770138752  0.101749230604523140969462820  0.586094438724364661233937376 -0.035646013664041484820639249  0.319403966472362861666519122 -0.045663237919113954818120028 -0.243288100016092239553782648  0.211582582908254356731325200 -0.009476567947357092359764921 -0.262086738294830447233982861  0.410908191387175353259837787  0.367087426084850709289400999  0.029535775464063916214914141 -0.039059213613469576703382392  0.048773260056882194172392859  0.023830369934535350723575435  0.242535625026210788224290127 
  4  0.242535625038870104540832363 -0.077725990115214310943680665 -0.013125564625597702135802277  0.073382860154377226862108071 -0.297278467470210592287377292 -0.114133378884829133796677889  0.160615173777993636677761222  0.256305069317376631483621968 -0.048137276640698941498407790 -0.180851322173245090131192969 -0.237580796017025707531347472 -0.281264582706513137220049329  0.022594543798458178229655122  0.439338463512999865775904427 -0.482756190400315175010849547  0.361861857121066067695750869 -0.092640370455371757694680830  0.242535625038870106262578474 
  5 -0.242535625034798673953900186  0.119267237087891152191241816 -0.245345998870180874298878123 -0.132362596694104059004288379  0.199853117702684391504687601  0.175390764955459773573989297 -0.062459566232036321816763888  0.019997794536533198142205204 -0.547023323049285940624155479 -0.123693121733464228685849630  0.162075711405034747354319154  0.339337330264890140159074051  0.274138205960176776875595251  0.122636408383842246233357220 -0.120835472401879336598640678  0.404646606502678975468122274  0.223043910156603945875592687  0.242535625034798668631097485 
  6 -0.242535625033969212181177696 -0.116559334000754411473900851 -0.212838607529810699175297685 -0.196556889161720016857462079 -0.099680229503431713382494468 -0.135639907175393375398342703  0.092757163219839256795613467 -0.602156506681896969219050376  0.340794312337400565804110404  0.173460772149421463783525285 -0.146205067249184360347598403 -0.075299376433237773489789352 -0.041797269279280940909303982 -0.090369648221435387982623873 -0.255567869526170380738865354  0.269075747845725793227661420  0.351025820482847532960530523  0.242535625033969221009400030 
  7  0.242535625037504296056162686 -0.451091273970452735417735111 -0.270525826414095150275241521 -0.118066506635824159684081555 -0.267857610353811905071027313  0.584592211696452312578220495 -0.037272991281335911208197960  0.178714283654833808419540605  0.072846010306864990452061076 -0.035366678034602930426981635  0.278903413023094301691569528 -0.111473696404562909358406876 -0.055276786601575895947861196 -0.172920139205204143187576451 -0.024905963062245501875146104 -0.054430009259788182061747580  0.265395390737219136262479623  0.242535625037504309897684607 
  8  0.242535625038741685588390112  0.604879847345052629629340296 -0.217095230349451069210041627 -0.035179499651844980996101869 -0.492334779160732626312092851  0.026540280235571860609498051  0.024875645519263724663022683  0.069650528774667204467783820 -0.074133406518879033961257987  0.310583688259082116805855569 -0.047225821803373382890567780  0.240791230140639377966879127 -0.289873339829936827671912702 -0.128188192580462128740080120  0.064185232373031729630076223  0.087235204418652763719362231  0.063275702631658464062852528  0.242535625038741681214204959 
  9  0.242535625034672548634344046  0.099857012138408266883293888 -0.307025325652159052551808925 -0.427793981421933726142598801  0.250381578036147590118130979  0.235219716601187674562367365 -0.076802681247732757368731598 -0.168884706360615496278431427  0.246674971658932833537721950  0.070913583060367477410736939  0.007227242993113335665640491  0.070695339247693022729025644  0.109820301256424930257016658  0.159179503813815596940576885 -0.060968658861895349312998398  0.055462871833741083591067596 -0.621589574027805101505128055  0.242535625034672547295500067 
 10  0.242535625033654641756797203  0.208062521329861771241336980  0.288030208941042395945999089 -0.314226672971112599211942291  0.199245917805400627017436960  0.106354493340828021944603170 -0.058215538768367791671202601  0.102715768884361062928495031 -0.041020398613501188222592004  0.400333240398397801965528891 -0.156128628020700655717342146 -0.184218627533458715042540665  0.367556178906778837700220372  0.111020506486151190616976209 -0.212398071990228252530667022 -0.283827913152181525127864377  0.397341807415317456924071441  0.242535625033654639315372492 
 11  0.242535625035604031051415224 -0.136063297178581188652314991 -0.033077763515464984511013559  0.161590510534212701727905165  0.237885174542800650692389925  0.138756982738058455177020684  0.454604685690971444340801253 -0.384636234292663353546720034 -0.445364017444584483875226191  0.196709621794941777717726120  0.003385434299166920469789865 -0.047904518864380100303526872 -0.388493737795502944965995015  0.210905734720016757392168046 -0.018970629846593385529967531 -0.172363510352396083570856092 -0.013286968455380639522495563  0.242535625035604024413160573 
 12 -0.242535625036427644203260272 -0.395842201957146681084916951  0.247936419831671675495888370 -0.042181675479664723392415093 -0.142601920333308334929530114 -0.002739286540075097251303960 -0.162043012455964577314547521  0.153255349976878451264249475 -0.131525646589706019444219898  0.549864446103704098629185471 -0.035627015049948237517931834  0.343971025317448354239142616 -0.123211707494651770342962735 -0.075123282022973200453339520 -0.326769891262238165882218535  0.030766575737775179890054502 -0.288722490488634066074477081  0.242535625036427643363978746 
 13 -0.242535625038629753777535758 -0.095697139276798894584887915 -0.056902544276628480913488627  0.060278565999625071275962654 -0.119353932897305364001176309  0.148899178587367329573725977  0.057257839495226453861435716  0.084618584145537845663718610  0.064090263169204181821951543  0.404869663095757615504676633 -0.090330069178391906346128673 -0.211515607624684726841731975  0.140142543399609549971861835  0.451142972861140963496287375  0.613307756633473067361211850  0.240918128844251262477311906  0.002964494670007599958592656  0.242535625038629742977747128 
 14 -0.242535625037721155394034748 -0.078999283495023489935429348 -0.220445052218815157453312619 -0.192029341502221172431469364 -0.237711002207127459686440614  0.077179998102429201102645471 -0.181126855311947083500315581 -0.052787569803146618884509352 -0.120982828298327521814022521 -0.262170497490995096309736327 -0.496391562850478048431397869  0.191286160333387028873101751 -0.085104800030551114679046811  0.311478082054839630911531164  0.024699162037800873029594375 -0.526199580428292600277622723  0.057313993857746600350105858  0.242535625037721164209969515 
 15  0.242535625038912443642781227 -0.286175921429478227257376557 -0.502198962302051193946487826  0.024738526993673907193791699  0.110059622981471078998247089 -0.478541795861033136039904368  0.248665454020133487055534895  0.243374255811339691437099898 -0.043462591875122914096358370  0.171997155674781435249698992 -0.178225814915272293345359976  0.173565260345188304020827478  0.292631970402635294777553653 -0.197284849237249332621524055  0.123031928887782770370119265 -0.095101322872307776132281745  0.046753123773516571306833840  0.242535625038912433515392308 
 16  0.242535625037489046516328329 -0.095421003435473363951011745 -0.036992416577879541508565823  0.052593439572775468344643427 -0.079637159679765548549443230 -0.360451592485448088690092916 -0.356148242531904134600770683 -0.147653686424118081884138671  0.115259831951280570380986303  0.049695904402474078366742244  0.527787228529250769961181449  0.219311937817438420433797977 -0.043564797414842821971041110  0.503749265767310483083808281 -0.005130631594488300261029497 -0.126558520760761802385017965  0.170029383002078482037267733  0.242535625037489044331096011 

 0.242535625039450253304096350 

