
  0  0.333333333333273258654154316  0.000000000000104665128398830  0.001414709248033789459630556 -0.298797006081540057124072903  0.081763639080484757103659907 -0.029566202295758272172060769  0.373997659076671666915911393 -0.294678506867002579148841333  0.119468138612799630859477596  0.078284189525378053253849742  0.099343709103931884629191881  0.330018944368613427270535005  0.193555178522422950593537396 -0.184613883747154844936818741  0.526267806730761845198045362  0.212700806102984297624759670  0.145975125141536613973615713 -0.105362791858157326704506487  0.333333333333377916892382865 
  1  0.333333333333258620163229658  0.000000000000195799814038411 -0.084723063723380589227389735  0.347937565541492524900546657  0.425966105506173293577866919 -0.226985158313718255179263735 -0.245895653366496934085342617  0.253850141232645271510598867  0.319128576140182029697003286  0.001352550713361777068273571  0.063934902346618778606611060  0.437522818123654115167523726  0.063631493336883389752494904  0.103120919720240938401605464 -0.172772761858164001477309186 -0.071871190457795671360447094  0.172557399309672023332070235 -0.161067632384217699102811651  0.333333333333454396634097394 
  2 -0.000000000000041258972446030 -0.333333333333416047382216766 -0.057863479368312491049800522  0.202925630427219185020956317 -0.182072279774700380179078671 -0.096981124156256100592758503 -0.051524950611128425737287537  0.138749646414770832053479373 -0.208267210299613090616635544 -0.032544664015568696414079746 -0.107386420269171135710414172 -0.296552383348571401600069878  0.316223312215799089859474471 -0.208388254051095596404748286  0.176857828234001491477973832 -0.184914010927440958033135875  0.446016622297329465459520975 -0.477666048138049886063763372  0.333333333333457285417396861 
  3  0.333333333333339132470291400 -0.000000000000078170946840657 -0.024120554151384218079301653  0.013204458062809019683224343  0.154690757499538917886076831  0.584115116251835407433392339 -0.111672619970267397731199448 -0.156766129232615776841846299  0.053922603262637226369688378 -0.411854808605064342229184470  0.311458124740093395456573419 -0.249131772375106849100156008 -0.022509055652122630192240040 -0.167975466986133925164354154 -0.199678122246833073675497234  0.149571190991654745422045006 -0.061470531723059528229128637 -0.244167705064848187723179299  0.333333333333417314447336196 
  4 -0.333333333333351488256140542 -0.000000000000034711288565956 -0.022461762767484933540120356 -0.368729464484084007140732795  0.273547292342889310997426886 -0.211609257947752093548966648  0.088373034492889849976863177 -0.182958263695304292077505447 -0.277077207686529830887620731 -0.023179224735030596039941609  0.236328339233245246620469637  0.081036747393903436292860399  0.135866545112276698205300623  0.307005360886568760130657363 -0.379791335255561128317298329  0.182727183335675262569139831  0.152784974855755880085497761 -0.371644706022049366974497539  0.333333333333386178264634834 
  5 -0.333333333333330657411244108  0.000000000000099211142055501 -0.048534643310048591483943750 -0.258661731611842803818471643 -0.244312850781092181627641017  0.023465622609449468995844642 -0.349205423663564125327329105  0.001425175241579016567412887  0.573384431115192227697962959 -0.097900273153696359051659617 -0.272232685655124320706328462  0.121344726625075546864491475  0.162966661801363727313042982 -0.171646937468553390248520221 -0.024826754712634868425316300  0.242171324987543625184812689 -0.132009309125209669942492331 -0.278462915134814072828990772  0.333333333333429861436412657 
  6 -0.000000000000075308772249888 -0.333333333333251301354310487 -0.070570727365541037126959579 -0.055312690689299176091208932  0.097223630570929375542468123 -0.158135271706581723577638587  0.170648265289953931414392023  0.046688530764148555410719802 -0.113547379508733529005678067  0.013677991208331792991719022  0.098253232234575218149269277  0.160874820721136446500620369  0.115170766176602727625544112 -0.403989282460172109365138171 -0.145384802022021247418896320 -0.328598659296758242794753321 -0.660605656491424131492222973 -0.156491279755133940807422662  0.333333333333326633631497577 
  7  0.000000000000054355334757436  0.333333333333159602070917332  0.013372722549566587079128827  0.241471894423644983039883778  0.149595364966542393831648017 -0.319564483971022295164479679 -0.064362228380844597812216415 -0.406384361446482706278736143 -0.080756429977008349914295093 -0.013168327084930447960492950 -0.238919117619809340002548574 -0.131778372230442447019085349 -0.497175395741242417299629924 -0.216923730584770968912649765  0.104816620523368681268872843  0.044433183036791960008145123 -0.101922292597065573411047397 -0.371320953709189630013582658  0.333333333333213975772171087 
  8  0.000000000000095844836755688  0.333333333333363930986888699  0.071510695012762157014863152 -0.278247152162455614021194718  0.266954221715406763325621560  0.131281145374034638310828123 -0.123354975179134415180409928  0.110554801432504508198839276  0.222953063986216292638224263  0.473053077721021452186166622  0.158937429980088207372861292 -0.353111144291422007320439408  0.097861890613840022179701319  0.068198447870755234028547283  0.171080367198645485081115021 -0.431154360465911424583601910 -0.064091604330818875553448228 -0.182979140456199255271868141  0.333333333333459801821851598 
  9 -0.000000000000128259193483751  0.333333333333328464887473735  0.253089141342416266624511315 -0.127128583158766001558130001  0.258588596669801519115160981 -0.002750281768622363381007636  0.177780382296111609690148305  0.027596298923784308406318705 -0.043601354872712063296080232 -0.176610431778840689018430085 -0.401329918123463332438452151 -0.022769383331935516919628015  0.297492401809065298310836307 -0.437336461263110597486164808 -0.330515845451675298860563825 -0.117372222290757998168950068  0.234493388976200436490925919  0.238714389952354109094463332  0.333333333333456744552942888 
 10  0.000000000000072471880610391 -0.333333333333339943769787499  0.451486812146261075001885203 -0.187806347716870676429337871  0.005822983058980755777863022  0.257455939719257539267982436 -0.352457179563772291195658303 -0.283580817769624959747003206 -0.134269994819160853393279855  0.108343290257355931777287020 -0.118332321396612534139565135  0.349788841709845626221056891 -0.263133310129452372758732291 -0.018365606277677233061371767 -0.017556046471043835913189813 -0.326344190226110512336773076  0.190349614340261481886194974 -0.008722613328178526647686131  0.333333333333412392537223167 
 11  0.333333333333257976621855988 -0.000000000000146449422584165 -0.002803460429263323355493193 -0.062978105679114920418576333  0.056537093715615011252107011 -0.060240028998333088186148193 -0.209104706763001189791343245 -0.225036263936646879818882715 -0.171717594825622854874982547 -0.199413777379982057726768895 -0.445348088114513685144132954 -0.098433775937842946991562801  0.391413209035445125391165081  0.480743485175789530989132479  0.117725507627156804026581479 -0.068681812877775926203995262 -0.321649975285996307555233716 -0.009626964147249085045195950  0.333333333333404435619979605 
 12  0.333333333333433332661243783  0.000000000000011682368861994 -0.455274799655367751059915048 -0.238625627864226134952598275 -0.335580603511283991662099071 -0.252664182998483682130526803 -0.129997105835739439597095647 -0.348399386564611846068699461  0.121946026635498315599866945  0.108303437336199116415888425  0.096736609578439256891043162 -0.093362655513695588722827584 -0.040259556037554144452855615 -0.095359813101427049924039267 -0.355537409075204549443186855 -0.236203324103314007079765297  0.198469126595661978169381500  0.181544594769505703390765491  0.333333333333445028292996977 
 13  0.000000000000025762363306286  0.333333333333285908096595190  0.151789948879911723396606574 -0.203162818462830004281905709 -0.193151303663662449215785273 -0.291742667205532774882607871 -0.316123295208890027459245820  0.205847204541182991767820887 -0.189392911169933431532204972 -0.502124404982650338132957272  0.375207172359640381706501379  0.126741352397922917155526102  0.002935903483732406602978185 -0.081614913845270903037114820  0.263921913551758201406903981 -0.191206662250406294141877202 -0.007580797939295606746342239  0.045399541045101951756593766  0.333333333333311670669771049 
 14  0.000000000000004793677651115 -0.333333333333421427594431772  0.018886673933376561120323239 -0.275843560089427870725077517  0.212075073112242387540777963 -0.178248793200544073567415061  0.300760874108828014553837174  0.125471866149140678230002804  0.364163143567290252102787455 -0.426777871819042701280558444 -0.138144036953758039619948495 -0.251137066508063724831989499 -0.358825528345505018362426508  0.189503395186441402335337217  0.085386788427379230031642871 -0.221880540109560946652329288  0.103988166876434288092752763  0.024151397817418800885945331  0.333333333333426204704271377 
 15 -0.333333333333322751628946641  0.000000000000111736245307917 -0.655336581482379090768196710 -0.028437804844179643523386648  0.361073360815671272099328842  0.246208630936016804400047026 -0.177053995186140273595175232 -0.072543849363344575916495689 -0.171158391280755137128814359 -0.134943946742559183475531879 -0.111796340906553781961656070  0.145895760406409080977635093 -0.017779671725926076160238682 -0.098104778276910341474341820  0.273298159621104767967011285 -0.157383201793107480167673263  0.094293589882569733985910959  0.177280557234402806770980755  0.333333333333434503956190235 
 16 -0.333333333333432716475620985 -0.000000000000004182934733051  0.160825818848424628420142287  0.416570284919273213560407130 -0.006930810087170547888323098 -0.043405451952072412740148037  0.115213957497681506611035239 -0.516953207551177896490848502  0.317598917677570510752187638 -0.167304963778537012917461414  0.273825944983159812821834087 -0.021663675759960109253725286  0.304777734016818777852079013  0.098661595920289270713814778  0.047324951524853543986666782 -0.281999636874422483440603462  0.018811888424763947951620804  0.134146565237479180308404747  0.333333333333436918236204490 
 17 -0.000000000000002479305580019  0.333333333333433299678502146 -0.147823228438493491112440673  0.051029691292047418223693848 -0.348937472720737600032279869  0.306867038226829029697813168  0.393487125696561279728586375  0.089715282107095655953948461 -0.001123809027229875017427202 -0.118451168243878008013086772 -0.159505112981604120675348797  0.343891760029393871363040707 -0.091679560248191210577708718  0.226436910220075575137363043 -0.109999287653744569043242629 -0.366437338589488550450849721  0.018850052913548601495901307 -0.348542380236100563182633761  0.333333333333435769718563770 

 0.333333333333459801821851598 

