
  0 -0.47140452079218093 -0.23570226039958792 -0.47140452078784634  4.71404520792180926e-01
  1  0.47140452079212608 -0.47140452078972966 -0.23570226039593112  4.71404520792126080e-01

  0 -0.94280904158430701 -0.00000000000005489 -0.33333333332698722 
  1  0.23570226039014175 -0.70710678118931758 -0.66666666666562868 
  2 -0.23570226039191522 -0.70710678118377746  0.66666666667087771 

  0  0.99999999999999989 -0.00000000000000001  0.00000000000000001 
  1 -0.00000000000000001  1.00000000000000000 -0.00000000000000002 
  2  0.00000000000000001 -0.00000000000000002  0.99999999999999989 

