
  0  0.000000000032166137385894971 -0.705781401254060762736827761 -0.000000000000427029701568072 -0.000000000044193864088476236  0.379679253024173570804167613 -0.010901923989391977496791759 -0.258888097421192175370601926  0.041032481451082226342973701  0.537485548642743925999275961  0.705781401330847778501781375 
  1  0.103537554202995685168336038  0.028551739462502396453723514 -0.531352814411138216091432668 -0.042339292337117407262622130 -0.432644981270728576415538630 -0.376527787309767920394644805 -0.061359730482798316268406441 -0.503048686071339848683518087  0.344323238348676857246456751  0.705781400413753721989618128 
  2  0.000000000000000349946241156  0.000000000000000297313588328  0.000000000000000916434441927  0.705781401332294258102375423 -0.145166256364521107226177310 -0.292522034349025264449552577 -0.556637299612161592411458538  0.223240996394675618211505923 -0.188543377438810815451713555  0.705781401332295841796488772 
  3  0.693132456728220804119487003  0.000000000139377979554730521  0.000000000098408793827881433  0.012648944356985701570469591  0.396968807811117774372779848  0.065824606263010894920194131 -0.191037899863764241409195589 -0.455964357312695928240971546 -0.336290520455092415878046649  0.705781401322993244638187571 
  4 -0.103537553959172855620317778  0.028551739994645245219865616 -0.531352815031864387888826951  0.042339291419411764237959971  0.527400240441133306935547753 -0.462191365447847561258093094  0.328719694456820685929138853  0.249820573827207715979291207 -0.205176789331037701146539382  0.705781400405094242606063304 
  5 -0.000000000000003861688593766 -0.000000000000002213470006413 -0.000000000000001022260152932 -0.705781401332289496665904627 -0.080459444712395708809206125 -0.296481227283910470587198135 -0.536660483333074868578065064  0.260233327507793850766337762 -0.227534423859688909115746303  0.705781401332296601551161142 
  6 -0.000000000001673012300962542  0.045987210886330887716451007  0.659794189558437814814659955 -0.000000000701113334548727878  0.076309362409628999780850274 -0.675446661496643413740564865  0.215313307984783441632512489 -0.203932486913610148431181580  0.112058969865758737091709397  0.705781401147555058036339032 
  7  0.705781373528456200091077410  0.000000000001999135837491460 -0.000000000002577300850249320  0.000000027725331044742895546 -0.249016533363674942677841451 -0.077211683881678040752892609  0.244838479538880951204499539  0.558237935551285003005043961  0.249652360318317395040596529  0.705781401258363638771906740 
  8 -0.000000000038402757999042354  0.705781401282078396305919021  0.000000000004032097921888472  0.000000000004190850345639205  0.370873860095002968724573617  0.067038354592292804724925053 -0.283733255772918436875924472  0.064564398367314591140769288  0.524554983341176932524433513  0.705781401328704152892731111 

 0.705781401332296601551161142 

