
  0 -0.995121339594839015543943639 -0.000000000034969198371873272  0.004039909766597392014886585  0.000000005342977104534060597 -0.000000000575403193393719997 -0.000000000614810437002466335  0.000000001440867198688313528 -0.000000003817129529167265239  0.096015811737806848196895206  0.022319554394763489290064466  0.999161261187593113548138790 
  1 -0.000000000000000011751526480 -0.000000000000000797410811634 -0.000000000000000708747783570  0.000000000000000969081485076  0.999161265690233531668127537 -0.000000000000000189366150472  0.000000000000000204334044019  0.000000000000000004018802302 -0.009271517719869111122328641  0.039884885651844580748076954  0.999161265690236442317279791 
  2 -0.000000000849073734928381525 -0.000000025006514996579130295  0.000000000375370047515620338  0.027541712852956491854169649  0.011375455631567209972501318  0.000000026304820083882955751 -0.960243957244949123514769079 -0.000000021838481377839504807  0.062846815813692249578267367 -0.270358786391228434386937302  0.999161200103733096759481280 
  3  0.000000000730163646271759417  0.000000003491155884017271342 -0.000000002702734093034614654  0.995121354494666083168475518 -0.004039898077560156445102885 -0.000000000230017184334186499  0.000000001327819547110885607 -0.000000000121500761713192274 -0.022319565718574893741816970  0.096015655173300563079562698  0.999161261175617372186016918 
  4 -0.066988722883436221491632208 -0.707106533034316802048980383 -0.027668111305974341341420530  0.000000005175169540399698659  0.000000018071612694912905191 -0.000000124439348443613090108  0.000000111175535296004935605  0.197397539099832120432719516 -0.657582938649228665168970653 -0.152860158046960869403707237  0.999161165185225478440906449 
  5 -0.027541745498017213657416429 -0.000000008345102711816993073 -0.011375470071715080991164566 -0.000000008230925178523575380  0.000000003625342831817271190 -0.000000018006492778439178525  0.000000034645137821276337179 -0.960243970190541777307013938 -0.270358728870360698099024888 -0.062846848543717679546260699  0.999161258613275367270085969 
  6 -0.066988676239645995346186878  0.707107029338673579626009524 -0.027668093158881236490252535 -0.000000015815471291086491110  0.000000011451119987252104111  0.000000001315644682356695825  0.000000026970701261038857631  0.197397389217873742248577501 -0.657582516822089560223907334 -0.152859894139502595073582501  0.999161243508011736973173367 
  7 -0.000000000258847216033176094  0.000000000805752381192176885  0.999161263284079002573809941  0.000000000759023241641498960  0.000000000221229996408712605 -0.000000000033723117306740011  0.000000000117939737436001645 -0.000000000091562779159787022 -0.039884941616285801849135827 -0.009271536271233404600916573  0.999161265572157417948727376 
  8 -0.000000034039671565578049645 -0.000000152872101243616875162 -0.000000013807704026891879301 -0.066988629465594446767715085 -0.027668076661738930266900183  0.707106427448384210513680076 -0.197397576535334345250601550  0.000000042883452657957594836 -0.152860170851749915327732685  0.657583048947027278517685200  0.999160953713981478114918022 
  9 -0.000000020808769828383496865 -0.000000027117062003998718402 -0.000000008751519928335536989 -0.066988561741145394109087259 -0.027668048554739137866441976 -0.707107134924522201329354087 -0.197397414756431980185544771  0.000000032964558088197394422 -0.152859894263104079793020793  0.657582409129993655599009938  0.999161249618748528440563550 

 0.999161265690236442317279791 

