
  0  0.447213595499961630741914825 -0.000000000000001857845154234  0.102517166287803562385214876 -0.531580490028383576266591409 -0.447094886537811840913035633  0.411585676526512583367706580  0.151393819544431770151215674  0.127997176277253988088060226  0.285050398428254658214544420  0.130609001114563644542466113  0.447213595499963504785369967 
  1 -0.000000000000003211075784253 -0.447213595499960212117582237  0.045100092381821438020892160 -0.188237265124522594597145445  0.390054557323121168209163062  0.512989442353124859509585359 -0.523049330042363072124176476 -0.022147239066790925237848621 -0.091863287186778952249821724 -0.254405233127143492202976507  0.447213595499963414742379542 
  2  0.000000000000002638576620920 -0.447213595499961191260564208 -0.076014288699768040814190410  0.078235718106082144560032513 -0.571803440655052163125917492 -0.080134756472027486928831445  0.152176389389155876212273572 -0.031065594487273822147952785 -0.460667684580490618864289515 -0.467314461707516531636507490  0.447213595499963841430144523 
  3 -0.000000000000000584120048838  0.447213595499959319006042652  0.476718926974003299356546018 -0.417493942002766206631359652  0.006023855349639401216889513 -0.301531177489570919968272719 -0.268368576665721961509603749  0.177723973323307160937186734 -0.280244997335093706580582892 -0.354027926945697675930810333  0.447213595499959899596306018 
  4 -0.447213595499955006727426862 -0.000000000000003868493481319 -0.144318575337140013708624869 -0.365939261892107012123266652 -0.274107617922638053490225901 -0.145898240878004639209993692 -0.256682963850511090472816811 -0.640968873750343819215447710  0.267966457103472100430025665  0.017494551824713862538354550  0.447213595499958854100151090 
  5  0.447213595499961317082226325 -0.000000000000001128688317357  0.348186980141084044684069917  0.313494529045374277162212123  0.094132635064548211039823188 -0.077390932922703953784394643  0.073958167792665481312676910 -0.471296659193478515353708733  0.387939412444091689789347696 -0.433069692264833234698765199  0.447213595499962442565396528 
  6  0.000000000000001825391582400 -0.447213595499949209444200474 -0.124806755605430027972744568 -0.395663799376330268300341539  0.310275150975816083531375056 -0.500109423468144680124947143  0.268297273545887739518546813  0.262548029193412827406780424  0.333718294009755217288453952 -0.170910890470304001678703010  0.447213595499951037842744153 
  7  0.000000000000003063825242094 -0.447213595499959693652103354  0.632439878897376190963405818  0.088171404391994778457274182 -0.122502412294227237990571367 -0.234276439902535479558958430 -0.165792909558388050532884081 -0.031611222316036789879489582 -0.061432319577582750380259895  0.538602658359268248323536293  0.447213595499962767880258382 
  8  0.447213595499956086294635060 -0.000000000000002806432100137 -0.396940064387518847611796211  0.143009047764177569495263991 -0.208146578284706802050249043 -0.346303861209014296446790857 -0.641838162352444586370575630  0.170053555071215441380546446  0.113786153190648593761739437  0.070099274600138928778807895  0.447213595499958902265832603 
  9 -0.447213595499955585203495992 -0.000000000000006825284503979  0.198082657378516419278318209  0.290862348673273179961535836 -0.287001211835343525901817485  0.133789123272795531542828963 -0.159803211164829340532587444  0.467722945905330350863191718  0.518809506959531375504257600 -0.249855968374845698189807772  0.447213595499962421531874382 

 0.447213595499963841430144523 

