
  0  0.000000000000009757675832046 -0.000000000000010771663699195 -0.000000000000002179365249315 -0.158398451053825947462791630  0.707106781187051238856539070  0.000000000000036678896068525 -0.036511654776053007437868056  0.414081856001368423490782700  0.379258320226775388027667252  0.066743744616508851339527382  0.392200771789581778683586935  0.865505232240936607903195044 
  1  0.000000000000804608706832574 -0.000000000000416625175106910 -0.707106781186627875634889001  0.158398451053186762997344178  0.000000000000023972172606222  0.000000000000207615485117088  0.083275476943331364638035789  0.377829769624953548049894198 -0.005968638702390940711446676 -0.520553815428318371783152074 -0.232825882203661546526502098  0.865505232241267419670063821 
  2 -0.000000000000480229064870161  0.707106781185950061818529938  0.000000000000229705989307488  0.158398451053965584205173237 -0.000000000000417653658389973  0.000000000000660122909956215  0.064400426924714522492441959 -0.413981029985385469205155448  0.323978550189338453406309032 -0.359732333671414328095123497  0.254976017808020048824747122  0.865505232241703340012855400 
  3  0.000000000000407128813242466 -0.000000000000151590330256930  0.707106781186467119135630882  0.158398451053034544359801421 -0.000000000000296725541273220 -0.000000000000226864133727693  0.083275476942907096053361586  0.377829769625666645572548488 -0.005968638702726504826969758 -0.520553815428141363527009267 -0.232825882203634983058280171  0.865505232240583935042661790 
  4 -0.707106781186030015494588252 -0.000000000000357579703246410 -0.000000000000101616017153781  0.158398451054025910718380844 -0.000000000000223787983565155 -0.000000000000261516197378235  0.596527634383085482731780974  0.064417624225592515109365451 -0.216869813260276512106384042  0.082306078379721704260348677  0.247200880599303934189955347  0.865505232241000404961109305 
  5 -0.000000000000103041986685022  0.000000000000076233481769632 -0.000000000000015827565417034 -0.158398451053492821100467450 -0.000000000000658425828063085 -0.707106781187207775098840790  0.344995367451269463167579446 -0.053356569068903490419528189  0.414703347269742293279125994  0.142791500033055045174230392 -0.400840273623872535177460261  0.865505232241554168159600180 
  6 -0.000000000000577972130561989 -0.000000000000524480087257618  0.000000000000418652061907075 -0.158398451053813482444624673 -0.000000000000197725068419837  0.707106781185887278055966082  0.344995367451918305204535894 -0.053356569068879726459571442  0.414703347269886146605729141  0.142791500033629445253055210 -0.400840273625166448477532416  0.865505232241419629566226562 
  7  0.000000000000005700090880787  0.000000000000473740666548474  0.000000000000322877074636542  0.158398451054108032880099292  0.707106781186043816358251929 -0.000000000000497379646435741  0.036511654776979401656501756 -0.414081856002053042491812748 -0.379258320226787334471935109 -0.066743744616767386367765617 -0.392200771790419549291681692  0.865505232241451581329510362 
  8 -0.707106781187065012452518109  0.000000000000028874709801466 -0.000000000000295863880910963 -0.158398451053512644463253795  0.000000000000239245756306738 -0.000000000000213413935002115 -0.596527634382459650825951403 -0.064417624224427151025920615  0.216869813259262141688209907 -0.082306078380309088846035134 -0.247200880599180588100211367  0.865505232241355080343055139 
  9  0.000000000000151524083030717  0.707106781187144943360330801 -0.000000000000494740829318885 -0.158398451053693016375321576 -0.000000000000045315327524892 -0.000000000000059409338004048 -0.064400426924019078613633908  0.413981029985274646395892670 -0.323978550188391556575616057  0.359732333670569373536328797 -0.254976017807626539326756876  0.865505232241588991215497373 
 10 -0.000000000000000115386603864  0.000000000000000003550544580 -0.000000000000000121408477473  0.865505232241835834126192362  0.000000000000000025397783095 -0.000000000000001301125593435 -0.159484525092365825305051885  0.121688411557969300290816140  0.253590294641589971612284302  0.368776200124721505088079207 -0.101751591612758639106403515  0.865505232241837409309318657 

 0.865505232241837409309318657 

