
  0  0.000000000000233964963822587  0.707106781185657273076060336 -0.000000000000027523266985048  0.000000000000189508179489380 -0.204988805276018739312754793 -0.000000000000440369614217001 -0.173246554927199586417494760  0.380081309539176070868941870  0.130168514249508654909387277  0.516294079915397414060757031  0.912095586462567382781026215 
  1 -0.000000000000070394595503239  0.000000000000408746304001356  0.204988805276079286312026703  0.000000000000072789408927229 -0.000000000000059108872834608  0.707106781186712742860982911 -0.482177970947593396311035494 -0.271461481484238326030962798  0.385104977685527737724883318 -0.059049252970088186924887312  0.912095586463403107553831600 
  2 -0.000000000000276341097128886  0.707106781187437768315152964 -0.000000000000032575763011170 -0.000000000000116872260118316  0.204988805275472078045069513  0.000000000000000170672703518  0.173246554926824810496477185 -0.380081309537839128891460391 -0.130168514249525189954747109 -0.516294079914281735222379710  0.912095586463335795078793272 
  3  0.000000000000000623937579646  0.000000000000000361900393304 -0.000000000000001356877423018  0.000000000000000670244232249 -0.912095586463452361123804141 -0.000000000000001286053067386 -0.003233488035057026790444125 -0.324475512159624797489578668 -0.242466146234824724215372801 -0.063221797252212168983956202  0.912095586463456644752377522 
  4  0.000000000000225694512648323 -0.000000000000017090419860167 -0.000000000000083951029288367 -0.707106781186587670707827807 -0.204988805276243300350922164 -0.000000000000128870358471286  0.180440240849276060412982071  0.341793922032713668379341754  0.409256801074015391092098329 -0.375641710716176840901756040  0.912095586463286560319728424 
  5 -0.707106781186462717545861134 -0.000000000000212771176424103  0.204988805276312799905687884  0.000000000000010047371001267 -0.000000000000236320305019433 -0.000000000000106579119962723 -0.364108672587613025370227582  0.334631851667607386032398872 -0.371274758236611361280916227 -0.274920064753103111302844769  0.912095586463341271763437257 
  6  0.000000000000107953995779271 -0.000000000000031452634295405  0.204988805276261302728397183  0.000000000000006524968033758  0.000000000000164190156433421 -0.707106781186382276141455527 -0.482177970947735366568200413 -0.271461481484777475322580850  0.385104977685457137948858014 -0.059049252970235817212059848  0.912095586462953697838660500 
  7  0.000000000000003111201740954  0.000000000000047911905701500  0.912095586463229602897009179 -0.000000000000013125843280753 -0.000000000000020859337387556  0.000000000000074668625566923  0.380397165722969704060654750 -0.028394433444962741817753425 -0.006216541782468132819331532  0.150115782720655897521837632  0.912095586463389311948548460 
  8  0.707106781186632325309025099 -0.000000000000170395063426513  0.204988805276248747301321568  0.000000000000052247598967211  0.000000000000031044192442199  0.000000000000071769455881772 -0.364108672587481168767768042  0.334631851667069893157754890 -0.371274758236873322523544788 -0.274920064753189884231097256  0.912095586463206481309898971 
  9 -0.000000000000183494290913105  0.000000000000089726328036512  0.000000000000108072289643894 -0.707106781186507370683385493  0.204988805276176906046046132  0.000000000000195134814627210 -0.180440240849464852577934554 -0.341793922032588565136689354 -0.409256801073995114315963451  0.375641710716409532317804770  0.912095586463260721234082989 

 0.912095586463456644752377522 

