
  0  0.000000000000000338565152038  0.577350269189626246434370732  0.000000000000000171934059549  0.000000000000000173405109184  0.282871029659780642243494669  0.007486574416432797108729414 -0.046929987364035786213267579 -0.287798806756336499241850230 -0.687453397999708118980017463 -0.109694093817305202692030403  0.101415572441511930300880699 -0.081571653113350467794698435  0.577350269189626970085110758 
  1 -0.577350269189625883877164253  0.000000000000000661261879899 -0.000000000000000241179597134  0.000000000000000173475582601  0.407040306264707224976348923  0.082444581930833251126036418 -0.264196853864184578173420620  0.466579589755419441227720506 -0.054794932243626919328861446  0.428230214183389059316850109  0.042829620937863540696495437 -0.135916437990277971290908714  0.577350269189626917989196370 
  2  0.000000000000000358622541344  0.000000000000000518656114734 -0.000000000000000548774620659  0.577350269189625561327017939 -0.103644846851239567896705348  0.410147422691234208051627025 -0.348097545252132359230173853 -0.330949410875754372547740204  0.196589664948642008044667716  0.081735441973343315113457314  0.406996823135676844300154253 -0.214544861500545484139530067  0.577350269189626935065380586 
  3 -0.577350269189624942139157232  0.000000000000000411105325014 -0.000000000000000430656055875 -0.000000000000000277782623092  0.211235349743924073249805827  0.132404110052412667889853298  0.163560342712283221378705665 -0.552939002692419198723827040  0.251185016977317173802845829 -0.151325658777716805212273758 -0.341282541812191216328183085  0.263732398115241840961912867  0.577350269189626073449914112 
  4 -0.000000000000000134563205048 -0.000000000000000096605931230  0.000000000000000529648982956 -0.577350269189625712790061435  0.187535329884065526568639147 -0.147725434632551107458635527 -0.204289805024246623195004896 -0.241794090749926289209874655  0.319535041095104708629322243 -0.175273618697330877156748477  0.223937649332012977712830053 -0.571405373818694304363478842  0.577350269189626491897742583 
  5 -0.000000000000000133422506309 -0.000000000000000191495475768 -0.577350269189626300644479356  0.000000000000000267591814904  0.153583151911720400647131876 -0.405681835110250352759674042  0.087258639505528823829304860 -0.155096452820857010678552886  0.108490297902498529288993663  0.237183637247990759279719225  0.491612560622188603107673641  0.370301253916962120330729283  0.577350269189626878686867617 
  6  0.577350269189626409661007800  0.000000000000000370780633851 -0.000000000000000093916562463 -0.000000000000000005976392080  0.618275656008630753238380223  0.214848691983244355393069085 -0.100636511151900627499347369 -0.086359412936998708645701135  0.196390084733689965174963446  0.276904555405672601442294833 -0.298452920874326848270233561  0.127815960124962939113832036  0.577350269189626867844845892 
  7 -0.000000000000000306271503839 -0.577350269189625569512744341  0.000000000000000545561830768  0.000000000000000510736039390  0.323833798925995755839564449  0.297882339044214031876069496  0.494087421534583300639954795 -0.000450342313630536287135078 -0.292777360675611727917119070 -0.171757728651196613060153119  0.307897015186951973186434833 -0.137557239947051010219925340  0.577350269189626982607645850 
  8 -0.000000000000000655133940022 -0.000000000000000149267965147  0.577350269189625772529601139  0.000000000000000355843189085 -0.088724897067455113947595860 -0.267105919523526703164605436  0.325841732582030348369227929 -0.291655175179557293635608517 -0.007938787901111089264937534  0.610434573827818803266713477  0.117221838860388238216878737 -0.098889121636049334140307863  0.577350269189626891317822927 
  9  0.000000000000000056187171379  0.000000000000000117892629839 -0.577350269189625179958903767 -0.000000000000000902096791053 -0.242308048979175599162497190  0.138575915586723916430775781  0.238583093076502722956018163 -0.136558722358699793100961575 -0.116429085803610087177450364  0.373250936579827555093129623 -0.374390721761800663724018695 -0.469190375553013020966993535  0.577350269189626252126432138 
 10 -0.000000000000000056759377140 -0.577350269189625452093649061 -0.000000000000000449307561498  0.000000000000000002682853616 -0.040962769266214153267383633 -0.290395764627780080381711653 -0.541017408898619931226486174 -0.287348464442706451305552251 -0.394676037324096961814027043  0.062063634833891935758942975 -0.206481442745440226861110278  0.055985586833700464515136417  0.577350269189625906699619984 
 11 -0.000000000000000591532258252 -0.000000000000000275250191218  0.000000000000000088067002404  0.577350269189625970775968378  0.291180176735304157680786150 -0.557872857323784621553109525  0.143807740227885458506517855  0.089155320125827685849020324  0.122945376146463069403128553 -0.257009060670673973640837709 -0.183059173803665056675391357 -0.356860512318149236394952684  0.577350269189626907960326274 

 0.577350269189626982607645850 

