
  0 -0.000000000000253764021754336  0.000000000000119454962939195 -0.050507627217406808580520573  0.000000000001937894122354395 -0.151522881684930509033982018 -0.707106781189000481815422339  0.000000000005861338609857285  0.158958139656788913191649490 -0.606645738247720578330962615  0.034738635827063531276068763  0.273935476861732499556916637 -0.070396276289543674415478611  0.909137290099510257765803162 
  1 -0.000000000000582522005839352  0.707106781187501752831622848 -0.000000000000991297439706133 -0.000000000002728206999590593 -0.202030508905268950097119073 -0.000000000000914747706040832 -0.000000000000415986177114487  0.198842311167357421833627382  0.021562788471628463013411042 -0.581263149846726546261712482 -0.165368141619800765700618907 -0.232307949240992712256642129  0.909137290098403399399989988 
  2 -0.000000000000395515181535538  0.000000000003118555951391885 -0.050507627217302330481713598  0.000000000002409799456936700 -0.151522881684998308695266553  0.707106781184094550739543256  0.000000000005686067492680935  0.158958139658691637941326236 -0.606645738251693313232426608  0.034738635828411619292340525  0.273935476864234227575454692 -0.070396276289818686206433643  0.909137290098005107594637125 
  3  0.000000000001705936314836785  0.000000000000428149730898888  0.050507627214909524598267319  0.000000000002130342716904573 -0.151522881691936864992169796  0.000000000000144426061080988 -0.707106781181243235255909352 -0.265701577710346475741549910 -0.051518886615711900165841307  0.238118238936167577238754711 -0.205867182863164210345581148 -0.549687801533220562458150610  0.909137290092498509107982185 
  4  0.707106781186171499432868703 -0.000000000000156453803099593 -0.202030508911363132181545493 -0.000000000001021637925429930 -0.000000000000147679406192380  0.000000000000383094566760445 -0.000000000000091882416836776 -0.045981529933082434297879956 -0.276358546166309959271492960  0.032303587350221495492070796 -0.561447037589178628877277510  0.253828738644870596064635412  0.909137290099335409619858706 
  5  0.000000000000718235925042265  0.707106781185593295010593379  0.000000000000609881139005232  0.000000000001120573741068848  0.202030508905709200363916798 -0.000000000002084353281715925  0.000000000000706268187841156 -0.198842311169969697829730017 -0.021562788468929955590442835  0.581263149847391025367131928  0.165368141619529755151005168  0.232307949242963541694332111  0.909137290096541847959649846 
  6  0.000000000000227308219616855 -0.000000000000715678352124357  0.000000000000395728012420992  0.000000000000827120274713491 -0.909137290096316951198279765  0.000000000000427650689246864  0.000000000000625799390488287 -0.052793214498279078080231327  0.209804746748418604484652181  0.167386886112248673669331174  0.050807520498796305644806240  0.309942670052874961361026943  0.909137290099536226142557666 
  7 -0.000000000000086724848946707 -0.000000000000110168736249385 -0.202030508909101481733461281  0.707106781187575359696583649  0.000000000001817234588838103  0.000000000000303300158780833  0.000000000000633862784011452 -0.578415081762113643490830911 -0.079475255954952849612299686 -0.283166065591926517349199988  0.178579929270686744099158431  0.078927425577952794931934320  0.909137290099628083382687915 
  8 -0.000000000000000572728731073  0.000000000000000490896298509 -0.909137290099826595379459149  0.000000000000002469706009688  0.000000000000002068264077722  0.000000000000001163440932282 -0.000000000000000306571383691  0.230325192166393363446476490  0.219829117779449064186392780  0.134092168445160340013938907  0.116851752628714048747233557 -0.201146242443251765474963172  0.909137290099833649849314643 
  9 -0.000000000002676533631124467 -0.000000000000137867741750583 -0.050507627215303709266219822 -0.000000000001222103250246372  0.151522881686705199264907779 -0.000000000000319697172752952 -0.707106781191851809930011552  0.265701577708248442460155919  0.051518886604835585936034044 -0.238118238931065243752481508  0.205867182864322540667431985  0.549687801524789765924162294  0.909137290098216878679246444 
 10  0.707106781186923541470453619  0.000000000000020739890200496  0.202030508910292720748985880 -0.000000000000538778078775117  0.000000000000868257157863356 -0.000000000000241343390982810 -0.000000000000878714905124066  0.045981529933790871055623297  0.276358546165555820657957001 -0.032303587353448338980664275  0.561447037590226381907447528 -0.253828738641592048465214088  0.909137290099764055291333559 
 11 -0.000000000001647140842053275 -0.000000000001717802000647273 -0.202030508909625128899129227 -0.707106781185519688687733664  0.000000000000203415966161657  0.000000000000775205502689838 -0.000000000000274376681467558 -0.578415081765189404870361467 -0.079475255958840625401535650 -0.283166065588069187989846490  0.178579929273257521321984810  0.078927425576596270982503937  0.909137290099762792033172287 

 0.909137290099833649849314643 

