
  0  0.000063706795776285954710714  0.000004172382309301683755069  0.000116922136264570665905204  0.000003322128036113296638837 -0.001104183854553954601219100  0.000682321187306476106899395  0.000139195355159070808839800 -0.000032857762355313311809467  0.000136550544668759501168832 -0.000124006678251304022345764  0.000249384994835354788517625 -0.000000912116392419779710800  0.000045515820072989537973019 -0.000019003927048907983497831 -0.996996982444772978119648665 -0.021689173732747213059330574  0.008618963896654943306082741  0.030992553644148015722586216 -0.067007090457372520750508552  0.999719038127803794350958316 
  1 -0.000180806074258081913392315  0.007390880293151587886029010  0.002228466456091613749425609 -0.020365216742623985842083022  0.000060584433133175491525601  0.958390706608028004019617097  0.000282026836187390457310723 -0.000249014072173607309463635  0.001572155506460320790414455 -0.000884248088054399944176898 -0.000374837575053649802203381  0.000163245825034082721243522  0.001024362440112194372013687 -0.002008879928981791500202975  0.000028288085403970496753978  0.125260360893798106308614712 -0.149680240586681113958687252  0.202582210672914052144999442  0.043247559468808134402627221  0.995203718964747904970804399 
  2 -0.000520557571861863074359149 -0.000355373217919674518091629  0.967969298160412905743243961  0.000131106276763473632270953 -0.000347311651960283535462991  0.000526254884666752398160321  0.000748023985659711279507008  0.017441029673422559776371494  0.000373325352151158386572966  0.001414690666794210840064575 -0.000071911603860875254900311 -0.000787529208031132099848731  0.002165695084569337578865892 -0.003736086465638529669541020  0.001573553102324303379016567 -0.177286398982765717400591696 -0.173968672453212822056451380 -0.031756245316099963772336814 -0.001400220150298749136486862  0.998161746906036749754469184 
  3  0.002841036330277581129383777 -0.000831510724647728618338353  0.003342709994206544239944589  0.002818408045871062924985824  0.009643837751013518489175635  0.004568803093866064271523410 -0.000474264901826231346185219  0.001829253660832212300379736  0.002644490892234740595235614  0.004430955366839373206682762 -0.706309113309479357693896479  0.010541437222199526066820268  0.184294939698983212006963908  0.000123818708547529766770783 -0.052895154487705411219301572  0.136587120793853746222889546 -0.070592218738433589775326579 -0.287846015341487279122359780  0.597985944821963727501337726  0.987589734188530068200589929 
  4 -0.000007251637607891731544525 -0.999662223043018826685365136  0.000007828485929657862300859  0.000021809491695145454709369 -0.000001260956372130257385467 -0.000003881731839944744699248  0.000002266872083392661210894  0.000006430005124172147343867 -0.000043677193501031571427609  0.000021152675211685772593971  0.000007894338438892245392149 -0.000020603607752471507715502 -0.000016754263185070896256332  0.000046667553421546529655976 -0.000020700092436303525843990  0.011877676811193796336816654 -0.013428387589320711523992321  0.018533642666817697051926945  0.003246032781631339393144963  0.999890401947618108501915357 
  5 -0.002779941223245314335569712  0.000932169282597352340195773 -0.001752695157760363097330984 -0.003106488065767801317204353 -0.009609013284555079084763290 -0.006395840449892085423959706  0.000578791432328915866667145 -0.002276302098244536524587224  0.000856040920377763266873780 -0.011613916779090445130937707 -0.707848445199534235540948790 -0.009586387882146669510784024 -0.185227725245591100361442459  0.004840347716315627272801262  0.052351236075439190157271860 -0.130561629858523924892872367  0.073005074091203830743490935  0.291280307543539616741854956 -0.595205258345648718866418431  0.999755340812886529079650533 
  6 -0.996400913030207260358273036 -0.000037988319383916465525160 -0.000147923364770857472034128 -0.000004864645934358851306515 -0.000088619546724201906888109 -0.000101164015112199947713769  0.002482797777760311086122028 -0.000014631384513580840119032  0.000174310393299446021747719  0.000151473863372016259480766  0.000028285337690294520425929  0.000049971545875438532351990 -0.000021025377920901250875337  0.000034420433146403839001967 -0.000134429281236637117163912 -0.043750019726080554947092406  0.038036755727147304148886772  0.045916150760816513590423195  0.041349562770504616287891133  0.999872818316947844499362197 
  7  0.000136281497226511668961176  0.017428905437953713603781115 -0.004669536456481044308420593 -0.048057234827643741072248891  0.000326288403083884397178514 -0.202527028586184199555300829  0.000873124102986094980054013  0.000851624645040104235831165  0.002580865612146181685778888  0.003234521299688643419676043 -0.000330312833475053126413846  0.000290970954677777385134108  0.006765453360713078951667088 -0.708405763008275256569380024 -0.002696510891620084506483133  0.274668585801915140961462422 -0.378131520019870483834915215  0.471108820743950926766309417  0.118605383980048422527147408  0.999174421917195414990717217 
  8 -0.000004071913978735440474760 -0.000010104744923758647682496  0.000011015127880083171630716 -0.000036758402497774871287843  0.000065292726076790922729979  0.000001900756369988444295623  0.999560288914264178923400894 -0.000068900634308017845199591  0.000000940870375366589714785  0.000003523394962451663813017  0.000064448989852699203377828  0.000007311915710136385299632  0.000037766316146674512249024  0.000002482006170095412843159 -0.000016484799340542388335016  0.017649684857761706324131234 -0.010378860748083604708850254 -0.017271299308786377127645150 -0.012715439037764958672422754  0.999891291512857298818921226 
  9  0.000000000000000012103907918  0.000000000000000042935119690 -0.000000000000000023140534563 -0.000000000000000047715307002  0.999897533383166878197170074 -0.000000000000000023740647706 -0.000000000000000021072414993 -0.000000000000000018968299817  0.000000000000000055476467467 -0.000000000000000000840014457 -0.000000000000000006824320793  0.000000000000000109281732436  0.000000000000000050022553671 -0.000000000000000006519248941 -0.000000000000000018416133656 -0.004768466615640632103961084  0.001777601591923130456274838  0.006463767448965215720748756 -0.011715131383822373835881185  0.999897533383167329171063720 
 10  0.059218124855268452602820176 -0.000466188282555209336756999 -0.006035427377837719508075576  0.000274162833276676213689212 -0.001292709830766639256244837  0.000306088335228289601312129  0.020576553141423145575807509  0.001039709174357632198352552  0.688973350373208326608617108 -0.014971244994530989168459020  0.002289528502745751730279748  0.191044500510598136175746155 -0.001582085779542181298174104  0.002487946049070253377571762  0.002544170906864040997151283 -0.392401473080768418630337457  0.293629835896486791218563950  0.387091040562184688424715931  0.307516763288093644229627063  0.993101790947273385006584950 
 11 -0.000866080074045222339687760  0.000051826880503752723726370  0.000445982637052282646738039 -0.000328999197808796599093716 -0.003679831457318263355388434 -0.000047537844560372949545341  0.000178953103911847760226844 -0.001660318642728282228888882 -0.000078465306571442707667845  0.002385319255530526670439588 -0.000976023160957734030936794 -0.003215480370435206996735918  0.965076603303943423423343767 -0.000581027629115560122746636  0.020185568679000122417982140 -0.046947783275221165120294617  0.044829009697703815459543216  0.106438400920319524420635214 -0.229438679085765214309415756  0.999758017543482815415491205 
 12  0.022360637405584342537911871 -0.000102181599477302900342067  0.000166040971672320640667556  0.000042738957678593984157603 -0.000255944174853403017819905  0.000209603098064213327131311  0.007737118945696372401763652 -0.000197880662791066152020380 -0.000095209907405420979501435 -0.002448148966705110400343150 -0.000413123379552895469492473 -0.964416511203962469966997212 -0.000064834448132244280265428  0.000952942203909971715361412 -0.000325916710274880499039783 -0.136067549709413772434925087  0.116798062460177249915636768  0.142502229731855201678666391  0.129886491665921992335317771  0.999788832635760572854159017 
 13  0.002456640807707297635738020  0.000975032837070843194682176  0.182735113700984635302124008 -0.000282491079587406878796536  0.000711691787556907594655925 -0.006936254278793235474152059 -0.001657600885253125730283245 -0.050293925710022119121990047  0.021992394277496181334886102  0.680690693824535719366492642 -0.000006401690401063695478961  0.005172855095387918316830229 -0.013816124427089306921807301 -0.006726158527817564721509668 -0.002820100215159178493157821  0.487186055281552999414364929  0.501767919533356598210671606  0.103862411805083914752973178 -0.004116526447151273940492511  0.977273479144862517961102333 
 14 -0.056160865877500619756560558  0.000278204121852205706495977 -0.000719423250447041600630502 -0.000029054112512972815896433  0.001180588387093619634033933 -0.001461664745414445563168840 -0.019518190735536127283319854  0.000612271212479467078257012  0.724439030718633078585570739 -0.004668178278848723248480734  0.001223444587594461253881185 -0.182017077992152112386010573  0.001562226836864655093304809  0.000502929367633587612167516 -0.001995799456556546865883104  0.355819430170126509339499285 -0.293718856111337321907264752 -0.372803050884738495569141817 -0.294326446386536689028574215  0.996368949681119606413999545 
 15 -0.000138061524211847139940185 -0.000088927617663570199285200 -0.000211396850010761962861511  0.000111830819357138037664664 -0.000036944645966216997696508  0.000278623212743614893268657  0.000119916909617090287946553 -0.997516318777494482075967469 -0.000015473394981542436198554 -0.000528287080166348774342309  0.000008036001498719270802425 -0.000201767154500323735965021  0.000154592237290681290910578  0.000369210525667866373968084  0.000115682908278573583483976 -0.048203835205130277664898036 -0.050180351337713365480721261 -0.010456284410054761946735284  0.003084033301586964795290918  0.999895069659448765665796938 
 16 -0.000034612833431562606100413  0.001868652037201976544476080  0.000016844388414714681010741  0.997464993173186618058336655 -0.000020643265895560539075038  0.000076481475926628244132907  0.000116917812676536974103759  0.000118902524124724822546568 -0.000015650221080848353570575  0.000006686838901519127475154 -0.000002144692618252653249475  0.000003345581820661734477692 -0.000021142775698072304805078 -0.000077049839480690406348861  0.000038291140060858561944433  0.029371827156223688619701641 -0.038519585909782065565661480  0.051348690635943305823017929  0.008769324610665728495442089  0.999882358600519205601118988 
 17  0.001208457091923890572169998  0.000963734431058655778053568  0.171892582336632831238425190 -0.000464450017180436665029254  0.000881675267619122959881471 -0.008713863414750721476207816 -0.001862914330817339628529706 -0.045975302822161212478401481  0.001751498407989659322716586 -0.732279242676745435378354160  0.006897231361317055648388086  0.005494323600448899078132293 -0.005576071277494939296051607 -0.008303706737402980134882778 -0.003589819917738536359429487  0.463063121049647607324357274  0.458032448022183780330339464  0.087119442897321872995726987  0.004336521541382919999610217  0.995854873691281757724143991 
 18  0.000038749790745596497147851  0.017597518694742120653183061  0.004241316143978995893529021 -0.048179255719681619610466998  0.000408275788588222974894961 -0.200701569044329140422550095  0.000767024120344052548207844  0.000458175458025562269358005 -0.000124093517317658763160770  0.001263773869797988401853160  0.004717958713711541802825590  0.001222203473933912561433166  0.008645788628685962381950506  0.705689598517887964194191669 -0.003134780755551508821239406  0.287411678092452340727621513 -0.372175664549452477178250603  0.472203017265857713405212415  0.121923634806248457738042830  0.997190082237321816433558291 

 0.999897533383167329171063720 

