
  0  0.213292789842068131661361949 -0.000000000307835344452510771 -0.000000001193913337735510958 -0.000000000953623008177894670  0.000000005936131896840938396  0.000000002430988211563778084  0.000000001214645374841641409 -0.000000001721564833064027516 -0.000000003178330016145354969  0.059759972710261712053612980 -0.707106793123888431812709698 -0.309052960457699465990615700  0.101869669550609138177963125 -0.457931279130420933166055464  0.301768573233779590974865115 -0.210424391270388363070465397  0.980159572613250321224554612 
  1 -0.000000003365999328991848723  0.000000007387779622516796525  0.000000007715757462574016623 -0.000000006410345169631735592 -0.707106772206537370715345725  0.000000001598498073598470027 -0.213292788324478035997915082 -0.000000002306935760806855478  0.000000001311998317876644197  0.059759979701059105788055149 -0.000000000426095188733786632  0.307130033755078775398314125  0.215015461368475542039955563  0.221680219960762577615645194  0.259463208579261545981987230 -0.440353450292556017087739276  0.980159570755483460684567842 
  2 -0.000000000494544626990250779  0.000000001661553426254589305 -0.707106780154431508031084852  0.000000000201227466446000302 -0.000000005157222512828552018 -0.213292797639865320448600804 -0.000000002254814093459030470 -0.000000001707594316010066086 -0.000000005018489312071539358  0.059759978967622878909005677  0.000000002412770528427214573  0.110251186529223352264712267  0.324754018803261855507808625 -0.242528748297490355303475916 -0.495427192461435736886348966 -0.170429267461437551685224205  0.980159575670136005423258019 
  3 -0.000000002003771465826624319  0.000000004043834038822353861  0.707106782218663443859239109 -0.000000003268656050840052383  0.000000000664786353864902172 -0.213292796730470965760914463  0.000000000111201766062612959 -0.000000001876586837824077882 -0.000000003543166107701357527  0.059759978225593393655112667 -0.000000003058904304362949684  0.110251183339848145518872265  0.324754018944957481687457398 -0.242528748380738236155177226 -0.495427194319293177449201743 -0.170429256569362139547450449  0.980159575745634699904789561 
  4  0.000000000092317434396387247  0.000000000319873841157195103  0.000000000052872207681849702  0.000000000181507826834872651  0.000000000396964609213552911 -0.000000000658402522109986414 -0.000000000520434938164745185  0.953421404003990891821811171  0.000000000505011793237253593 -0.026738173315852308726617574 -0.000000000077344169303344310 -0.222736724712734016353127102  0.084002023557425586074729005  0.161603697617388548360330830 -0.053418346081073806296560464 -0.068084015713249140908536888  0.980159580124572543257006896 
  5  0.953421401443887845653015617 -0.000000002102066253236192692  0.000000000429423923008493619 -0.000000001063347919129738669 -0.000000001963884141874049493 -0.000000000075312108310636603 -0.000000001259466990298743543 -0.000000000052662823802021454 -0.000000000791906985900344086 -0.026738169571517770001218119  0.000000000348671026593373001  0.138278353641130384644769742 -0.045579143956033576895583775  0.204890396139069236685595517 -0.135019127946855848880643690  0.094149353506633863662592197  0.980159579102147814446462787 
  6  0.000000004432961135053099173 -0.000000006480787418652726724 -0.000000000845608197598604834  0.707106780418119007221387090 -0.000000001787801264068477500 -0.000000002696791147893919313 -0.000000001400263756574041253  0.000000000817954818524540507 -0.213292800997612983383150409  0.059759970596341357254339000  0.000000009593650255841504087  0.036205761174528888416405308  0.499745672223491139811446526  0.032484710387812189813212891  0.187831149858248594246810936  0.404403927687715446226673216  0.980159580067891374546579925 
  7  0.000000001221960274388563494 -0.000000000529161639455294609 -0.000000000395011531892529052  0.000000000177661839109613585  0.000000000099182090617734579 -0.000000000182268682582873793 -0.953421404870694588209404513  0.000000000292419986631273799  0.000000000382162099687871011 -0.026738171006339855706554921  0.000000000930473058001463356 -0.137417979081594428286032875 -0.096203516930677330700339821 -0.099185505776498399387345814 -0.116090592281139224115722383  0.197025600185865742224023377  0.980159580087335659487422085 
  8 -0.213292796573536767729410875  0.000000001094534886304920466 -0.000000004277761589972325458  0.000000008716018730934633463 -0.000000009464973741561529942 -0.000000001506471342284423094 -0.000000001147739620531841561 -0.000000001027305837472111613 -0.000000000173182963983580197 -0.059759974950578229313638600 -0.707106769249206310338703996  0.309052963252595674556715694 -0.101869664241559896030006778  0.457931298314498958288007099 -0.301768583397763711387512889  0.210424406179277247448786321  0.980159568181310067197953978 
  9 -0.000000002474351488961982296  0.000000000945857415415698451  0.000000002248781658821055053  0.000000003114734997734527496 -0.000000000303419271699773328  0.000000000146215954478229371 -0.000000000821424867596687085  0.000000000079375445492541225 -0.953421397122698824572271242 -0.026738170053269731664630313 -0.000000000070244286995651612 -0.016199401662440349858369955 -0.223599252421127682146284252 -0.014534503439054558350301740 -0.084040550428053360230474817 -0.180940867597193496472919236  0.980159577380373917541468709 
 10  0.000000001370157033693660324  0.707106764816818720404637683 -0.000000001353092059805228277  0.000000010316042434042777258  0.000000002058909670000022098  0.000000001493027059065476693  0.000000002008485079714424217 -0.213292792639396276891772079  0.000000001805519546871817012 -0.059759986515989004327308086  0.000000004777003837312192791 -0.497817978877191537220815373  0.187745038780503874375365538  0.361185273179683601649323649 -0.119390336972983290835133557 -0.152168189729386071673599215  0.980159569154440656979596774 
 11  0.000000001887159360875898461  0.707106797556275790649082946 -0.000000001029188624253638778  0.000000003704646395022249791 -0.000000001185468878655797055 -0.000000000145906534769460844  0.000000001471480851354178249  0.213292782332516493037531322 -0.000000000210707938678884580  0.059759982058861242042830612 -0.000000003990303993393022396  0.497817948644161981162740982 -0.187745037485309609710999214 -0.361185259291170175470486736  0.119390330393762634093564670  0.152168192423656003397407568  0.980159575572516135390666731 
 12 -0.000000000000000025740340962  0.000000000000000008091959687 -0.000000000000000002618706011  0.000000000000000053640221009  0.000000000000000000164578908 -0.000000000000000002179078834  0.000000000000000110599964651  0.000000000000000019512257557 -0.000000000000000044875955601  0.980159580151860036322918751  0.000000000000000007637588211 -0.086168187166747301197191819 -0.127925805328571179017571602  0.108319294130119227168615285 -0.050039501311065600934674998  0.035499410074745052403043548  0.980159580151860274359505720 
 13 -0.000000001364454772366493618  0.000000000277275098908042582 -0.000000000212658478523590868 -0.000000000608251512326282468  0.000000000298026959249117244  0.953421399664310805454042058 -0.000000000339665109221612268  0.000000000223225281915253828 -0.000000002952233020608312382  0.026738172722163211341629588  0.000000000541121208259820108  0.049329256606723576432664731  0.145303417676396964217664168 -0.108513684640383729837758309 -0.221667044877649330189366660 -0.076254491649937762649444882  0.980159579203385484928463117 
 14  0.000000000082439205843605457  0.000000007539901211921093181 -0.000000004315491844799915684 -0.707106781954975841669730485  0.000000006790266079026914300 -0.000000002591657936936733161 -0.000000000360061202077581565 -0.000000000931582505786720960 -0.213292804733759394471216859  0.059759968358542280453694212  0.000000001831254738177242908  0.036205757933080811318798508  0.499745667756803930200770053  0.032484719416227636040853154  0.187831144780089603739262408  0.404403930803989335499536162  0.980159579489932290146704530 
 15  0.000000005363626328599315355 -0.000000006514338660836342770 -0.000000001893748476948750913 -0.000000002167722336666087561 -0.707106790166557408082101399  0.000000000158449565371353172  0.213292782773258475336039183  0.000000001863540166130860491 -0.000000002411836853988715882 -0.059759977034444179337077706  0.000000003954936710628569283 -0.307130035914551880425749086 -0.215015451037374274913943628 -0.221680221408060361594234006 -0.259463191216452939612474929  0.440353437543751449989538546  0.980159574302459172580066077 

 0.980159580151860274359505720 

