
  0 -0.000000000000005234507031798 -0.000000000000008890761334888  0.000000000000001412243907626 -0.000000000000007160826508313  0.685994340570097907493294503  0.000000000000015239945797483  0.000000000000008599237429191 -0.000000000000018404772506493 -0.142108722493104557344141027 -0.386914635711452516093943402  0.027892798350397447858641051  0.133230024453112686012357969 -0.231187883979937177573830975 -0.233049148609081992899886085  0.219039704274746467685961240  0.235090640535804261878824462 -0.305713770982566102561977378  0.115695528132071244790338854 -0.114473277023524621280419194  0.100147151334268640398346851  0.685994340570162835807755536 
  1 -0.000000000000004964539528831  0.000000000000013834402748518  0.000000000000002857587349455  0.000000000000004034435637724  0.000000000000013902998527112  0.000000000000019086204782486  0.685994340570097736406191685  0.000000000000004703541162047 -0.021722802089165242039571968 -0.075544153369958904442160296 -0.422442600600904305264407176  0.324511166504547497057729319  0.052869151499431247336714202 -0.022612690247867660474630582 -0.139764023749832386116589457 -0.092701711125802930045871914 -0.225652102410066912155134529 -0.201782751964924755397096275  0.307007180931072344185969736 -0.148812255884497807447114197  0.685994340570161166244830125 
  2 -0.514495755427766183510984721 -0.000000000000015756850268068 -0.000000000000005465845991894 -0.000000000000050948464252878  0.000000000000007913530131475 -0.000000000000035550440592839  0.171498585142179084254195759 -0.000000000000058430771450400  0.262787714208340509984291461  0.021035989593362496470212207  0.080861017279164206133840100 -0.493162352513799593132321972  0.282304786394954375947172892 -0.318626807847737657074108433  0.206774466254679145706140732 -0.164556228412431506183399854 -0.328573543706184288215686046 -0.131578136024228408232101400 -0.097018423880662030783881156 -0.029923668076462159346885880  0.685994340570119303789487636 
  3  0.000000000000001153542472713 -0.000000000000059159663888384 -0.000000000000002786739607790  0.000000000000027357125509778 -0.000000000000044358107190377  0.171498585142166078774798345 -0.000000000000019569476928973 -0.514495755427842420487785646  0.282129111233156521480617066 -0.069025252954097846810931419 -0.084382012224402253501131643  0.222129060967899188939415206  0.471448600213240756297760833  0.116886494497569676177979592  0.329568081086349690610962787  0.166424013063393973183663396  0.080733060358530041887624527  0.415075212486374858089502662  0.117773762477313541012600030  0.012048346746220170368217486  0.685994340570162877495329068 
  4  0.000000000000000123016436911 -0.000000000000000959031590152 -0.685994340570162939945374203  0.000000000000000052630584794 -0.000000000000000151408102937  0.000000000000000259202944263  0.000000000000000077391124861 -0.000000000000000036684744875  0.104041833331643413185435901  0.110248669172371936338398948  0.332675090752099747974527069  0.365070883154133025733523860 -0.063845123682768237580306345 -0.209081129830669179778539386  0.295589752475568343076774494 -0.175486541807489243642538199  0.134574591289948983211422102 -0.258062261090428380776217246  0.074442344379860733614648078 -0.079213421743885429457854470  0.685994340570164612001964610 
  5 -0.000000000000020171979892640 -0.514495755427622520868438660 -0.000000000000014991964265039 -0.000000000000011414582571587 -0.171498585142329433320617336  0.000000000000024498775631854  0.000000000000004436288841672  0.000000000000079458728988937  0.250027913876516369077280741 -0.030754371526225890586436935 -0.097044331918163863853852170  0.228775814548885700358093857 -0.104620094493943332083585405  0.188561106365551123741856193  0.033090602693282850978330869  0.089491442251260421083820362 -0.221963898285950231943543937 -0.083033774446930667698465491 -0.634169321528628549542502130 -0.258319412236007255528414187  0.685994340570106899324012012 
  6  0.000000000000007329996704706  0.000000000000006727926861578 -0.000000000000003258147006439 -0.000000000000017094505459939 -0.000000000000040907898660948 -0.685994340570081206334609319  0.000000000000000174417709408  0.000000000000000519779898443 -0.331853180598934329533118703  0.184289888450486913256992812 -0.061424340515944679079203116  0.108285864946528690547808242  0.320214822603304680577419525  0.215780448887325967987412673  0.277119051493382745332810096  0.012695189906189148590759635 -0.137717389502785319201788074 -0.127483607772905312865464877 -0.123286924136020027108478093  0.305533964597480183091439757  0.685994340570157252871298648 
  7 -0.000000000000053876006885824  0.514495755427540792245003770  0.000000000000014698655830216  0.000000000000019819389713637 -0.171498585142387222651663529  0.000000000000044772618518309 -0.000000000000010858832432795  0.000000000000029880565344855  0.272356036036832537997704959 -0.564123460757320187265121542 -0.060493105595942602430338400  0.066238114946641394235697913  0.018504687565663710033841602  0.167158377985219051562793859 -0.002640583569491720595230844 -0.029085235163239698952925526  0.123933699954088703046848913 -0.336077402068383485062149849 -0.271222948146885855147305427  0.272792264840651266114088941  0.685994340570101907711419997 
  8  0.000000000000013432596533085  0.000000000000048281654630127  0.000000000000017057032131102  0.000000000000026306057424338  0.000000000000066937328519337 -0.000000000000037547262113201 -0.000000000000002390642420124  0.685994340569880576403104244  0.385561408227140358707420165  0.049468803784943864864818638 -0.115810275734718577276757823  0.028715637782672629195590401 -0.106536338331583422385734437  0.275931369333780472836731984  0.351548806959671899624282967 -0.025368577849575665199895885 -0.076064890195787514686777669  0.277732546199541568228072452  0.229867306869034710407754055  0.128809708230678483857579650  0.685994340570092575495430437 
  9 -0.000000000000013667157306018 -0.000000000000009022161670910 -0.171498585141973462303522854  0.514495755428087329073384704 -0.000000000000015715655401033 -0.000000000000004764869104921 -0.000000000000009162176559865 -0.000000000000044900832590471 -0.131902381622267296862262460  0.015613738624277954686172599 -0.555664946822254140026183661 -0.248983525273945113676240214 -0.116619978386151030681305938 -0.148847094921812642950376473  0.306067288915830504434246323  0.104293599921200480773995651  0.379154417155904425665172500 -0.031291266580249755159938516 -0.129510976401296515396434003 -0.125154588684567619866986471  0.685994340570158044935195757 
 10  0.000000000000206493249956697  0.000000000000037261459773656 -0.171498585142022796700767354 -0.514495755427489111092156926 -0.000000000000012597489414634 -0.000000000000040516565767278 -0.000000000000002253972417122 -0.000000000000028098701375635  0.193604653948677964546052320  0.292853647649168327167642709 -0.385014859589990406362478362  0.022187955323652727635780455 -0.064823189536432658641577388 -0.364608358105458925304143830 -0.161406536417763707039847373  0.226336113592058132636922370  0.117859298963173093996881918  0.052129386987771861350674744 -0.164089997535765922848940111  0.419466760131666007094730295  0.685994340569839167090059745 
 11 -0.514495755427521708497834441  0.000000000000032302848034306 -0.000000000000030605963121721 -0.000000000000049710548701521 -0.000000000000029373252435716  0.000000000000012981920183892 -0.171498585142434020381742646  0.000000000000014828131716663  0.024803000574196160980068376  0.068876044825598627809146602  0.013652914990605998362966766  0.092265617658172995860016083 -0.073120369125524615550645174  0.213002636592024797480577486 -0.049611972025546856214105098  0.658116117569302073997666164  0.037483899927426432343853351 -0.336835203606336777113232014  0.279708100065780267931732361 -0.111487247385780571969342984  0.685994340570125504395922189 
 12 -0.000000000000000026620312810 -0.000000000000000031396379192  0.685994340570163086908978683  0.000000000000000108542248241  0.000000000000000044346800162  0.000000000000000011563330232 -0.000000000000000015111115328  0.000000000000000055177892035  0.119467401413140379630613286  0.187365515740482915099727849  0.097505139149780502145201978  0.308371990666740258119331991 -0.109205915663234527880544756 -0.337444993087067612988396575  0.331754940599991321096120037 -0.092829113429407384730474798  0.258828020319365320438265154 -0.252852730988569429296112037  0.001042100895797448692755107 -0.005635378882425161796990631  0.685994340570163356387428655 
 13 -0.000000000000063934173604965 -0.685994340569952621529045689  0.000000000000016135782731115 -0.000000000000001616874397864  0.000000000000041962058464720 -0.000000000000041643360771037 -0.000000000000021938254865301 -0.000000000000006915658850770  0.016746091620278605404160163 -0.400026816923307600610019638  0.027413419741633261423493476 -0.121903274701731478775511633  0.092343586544622877792555526 -0.016052046285202343782442407 -0.026798389697137302632821022 -0.088932508060938414307257903  0.259423198680102786459287373 -0.189782720716152530647025977  0.272209780036454860517548468  0.398333757807619726548165398  0.685994340570146822466928577 
 14  0.000000000000000301550623913 -0.000000000000073754285973498  0.000000000000008759623311895  0.000000000000005916730562774 -0.685994340570047989741071098 -0.000000000000002174982616660  0.000000000000011530210486844  0.000000000000002215238666098 -0.272704709971266745635251616 -0.238195177640732041682162037  0.067277157728881536983178875  0.059476542079295070855865079 -0.209659032248015910057312161 -0.321979019696693313594935970  0.211427199493808960236275810  0.219989088763735047635651358 -0.281206221399689569606390044  0.220473322260841397924398428  0.111874790395186860406735903  0.096528938183131139399333672  0.685994340570152697162190081 
 15  0.000000000000010139182854922  0.000000000000014536446654089  0.000000000000001137892279347  0.000000000000002647748559621  0.000000000000012498422031685 -0.685994340570110007243749550  0.000000000000003699309416261  0.000000000000008063269485864  0.344397266806372823676977296 -0.235292116189169340530586497  0.057836759648649727229676246 -0.006793213723572427322611438 -0.048978409719778129469781652 -0.249314324749747781166707775 -0.229517946603471828200850047  0.078973009241947452610597795  0.203438883080572231412284576  0.242443698616057696612244819  0.105551369751645757058891584 -0.342446360634618721471454303  0.685994340570162717250247975 
 16  0.685994340569859189539470012 -0.000000000000026246673087824  0.000000000000021302315927085  0.000000000000047427058253782 -0.000000000000029070743227685  0.000000000000015364005496415 -0.000000000000110825873564757  0.000000000000000059395725544  0.215693036086972003315901519  0.067434025814049090287135343  0.070885449202479823576803983 -0.300672551141979936382584923  0.156888312952281959352643023 -0.079218128441808759194607981  0.117871870672009441158127607  0.370169916867630127813070320 -0.218317232834209397238046588 -0.351310004723126354772609961  0.137017257138847135510277726 -0.106058186596834381970947108  0.685994340570109491759826642 
 17 -0.000000000000060438422076098 -0.000000000000083177892019119 -0.000000000000049985107133805 -0.000000000000092902213093494 -0.000000000000069668099698544  0.171498585142369405659207478  0.000000000000016584481307496  0.514495755427416927513598055 -0.231952766402862730862107637 -0.134983658000733680590375700  0.070031688755102382916472095  0.183841543924367338184002255  0.613497051322427234057443890 -0.251021997947459511745828264 -0.139163661526164956911398064  0.200248783529602385921524269  0.182152913953035852030249743  0.044765150887354071977854023 -0.188715980014563119206974159 -0.159697930894679487054746425  0.685994340570159037901755428 
 18 -0.000000000000014294724040675 -0.000000000000012286390890622 -0.000000000000011904157807635  0.000000000000005522285396761 -0.000000000000021899369948054 -0.000000000000002333134689034  0.685994340570074052443414608 -0.000000000000011113645501336 -0.037773376319185141629353707  0.087504167178025779239209682  0.405640575028815425468560127 -0.178154173961876593289374755 -0.141725440379371545802683792  0.155520051357629136075822612  0.075667414179917377755452655  0.298369797621128405131548517  0.317166463318296023822734711  0.150468485069318849220855287 -0.212825549944518870154586652  0.128421361057179543246702623  0.685994340570153377499053315 
 19 -0.000000000000042198990798031 -0.000000000000009670357122638 -0.000000000000112495487150911 -0.685994340569642740556167287 -0.000000000000017517377881564  0.000000000000024874260320211  0.000000000000004066081982067 -0.000000000000076490033804767 -0.244130276678382913748701320 -0.207929931768760589255165203 -0.127987565424763026858141074 -0.203378610448527566507341373 -0.038847591637489434133426614  0.161820947387733855672513859  0.350605369000670649535676346 -0.091531885253130218850524998  0.195971338644972205400682404 -0.062565490176046837723141530  0.025934265850795367072516035 -0.408466011612456198593638229  0.685994340569930014721126976 

 0.685994340570164612001964610 

