
  0 -0.028311258984346433135333957 -0.000000001085289690167286708 -0.175947478082003325050726959  0.000000000211101017803785045  0.000000000089176433149064792  0.000000000686784233619119665 -0.707106780342733849252945949  0.000000000152934390084279985  0.000000000363925744401736980  0.000000000379769449936393362  0.225343820888633427929753639 -0.140653984397893470347797561 -0.018992217806843998189890205  0.147224266787614492486618509 -0.561077593591834064188327014  0.092687748917259446559372034 -0.228566847828857291698872491  0.911365520378064590729418060 
  1 -0.000000000014452973337902182 -0.000000000001407008554427964  0.000000000001241995579276884  0.000000000047669987518755963 -0.000000000045360603860863559  0.000000000039032053542016799 -0.000000000007493891922775724  0.911365520413115772575731593  0.000000000053189236618819762 -0.000000000018504721509703775 -0.143912871187140346313946757 -0.173406048108274048739256903  0.040906318458640477014659400 -0.251840944252000056548463150 -0.154876365775829977311874898 -0.021970747800185588542013263  0.170486731629966971262126786  0.911365520641468276311254748 
  2  0.028311258738688805909619411  0.000000000191027875989651855  0.175947477830672219438023877 -0.000000000160573673109074577 -0.000000000160162069105128067 -0.000000000365765247341389221 -0.707106782030361154353821640 -0.000000000155475941586750270 -0.000000000111128932722277072 -0.000000000288057615459110807 -0.225343819770656082193596020  0.140653983451676754310821597  0.018992218221653291959408172 -0.147224266522412558708923953  0.561077592564485884570578411 -0.092687749112595123324436636  0.228566847095349817795429531  0.911365520031913525994884950 
  3 -0.204258738806814161710601573  0.000000000011664202945841915 -0.000000000008964378718831171  0.000000000060944447121238942  0.000000000103210113307103132  0.707106781228320543399284287  0.000000000299653189508340452  0.000000000007280374891900625  0.000000000053116864767502768 -0.000000000051350754815095181  0.024001710597195597888506334 -0.273234212701850885478532110  0.344831978371984866453547891  0.222444813547771394308884448  0.135963666270049770838537588  0.411147137791931151110189774  0.164701167625646597574722886  0.911365520631318983500995107 
  4 -0.204258738516865344950418706 -0.000000000135684998018187083  0.000000000239666070928274740 -0.000000000076809799006234772 -0.000000000021520141173300522 -0.000000000052289014453440782  0.000000000030624305500336572 -0.000000000005477064736580556 -0.707106781136673141817481497  0.000000000261618839074964133  0.078133947708761767504833350  0.238323025844851525421375961  0.431153677345362419827791770 -0.343410636540534035406578572  0.000115257439126869240792272 -0.002304307746306131612625285 -0.302565542455779314069339025  0.911365520477228719027108783 
  5  0.015192956900053778129026330  0.707106780633835225980624722 -0.163934332111615330669434319 -0.000000000098643656954873045 -0.000000000207450869584745774 -0.000000000211425908510260053 -0.000000000887281976747421853  0.025131447796421605184218539 -0.000000000442842471973270814  0.000000000313642391318173929 -0.201034910734755254766293990  0.271075020906227248380752914 -0.260046337368563128467557552 -0.123313773662945835006294476 -0.002096951853012956536497017  0.518274741221475451693079944 -0.083204138638388073119782785  0.911365519603213253448104059 
  6 -0.911365520658406841878786120  0.000000000000000065901659613 -0.000000000000000000546483678 -0.000000000000000030865684380  0.000000000000000019498325527  0.000000000000000178906648355  0.000000000000000009492223375  0.000000000000000031431161955  0.000000000000000060229345554  0.000000000000000031732023825 -0.059164069950777133868478810  0.019664808756332761520478711 -0.361915542375016356310690746  0.031235599227713230118316920 -0.017091488378602078953305576 -0.170220779683152316152862545  0.065574694782474142318979236  0.911365520658407242166228202 
  7  0.000000000012819465257533698 -0.000000000091806128472773436 -0.000000000230662159348240322  0.000000000291869618066995281 -0.707106781214398694590961975  0.000000000006713623991997224  0.000000000109540399397136925  0.204258738560241878923174827  0.000000000075613518378851858  0.000000000038662082141239362  0.552409617161848128029204286  0.289831794006044322795047005 -0.083699696498958916017452906  0.152890680327389398167120191  0.170450437360281079057777731  0.060331721178025416334785979  0.077749895376942902380204732  0.911365520632327609517903816 
  8  0.015192956667723810084425222  0.000000000579998479338630060 -0.163934329942516687441842957 -0.707106783228907469988477191  0.000000000184336584131713571  0.000000000084779085269068235  0.000000000252372687142791294 -0.025131447920415564998235626 -0.000000000439123852038298735 -0.000000000394926085748432697  0.219584381422138366803239670 -0.412725673900683532626092881 -0.197699700829720666935798885 -0.291792912548747198627852387  0.273420024590835775249756875  0.045615031593272808655835805 -0.229424972558381478444575197  0.911365519695100362806104710 
  9 -0.204258738412862487585238379 -0.000000000273532517716157915  0.000000000024748057080345622  0.000000000031314687694169041  0.000000000048269430219310597 -0.000000000113576246229865690  0.000000000283421116394602842 -0.000000000058499137523541150  0.707106781236421918601479930  0.000000000172019253800469530  0.078133947487812213380869390  0.238323025706446930588907999  0.431153676604697020399801360 -0.343410637131096037837464999  0.000115258199058442396947922 -0.002304307003898416267425467 -0.302565542849471147976783691  0.911365520654664835770598225 
 10  0.000000000032358132329615943  0.000000000025234470259335020 -0.000000000119986505149918094 -0.000000000300061735690258029  0.707106781158696325604098853 -0.000000000144080709580164153  0.000000000038554762424380591  0.204258738710820806898263262  0.000000000005823947427209713  0.000000000025073095593524045  0.552409616690524835839592316  0.289831794768808009154928765 -0.083699696360797243539309063  0.152890680681453249199698748  0.170450437224328638387001005  0.060331721234634206550820389  0.077749895699897613280413087  0.911365520560690468528704938 
 11  0.000000000092309128048007502 -0.000000000111289706415407218 -0.000000000001433034886671327 -0.000000000028535873314663624 -0.000000000047378288475617221  0.000000000127746176285552098  0.000000000072441976687416196  0.204258738980979795042008419 -0.000000000020516855045935638  0.707106781097695909676838916 -0.179601154810055518279269561  0.012888399960190368827545970  0.000112364704447762738083409  0.388214451167585447685821898  0.208963589493602657594026328 -0.069471755227079414339217377 -0.476080983429665311395606944  0.911365520580326700784794258 
 12 -0.000000000282594852363076520 -0.000000000021391492637118194  0.911365519531889701620053917  0.000000000114970591060371488  0.000000000081479237882980787  0.000000000136957947623212827  0.000000000072344581455923036  0.000000000130827474677554111 -0.000000000103073593035874121  0.000000000040205484137029197  0.093682657259004597436998288 -0.105268671029997643366854596 -0.172009851240474928016008227 -0.092490878007484251251775400 -0.119032418278232409277394774  0.238650829893098739690505961 -0.200723864521995210046445210  0.911365520515734966588289323 
 13 -0.015192956777193473333826591  0.000000000674425373705230715  0.163934331281771466674651236 -0.707106779144187554380762001 -0.000000000776267940367006014  0.000000000075971273749514989 -0.000000000302900032823133850  0.025131448062759839623766687  0.000000000547248342915157694  0.000000000373545313095969372 -0.219584382157577182579678843  0.412725675621273705405422927  0.197699702424728288277142561  0.291792914521376541161059096 -0.273420026510701451977723708 -0.045615032854408156859685707  0.229424973946774278762733741  0.911365518016270559548998309 
 14 -0.015192957100176616606763123  0.707106781739259779848757320  0.163934331543432065637975852  0.000000001353067508964430679  0.000000000090410271380035967 -0.000000000007816550546063442 -0.000000000006979836384042322 -0.025131447719407682054093881  0.000000000580689991329553837 -0.000000000160431316700528585  0.201034910945345495446572731 -0.271075020704207177325980802  0.260046337233416609844086076  0.123313773609012359624428293  0.002096950943885466108831893 -0.518274740119240360570508630  0.083204137890531524722904227  0.911365520301671620600428986 
 15  0.204258738829362897104660428  0.000000000207578256938183851  0.000000000049184632257228303  0.000000000099805911551582953  0.000000000047584220085422893  0.707106781144774506286075633  0.000000000021365795254075876 -0.000000000065866890055716604  0.000000000008170366530155155 -0.000000000011977321431230336 -0.024001710831835185280857051  0.273234213165364313069581950 -0.344831978340971039963952505 -0.222444813949612359895032475 -0.135963665446987166777765427 -0.411147137844761236522873882 -0.164701167222999403166264903  0.911365520485670844281177183 
 16 -0.000000000054644387105321679  0.000000000041921367083544957 -0.000000000047534570052391126 -0.000000000007155098626403861 -0.000000000060967275531806525  0.000000000064418100365386754 -0.000000000019269857626618965  0.204258738968369847992787892 -0.000000000110116439811471045 -0.707106781275399148627928275 -0.179601154820052453159112335  0.012888400640437861341496527  0.000112364953804816273638580  0.388214451235637190366477983  0.208963588617772579806696615 -0.069471754828906601652010327 -0.476080983535927564786636654  0.911365520649796113483286780 

 0.911365520658407242166228202 

