
  0 -0.000000000000000189830412993  0.333333333333336107083891275  0.306740715157988368642916210  0.277019926759451065096566749  0.260767189885963765710701068  0.524852575788177789378480959  0.182083139656394471042892731  0.155561852318236205347046566  0.233604769435755364281707969 -0.083185296756488117125730251 -0.213764612795174690612056909 -0.120122197266153103611843571 -0.020833135735347602260377864 -0.265047674314592336073390447  0.007559639921571750149682670 -0.313477484565532084223810419  0.144338702788433787156663346  0.076003972158957682261069041  0.333333333333336280230978221 
  1 -0.000000000000000991390185887  0.333333333333336285164098106 -0.007836037174758759417399049  0.230037085535614819131137315  0.100934620770175531017797017 -0.160033742896925619821437738  0.347662365053257325149971974 -0.464278076019260479517748383 -0.242253798445268361808264436 -0.250573117865114271366226359 -0.195952607896673167345974985 -0.078994223934560491761020309  0.333369481859198517049959129  0.392746255725350876426837932  0.039683811004440900265302899 -0.050395021914386705213373266 -0.162743232012576217844425537 -0.039907624775195648464344491  0.333333333333337303826249265 
  2  0.333333333333331459027862667 -0.000000000000000768901586846  0.216522161816143958039697012 -0.145201989487519274356699950 -0.001463006662384092469816982 -0.183475859776972029100599107  0.069372023178556495786673333 -0.285159262818371661064344169  0.027254002495502253158616169 -0.169566904014437135677305889 -0.103867217403352974038250895  0.215001249030685205723472872  0.002701737069648988791614649 -0.225017289747686407807279220  0.342966632733718539567105074  0.231635468154229332246357882  0.621504122706438138395209497  0.080196027890823435156533554  0.333333333333332251850701297 
  3  0.000000000000000039031309415 -0.333333333333335415254485012  0.327846196633312550667346125 -0.235942243431744914203989673  0.448124590335209307712409019 -0.246940029333777701474870493 -0.161987602992780769674122966 -0.072064178660885382520938282  0.300616325060422643386092573 -0.090579191020953445550093191 -0.040245936939321137887495350 -0.297133872299538914367499423  0.306525726139215834214948181 -0.044195598823412821068890195  0.000418740189296604770470470 -0.142759740482787252004864831 -0.118866229645409537513903609 -0.337053041379363413842466107  0.333333333333335463284641254 
  4 -0.333333333333331697389710288  0.000000000000004282062475427  0.054227632762624227878364702  0.010244868811046163521692189 -0.000965612602380183235544897  0.091937421860696459801633694 -0.349843704139900215651466306 -0.486458789626600232266530333 -0.250371755185902831629049525  0.137501381229844361610238287 -0.108899914091465499293379798 -0.452978464248966723477290985 -0.263831578409542446503896831 -0.241376464168739074791017463  0.220721107175259212421149398  0.043325305962327750802028266 -0.057077805516818601968051907  0.194918731089004996701301992  0.333333333333335987062710781 
  5  0.000000000000002404797658953  0.333333333333329514944947183  0.165269341682926691896411350 -0.427119369837324773671836942 -0.155895768400556402398884383 -0.018399834969648846290843336  0.059422022254247875547761466  0.229910802552001790287068521 -0.313124289128198455851165294  0.291261405693884523293536379  0.177342858722183174360648335 -0.070347136982942990705727857  0.473199210930628501688881629 -0.188707667726630329998560413  0.274420577038409787754133159 -0.161405258220451916154189118 -0.091430048331734823987833154  0.097912724870865598395994721  0.333333333333331944858856158 
  6 -0.000000000000002822700002994 -0.333333333333328338612695091 -0.222704134095814849318012429 -0.075600501222388206881003248 -0.023067816109243367004352082  0.318862320800764929981056112  0.171926284010631636540913231 -0.123153923837968115438277691  0.391564071195469082795666965  0.312552607666271825071543228 -0.189527223021855516048436371 -0.041358482602213759766232289  0.316124212613600996619805591  0.245405171804143347970739338  0.273066237457895113035144172  0.125211983734268447347520378 -0.030255259635400194800244314  0.382996119235415120738352454  0.333333333333331141519256455 
  7 -0.000000000000003226732544977 -0.333333333333333782120752597 -0.221627256315557290915186327 -0.085757449558931963882319176 -0.376449941118561959865719199  0.145732960522773052195236697  0.340832459264097361516200266 -0.076441288090126534569043303 -0.104889348261894786984969614 -0.174832450869328166030030637  0.110321339109505968515995578 -0.301845410846498110677815080 -0.064508489844373648997130806 -0.035565134995156205878095654  0.112302818279925248982887252 -0.472660312068679809712704737  0.248252581465968811386384879 -0.315481132824575528949325592  0.333333333333336985640016695 
  8 -0.333333333333335204079006867 -0.000000000000001172674531301  0.345137910741549284716987028  0.124569813474296633977564819 -0.032660252148481105844205191  0.096570014013294149520601119  0.225942989674594804904708342 -0.284261529840268322680447988  0.214829814303857032434241781  0.149327186170902298219340804  0.604419229650778449321624902  0.291612525062354639010780283 -0.097898767210497010070183784  0.045844924004671557996010807  0.196320572913636249141834320  0.054413393510873613429206907 -0.097152467501350028775402180 -0.174830550736424220024402797  0.333333333333336374881827879 
  9  0.333333333333329076439378522 -0.000000000000001503553250746 -0.294916483852208169614455072  0.263991305601924489631325554  0.308835327364985227108174978 -0.002133155259838307703415376  0.075548507064163422785739617 -0.186293556420009627258940234 -0.153546024963853240671916682  0.620556888068479749068565021  0.042467353144051203612608161  0.041587589741084783438989508  0.046134538987056938795169609 -0.240966483077409939628351840 -0.066669740114662939800809632 -0.028049243994920497951312140  0.064085188971984329200503195 -0.338663648616235924798363935  0.333333333333330599526590429 
 10 -0.333333333333333095576831925  0.000000000000004359317651095 -0.232628685324767876417204060 -0.140794224672713074784469005  0.030594488716180613015476093  0.443621308263636741615974085 -0.240644703261527395421514111 -0.138835157696337374710481190 -0.122044734946069210183199408 -0.233614857291074898474714065 -0.064513850130939201822101968  0.294549293698917199514630827  0.401323407681999925285167702 -0.169076979651621391560561113 -0.163226591132314382070838364  0.209748874811602376545490757  0.139767645475695401912795066 -0.315937743602688575039316027  0.333333333333337452090896352 
 11 -0.000000000000003037827109224 -0.333333333333332980814031968 -0.093149285175211886485724302 -0.075061526218084846970952581  0.551264918349267129355981143  0.132870003735743749759962151  0.239664408141984173659065627  0.154983574561354823742207951 -0.447623789566440949871852645 -0.248344064592507847923801879  0.149818458881911559704746065  0.154466432776483347973084381 -0.139718912582530033526058075 -0.070710573907250250920246675  0.240256393702853673785763480  0.009640457171608140622676413 -0.167550807841841378908348016  0.229811868315505811523097486  0.333333333333336019588775956 
 12 -0.333333333333334148960557658 -0.000000000000002272345912594 -0.324526097042527117864530589  0.287163736677321355608314898  0.095262045747217281472531657 -0.414112368017823760538240890 -0.075180255618349000452070585 -0.001711884745086121600703132  0.172233315899547308075478481 -0.085717350970513117172720329  0.187456880810637210684117294  0.105317448915724478915138806  0.259838745291984857276913756 -0.279952471788997976127498155 -0.023078256050506279455086659 -0.341693536047514387951184317  0.199796043116337783784159342  0.358540170082956585176272440  0.333333333333336419849112983 
 13  0.000000000000001254692460151  0.333333333333332216288870040 -0.386911743209216097300626527  0.072646101311128729199103737  0.152193683694351439899205246 -0.009423790745542270422049490 -0.129402229269854038382504130  0.243259416611841487523295278  0.217823309936204458973321892 -0.169490759566795468933500871  0.202448062056704461531106594 -0.293107240386823638018942706 -0.065718913233118727674705612  0.122313258044133691750685131  0.528003043084458992728526944  0.250520720630451957121115000  0.048435354907164356467520229 -0.261714364464087986632528232  0.333333333333333459299555740 
 14  0.000000000000000667150180856 -0.333333333333335340417430057  0.286896755410205151631559267  0.624945464200019658177268078 -0.241872025506735968387959229 -0.013530048549426429774900473 -0.130670250729879400107156726  0.281129811490430759414764147 -0.243617266629059569136238859 -0.010784669677999968520282019 -0.060292937943218586260076290 -0.076699465598716395968404910  0.301594107495445682581326763 -0.033629692350063600171406223  0.223622881418907982922859162  0.205810567575682277718603953  0.007020493007965058893927020 -0.087979105556436824507257621  0.333333333333335980367762366 
 15  0.333333333333333048983243563 -0.000000000000004352592462673  0.065115266754445562455281323  0.065144573113942433942845107  0.090507175977758377922901926  0.248701949100270751225462244 -0.515316680706360744361645143 -0.121125356454284716081954733 -0.116208621111621913605659474 -0.037134639339739805086111927  0.373673765347403257484383554  0.020920007377934357175393483  0.091439845206723750440779442  0.435964588889887132275085743 -0.023113211346355783517840412 -0.325232078100169208647153909  0.209975332765971828749280818  0.162354382353100542830774689  0.333333333333337389857691652 
 16 -0.333333333333336384260176671  0.000000000000000101144651151  0.100674798805531115085312027 -0.053556104515527773328768205  0.214170942883615608362795485 -0.037617986154691960321195957  0.213192258414510175726082168  0.178789705350811701066861097 -0.164310360978503325216169145  0.207175441740231354228736309  0.122673879776839132906278602 -0.327184357993459011169305045  0.022230575359197650589534556  0.292474108979776818516673267 -0.314410087054621769329931791  0.255307938636697762493140557  0.553043655612425353641520981  0.056901110954429741756009512  0.333333333333336469098996668 
 17 -0.333333333333335874224369680 -0.000000000000001063201255991  0.043835384775976968150742758 -0.043694200546079159584554477  0.091477884084197992962787533 -0.117305455901653237829054214 -0.143862735532982376801167633  0.139899480864819627173390240 -0.092836922672900258563042763  0.239183543834905613004290954 -0.428862324927749404316571630  0.366192400715128633709085498 -0.181386261449711870465551639  0.322067698689695734791220427  0.336856935421244654035432403 -0.342747830814843067469320850  0.157187573258092779749576888 -0.215704956159587506452513656  0.333333333333336931538328288 

 0.333333333333337452090896352 

