
  0  0.207230252548563025506017654 -0.000000000002026575567158695  0.000000000000249574661016441  0.073705585669219020236156079  0.707106781195202041643155938  0.420408453845679788040594696  0.524289844449291061979304823  0.988042619415260294087836185 
  1 -0.000000000000155428437175782  0.000000000000415028703746355  0.956091650865950033397200336  0.031950968548466120045800165 -0.000000000000116384719063540  0.225068141028523395239338036 -0.184965463390336434267350284  0.988042619415103013811793597 
  2  0.000000000000351947097996492  0.707106781192041616162808487 -0.207230252549332392552217802  0.073705585671517564959310219 -0.000000000001383713766411713  0.519194875902604297045282028 -0.426684649240944748055251803  0.988042619414627239877654818 
  3  0.000000000001368457415639738  0.707106781181053436720947841  0.207230252551991489805586696 -0.073705585672530702849678409  0.000000000003603884813493298 -0.519194875909940112106155663  0.426684649248761617684050362  0.988042619410547940099909942 
  4 -0.956091650865797315769160220  0.000000000000875084274980599  0.000000000000455798529113634  0.031950968547658115036057399  0.000000000000125806341125594  0.182244766987627528615867160  0.227276782050446749306230575  0.988042619414912087977623245 
  5  0.000000000000000037213907250 -0.000000000000000395995900955  0.000000000000000494992774304 -0.988042619415425222109163050  0.000000000000000213175950928  0.153355803051372348359783146  0.015930470463043300475866984  0.988042619415426401937967149 
  6  0.207230252553465632268958098  0.000000000000193595486549543  0.000000000001553913513138145  0.073705585670503474976804261 -0.707106781177893006632741157  0.420408453852304078810376425  0.524289844465205474724825430  0.988042619403609674545371777 

 0.988042619415426401937967149 

