
  0 -0.000000000000002707097249029 -0.000000000000001282113818715  0.565685424949253280702769070 -0.000000000000006231517780649 -0.147812095954114917098704343  0.000321181654243582801847251 -0.081452768106819666831951328 -0.395436500002645324166944060  0.191703231444188558271345298  0.594083653771064691207284825 -0.228700906229862414791140397  0.026572885038795075252678751  0.064923078866461846151434192 -0.219627313060341246506450459  0.565685424949263555578337498 
  1  0.424264068711966922669990079  0.141421356237140187427320064 -0.000000000000032606893528113  0.000000000000104166267530928 -0.016625076677573014100522245 -0.088640027159399588660502588  0.134895913568179876584657469 -0.590847494035957339093140250  0.007752970057679330347959803 -0.226996071019649785108305423  0.122051763308320583925354469  0.004305156885224741494460303  0.428490187301865483611830812  0.417687144864620963095793588  0.565685424949243891620375563 
  2  0.000000000000090581598995605  0.000000000000011661823580304  0.141421356237237449808303441 -0.424264068711914979763633743 -0.001404964296127542259745124  0.270221278614730725390127852  0.372184815660205968809596047 -0.169203378951283615977906581 -0.077573651520129401209526464 -0.271203291755431982572310812 -0.448163850768684941680780956 -0.392888865558754622915853955 -0.350557756997629063031073418  0.046422306345192510474491777  0.565685424949254658994780842 
  3  0.424264068711949805530036367 -0.141421356237223237828728485  0.000000000000001183551285104  0.000000000000030753086447040  0.605681788103841540430588575  0.293258380353057404360452715  0.085719927864850848923581293  0.039653481989059074003023181 -0.255631753788884358963816312  0.316569149232391891198891420  0.272219526714166086398720770 -0.252245708593931767767856028  0.017199250911919694186346394 -0.186112834038003605938572764  0.565685424949205002372650680 
  4 -0.000000000000007568022588946 -0.000000000000004670302231220 -0.565685424949248373983207161 -0.000000000000003897365236515  0.090000527969116738132384671  0.400753323594469242443540102 -0.250014753078933842290370107 -0.252011240949976297680799886 -0.068391532871228631803846385  0.207601104631395258853462406 -0.463093676630859259516718313  0.346245815056666066448186336  0.002487388936075480244597749  0.056177495270569076991115220  0.565685424949264474548098897 
  5  0.000000000000008602762672848  0.000000000000005091135527002  0.565685424949243328648397500  0.000000000000009406777352872  0.160262221168440670732461759  0.450120930941980380509976484 -0.308714672092386714467859843  0.179309643848662537965531032 -0.128781504245011314133064102 -0.313949252449259838743719081 -0.005512822161394539553524216  0.384727142144072917668033360  0.039763471196751640839256274  0.243875302461384790486871067  0.565685424949266443513454239 
  6 -0.000000000000002326988474745  0.000000000000014907972745102  0.000000000000004703999647565 -0.565685424949240352025543049  0.000260938151840375184414020 -0.345161891850775464941078821 -0.312274166668971296374583690 -0.000697380259356359296178968 -0.344035636204939256294153133  0.299879868201103751764076411  0.141574401977775728926189219  0.050045452077388905798532685 -0.251075971246104780816490315  0.411669895158519712885904565  0.565685424949262284188659933 
  7  0.000000000000009060325890159  0.565685424949253919731529533 -0.000000000000000751008608014  0.000000000000001512839687865 -0.058761674826924517593169798  0.051409222413750955135643443 -0.328471241312710273617348974  0.277786306617050209494560950 -0.153869439131096066939591305  0.061295880682995422709073837 -0.248771644381709045040643527 -0.484170267856239167872552109  0.406112475094597572374465963  0.013306309399362342455929375  0.565685424949265214190820966 
  8 -0.565685424949224151714051445 -0.000000000000021065101387768  0.000000000000003487719988186  0.000000000000018129534082421  0.186931827683274481486080248 -0.003300106563285441512574259 -0.235441052604332150380338565 -0.499234204568605592530457574 -0.332789668785740376017899186 -0.236711578450629316999710358  0.231107452637545320557415328 -0.143362088671631235844701295  0.068902878694572864640578019 -0.308035770625060439096339765  0.565685424949266818376355376 
  9  0.000000000000001445931897693  0.565685424949262902400738684 -0.000000000000000049756009334 -0.000000000000001790373375995 -0.279373114123272746068789643  0.193578108550093341084976512  0.416932109539425312295544621 -0.007860635497243818147871785 -0.396156464719720752167952255  0.143718645775121086981913551  0.243429902081817936277665856  0.332193767886507368479551833 -0.131627425278977066186751263 -0.161407608313102767612010058  0.565685424949266168885043948 
 10  0.000000000000025561275746069 -0.000000000000004437302096269  0.000000000000040200800097769 -0.565685424949187923098457842  0.234497716556855231436417263 -0.209236393076647456758286950  0.174455004539714406168937275  0.146849294298026231033859473  0.066456333273665754020310351 -0.110674820639427443841123436 -0.155968470543861323560877637  0.344125209881984763643763409  0.470315123361046648928045222 -0.385514837067516924961826930  0.565685424949258142102680169 
 11  0.000000000000002875836387539  0.565685424949261093897304870 -0.000000000000002626281081134 -0.000000000000000298377276243  0.493711505145464732451825521 -0.149512729085796039829657327 -0.100754864652515272936911337 -0.112300427113753103212142465  0.484179722889226699805449022 -0.069123221395220936643603166  0.042883683151354897229208399  0.087838783599979198577032292 -0.377307783912940400975399510 -0.002848695811764205413912519  0.565685424949266906901462759 
 12 -0.565685424949207106700647257 -0.000000000000023559181672497  0.000000000000009226407210633 -0.000000000000007592930346400  0.254860705886480638782121133  0.156763871458579009428432535  0.400902933679197038483723800  0.085838695533377126923181132  0.146880580987315844564622055  0.303891387110134111697312687  0.064596014879271515121770663 -0.042593325109966854323171031  0.265364199965782546994938831  0.481716503745055796428071668  0.565685424949247528088672188 
 13  0.000000000000000690122216754  0.000000000000001919555055618  0.141421356237257652804480482  0.424264068712005688887873439  0.311606575315333506873052144 -0.468976434621736018809688012  0.188425932821112398951233190  0.025665839767078129059758146 -0.447679388761715521728333164 -0.018929895006437125140488862 -0.467355942190077838972349020  0.132672017053712479746048827 -0.058238887511181872949970030  0.081295717133151647971816764  0.565685424949265936540518385 

 0.565685424949266906901462759 

