
  0  0.000000000000000050081114598 -0.707106781186547913231003198 -0.000000000000000443864187163 -0.000000000000000749896983289  0.000000000000000647058404792  0.000000000000000022139959470  0.483471694018229953990163292 -0.482065903224011448551357753  0.019368105606630920144845031 -0.019262631615296051687622608 -0.095035964966721124926388176 -0.155208179240877603780328527  0.707106781186549818824741559 
  1  0.000000000000000284000862332  0.000000000000000030596081344 -0.000000000000000102407680731  0.707106781186546681956806015  0.000000000000000001338297877  0.000000000000000147680372024  0.485545035728079243448522886  0.374224571687383918605542682 -0.085963118351293694462448257  0.207717871799196583001393020  0.100432819778271600139193335  0.252148497824462001598274166  0.707106781186547250566635375 
  2  0.707106781186546622000425877  0.000000000000000517428542404 -0.000000000000000465951375977  0.000000000000000069334035029 -0.000000000000001239802967491 -0.000000000000000235627830080 -0.108078206359956651746838125 -0.106337486829001397420704778  0.291914051573037660962904594  0.531576041462749974357126365 -0.296638967515756043997815147  0.145704707518668165826909375  0.707106781186549101679214568 
  3 -0.707106781186548396134650823  0.000000000000000053375650946 -0.000000000000000421757974796  0.000000000000000074585448908 -0.000000000000000555503346452  0.000000000000000022631391253 -0.108078206359956307763370113 -0.106337486829000501361490536  0.291914051573036406297045539  0.531576041462749372787550961 -0.296638967515755059731977911  0.145704707518667427471677385  0.707106781186549477734738095 
  4  0.000000000000000065207618394 -0.000000000000000192175494097 -0.707106781186547619086953803 -0.000000000000000015753055609  0.000000000000000453530189913 -0.000000000000000898241755332 -0.002648262396957978013590856  0.099716126802567782226149450 -0.423836585689194695085110776 -0.050253956671896136672392924 -0.554302610390520148408652346 -0.025206851175250259719062655  0.707106781186549197685316942 
  5 -0.000000000000000130078264044 -0.000000000000000470510117927 -0.000000000000000159340057316 -0.000000000000000197265313265 -0.707106781186548453705786182 -0.000000000000000178504450355  0.099101766664262665470868079  0.310882560114954316230146195  0.238742863241427819196945927  0.048094103606944188826559069 -0.105610223421549152259988572 -0.568389089285475637778732166  0.707106781186549596617506308 
  6 -0.000000000000000413969797548  0.707106781186547094007841668 -0.000000000000000648703344587 -0.000000000000000150312153950  0.000000000000000661161012959 -0.000000000000000467063341135  0.483471694018230232033810426 -0.482065903224011885647463591  0.019368105606630769826990079 -0.019262631615296413579061191 -0.095035964966721219956708594 -0.155208179240879058698328839  0.707106781186549469820062236 
  7  0.000000000000000554218959643 -0.000000000000000484623106642  0.000000000000000237536095428 -0.000000000000000256573977955  0.707106781186546560743003131 -0.000000000000000253612981014  0.099101766664261585544517912  0.310882560114955493131604428  0.238742863241428526611758419  0.048094103606946674224514220 -0.105610223421548988030464495 -0.568389089285477017751257306  0.707106781186548360084928588 
  8 -0.000000000000000109421940599 -0.000000000000000012670286235 -0.707106781186547389290303345 -0.000000000000000483113407325 -0.000000000000000056666148818  0.000000000000001527036527061  0.002648262396957589449931797 -0.099716126802566738600243270  0.423836585689194473230241231  0.050253956671895568957030356  0.554302610390520861108950429  0.025206851175250391849426163  0.707106781186549539588472035 
  9  0.000000000000000302267188187 -0.000000000000000443758355540 -0.000000000000000347939941064  0.000000000000000292511791962 -0.000000000000000829298568659 -0.707106781186547018167899703 -0.094826511183717832830745043 -0.098333624264388268917307188 -0.412778147611227812083982761  0.411182010718274069282400854  0.272913601435549377401124094 -0.259615392809351197203745695  0.707106781186549233409778525 
 10 -0.000000000000000278746507829 -0.000000000000000630182364484 -0.000000000000000396457656021  0.707106781186548365289099016  0.000000000000000057977173386  0.000000000000000069786601179 -0.485545035728077334358232520 -0.374224571687383434238222124  0.085963118351294102786538942 -0.207717871799196370416452050 -0.100432819778271264714146222 -0.252148497824461841217667801  0.707106781186549782991859758 
 11  0.000000000000000560538112593  0.000000000000000045448370577  0.000000000000000280851509266  0.000000000000000075035888752 -0.000000000000000754201226384  0.707106781186548009833416767 -0.094826511183717427393342642 -0.098333624264387972679392347 -0.412778147611228419182989244  0.411182010718273462589970185  0.272913601435546860642621103 -0.259615392809351340779218387  0.707106781186549732901719389 

 0.707106781186549818824741559 

