
  0 -0.067812877589106540088660733 -0.707106781216714813187787514  0.209836184177478507343391628  0.000000000077033413627549419  0.000000000028218488110306668 -0.000000000026985032414981535  0.000000000011182972990123403 -0.296959106746861398298852411 -0.113629482688109228799479972  0.591839352345208610144469685  0.984755843126719729936809078 
  1 -0.067812877454327420664360621 -0.000000000047251483855305872 -0.000000000025355034484917794  0.000000000024980863910884932  0.000000000127728866813759918 -0.707106781114256367651391827 -0.209836184310251811806409018  0.523149849739313062605382265 -0.380355522928548156616013545  0.181697827183481679542151679  0.984755843104151870680100511 
  2  0.067812877463865247627046885  0.000000000073550734439340160  0.000000000027384873359576177  0.000000000081568019938275213 -0.000000000012714344295316933 -0.707106781258838674661393320  0.209836184246471407942248762 -0.523149849712428126487749613  0.380355522700101213124995389 -0.181697827246539243703721614  0.984755843164393259976750056 
  3 -0.029801628648280502095448607  0.000000000013928269995886276  0.000000000018039051736272473  0.954954214435048530091980357 -0.000000000007991523817536412  0.000000000030621342574280621 -0.000000000008706404514815581  0.132714406730506214560734099  0.240047380511387522448963835  0.109263226286066789901321988  0.984755843162615671212631319 
  4 -0.029801628736389339026537212  0.000000000007056858776474237 -0.954954214404102741408676691  0.000000000005246399213504764  0.000000000004732891568140525 -0.000000000007583244119054500 -0.000000000000310098424082298 -0.130504195611728006441287081 -0.049936586784461470944892700  0.260094797227001854026014194  0.984755843165421605354351714 
  5  0.067812877625514319400088208 -0.707106781156380190744240727 -0.209836184204913349312130941  0.000000000005873789631966266  0.000000000016366087624808865  0.000000000000685781857120889  0.000000000050098472983895954  0.296959106598013642427762171  0.113629482595713026809062726 -0.591839352495820269681701953  0.984755843059831940467310774 
  6  0.984755843166047575767008820  0.000000000000000217022761775 -0.000000000000001299334860325  0.000000000000001010175461152 -0.000000000000000478933087207  0.000000000000000306073108461 -0.000000000000000916461749137  0.079768190414670071507739248  0.007889077691808596507153247  0.154372042810439782619443688  0.984755843166051812124367482 
  7 -0.029801628675358356931123318  0.000000000018832158861175321 -0.000000000003347794843912854  0.000000000016733289457919435  0.000000000001135698089609158 -0.000000000015457238754863723  0.954954214365796143118136213  0.229907919356947277103857957 -0.167154299970641428467140778  0.079850485355978730512866316  0.984755843096660730756012475 
  8  0.067812877459974660901377216  0.000000000130289356359872271 -0.000000000063251892031117958  0.209836184137310187284349711  0.707106781149026813939207498  0.000000000167353564325915089 -0.000000000026486959259938137 -0.301988388070588182449886100 -0.546221946061249864583491548 -0.248625800434995870017351391  0.984755843133693443481376656 
  9  0.067812877438261424894820877  0.000000000085704780618322659 -0.000000000066126468145551799  0.209836184104248809809654952 -0.707106781224068198503807797  0.000000000052339041823182760 -0.000000000066630157722257616 -0.301988387941615313877878612 -0.546221946084047616496760791 -0.248625800361967882429561384  0.984755843037378908032698083 

 0.984755843166051812124367482 

