
  0  0.012648971193517229716645096 -0.000000000000179030910708652 -0.000000000004907649160681889 -0.693132429974622513385671546 -0.327108696411482893773303715  0.103171952264230242387558090 -0.198933455086772446271945261 -0.167229235509829929402932612 -0.578120013735232301610531686  0.705781401173226453926463214 
  1  0.000000000080030709301179940  0.659794188336629199161890297  0.045987212680585057456180125 -0.000000000014608039973281571 -0.348001383731015721822738690 -0.146081011316254640779264268 -0.060358248205505930467724886 -0.543035973806958151440232169  0.348684661816789889863914265  0.705781401111852982029407078 
  2  0.000000000001063085011872085  0.000000000000401343309791121  0.705781401168460151231056482  0.000000000003356628999970756  0.143215359058273400432630476 -0.513941220578429815699951499  0.366179147774082724785650947 -0.106505399338453049740355408 -0.267947435389950706897087274  0.705781401173281166942265197 
  3  0.705781401176838129013068474  0.000000000000000199789355944  0.000000000000000404256658342 -0.000000000000000490904598945 -0.514815153969590680272869210 -0.153994132500659687686969668  0.177654474757872296231315558  0.414636641524167098090021544  0.098179026556381898639333516  0.705781401176839169576103517 
  4  0.000000000005089699730426444 -0.000000000001871688867497511 -0.705781401168331891035623293 -0.000000000001142496329981386  0.103059226348660114317378183 -0.530797614643742939825443033  0.359214365696630273666481795 -0.169166715214914754503942179 -0.227712458724501662788840955  0.705781401176435763805943474 
  5  0.705781401176836467364818922 -0.000000000000001950448243169 -0.000000000000000114217410533 -0.000000000000000254765952379  0.514842660976895490532352639  0.198355321003401287088471761 -0.105834209699679307193883118 -0.423827881824498547595021433 -0.081448520343415090866454227  0.705781401176838839761802646 
  6  0.000000001480070479138698142 -0.000000000001338340594238761 -0.000000000004806651756056065 -0.705781399688424005887076029  0.335515120027947707836762578 -0.214326556280727122881209559  0.028455726324093721102268450  0.194037765624935294730903264  0.552182908563798456342414100  0.705781401174639487462129234 
  7  0.042339290412872296080548174  0.531352815459361495860259733 -0.028551740789037111042269384  0.103537554482263798929511048  0.264694054191683854864022493 -0.294458073512002138736199514 -0.531419433158573803531541518  0.438738214844390399791730639 -0.269573753203534192425788046  0.705781401143534735387330414 
  8  0.042339290508940614846930322 -0.531352815500791703757447332  0.028551740705910418839961551  0.103537554458062905266859093 -0.167428038384262163433807008 -0.475850548469921952381101946 -0.606367791764992148187147364 -0.235563245769872796946879483  0.163396782998226043073178998  0.705781401173705663643076491 

 0.705781401176839169576103517 

