
  0 -0.057740860486326422663987080  0.000000000060861614431335529 -0.707106781036346878353045925 -0.000000000052047090825637228  0.000000000015039849851816536  0.000000000021498701407839335 -0.173222583067768070590642000  0.000000000053837043606246628  0.000000000094145989061064753 -0.000000000067027658585918318 -0.023526914661919207711170544  0.008768091179817730635040831 -0.029360350955084978489281842  0.594887036890636063720533278  0.038025328818770861047615607 -0.331407592431276964718136688  0.938070224954899283594661474 
  1  0.057740860463549806397932440 -0.000000000061193303439430876 -0.707106781336748167103925522  0.000000000089627981371086494 -0.000000000023544258028528015 -0.000000000012821713751443653  0.173222583007798451178150222 -0.000000000041730339427104298  0.000000000028042476272289348  0.000000000088097891488376321  0.023526914721396119937034549 -0.008768091181899978674804295  0.029360350891437264787622321 -0.594887036625338257807196068 -0.038025328696930991443433002  0.331407592317199254332424005  0.938070225153154415795048876 
  2  0.000000000000494848086552069 -0.000000000023599126654736155  0.000000000028558733767657865  0.000000000042171286950178426 -0.230963443836978548671739174 -0.000000000016897589160714561 -0.000000000017499145376660115  0.000000000018675444316984422 -0.000000000046869626751043780  0.707106781140193577117093737  0.032166346136588584872186740 -0.078066491525341898755020655  0.285075195071169928658430526 -0.203289548951991812797955063  0.446162892137328868111343511 -0.343323466828800525626553056  0.938070225171937902334216852 
  3  0.057740860476345452305380317 -0.000000000064327637038169197 -0.000000000110352113638719352  0.000000000206574088570966832 -0.000000000041441154861313778 -0.000000000035280106876714234 -0.173222582967385449755179545  0.000000000030846890872236208 -0.707106781006679416560697926 -0.000000000027103095823569180 -0.103926542345637268375212452 -0.397788296521495839905844041  0.165871650182618709973053801 -0.147967063803072762374186087 -0.429628221517020703241768881 -0.252260995704550954597290835  0.938070224966335457542597476 
  4  0.938070225175665709568123551  0.000000000000000025810272953 -0.000000000000000037321578905 -0.000000000000000000223417468 -0.000000000000000014516419488  0.000000000000000002849127247 -0.000000000000000055199725960 -0.000000000000000049834659400  0.000000000000000000188082450 -0.000000000000000008968195034 -0.300094992976717150299234907 -0.006301544677993436633893910 -0.070169579211845258211231822  0.085485743163892409973757605  0.129076599029166079143395029  0.032174334738493809053512572  0.938070225175665934323233908 
  5 -0.057740860469728710970850876  0.000000000146694663268539935 -0.000000000011836351692750857  0.000000000122686929068847294  0.000000000053051109734618614 -0.000000000017225245271136003  0.173222582868573388316770292 -0.000000000045750713475483980 -0.707106781366415614151123975  0.000000000011302614926676658  0.103926542296002101040727078  0.397788296164291909408914152 -0.165871650178453346972246019  0.147967063844432233059170492  0.429628221322174704748051571  0.252260995659593568720075255  0.938070225113265315525657578 
  6 -0.000000000038741215432963307 -0.707106781053979916936997469 -0.000000000028403414676926569 -0.000000000015362742544280805 -0.057740860474832556810734479  0.173222583236068086671782459 -0.000000000076471035388964168  0.000000000108764759469070641 -0.000000000077439122831112639  0.000000000031211456127746521 -0.117760625173630402325031501  0.189077083054803267431328781  0.574259090296556375793406851  0.154087288729536877633836435 -0.110846080545001183508967320  0.226360272110399335111210681  0.938070225141274350829419942 
  7  0.000000000006404371671249089 -0.000000000019958205355833876 -0.000000000027304924603469873 -0.000000000002877185664885888  0.000000000025151615915333659 -0.938070225027669000713095859  0.000000000014079703475914554  0.000000000013076917135555155 -0.000000000009002642835876498 -0.000000000025397056484587177 -0.102808416901794311095928117  0.251479042211869274937733124  0.180737930896913938271972598 -0.016940397008867893202010068 -0.106143278048428793158451059 -0.044647524772426052878774878  0.938070225170921636649330050 
  8 -0.230963443817187709050328150 -0.000000000005080219571677689 -0.000000000021052159978481897 -0.000000000007802223724827879 -0.000000000012290481902334496 -0.000000000002384001129322195 -0.000000000033557794133610814 -0.707106781208733841238931600  0.000000000034027244960176143  0.000000000029836517746748932 -0.629525738333337295824041618 -0.114436124234082444280297466 -0.093690726055472061288900958 -0.012111093241895103852628088  0.145212325391132763066637246  0.085125528844531405023006530  0.938070225171952165610107094 
  9 -0.000000000002898537725791721 -0.000000000010467309550033373  0.000000000007488500832897298 -0.000000000008265124518930299 -0.230963443828441307079362560 -0.000000000006431998341533010  0.000000000003792176134245384 -0.000000000001428638161486273 -0.000000000031069145840747466 -0.707106781232901455925762835  0.032166346139030614286429119 -0.078066491605029490275305393  0.285075195099504741588639437 -0.203289548987732100778619802  0.446162892140082747673883803 -0.343323466576985747504254312  0.938070225133184230621556654 
 10  0.000000000013224272866813922  0.000000000075767617818797963  0.000000000007924546460202393 -0.000000000013595657638308620 -0.000000000000669464987249984 -0.000000000038727141786484385 -0.938070224975659274543188237  0.000000000025615136881603243 -0.000000000004151475081010022  0.000000000019688021843857669  0.047070712712960556406031681  0.143671727201369945901604681 -0.050415926748611006778067823 -0.165055088796408128454956156  0.144625557313961838206990002  0.215558660196939118642721518  0.938070225175022618952641595 
 11  0.000000000000521064641967295  0.000000000000522585939362792  0.000000000002352070800598529 -0.000000000005671881734785758  0.938070225141386195065549419 -0.000000000003418235158547300 -0.000000000016290591221429257  0.000000000000978077266122413 -0.000000000003170959525328971 -0.000000000001253164595639356  0.021114914132943222502459711 -0.075715139394020831757560388  0.221520512593925631873313827 -0.056519525500332474152154726  0.227790188286317035049185695 -0.098445246856907306559137435  0.938070225175564791216756971 
 12  0.000000000026814903157533836 -0.000000000090260187289446381 -0.000000000008863853747080297  0.707106781237767642806293922  0.057740860731546907522312648  0.173222582591778034087994821 -0.000000000037591101397837301 -0.000000000039311168865104520  0.000000000069344373167045985 -0.000000000110402588734869879 -0.160613918111766950440832090  0.491853191589943036316151873 -0.084874657001621325169834695 -0.199956833982200741774105587 -0.176558272419978829994484729 -0.347252459493228459678354492  0.938070224943680710974307224 
 13  0.000000000002899090536036765 -0.707106781319115153836094706  0.000000000028735103715745151  0.000000000045360984509710186  0.057740860447812113232949954 -0.173222583196211263765139886 -0.000000000002250012147185351 -0.000000000072140961053166589 -0.000000000004927903415625812 -0.000000000044343273201709245  0.117760625187098165633683543 -0.189077083002396412886314536 -0.574259090138114088508382998 -0.154087288473296329742966149  0.110846080693381811978573143 -0.226360271860051743333117416  0.938070225163795891614067213 
 14 -0.230963443830132117927898816  0.000000000031543578788897499 -0.000000000008945455818416738 -0.000000000048239862407567269  0.000000000016539893668841436 -0.000000000000186331665041339  0.000000000042599955257585715  0.707106781164361185623972589  0.000000000019123422327053352  0.000000000009732435256387769 -0.629525738355937342170115523 -0.114436124172761481310894340 -0.093690726245336032276421132 -0.012111093368787659753512635  0.145212325425802746246026036  0.085125528807136289393461132  0.938070225171404264204871870 
 15  0.000000000063538961036097543 -0.000000000120258429294137371 -0.000000000046444744353458244 -0.707106781135327410511143276  0.057740860726271210386485819  0.173222582605814441988239041 -0.000000000005398151581889490 -0.000000000079748807573052654 -0.000000000259916644473962454 -0.000000000059966177270658412 -0.160613918081758372854560973  0.491853191598161621091557863 -0.084874657018119803670100354 -0.199956834166238387939990885 -0.176558272488916687776791536 -0.347252459552883586274291822  0.938070225102684997111734261 

 0.938070225175665934323233908 

