
  0  0.000000000000325285346708646  0.441726104363097931717035277  0.059067606900941184674052936  0.139222765093163125901419216  0.184369285693043498424630380 -0.186017222667460617417244280 -0.346159803929622500554301109 -0.320422681437290030162555812 -0.159225436031682540113452520  0.681252168095690849032152608 -0.038171808085496761966964483  0.441726104363423234246089841 
  1 -0.000000000000112285778698370 -0.441726104363880204184324846  0.412437067624200348478968534 -0.010252149378087985582828673  0.233237653904157693222540769  0.193475629244947681023352945  0.109535974156334218852651766 -0.420350286742492810333022765  0.309186719878177083644559334  0.145370308120599828126894536 -0.487252026845213776520783153  0.441726104363992497822254818 
  2 -0.000000000000880434066723271  0.441726104362891693993738509  0.436325246625676970254519363  0.128482302943217571727799534 -0.257211216624408305363213081 -0.248232045291020192106872487 -0.287237884516822526736242599 -0.102329132111064639393217465  0.390986365363718700686188404 -0.458119756767017236579646669 -0.120386728604760182787599028  0.441726104363772103535666635 
  3  0.331294578693365899515945600 -0.110431525525089679682754894  0.254550730383836486150732348  0.034420410361445819503789295 -0.071624446039237671825900770 -0.658006140550192229342514605  0.497891376700747568075696575  0.182751358869856450668918944  0.113974670788611615637438493  0.254625450394865720740332146  0.121850610610284774756460931  0.441726104218455609129456718 
  4 -0.441726104242539364464533586 -0.000000000027008288062187542  0.440580397717763721197881122  0.293155736761431263460737223 -0.013252810956772325943216586 -0.049953791513801735745941299  0.232988398251361196177066683 -0.017123484873211847805550188 -0.663058301545092015200338204 -0.156143407245408859248896570 -0.059596773138842613545400643  0.441726104269547673844727165 
  5 -0.331294578976299837540188051 -0.110431525344784546879383768 -0.334338243022309464003204507 -0.300367849170293262176531859  0.315289469912079154377288620 -0.575538852611085654761065994 -0.023341289591184663564519598 -0.401247837297936029625575888 -0.025812670830548011554242513 -0.287993095846833857732625581 -0.015572216261095565365716405  0.441726104321084375725625648 
  6 -0.441726104142108010286406003 -0.000000000086832772498872042  0.113268017895427588155664138  0.258793845660182205971290223  0.248483223801343507355812550  0.135037597861999524606634905  0.143640113958079907276795678 -0.051640500536977875791036811  0.440122554816583832213491151  0.094755583595493151782709982  0.647386575106746869619038509  0.441726104228940772837867443 
  7 -0.441726103921729078575966060  0.000000000375262821696137757 -0.074699984368761255676416339 -0.309580725920406558601943176 -0.736054970141213434206214905  0.013594694653234583327104841  0.161689377571282690452072507 -0.168876775603692717202339996  0.117284537826286362688702185  0.299556930507880664023897394 -0.057820093476366932110717574  0.441726104296991884702594522 
  8 -0.000000000000053264401177203 -0.441726104363576815495370451  0.398026469303990447978422451 -0.359025031022733988415179818 -0.070571481417511458361614077 -0.112472462675009321378220839 -0.577911770830008542077210060  0.141074897578969411522219896 -0.139623645821930577354155582  0.073240803399059979817288090  0.348109892649891011561858259  0.441726104363630052505439866 
  9 -0.441726103975728368885396088 -0.000000000326437014479134185 -0.037481700346018745933682724  0.008722338567000185990429927  0.210639119332874365277401447 -0.160528966738730939674685387 -0.147393389381969531722917088  0.675640159346669590188609600  0.210491715606421609147829756  0.168794803978486056381287661 -0.426902588321289340255815584  0.441726104302165382536069296 
 10  0.000000000000130284407966192 -0.441726104363438935661951776 -0.295123805566706539320461986  0.703469107337792066091640419 -0.296424359774474771047052951 -0.206866187945986894082235977 -0.283659412747379727947260805 -0.088852305852266954839385749  0.040157355286137146857023848  0.012863211132252879447333664 -0.045986000809162717807739018  0.441726104363569238304542547 

 0.441726104363992497822254818 

