
  0 -0.331042355440258256096255560 -0.000000000000814024504726984  0.043248082446527582211237475  0.169840900819979236796575250 -0.221005831458640722729297109  0.133941869631490234420455321 -0.050220513047597478769077739 -0.140067800148920530768658667  0.209909260494475100261926870  0.180844749893139190499908621  0.430344573103429388225222088 -0.222199843229577404332296051 -0.101052285734377303814273980  0.133721089597527526099634936 -0.274870388812500958739112530 -0.023074931441762916977121544 -0.009376388947441961708829743 -0.395871370278661833852539356  0.445480034519119580627101104  0.331042355441072253620154661 
  1 -0.331042355442961152162941948  0.000000000000505875884237066  0.211481009640515015283925709 -0.108926328638875519887218354  0.159554193407677326753033552 -0.382540216150424910269501125  0.366449388153056097313471293  0.340154864893580069100170390  0.307284737371906955714050136 -0.068073820547254326687616841 -0.016017432911678922462049958  0.208621166674441247453758441  0.024813285557125794332023524  0.326775277190574727501429231  0.153069047631630285636553795  0.221653489980274442534813849  0.008027895344787399161739442 -0.276660348194490287400187575 -0.112409381895269319293854254  0.331042355443467053988364918 
  2  0.331042355442573326649051066 -0.000000000000231628664240647  0.342401183743111213095798584  0.357646610983448180417533513 -0.036197286322547503211084514 -0.132632551018473968820299107 -0.549182797516644397939691857  0.299390200504365121486963219  0.118990664193300730447160583 -0.091833697380184543976550191 -0.109585219392640942275636735  0.214054324688602331161393216  0.132919058251985284382717077  0.044865670580248307771346243 -0.202247212545424252306582036 -0.023691155156828153219755783 -0.206302277121315788359617177 -0.225592141898667977763779692  0.010246018559624751922458260  0.331042355442804950342800333 
  3 -0.000000000013548685960089335 -0.331042355413870023541234727  0.403216137462322989862967271 -0.016875591499505826968591010  0.013228915799933842967717418  0.020933194887630207857003592 -0.053494567998162781614809565  0.230884133837424439678618140 -0.148797382858096904114644440 -0.036131705446563287905303776  0.337158946739772391945622054 -0.255084574796875335672479909 -0.392367257167554000363415487 -0.295764292506089293690674583  0.429418079333579222681138710  0.041732701154216075514367598 -0.195355038696385003608936744  0.035331404037002971071413943 -0.039851251809483526830624450  0.331042355427418690151522909 
  4 -0.000000000000871930887045940  0.331042355439983851167137785 -0.014203698893606943763750767  0.402064261463494611336701168  0.318779110155929103144652192  0.203198926377298403101747358  0.231784332105455656504629236  0.285518802245998417390629096 -0.319888392707883857624898832 -0.093406188201311765467748684 -0.026375365981914436296464424 -0.034947604373185053713228142  0.133155047316305722525224021 -0.237384944445116352623606840  0.058057946940468068891864038  0.328440738763488869136767181  0.158391356221650791695379316 -0.075469614250426606578568602  0.348308704993288072870481417  0.331042355440855768397394321 
  5  0.000000000004900854864025689 -0.331042355438611116098075390 -0.021981131208821813269134655 -0.008466079268788611272615553 -0.213930522786587458492629787  0.263296213684526173785631353  0.117128403810410394512541831  0.344471370887115247160252182 -0.165076906158239144055432414  0.129200205967960764601967956 -0.228116938735520589516514965  0.411316781608245022754154555 -0.373464736874853529439511127  0.087677778721902518452400044 -0.106516600306388315785182958 -0.228676089452774240640283397  0.367395312341734209325531946 -0.045103011041518768073550240  0.171487640206990085508143191  0.331042355443511957115805197 
  6  0.331042355443427639390477357  0.000000000000132246047748269 -0.189428954667648970442155217 -0.219958915797474623401107884  0.266331516032982326447385926 -0.392774006071573912233195480  0.067915244681424373111118184  0.036989468276879300243147010 -0.205558250490468158764396575 -0.204717249055208900705162510  0.187312690380738830158813095  0.020447127007546676181082724 -0.249269169604447130399464856  0.262117567296361855453106643 -0.151470787661497120876654549 -0.135231742958926637961005607 -0.216867422947402407231299974  0.100007135957831626906508818  0.475593276142803157805491812  0.331042355443559884354155082 
  7 -0.000000000009397753017805710  0.331042355434207575279412922  0.500423753353975824475184664 -0.275612024425646876576567051 -0.278970609459422994822483735  0.179624464171127322506451435  0.120636141543624793399046811  0.072320092903472746349304804  0.165056263652481183495761285 -0.329950478370510035718227507 -0.018411564663589678876950582 -0.047092193036485570494393540 -0.059855767557614552448752576 -0.000260515202393439374538255 -0.292799702509087202910009057  0.097784961274562712891991051  0.059582015333600674833599772  0.418226079596280525866279498  0.134704306886677967430940989  0.331042355443605322183001777 
  8  0.000000000001896771826740962  0.331042355441030680186006302  0.191726983279915878433563754  0.102781243606808927619272395  0.347037734759878616980699126  0.263113481914386920475831116  0.007503118181513418326360936 -0.249779816450657441846932953  0.291058849598592025303706726  0.034814212473794122498934288 -0.209777858767048193454427679  0.124169087094889342262388123 -0.259164456681304780573567303  0.099182767800113287806769956  0.370315225900780556464366583 -0.441309520428548824678201962 -0.119716502425392486192335263 -0.049847290924454032558465989  0.141130812559580778444237072  0.331042355442927438625337969 
  9  0.331042355443608499057997485  0.000000000000016567515784296  0.410654364531856252827244844  0.225758874818619354032716781 -0.267612038039890012651325982 -0.159859466645433816815702853  0.370438574223494773777739034 -0.425587434131467074800063768 -0.351622542044788090044539139  0.159142288472250096023250486  0.038630124602929958002904077  0.079383567831032265382242528  0.089110740256629560710767944  0.234884687650898774346737777  0.104420996228873579528381894  0.023121760995860144011950356  0.076778884372653893462985775 -0.125611672630163053352120132 -0.048003346492938462442912409  0.331042355443625061140648994 
 10 -0.082760588839408811403033656  0.248281766602269711937691320  0.097584674276057353808260311 -0.085887968349685936098557564 -0.020958217989374215453772846 -0.345762867887442052405259224 -0.177602444895701208304431180  0.069058389442531187353059054  0.034628748319419231713862072  0.664798740536150804402056036  0.139082892632624216723178853  0.259887571227744691108180186  0.041513485990380998938453251 -0.216230119618698297693170328  0.099877952511844400394064574  0.031777869850086834374456235  0.120557550323563393855673745  0.335437389165783425050426647  0.204317611503204647895948556  0.331042355441678537442129482 
 11  0.082760588814718947337856561  0.248281766628192007172518628 -0.135836625745810533419659534 -0.139430834626484217756109234 -0.122137200794524620228492968  0.242874485124111679697233614  0.109697100764001809254807006  0.117173681304470349820348162 -0.081449904650066072579132469 -0.130268766082637381696152437  0.583539591394671021786551973  0.495856575924867811860615244  0.174101358156118618850886209 -0.111960752306376976746243954  0.064048153592060088220531012 -0.198239236739891872175626034 -0.181778985135795559811475695 -0.143014333797649346525018843 -0.210250507431794973948568743  0.331042355442910954388402445 
 12 -0.331042355443211110853840226  0.000000000000534131946275317  0.085168620603269616833451861  0.144659421398297042662462776  0.232307973925226025221587624  0.025015216712762809479083889 -0.415296648243467459831737218 -0.213107153151547021918189341 -0.269569380858012296210820744 -0.231328333438807424762818053  0.255596685447004406043988722  0.205138676279705690178880272 -0.127531711845770140141120147  0.374116447098190592237924867  0.031138032781429776601510371  0.146331225557277467544045613  0.325031968921262521637861528  0.223498905539437609505575358 -0.148164791186508598068265197  0.331042355443745221261651543 
 13  0.331042355443487506025780978 -0.000000000000005540540345631 -0.008721371582410265433205445 -0.464576852493304330240933911  0.034623085827890260403213963  0.195414422271250986831952860 -0.230165934316674262446545188 -0.198631006208115183192487382  0.125439318272431417849261878  0.023949495309552536877762134 -0.032938622983228473595814900  0.134815026127242448575837240 -0.080670153146906064215045356 -0.024672181315762267424823609  0.199911103114269465719113165  0.525069486550913424563642729  0.196481952547371577639774912 -0.346597563020304346586859118  0.160014305127298453262051081  0.331042355443493019871454425 
 14  0.000000000007722474711977538  0.331042355431395154735565306 -0.028731293072961433483213946 -0.237463724254102466140617725 -0.237921218272594106713066671 -0.015427209238225791651993651 -0.223242904557667493249803123  0.330300420890751077104266140 -0.269807850562506609299771518  0.029193859952042160017896552 -0.055622433895905640284930242 -0.397603262791879144338533236  0.177059940819805588699915530  0.329582198683777959590229106  0.315277918855707600063196031 -0.268184870155856387968339866  0.206729204331815832770781124 -0.168880765905767973037365434  0.005458987110455969981569890  0.331042355439117626892753590 
 15 -0.331042355442052578572229710 -0.000000000001541146466669630 -0.115982064381236556399113521  0.009562295406856638451695643 -0.367695100835888369133694353  0.062741743304186660214519754 -0.093459300431728744695120126 -0.071495718005746105075913499 -0.229935814229852592083876324 -0.069749817192779536983450982 -0.286098910131867437763204809  0.226049152674933195020972113  0.026081565140065472483641438  0.114547274685818077587218765  0.255323379323063077175849298  0.233828780474753608863971652 -0.570036519280192162753041762  0.086412559876646957553951011  0.259080782805951187133678207  0.331042355443593718048464827 
 16  0.331042355443530990013892637 -0.000000000000260662256603824 -0.272634248703980851491436230  0.329652288027003562164742034 -0.168689296770762909072663947  0.181850876765850769740864162  0.076642952974834028986297549  0.191294142194860359465036041  0.359459276082067564621639819  0.123918817944303261108880340  0.189291768297187462687970749 -0.090083144384517172482192571 -0.102926590669108652571230554  0.405897002505624976772700616  0.223003421524083490052551421  0.246974491772054002695132441 -0.020860046993582988556913300  0.354786919255815696115901464 -0.050221579404779065851073495  0.331042355443791662329873493 
 17  0.000000000000844991055463035  0.331042355438356780943792712 -0.239341315480919942916093572  0.222960476365838900864252761 -0.361857885257457900562766059 -0.394316662138168297889202069 -0.034777865857338121374249659 -0.094248781279425829494032513  0.094941193354664281569947355 -0.301941281167747970008404315 -0.043795424120379854491760157  0.039407313078632778453755598 -0.464447062836733568451765344 -0.288686925157275588757314899  0.102013835583299185253325532  0.023244773222830145831811115  0.206002931599713923563072654 -0.146411351633256075536700970 -0.096804111228809552053688019  0.331042355439201796705800049 
 18  0.000000000002228290446179910  0.331042355438341530881295183  0.000049540656297665344580885 -0.071082801274687617903384057  0.119552825177529119101630783  0.125202694545368665911765603  0.012660022490508069431076812  0.091570733322920294822448630 -0.240118485087632147262815159  0.353460894967397289687712630 -0.078942207709739113784144868 -0.094509243608221358302890185 -0.454290828208407445346289980  0.135624058541817970493354416 -0.352908325370415297973086810  0.197926554214639245816986790 -0.293032655271571441501360367 -0.131705955416071421133967535 -0.396712639955851428818795618  0.331042355440569830538717275 

 0.331042355443791662329873493 

