
  0  0.000000000000002103387008518  0.000000000000014072699705614  0.438442972444977545977461489 -0.551800081872408782791838977 -0.186279322620672019696162064 -0.040889177932349879406747793  0.049123636217709943372396880  0.239003350074401871533207042  0.241278179243504197325361459  0.104849778684536224604244552 -0.173286554481254162745750697 -0.214394299659438058327609426  0.097796492359196390875867525 -0.116319716818623515873542054 -0.326206021378835245733704765 -0.205114439260560802512725100  0.300995468560518267015380794  0.438442972444993717259439925 
  1  0.000000000000043303933193892 -0.438442972444871919098690130  0.000000000000023884953765786 -0.277282740983240522678141687 -0.173437950991690830476895345 -0.109881485666525026855444482 -0.489658717873686620693880409  0.037184453672493894581181943  0.034328329388680496489462055 -0.229649730830207718040663310 -0.368992995487822565957867008  0.020241838663544522198699162 -0.020567958224630455402772962 -0.024125199698483730757758974  0.124531926885190594579515266  0.267549423208261186483622462 -0.411096190065083947132174025  0.438442972444939092335064457 
  2  0.000000000000001457445346197 -0.438442972444909635863080632  0.000000000000053347554520314  0.112803030557376154766925647 -0.019949098683413844453171768 -0.005042146086301085049352221  0.134739686606748915897362531 -0.154637223160775879522471805  0.145582383305176221594272497  0.129610057486604548165161008 -0.066711072226011207344945151  0.452427092453260534831490508 -0.350607232747114035673920152  0.312502826025591733610049447 -0.510427596407437012806986715 -0.155675042127557080817398284 -0.008015995480000414495955858  0.438442972444964456025162311 
  3  0.098537809453924353882093776  0.000000000000249709196203152  0.339905162990745460065405287 -0.138141157786418309789413204  0.085718982387238283393365509 -0.333107631248577877852018458 -0.284594991106062234094680602 -0.380499591924080033755826286 -0.170043411079022621464258182 -0.017426425508142428126147718  0.271918861048171156124132058  0.404017645847981733583627675 -0.120619215057863970224825111 -0.349788952185516249381198872  0.198797999510162891006570356 -0.176842158625120427522972415  0.193663232325549392525776762  0.438442972444919538179677540 
  4  0.000000000000093121546034113 -0.438442972444880875448891544  0.000000000000006610869183730  0.126938079330308396067985253 -0.243238390425832652901472902  0.032983408316774861210768669  0.328903516119802830428150639 -0.251413023804286300035568461 -0.237868602425478586217893161  0.269905656216156646516309350 -0.166128158879100139798650621 -0.020703712949958061253098035  0.541172014635462057807746561 -0.251395589884643377680262244  0.110080145531816376464637284 -0.176935879773071689434428208 -0.055380975658407775264412652  0.438442972444980628689498517 
  5  0.438442972444986616223101122  0.000000000000000517942941706  0.000000000000001952538190622 -0.348027939191321636130862366  0.277771820786717946660457357 -0.143005691499965971921737827  0.326198294839685184006621357  0.189263692310835536264813223  0.214007315210830188515422033  0.106078202362174028606503148  0.106120305123689926938038933  0.334430648142396288812578861  0.254842043844109848537262189  0.256973507349550217402798721  0.276444899050813202288391646  0.073530291201076733778856792 -0.232045250254594369735999977  0.438442972444989059987692850 
  6 -0.000000000000065100406406778  0.000000000000069946235534365  0.438442972444494958971080920  0.092742748837245221843559456  0.244343584314612425730721228 -0.169210280281153121299266527  0.209005483983729526252666985 -0.257979837255204241163114923  0.056529945941370065462359832  0.295372543089325168669777300 -0.004817289687207275406147331 -0.431193003221227854715544986 -0.305270972288307089953030352 -0.053198354613612297675496153 -0.009299499853621451476016861  0.160614804255647418030771185 -0.449776092887339927261841285  0.438442972444630029392725196 
  7  0.000000000000118806455977012 -0.438442972444821765939070024  0.000000000000002501769461766  0.149437396351743811387553784  0.199890360247970434268041488 -0.287790787780073696014611351  0.320947459329138974718506963  0.090151513710793519082485961  0.193241319852886065446548672 -0.473764948081450911637237111  0.079967413927191535592169450 -0.186233171007986572723915883 -0.067075006515871221247763502 -0.155804295288049889209227444  0.090019762619577822750571109  0.249041769494272594714923130  0.386974874136311221116011835  0.438442972444943085126405069 
  8  0.438442972444993673240831722  0.000000000000000078430661461 -0.000000000000001790633946251  0.196326992237217280923766358 -0.235498516506925251770250898  0.303663958097311074637745729 -0.025088733757329014447770587  0.142959639159032170834732860  0.237285804984157234267258887  0.322886447394934087806294548 -0.086503285904589557798766587  0.147520147534931529224020742 -0.248191211628097523205784512 -0.429872531239725504039351361  0.084880901687655700009504153  0.365209917817923546964420725  0.153972960520005663957949019  0.438442972444995564008105374 
  9  0.098537809453253937333212092  0.000000000000067961381775792 -0.339905162991647647949267075 -0.291280247554792551663250741 -0.069380771213074897214216716  0.156694156237469721127406400  0.156715167661662516796058572 -0.386643710246842340337060373  0.217942317780952024580285939 -0.064043530456393809615050355 -0.222279906421847242670533119 -0.197667896827328438611164757 -0.376328565676971515686346711  0.028747850034255465157619113  0.386381846076391087643807712 -0.382562999840429280223657801  0.091183634737542715215953808  0.438442972444969535539445460 
 10  0.438442972444995406961420689 -0.000000000000000168278761080  0.000000000000000072798000767  0.308593430200054593743512824 -0.329094335188237851130225314 -0.220528700274936392800549656 -0.254082577584548034292958804 -0.111976941152935406861553078  0.380998867281809601139036872 -0.128233845349389397990833538  0.298454892759747023272924593 -0.262052141524146110866102730  0.199712558663423968619335912  0.147705123149130189142948580 -0.108577378168695711905557526 -0.266785819255665534641651371 -0.120369183431690825911662950  0.438442972444995656842916393 
 11 -0.438442972444994416867996775 -0.000000000000000022932503192  0.000000000000000488679836903  0.223608385410936311011426657 -0.185798294674376197665793473 -0.418511342681375584208556401 -0.049785384261403799360833685  0.314378781870115756188165113  0.295839869597665287425259512  0.368452557152078028380060709 -0.092082295304310047987178880  0.110167974985649277325856950 -0.087705243241739088834820794  0.098102465165974580734505484  0.402259421976767432359940388 -0.140643451268294808519446204  0.063067608172123945160141359  0.438442972444994928177741320 
 12  0.000000000000187599357220766  0.000000000000134987550318959 -0.438442972444021903185998670 -0.105632642925973037391503516  0.105814090398616625158243528 -0.253330313201085784689543107  0.087762762228590225186840214  0.295560990131193133040104701 -0.026115282876674700118706869  0.018080538690927285951033426  0.138043768535800137565918572 -0.007270816029024430520404229 -0.137029470557311549970156903 -0.559661467323752750556604962 -0.276641369237976479157105347 -0.279175729892250976490629052 -0.345821636409365525002910374  0.438442972444344503612188857 
 13  0.438442972444994575649404936 -0.000000000000000580723044230 -0.000000000000000390669224692  0.215421708407922016869175987  0.283953787392992297616183331 -0.248885271481289763537006823 -0.153399881450000937245232817  0.219994564329177197644694421 -0.390914437824727035959227264  0.097214739272146284679494178 -0.497748857587711785631845104 -0.133693395064131423629672814 -0.084310650332675754581681672  0.131110638261472718297021532 -0.002623490392443726056209517 -0.232127880200583429511594635  0.201933926628206929522447131  0.438442972444995554494231310 
 14 -0.098537809454696106538991625 -0.339905162989869100316746992 -0.000000000000076373809934662  0.043954718089425115136621974  0.567826070399324864105584931  0.394429190621040543120309416 -0.380048747472777548794473090  0.076196061036698392543128119  0.260482751153047351408290414  0.220878718433229993950146601  0.166519903926859556131520254 -0.121519666032845532289757493  0.151804787903333524251396625 -0.066501494767964747253474571  0.073958282567385972060627648 -0.219335333510640427445346178  0.066328743100815150923711076  0.438442972444641592029423993 
 15  0.098537809454250028509333936 -0.339905162990582813340974602 -0.000000000000054982768332646 -0.188288836145576227309333429 -0.262461976544545997936134715  0.082486082264207750368832390 -0.000383362291909268593028815  0.283316916428690247466625970 -0.434984570139472624742934051  0.171119933358322288575602450  0.506632447354419466838647279 -0.221247556462968742870228538 -0.284563428703816939153601814  0.219770082694929598548421248  0.165699288875384268893489748 -0.017980440371937670449186048  0.046560915848433100638610691  0.438442972444887834129485099 
 16  0.000000000000070549164538195  0.000000000000105422006945593 -0.438442972444484871201702408 -0.234702825375655331344767335  0.072492050720137500780318462 -0.336490492764212382564804546 -0.171761605919774774158480767 -0.309774218070183481694643279  0.023135481935059223103435849  0.418281932775251734293181505  0.066982516330061929205486743 -0.171856684081663367753573662  0.127794976129989545834270137  0.096680798602120857021481517 -0.204289491090941716181774920  0.394162232101836911940225330  0.276488845690302972944295962  0.438442972444660850875244179 

 0.438442972444995656842916393 

