
  0  0.000000000000109747967641927 -0.333333333333810755914330612  0.161906753692701181680563445 -0.318556284078331381685953577  0.085896848636675835523505030 -0.299377721722220348373431908  0.153112973407190339257891165  0.210461758688911860799147791  0.567585683668054220905700713 -0.263747891250846618906543417 -0.212249715271265443944002059  0.119165548103158806019711939 -0.161767571204472466062790348 -0.123371081438932258506177737 -0.276357309946238303006689832 -0.163217813001679697587935000  0.032433569903669459538189061  0.005710520747901310667035164  0.333333333333920514199690335 
  1  0.333333333332797664285513869  0.000000000001390857365899743 -0.067584596988968680606726849  0.377926351935444314371565291 -0.200868343441377486229405640 -0.476594946337954372949383477 -0.120680673583538579047636560 -0.187348359275732720448793926  0.377980490820365857467053733  0.266501316391739634549659307  0.125079955815640060729962944  0.077308882567451849823422783  0.046362490470197340965195863 -0.087609886121355698368289282  0.151643310091323081276702689  0.190091502141025010669803975  0.244407625604413023074289700 -0.245223208783614481665329328  0.333333333334188545104236068 
  2  0.000000000000452284402977757  0.333333333331623978679344664 -0.235557794196107822925329543 -0.204599160292692590061721346 -0.041147161658356006743873703  0.370909510395595303899191064 -0.193732076276224529775703449  0.193725658458763513454742138  0.224995694418946250302975866  0.162075756107608076402753529 -0.275250291205516335135781297  0.013855103255871517088297737 -0.176122121408922092106858447 -0.501194809421857009358852036  0.219532704285759259333178986 -0.070202930991384138041981004  0.093017534992981529870081231 -0.283504913546785276796469502  0.333333333332076244345668417 
  3 -0.333333333334327257523608048 -0.000000000000012358692274862 -0.025830653556238793770131069 -0.083565787756102753292659305 -0.063175543360919814156332133 -0.047784465528098857904876033  0.033030327506546587548204698 -0.166012774438536831302440366  0.160022676439236556016152552  0.176157823284978326690806971 -0.162662894300384935035571829 -0.725534752285910343916515430 -0.059715764194217400684638322  0.067051841444987662575456886 -0.033949504560252559728342116  0.115724440889386404785366558  0.397724059250592257161666457  0.236691535862076991598296205  0.333333333334339600677450818 
  4  0.333333333333772473711402104  0.000000000000537859262772696 -0.076662494164766055338865094 -0.088724607341018555650680698  0.154282052276198386532341141  0.028918047338638498327059462  0.196559143760550690335103287  0.186911006808058901008918161  0.106650336221763180674225891  0.358981250571643023333182759  0.064677015614938654175871974  0.041800767517770964126403279  0.239360035793742171496690900 -0.264885121495443413608449415  0.083771798929006705722820608  0.111698904292192430992103434 -0.107501419419268436323893715  0.687203569796387360088790047  0.333333333334310322800669857 
  5 -0.333333333333487194722385277 -0.000000000000326435296473492  0.169983121583380115824290710  0.421408404322921777422801537  0.234451095755563912768426951 -0.197782635214397104248635825 -0.126372402641964060845871515 -0.152902552289366541437274673 -0.236727151610981081670658649 -0.022096982625127932635308295 -0.334348236448353164021332976  0.227956068112476264566419910  0.053018806919534105446108153 -0.471331789772127506243362335 -0.098186395126808448216473423 -0.158707441402073589511545308  0.171408816950677106392682096  0.198796721617655480058260709  0.333333333333813627044313679 
  6  0.333333333332740237267728667 -0.000000000001239560264289246  0.145302242687951743728967148 -0.069654960907129722545098448  0.028925678206422642537058785  0.271287932330564753139216447 -0.470697903949009981562461025 -0.222992373367298912456243611  0.061403920679672303784311449 -0.321277964947994574575456522 -0.202051705930649516635777899  0.016579512270404062015919798  0.130472936049697009984731783 -0.007493229699574134075568902 -0.300299881199188489522581766  0.485663113130365727508879620  0.102353433991294160578899679  0.124556805159053991452619212  0.333333333333979793956357990 
  7 -0.333333333332676246327360911  0.000000000001090455018030025 -0.210560605386434284769844177 -0.002995265780367859603225872 -0.109697238142232806140338210 -0.144139501242025336045561069 -0.357989839253955459321548949  0.356787213650885652393247513  0.061580306396858346348909853 -0.321265990038833443927408784  0.552184480003102892014827524 -0.084323631430780717791134780  0.225356652135890306651441403 -0.256490525420048348290407575 -0.022028951250483030252516289  0.098262931396715409249151968  0.027495659500507962241200809  0.098937266964669023916727902  0.333333333333766684342851574 
  8 -0.333333333333469792410155147 -0.000000000000083629136371657 -0.104449719097514132258521131  0.135301582028084591569354507  0.116895771723079887274984127  0.002352720842341149286366462 -0.065796595011132004332033742  0.027204381681058755337724361  0.140432049680078419371222556  0.211850196115889227255289079  0.055898531772088826469815090  0.218440165251987642404591684 -0.599241402439541549361685935  0.104149836385978816762174371 -0.081932588044489400609248116  0.496672641917548297484010650 -0.290022273056935508175327096  0.134327041990027283053935406  0.333333333333553445899022014 
  9  0.000000000000053416473360512  0.333333333334204186048721832 -0.453867101055567375111855430  0.193768106687050314427644797  0.088861686597080109962099991  0.036013769447179481412622207  0.336968196015637364557938904 -0.120512890030876974881081549  0.196139100114103040567686657 -0.521512339850872614667454119 -0.099954371343071420130731251  0.164035616319604552585417583 -0.022045027618796177211541918  0.182553949953741849262394727  0.189635043654712827289766236  0.018882535403986606577705627  0.210192148052850040151830376  0.215472173789079053424395938  0.333333333334257590242766245 
 10 -0.000000000000069848749435066  0.333333333333427384302964300  0.171278568479123739152743602  0.362811648101916632298130638  0.370884228504878297219245556  0.095350716575663315159767930  0.149461099032950502199556045  0.462410160833347873196022201  0.165162969819570240256629418  0.100457335496094354499352526 -0.031631428997584182257434135 -0.163270361375973313246756299  0.240055570402947290192547519  0.162971993312273218730990704 -0.352516687153569727115670282  0.101395959845979149217549530  0.012777769286364470973814053 -0.247354778550267751668521529  0.333333333333497254980133662 
 11 -0.000000000000405318711080360 -0.333333333333357153236992804  0.116505372739619714650329690  0.409082673812738209512132950 -0.311542204597091252374308976  0.138673089518967521970352862  0.065070760573899321116549902  0.248742185123695329473773354  0.085334781055932741022896325 -0.224207609083449756055242581 -0.327713700478742841326997362 -0.247132798749111821405761470  0.068109188154117395777554459 -0.062749112324123055627696135  0.375747295379712477857159225  0.138938474429223252385942611 -0.360630801778225775969374464  0.020695880381705230008200177  0.333333333333762447822862587 
 12  0.000000000000396853674102902 -0.333333333333334618230362964 -0.682080648161307186248120127  0.128865116521777733375937226 -0.065651371913864603389019998  0.091893486876903204570827492  0.035789192414493923798498231 -0.126031219630579443378320427 -0.019770801286511228139419695  0.143611856498965160421803569 -0.141842630460337936547745609 -0.052823133933831438350874846  0.185052551622805159747234445 -0.060046421127859794688967632 -0.487264022519964130712982059 -0.088767675978011727024367082 -0.186907456057657190778647192 -0.122939822793362353596155739  0.333333333333731445251475745 
 13  0.000000000000204123313756994 -0.333333333333748553446761534 -0.167499576174878093298183102  0.032454803175208682653282060  0.096091640428880276327699723  0.066182103814031963045301683 -0.338340377094425978605303149  0.415671072461635664110207733 -0.085009707297516491025064170  0.165029350377992241268075915 -0.192902516846263725859371950  0.235984147854364897237198877 -0.000330737815394169828347555  0.424951773576706578447502796  0.188985960742429477674029885 -0.089231859756305037023116963  0.444056879439147036465638727  0.100495053072974317499605357  0.333333333333952661553046051 
 14 -0.333333333333804929086595023 -0.000000000000528155605111669  0.178563243177075477700508840 -0.067636251714801868218046674 -0.525696183888569340113966488  0.250684319015373089295029355  0.318188672745561612316758660  0.000076697211370824266947752  0.090178268268939857550963064  0.150528082476147620852053449 -0.005054010762798454386489577  0.400693486030014896627591409  0.306017589003365015931949419  0.004219697786472186466520592 -0.141274644344611929517143215  0.220853578158437013784242721  0.240919080054306643598341711 -0.013161052033838649312090432  0.333333333334333093187591343 
 15 -0.333333333332924200192916991  0.000000000001059172837489321 -0.006650235188658675369666125 -0.182965897414491514210246360  0.329561484955854445288601570 -0.039719404542662992190155472 -0.195879597117470070205807325 -0.288582691648099851577068120  0.330548598546703573369115459  0.109031472802159600196691448 -0.118312604762956111720934547  0.098457826679596525014717939  0.490759580889657872948593845  0.192412702257427247764273552  0.312487311148330877772633096  0.014647368602152118417881262 -0.308265702524737795071603855 -0.089054348229037459420075716  0.333333333333983370495379531 
 16  0.000000000000567477916813317  0.333333333332974658121767783 -0.141411166421385329618827693 -0.274760210141441600889371244 -0.229811894232938820981982687 -0.548012562719794386857045249 -0.033380214347600512848223851  0.238029265524195878672448351 -0.306548665870039118623666813 -0.002188721681010495375821736 -0.425064307425482597996811707  0.009635314713519168338221618  0.117852213569009478576557481  0.091661354218085282737136892 -0.048925240082530167444403767  0.236049263552962821025439470 -0.165178561851822147221562076 -0.007611380641403903643407383  0.333333333333542135203803047 
 17  0.000000000000188031064744772 -0.333333333333518708413781284 -0.088389395291907740570590615 -0.174625925073358608790989079  0.383991946656992596729161826 -0.043109524793620829390453607  0.343684455124968719349565563  0.024808398140230880090742493 -0.268390857655387104596222264 -0.081853676470866552578942773  0.042808164090234208539305577 -0.030938090362207670840319113  0.068677204190164275787776685 -0.242792670621333118142711784  0.206613897050923346851458197  0.488403702117777298384159596  0.221856698972081942090265466 -0.326960530357146928517311432  0.333333333333706753143308582 

 0.333333333334339600677450818 

