
  0  0.242535625043056399406855329 -0.081354532041168029501086983  0.414272410208099891459508288 -0.098281329052448642193682334 -0.066015891222878323997503777 -0.147628550009951798799626675  0.216556590959239325956653920 -0.388238585592606613879334415 -0.210248018733678135081086209  0.040432456535694764101487517  0.161118149538314708293842287 -0.194382465357658929129948747 -0.357098975709239131574607856 -0.113333591305486414165643559  0.196152919566302828271401465  0.062362630413447243328848657  0.487018436333975222380559059  0.242535625043056396465956936 
  1  0.242535625043264597692940603  0.022398788287401430377438318 -0.257580596614873981448209581 -0.163514786961275706569061972 -0.029092141041333456012623671 -0.602079096647210708717363331 -0.508806958090443312763082734 -0.103832363322796302188726677  0.007550248588186453828271236  0.241678076015376202162780392  0.189711325678907152285563621  0.033115841632042205993952284  0.001759340945876255681644346  0.210201420401287037318066413 -0.248946295620746659252200787  0.043863098428769858488408557  0.104596067478156403374666642  0.242535625043264591038649769 
  2 -0.242535625082556812058998293 -0.187064937925018104047090485 -0.312367964834832656745387119  0.009748203676491755014664106  0.453340381951324964527163044 -0.294457948425440814449070490  0.386291262836397149906279488 -0.081289872430567615216865426 -0.065456771025763249239801372  0.080188326438868070300297793  0.233667920365503440421005819  0.125397960082354366413855649 -0.010800909067592495524959230 -0.172862486420265782079770840  0.020157818989203444836217369 -0.497559369385498072627625754  0.038112644673652707099292336  0.242535625082556799414490456 
  3 -0.242535625059925100856640483 -0.439787456656797257553226724  0.126380253960611830694733652  0.118534533929417971156647631  0.013578250400363737352343397  0.093872838517218170838153028 -0.347456079561023560678444458  0.033583387380405926870825892 -0.067437587251543532201338536  0.022915170450502730231916865  0.289966945753044126545157344  0.566436703461791824290843395 -0.239938865664276764256310041 -0.071983542118253605215211742  0.254807379979966020872245505  0.216441751203512809824717165 -0.048585855704169169504440164  0.242535625059925097346535949 
  4 -0.242535625075016331232452722  0.144103834947398871293012916  0.223288779811632801441858426  0.006305102544880046373322239 -0.162865650410794997240276905  0.022594841912938045799935367  0.040677136039987262066113406 -0.138132670620802497531273353 -0.330027505950239060858713430  0.069288558315819284174046783  0.459798023878680935561287513 -0.204023483027498854291493027 -0.113969027943262818383597830 -0.089851517581117120381988071 -0.425185808311323633937013969  0.013335490332097994283621484 -0.503944447276341045383833001  0.242535625075016331164690087 
  5 -0.242535625059057633286967517 -0.230137056844284157194999337  0.150312567697361614197488176 -0.010780520877221591739642209 -0.076167622294451882532446193 -0.005138416174298135968779628 -0.115965306463954465238141208 -0.423029429106324531754783347  0.127005998593228594536834984  0.507187731358073974651575616 -0.148787490754690908875408455 -0.225664000094875235387543999  0.456256800936637867105970245 -0.022788897302153571173803800  0.293015428682712690013328211 -0.040956684844999529179635292 -0.156896740637060490262152772  0.242535625059057624586245083 
  6  0.242535625054773170772379892 -0.092401671897761876633742208 -0.036386394669451569152497173 -0.006721561914099962438459820  0.174097548002498522952928572 -0.158466494763850382433202114  0.160406580708083786073652258  0.064661426060174430417281516 -0.062017077759123557101209653  0.026286962836982890481690744 -0.048780641114304470445358968 -0.166780505108307832044865597 -0.319831717511348135267847462  0.479497682320748326410689635  0.432075389011855476263310183  0.069851956784871273428358385 -0.536120408533414976258967000  0.242535625054773162911914142 
  7  0.242535624964735532850296403  0.170853315317407626576094899 -0.278877707131157844558594708 -0.244463404539186569586249956  0.124219381519370832547214788  0.398506714924116045247783069  0.189808149112094062691208710 -0.086640948560969989967388370 -0.444924205436383608439467399  0.409647975480573763392864658  0.079672101006390659071827644  0.293903596980226983052288114  0.176740088715266407433509763  0.100321672499328338673606036  0.008312433519382647981386101  0.229347273426252054815137511  0.064899105127831811585441355  0.242535624964735546660321575 
  8 -0.242535625015829574608228376  0.096906351590214389029459552  0.216622213619116723068826549 -0.614700019626045474584446343  0.370638079706264197493931559 -0.020600831919756418110801772 -0.327422515168841463887704907  0.112786382845550928503367688 -0.296964178953702913739626582 -0.112651823475477076375798457 -0.322590064396094136129787208 -0.075845212044812414013629422 -0.085412693119600983429064948 -0.132821408370797821053561731  0.060569166889803541832933099 -0.091334223704900208853463099 -0.040480343907859226547797226  0.242535625015829564565805754 
  9 -0.242535625064017373967188360 -0.233867294854132623006803815  0.144505671138703505989838230  0.210403638101143964237783358 -0.064888597085629331161476391 -0.172898472985762166612079722  0.210159904955664753739563722  0.127929527326605492929217749 -0.229335638301155276535668766  0.309063787929986587765199962 -0.520293957655136933147972667  0.128178469762767120566720157 -0.197275184046423235448720207  0.265947340164232125952776392 -0.402706764550444071390413597  0.077465558780004937145977854  0.116719741127518158353855958  0.242535625064017379415304276 
 10  0.242535625083765773104421161  0.182467587776881954751088261  0.253471257093285593577384682  0.264303653579555877811300621 -0.203227732924547079470796278 -0.248849709749130169712870268 -0.065292874980992288025546076 -0.002387776881054454825138459 -0.450831390178444221106387677 -0.173094233633311975033286512 -0.132781049310839677706592640  0.340039563164626984980917768  0.328820987550986909434339034 -0.036353937201305109026453584  0.192419756578708007292428765 -0.370617228504288211745352002 -0.126434919954512693733269038  0.242535625083765776777156020 
 11  0.242535625016776964032625893 -0.412150197403998684749209386  0.058449604068602540086238388  0.147097585181360888660650511  0.402518913329855864129559057 -0.122302772775137024688536791  0.043076039231898472625360797 -0.034268005516876483216437551 -0.174428307460146074219105826 -0.300635210247608079028305492 -0.016699301307746430839937289 -0.161827341049756451491544590  0.384490966013713385583195140 -0.165425844926215671816700781 -0.206240947636314349126780004  0.441738847505874198908675313 -0.078128575873139719487581959  0.242535625016776973383869631 
 12 -0.242535624991662391908200241 -0.059629083642071697597144241 -0.072462065105591547912056855  0.138738835492088387164812298 -0.090616533908141674515015606 -0.014079952702869409345194391 -0.083376776404837762799056571  0.534408261835284813148338329 -0.344564998561500421373230904  0.068824410851847992903241886  0.283774766464208961103815598 -0.413331569924273511257295510  0.195003842690703147591860765  0.188745118446866696641566960  0.248890509563874664483826456  0.012788962104807884306301982  0.318706675406575642983675323  0.242535624991662396299219040 
 13 -0.242535625018061516791926732  0.281225205691636052782655594  0.367396311502804956216445761  0.001672830088133545730182489  0.321734455773055947355818646 -0.022723867440096611076204400  0.081942963925874013745339740 -0.155124864817950786167262585  0.191265808361789057851116980 -0.163113339371764466987713496  0.217875051507004139015309142  0.195061096025074071880450570  0.247788383649954542127242900  0.587760531662058771922452910 -0.056877255844257906321231226  0.078246346189136877790379181  0.165445520497941681318989499  0.242535625018061529178936553 
 14 -0.242535625039435772713433161 -0.229135108664199161631366657 -0.252045514432375610073275643 -0.444496624889668205541162771 -0.492350395583991312859536288 -0.169515204099765360811727551  0.264570892490229864923599254 -0.165171934993550231755171133 -0.098278782079222370229615747 -0.403006342625846161612304663 -0.020771684173875716255302701  0.100651726588356177751262810  0.155604191225568590502639256  0.169676209894874080691233587  0.059570303720608071338364240  0.140877880253182760013114412 -0.010611176729255359959951685  0.242535625039435764893624992 
 15 -0.242535624946550090440537846  0.180091117996017966557641132 -0.394728618051798406098041802  0.387107177605911808817478262  0.107027435371530539083432046  0.129196829746463333335655156 -0.264370114089681764151917170 -0.494267883297554144186522485 -0.278163956627518317013189608 -0.255762435465423593379270112 -0.179718899847389701406280386 -0.155596692851723586664778459 -0.185040224055828198985724879  0.102281189111227591281697881  0.074182074208528848845601179  0.052760192762099318900502476  0.091952446276385540686654132  0.242535624946550093516961510 
 16 -0.242535625059175515729598636  0.467107718557544766016737317 -0.043553062347692095453833118  0.095887000429130969573305546  0.023070273680565780297912755 -0.427069725491817256163469552  0.190696158095940664263263226  0.097602842049350311901662319  0.057058860767652897835061371  0.121381982239152018515616037 -0.060680026784378829320180633  0.102803692083320482984374819 -0.007335624652750705119727082 -0.349195135519928317937177892  0.247350402281277354437716634  0.514480674234415703502138612 -0.054588759024074849675995345  0.242535625059175502515884659 

 0.242535625083765776777156020 

