
  0  0.000000000006735095582464695  0.350823207722444016884054060  0.174332963567707299769858099 -0.075774394836600080005743155  0.046438202439073149863216000 -0.188399530250488785572209570 -0.273261655843646331700549576  0.159825592398563501723681227 -0.451305167692591084090255812  0.452276365152488829470163456  0.072794696490291025928632152 -0.065492831975473652092792614  0.183730238881547529064780337  0.221196451888886075069404723 -0.323798157321671470923679995 -0.261695602818135221825403269  0.170555397668956003611405968  0.350823207729179114877692339 
  1 -0.350823207729940150833083945  0.000000000000173136859315393 -0.279412070289291494687520384 -0.539868769698177323763249591 -0.368890824932507993576995611 -0.354057397961555521257630622 -0.005196616376072461116357367  0.301118220404048808023231634  0.059134696305312211934914098 -0.114501544494429790589391099  0.043745510344377396608060065  0.086973766138680626303916147  0.181373177303594699573147803  0.155207696662070903037772621  0.039749155624063681314066124  0.264611645040113271167047174  0.024224282552303509333431215  0.350823207730113271004710948 
  2 -0.350823207730046769729738074 -0.000000000000062629273775205  0.142215828497450330408172908 -0.084655932667802777256895342  0.100630105554009326614399878  0.294280224987445348334633155 -0.016790546767794391872877257  0.075523327456989368142528142  0.079081656892034696187455435 -0.472141933294516153189410157  0.044643453312473272827186474 -0.039778085239825691028016678  0.241851571411298459955761635  0.214030463303000062668030902 -0.267211932793929422575319316 -0.476858873533574203432833238 -0.333126210259187454613017537  0.350823207730109400321640012 
  3 -0.000000000014979358417838803  0.350823207694647308697985175  0.002280429683748650152171248  0.174243483158126109350489000  0.219781102427518167848345849 -0.381071696848505915501854890  0.266510462507892653227607738 -0.169664062849156894045355749  0.232467708093189851255148427  0.044766525443760744315318742 -0.059815033258613487188387961  0.616505027943926656012769288  0.040515064593724454911435493  0.195576576835238825270864814 -0.107702247853493713107780969  0.023781814621208737602940718 -0.247922188666195059681394454  0.350823207709626668328924820 
  4  0.350823207727180625829831520  0.000000000002127630462654830 -0.095512226648369612004585167 -0.086951592411736833599668860 -0.145416392651247570631453665  0.017182683260239629537561635 -0.213490522140251929935511090 -0.126228868495377527761034352  0.119918086383549718084112583  0.204333295119574404852496978  0.514784641745775666215982624 -0.067019594367589167798599219  0.208787080270825244201560525  0.161132193109948236025446601  0.347871337073854270446199299 -0.098853750410684590369631789 -0.501315623037618660550688438  0.350823207729308249753228180 
  5  0.350823207729349200665594152  0.000000000000041794715467666  0.376276872477678067262143319 -0.149200666373277921679147036 -0.078167877058429555481365407 -0.173019452844549583220897654  0.486088085956019668500962747  0.251174147501270573069713510 -0.176415420294616396120401455 -0.192499560459756695557451828  0.204883356596514336740938803  0.028304680214352090078720162  0.264953941521596019658063917 -0.435736118338342077571222893 -0.048395049486323301438263486 -0.062802058940866671607851975 -0.018771365460281039121801937  0.350823207729391012651325513 
  6  0.000000000056357383310545268 -0.350823207673192594228126287 -0.166965637437825803969970902  0.286652209782861666707669268 -0.016728051750710534975488501 -0.067060354359512124664129910  0.493306917780311416087428086 -0.078446900102915827814866953 -0.358063779846329771345929405 -0.004797582417387954345430338  0.041475918117399508072646935 -0.156723782769004942947289709  0.198909346198494623507934363  0.552273616872694201478978526  0.078056734849287773266382235  0.037964984888693189106771871  0.077284930328741531488953402  0.350823207729549966339211223 
  7 -0.087705801901503042289928811 -0.263117405825084876294043396  0.238846087746290421509353687 -0.284671217784461326000223710 -0.231667364158317172089006711 -0.062874518353223588068546222  0.134682467160584886135279124 -0.475691150244876088444166348 -0.049567142468205455416396755  0.158530507257818701667305070  0.174158922848377499556049401 -0.040151103766169113635755216 -0.381322712699763752936758104  0.021143331380849601445874337 -0.479468653429128402839636339  0.095069929489121863040821270 -0.196551671221841292648319262  0.350823207726587898980241675 
  8 -0.350823207728548761550647905  0.000000000001427976519534702  0.274304302911032905974535179 -0.128626384195123542127005972  0.580166971430704746833916657 -0.068061225318017731638622295  0.144823188970167785702978028  0.236384476229153167337613053 -0.007178403793819682244798616  0.210878077590689959113987029  0.127368986344875320557102835 -0.278158564952166206959115191 -0.165945185719343816057366053  0.015170991959746538218629073  0.245359626242498403932211330  0.268880931039919451365233921 -0.262060401168474585897796153  0.350823207729976723655762258 
  9 -0.000000000018407894265305500  0.350823207694054649475505839 -0.215482172903969420511664790 -0.176328261116605839348451742  0.051152140660214772810286026  0.663367477826084370163238491  0.274928158848670964867948532 -0.066568114764441690531704323 -0.036204608256806722277538254  0.167921667694008244905642946  0.149121766438141813775303084  0.092209908980471206043044545  0.216128977269805236683937293 -0.016331599375344828799593955 -0.185248535189126125127486756  0.361918817007845912886226589  0.064652620556700210683047543  0.350823207712462567135292338 
 10 -0.087705801748689346693504260  0.263117405974319653065487262  0.254976753048918228184913093  0.286171105374074894351103457 -0.277488371692029984962469397 -0.044648828040178394333632132  0.149845096309793250201705152  0.115001178088710215351251481  0.552369541912575287773753269  0.023332245954267757809545876  0.321309533475304270422421432 -0.315011345780620968343123042 -0.070206953945892135663514860  0.199133778609554034825330701 -0.074172036276008958404783698  0.012442820507898514080726449  0.321138096505572622315271766  0.350823207723008997915847829 
 11 -0.000000000022454675696151219 -0.350823207694145858200106616 -0.198750636961701092163398372  0.357034249980697919446808591 -0.075952875886354400238389961  0.045594417296219931981781379 -0.042700855858215307682293569  0.520672163978683478027277565  0.144920498916105366585390865  0.300008556163052586828214260  0.016423815998530469158588735  0.087076610830868011682212842  0.041772002385832591159464102 -0.151808909362836705778609069 -0.430394864231270900609008581  0.099039602900483674624565467 -0.300796708769391116071196396  0.350823207716600553394276085 
 12 -0.350823207729498626438998168  0.000000000000771956581770426  0.390612257635153439978316359  0.347696121329973596540685588 -0.321413745574880236395998861  0.151682854543007120134588336 -0.208394012855154253373258719  0.003206750334917904163355994 -0.337711646525425138800095490 -0.089959551840458778064761776  0.206401990758931984027064500  0.376454492674667679733696568  0.022551702257769195555380816 -0.047042969528771598478251482  0.227572874996423017135145465  0.265047106373469567832312430 -0.049770171477862575067600956  0.350823207730270610532402262 
 13  0.000000000014496725522895541 -0.350823207699772521181132492  0.377635979445987266206290200 -0.256519929272661783821798953 -0.059593747117974904697505290  0.228299635158748460479110134  0.082626241148245555658620898  0.050334950621228056295234504  0.292271308708830264780093727  0.410277342091170587435678199 -0.283126591883160570652794297  0.295155604589961453778756278  0.208990276114195796532905375  0.163698866700823538990671943  0.213437597132020283303239713 -0.183728916120196804359437047  0.180734995299555982733313853  0.350823207714269269004566873 
 14  0.000000000001935963529709683 -0.350823207720034599871360495 -0.038690485608928919831898171 -0.036893960689091351152878043  0.435280364478831782401070660 -0.099268179666104833633506494 -0.253683365605305637368585212 -0.125947553304419541304903264  0.117282417908357980873730597 -0.141922453493187241351349351  0.497691245547035859635685850  0.211568490574810607926623147  0.224039475137933530724931169 -0.030229309276541703503120751 -0.173875945226523384779708861  0.108759025375612129306964089  0.418329938693231940708512281  0.350823207721970576830616828 
 15 -0.350823207730322656709015527  0.000000000000120067965799246 -0.333863059509357614895036503  0.004103293194781340606416543 -0.038149930724536801453304190  0.031380932235016313321465664  0.273900739643070960198639047  0.016639134258386246336259943 -0.075396396359236589280929802  0.228679108789321926226796242  0.332462544438624623121267612  0.180525250403926822823606757 -0.266178320157726267154458394 -0.278525608094604212796197712  0.195916976937915165066206834 -0.529060044701948922914441081  0.141025441683689317803017393  0.350823207730442729443322974 
 16 -0.350823207730410060344776804  0.000000000000052941970141624 -0.036548323441893226673580358  0.164824441492128901515495237 -0.048637911671528968846913397 -0.184181321527557061908130821  0.013122920478157548737331789 -0.417754136649029146762749504  0.099872159922046131744145965  0.203413889625632462318451273 -0.158821600765206220439839518 -0.275941161010172685626347377  0.572970493314126041247032195 -0.388513776819230847948873769 -0.003500241019830434577508942  0.018845238916847240158563832 -0.071526535943586279566602532  0.350823207730462978003096314 

 0.350823207730462978003096314 

