
  0  0.000000000000033642873349712 -0.377964473009534396134596196  0.235188964680414984231111505 -0.457058690099685117035066551 -0.123017186879116401169694320 -0.196973252980594221584875053 -0.194492706299380267248805634 -0.438140933352585588462938318 -0.045590029329136172160739232 -0.023878609429565916060951287 -0.394623094472266036929382349 -0.321293100217493706133396053  0.068222532220690407025478173 -0.207220137284094913415798470  0.377964473009568039171953910 
  1  0.377964473009255589832549108  0.000000000000103047183248424 -0.084713919442498458610608675 -0.060521356011633697036326525 -0.326170672769584117140937926 -0.075786031931421671052303331 -0.083280968883880615207654634  0.050465703073130793386536722 -0.194627787958179868224367279 -0.076382099136808481974487538  0.176198262686541734064657981 -0.058950791795011794822382141 -0.784455031188234949929369982 -0.176310284977006546673259334  0.377964473009358610966924169 
  2 -0.377964473008528710392664104 -0.000000000001410107371742068 -0.002831916509816313703594418 -0.159487028504451005790978901 -0.164329159975220186028091809 -0.330926056987456375710733927  0.438432816180421358295046103  0.267290195811095159851046577  0.137746265283379650153083862  0.298654688264077061298114313  0.022851744985986641512914065  0.136336531227434888013027789 -0.043334375513400374205490607 -0.549871655498107123397327073  0.377964473009938808152792522 
  3  0.000000000000128613843759305  0.377964473009999087950439023  0.137484881384411928559102431  0.265501799054149801774084641  0.049559978040376272140902407 -0.125311937514559608469093613 -0.391271218176244907636972606 -0.032053214428454613077766394  0.086908859701082078684205093  0.541349835423931962220898267  0.137396271850061224678563564 -0.502987833870692606732556718  0.023686286107155157222437371 -0.149737705668362370992215647  0.377964473010127693979260180 
  4 -0.000000000001235280556267550 -0.377964473008117156409496964 -0.125718756586570718403357561 -0.154927098700798250295357535  0.386633230891981167793441942  0.072423458384508764392123795  0.166746769986824814468876280  0.135238045084118976954697111 -0.463254870182857607737890102  0.059463195546800093005076517  0.491110342407788688027635987 -0.371369112421710010659000809  0.113947714794669449819548932 -0.079256574617714157200763607  0.377964473009352421663297264 
  5 -0.377964473009278046180311333 -0.000000000000103742291516335 -0.201954428127620991940223069 -0.154791945510693986138607559 -0.199529281476824804587768408  0.495525777796898753130684992  0.266952917995441316308894569 -0.352579611413976683431626899  0.150495169501321247868116590  0.305300503830273793170850538  0.057576683102121925592590699 -0.193217648830369464235299191 -0.268585380521386592027072854  0.287783445840515532637531038  0.377964473009381788092290663 
  6 -0.000000000000057314165099019 -0.377964473009853906476174581  0.287771206341119412515329110 -0.041413669985716955642947399  0.207555857605579339197660223 -0.018436723499411950948304192 -0.039110213810702057967235877  0.541931872340320944356120009  0.241998689022242247331599685  0.250539571232301324336813955 -0.271315329062832706098762348 -0.095134818326401088159046185 -0.296353022444924719426811305  0.377034733682225190452320940  0.377964473009911232636052689 
  7  0.000000000002047152175644273 -0.377964473008018310564793199 -0.610020915393683704069927032  0.203289592225525147953322375  0.122361960047214499483752420 -0.036235847484811176272154415 -0.339657196595584936089093700 -0.109192919250223472787334877 -0.049797048506337391973356832  0.371807880249341220652578924 -0.187852308186172684448624927  0.326243453516331648482564493 -0.029579448171908217361756872 -0.129599462317423757759526914  0.377964473010065483434384917 
  8  0.377964473009441344645772953  0.000000000000367847537793378  0.164258254184435363963868830  0.119252211350774402266760633  0.545768301782137573298185618 -0.063047058693358841369505912  0.395878980413244915446350364 -0.437243420358787558135330725  0.282576474786408087696339825  0.129707476139460847481665179  0.009731286592318871433978180  0.118080997632718981863266840 -0.195818395474967748285310618 -0.130938493677565035881249847  0.377964473009809207151637675 
  9 -0.377964473009506997180180152  0.000000000000534480653366334  0.053267501117662404824657689  0.478558680198279930492885267  0.055731676518458785444273904 -0.406971875292886246555960558  0.207333260899583555721733402 -0.185554666794761898986174282 -0.439973280947472368882086510 -0.111895026434486460785628931 -0.239908057886754718426294483 -0.116666156999132384884947274 -0.219690584104544499798820217  0.231537192524386596875849570  0.377964473010041454451371501 
 10 -0.377964473009812107907445106  0.000000000000239487165050778 -0.062206861281858251362029922 -0.241221010080617461181716997  0.234358820109385395044914076 -0.396217405611190341338523346 -0.338047047082243373841746806 -0.147457880352278285790586752  0.332105571497492330096000177 -0.227416056666842931457614418  0.444887940199958410410815274  0.120666049769773094641855775 -0.199644108514820362937575507  0.181102589267991943757646345  0.377964473010051605754997320 
 11  0.377964473008767778028794276 -0.000000000000281984515259118 -0.293270039541016851972633078 -0.135672159238623663097210968 -0.293365573835970099735763819 -0.499756469470184885563407776  0.262073936465245280761022020 -0.031524245463849448506437516  0.092425038504756935145185038  0.211318731987986647012276419  0.099478761125577351251989076 -0.112011430672792705876266318  0.249018978009533982706795625  0.457800350792245965328951252  0.377964473009049771803913309 
 12 -0.000000000000051367275602674 -0.377964473009788576681649078  0.511311629845321219021373610  0.246858862936616538412220277 -0.348667638606342126004295975  0.026893600401446051214758223 -0.067123291789018039138318712 -0.188984683109583540770162399 -0.082413842744757429093307478  0.242600884031045063395819542  0.408012531778160738958746365  0.350401630319881548830847351  0.108405380852376735129223833  0.074808794852539543366622393  0.377964473009839949135032361 
 13  0.000000000000320572822685918 -0.377964473009279133851930771 -0.161047247505176951845942690  0.468752802680317099277276446 -0.195306245015455347396600254  0.027016827664853701653901053  0.082365420329068262528119174  0.027095403857570520906916699  0.485965961439463598977618608 -0.359183086205780035664878250  0.092064129386482140127547294 -0.391835886742784865238633379  0.059043128856014727864301873 -0.185505059983492131802100718  0.377964473009599728856467565 

 0.377964473010127693979260180 

