
  0  0.353553390594209908723418931  0.000000000000186468757449182  0.050327322841158481238994435  0.231483942761310850197192975  0.487726893837816921520138258 -0.318775968332269447918407915  0.243358682449135157920753862 -0.200639114035785987694669730  0.326809427586358988568815062  0.009822283735532869313176226 -0.193975787477877307935490193  0.201440623208914490710301493 -0.029350939767104035985756513 -0.310272943910492654003398585 -0.003407083877686899378409738  0.312504409285923196202628196  0.353553390594396395183373824 
  1  0.000000000000114750846436760 -0.353553390594375738855163413 -0.164735604316064914283629719 -0.227537061124728904500645089  0.058835522026092578034417576  0.355641902760127683004107157  0.065618089583670670872275060 -0.417908029905948118779479214  0.066115153472822300611438148  0.262852853507044899685797523 -0.202123308917169304814616393  0.462143423665297120068876438  0.063124676072196260675497507  0.339429735708087953045776139 -0.199809221845497905770063125 -0.013387389078177946695894841  0.353553390594490489078375803 
  2  0.000000000000760731484202444  0.353553390593523410176607716 -0.062998555864012429147827735 -0.216063386676011805049538346  0.522338392510611342317138756 -0.068125307152784592341389358 -0.514392695525639609909450412  0.019495498253844204309030512  0.258840664807391592633356581  0.051936219986371729283205871  0.001306113584429440022600434 -0.112329538646268751569457824  0.282188597994459219344114825  0.294912940793661896340255302 -0.009635236170317440136712554 -0.181320281044753336458950563  0.353553390594284151500058949 
  3  0.353553390594121049139665278  0.000000000000054564602815993  0.081522198587105478405508661 -0.208546789199334949092400765  0.020086416315560227266340276 -0.293479605847831387128044761 -0.152295680729652076857783341  0.383973976306201034516298043 -0.313791125509751352818483758  0.010215480190487557752138093 -0.218048900664650319787974536  0.184421540509622668895049064 -0.423638247535763585093979144  0.225290081162197643971866444 -0.395613086228437151005074557  0.028949649801593131038970723  0.353553390594175617685527777 
  4  0.000000000000816201324463836  0.353553390591973238943910088  0.050582691112759978880843896 -0.389901767339619218308158569  0.328370409696064366879102170  0.586372397152033923380977376  0.255670520491267454904742856  0.072290022933481266762456227 -0.184840563680034188022340697 -0.179445547722475060226825574 -0.061607006347065592612372627 -0.055622737696246322762586327 -0.213843369660100682472713904 -0.217773945912007379401421729  0.037114198700382821256025037  0.174290085336719671841058596  0.353553390592789416933903329 
  5  0.353553390593211506353526000 -0.000000000001045530571509870  0.368963920846643924473205745  0.100514793034114006070958453 -0.168329112210796709978889718  0.354880435334329254702927930  0.013183815258110095376230112  0.309818361463804011352854081  0.430120147674341922044158673  0.481047730396127668579722009  0.048862661968523679929555245 -0.148178487845972467755635560 -0.075790614449917556538457216  0.132538214047618942078047774  0.099545163899533374083478630  0.065968466574148049394216327  0.353553390594257033435320742 
  6 -0.000000000000075831451576094  0.353553390593276659612832769  0.051640870953387361776614839  0.057220942014216102586288137  0.049194268292337293072946213 -0.161820128139516213844708616  0.560190428505363288193014820  0.200090152873344664222524623 -0.266063738566871527650584475  0.283260189992266065220349880 -0.036327676552323943595526959  0.232499440305752623489653035  0.400315807764881290207840958  0.192225576855007630785164043  0.089070650151914904083167747 -0.273979619259137605015094752  0.353553390593352504406602851 
  7  0.000000000000162727254637697 -0.353553390593882893724137981 -0.124492440607596248536195326 -0.290835131920156111207760238  0.286293346596223533852276777 -0.159530566870251348121243981  0.251539705229091837504918489  0.135536200481223073448233674  0.170281901099151845491619546  0.025864466868024065015677472  0.501495960673105757284331863  0.016976157309896524106427478 -0.334360726040333751721538719  0.020290519841394347541984710  0.234879710292549615186299961 -0.370178102615159788913151012  0.353553390594045637484663103 
  8  0.000000000001230828510528941 -0.353553390592466850632976522 -0.399023573153430005623024807 -0.026885412432982561900076984  0.111198110769139517733342278  0.076775874013099522878830414 -0.129705640114269476193789750  0.520500139337004156365150409 -0.101569547262361235732237245  0.052040276743700388985275221 -0.311026147668159608846317338  0.063869237924287199406039785  0.244672691959415221162705764 -0.096809755944672717879848252  0.418259949293871255144965093  0.225908194250100825554625726  0.353553390593697704783133010 
  9  0.000000000000333266433886896  0.353553390593788521921014140 -0.284169701876610896146366919  0.179708144672402036367718156 -0.084219652868333461521446401 -0.069430339602956762922196434 -0.077894764685635974432015814 -0.238800944923813426284801321 -0.085142725792488902694513716  0.170047227755213804689291522 -0.039736249590127113004889466  0.085771531183499554185361170 -0.483408189685207562879447687  0.314022667935900618569038806  0.533894871719691716026399281  0.156547242799928733032570338  0.353553390594121807701715257 
 10 -0.353553390594049480303738206  0.000000000000103226287794427  0.223693607614240451506720797  0.349487901101890427305908526  0.244952495861527788417657397  0.131714035186208975315128207 -0.227328029753235554992268561  0.207448123987937025215332748 -0.144302688274525430317204479  0.093227812527113497928737788  0.437305503958089133374450078  0.488339413533902923626826148 -0.049129238644282058773191070 -0.019374225411303972844433738 -0.087367776392915837343231076  0.247200240326597252943884031  0.353553390594152725488492212 
 11  0.353553390592751124647894617  0.000000000001655369189129797 -0.265233463046193960777367413  0.388846861403399032868161492  0.031453187591965830047826538  0.257106127541259885197497473  0.147735475947885797439644920  0.124506033928460474143658926  0.088493236825510254610143660 -0.566254094449651703107716932  0.184484483840058601577063281  0.018164644421368946756908383  0.084684806724600326466399075  0.408506478652039768201210609 -0.106872814437900989225651259 -0.026811409967184311280141967  0.353553390594406518080902724 
 12 -0.353553390592971305211129548  0.000000000000926797736147182  0.273064994239516529967544065 -0.311603809491145059207750298 -0.135661074886707276354906246 -0.224030603174049999557035547  0.215350993370758499309211564  0.128239444783214354389288409  0.346327446622507550147646374 -0.312480981910571231586690177 -0.083368021548762405537676308  0.080215135964393292659023980  0.042961658059978934905479269  0.388144518756863464995420995  0.111739723331135086004399417  0.419480791241730088331424522  0.353553390593898103833785454 
 13  0.000000000000915973149297263 -0.353553390592902793445858126  0.443306922402740649565315231  0.176221538152513975905252321  0.359356438238315001993360143  0.014109412350625432372619352  0.036121334084759521681882609 -0.185053580774122068206412155 -0.412033870541718659740977951 -0.014959507113788437083702523 -0.124711322994347880337227385 -0.392670123751024378384215721  0.011816204424607361608426457  0.320476740069966254293191629  0.197114046664148440988844312  0.033194725275623350358198760  0.353553390593818778507096204 
 14 -0.353553390591681204155631232 -0.000000000001541999149058021 -0.392604594363209479684125730  0.176240751390347553641474790  0.167257480419246410972334595 -0.027896778801746952456352101  0.248464029686448916370137587  0.121823674793926987222039866  0.080687888098055725631056051  0.314527748431368021442364885 -0.014273521409710002782341939 -0.439251249371201839879217191 -0.143062312622282418564682513  0.133166606938455900975928382 -0.445505309709231277741229085  0.221840862875345576086584011  0.353553390593223226091119590 
 15 -0.353553390593194527611979605  0.000000000000772935109318526  0.131425971736176830929041827  0.298173964996691346886420818  0.094388484145184122456491687  0.119944335484029125341476785  0.015495299622440411985068646  0.160148014099190842584783355  0.248919040130146645585355360 -0.160443179173665464485958564 -0.518341503337500541723215086  0.126545020163884526815810568 -0.294865101823049103159715689 -0.045875070331597081638391831  0.014785542126546675578777773 -0.507910778746649814929456368  0.353553390593967451546036918 

 0.353553390594490489078375803 

