
  0 -0.288675134588262533556638281  0.330592147455013647493584153 -0.487583430000310365167196999  0.021761069263332007250646961 -0.017925477679733697736465746  0.171808731706795976809155381 -0.288184276496809834794627161  0.176075461861798566610818641 -0.120075204860064275391381711  0.123543620287484903838158470  0.166743018590231550883217111  0.606455051632100037922127461  0.288675134588262549684145597 
  1 -0.288675134641343996447183581 -0.255747005847270299537044372  0.183333237560636848925525733  0.255556137513565048181851669 -0.727198719800746569300129579 -0.027127491062149827813008009  0.153081858844196475827954991  0.391929692864559471143347941 -0.156261610105684354055425277 -0.084059086800823129601403002  0.112266919961171134393837501  0.040691762473377090097721286  0.288675134641343977826011269 
  2 -0.288675134584471174972134661  0.248034625212621130798751681  0.452748787775585719944616489  0.102181306059067604347892662  0.252339196466713462646677332 -0.470447091077176526093157893 -0.265250020181584898791918303  0.045839840591565281614023965  0.072526910644253821382697843 -0.329874938165860315426869409  0.405833364186824130533624844  0.059078425631633894985102196  0.288675134584471193566201919 
  3 -0.288675134639992608776796340 -0.332100357058549171317216736 -0.296962649321792163500033021  0.056298396162160174615354249  0.502029456428798037453606340  0.032414142447758857591401599  0.526934023344459259372007942  0.313821572336931684481372770  0.016424363473961015928807025 -0.256205742989738412279275212  0.140166366985801864469027116 -0.015305100922524818447496354  0.288675134639992614360437528 
  4  0.288675134582569992743993764 -0.140080741191942764043072180  0.060932613770813333099594282  0.662494817567752613911551823  0.164554410552305866173691991  0.415648592628402693724106245 -0.200234575203038889221521766  0.000062506331021321418126197  0.022232763139721749484563644  0.136704026202421186688426916  0.427986168399589770878609779 -0.110189125677924047521402499  0.288675134582569992147682569 
  5  0.288675134625492994566763397  0.091549179239439963189333815 -0.258232372585073051646318426 -0.241843398951691876896073763 -0.308612176769489083958840012  0.121162786824701551448930838  0.152552393824657717616021142 -0.294038821452765642680332245  0.099508858322241858244603090 -0.558013030247957952229270057  0.492116454245733425676163214  0.001053217509545571440540068  0.288675134625492990636530521 
  6  0.288675134609843970850354827 -0.018256383648403427807653163  0.514785707357904991922879778 -0.237097496449191780536116386  0.098126319826056224110237807  0.178315172123081697695690107  0.374875105139962835562334603  0.083277665666745202673818937 -0.034147514681559068118417216  0.183503003286912095274501303  0.152569830072391780440206090  0.590004471563195263762637705  0.288675134609843953015229090 
  7  0.288675134555256453428506366  0.327719882219931271606552098 -0.065139255548969551436037408 -0.090062537170246577622684594  0.073220432836727447861550899 -0.141272841521197993909075147  0.101576913019672070700256863  0.307418503193316138997689957 -0.741761480872226733232054768  0.072801321154748610269978517  0.157317822762920970873761622 -0.294125288177071424964821936  0.288675134555256451829308162 
  8 -0.288675134547597462094563683 -0.400174788228558972176616276 -0.054156987466009179398116619 -0.135185014001066152082380055 -0.003328081618376601874413598 -0.183798658825383176286223999  0.014221968084043993283275610 -0.547144211293076058750389778 -0.347660957369417942722624251  0.383495420455754695810649674  0.365888249021630587411646127  0.012069517622816369173039167  0.288675134547597467271629057 
  9 -0.288675134524091248571604426  0.581396182637799154664572793  0.027433735058788003812602204  0.156946646174352914332927530 -0.098546573428598940253887208  0.089061675419105610233328797  0.504172386516626650626842626 -0.165376671236535019738895895  0.254087030077260050964227389  0.336078907096087533840772510  0.144082946680396760895902231 -0.236238210089786560623675675  0.288675134524091270282752930 
 10 -0.288675134607779291015918280 -0.043957394718083306673120890  0.194265657897474536698178421 -0.535384116894025650240131198  0.038400267754193682945702522  0.524535556457202313746564920 -0.271686055309825842749970465  0.251572033176346558853205687  0.076826735727869666606356085  0.072915880130493844802383289  0.213702696209820939280332394 -0.346059632585394311225486866  0.288675134607779271256333686 
 11 -0.288675134631052860231413201  0.132888527307727141588611017  0.233268341477938138524782750  0.171316960638462906373774043  0.081518918289281893347990836  0.437406844912356223474504333  0.055479952018348227693345662 -0.369997864833823394942842119 -0.450034641489582054433866293 -0.410898739444798123584537061 -0.318693286030861613444386399  0.066051461494397723741461067  0.288675134631052876521550843 

 0.288675134641343977826011269 

