
  0  0.353553390624968691261561377 -0.297470524896180642200399155 -0.442258469413955561459457846 -0.232086433428672249615755223  0.342662241056317803321014728 -0.060454206924900468773904178  0.629408125581810806551969623 -0.140811609310090738122990192  0.353553390624968710831410590 
  1 -0.353553390630347147080298625  0.400809699116060127186203510  0.168822368035462473017174756 -0.476750710792388061106273495  0.354391102718059143497197211 -0.565867072728890537912545267  0.062520853984803576013507941 -0.094084525883141671242886062  0.353553390630347130763055929 
  2 -0.353553390597513645890069209  0.291547487075195079273383716  0.124099285598514885251160943  0.500079155320536078985823453 -0.116714346720768397917963270  0.026358737912500991907414232  0.702711265679775715987161883  0.128062968093474643219739466  0.353553390597513672588547706 
  3 -0.353553390567169463726358153 -0.291937389725423954324598150  0.102761619211233512665207811 -0.078963828902325468601778626  0.563949897812857901607200978  0.365931708750947204850404934 -0.041749898121335225309284922  0.565056428275328427178643420  0.353553390567169445457551546 
  4  0.353553390622374669828359081  0.072009986494148298055587108  0.460799129999301302344121359  0.428970624600342369405316448  0.579262949419173878357666035  0.020730749444571078166736351 -0.077115594580337268883717377 -0.362685515807567603350841309  0.353553390622374674734373912 
  5 -0.353553390554219117147827234 -0.527346223488146956086004141 -0.238544766652722901094873208  0.436975163292981486236592897  0.070279487394134712676177761 -0.547641635825802017961943385 -0.174290364431447342198643925 -0.117589807364779240310935504  0.353553390554219137964508946 
  6 -0.353553390579715425933848144 -0.431694520793902795268229267  0.416036912385603253661031306 -0.280051084851196399838580905 -0.179431280104699213427460122  0.273739056448398971216904099  0.186024758226797424406060745 -0.543498530038327219043089306  0.353553390579715409725025665 
  7 -0.353553390569881937418195844  0.333160409273601385357751678 -0.554634758053159477588726217  0.095595497200584531365607447  0.229450329476245535508189058  0.407755748021822682635199528 -0.182924084329330567419793531 -0.441443658255677511041909292  0.353553390569881942351315729 

 0.353553390630347130763055929 

