
  0  0.000000000000226175958486713 -0.447213595500851029322739866 -0.329461001539498039034168514  0.383624762228833961934856139 -0.212512933008135730084359021 -0.051164666363506644415198041 -0.493247321325177407396562687  0.328574615677800713691792192  0.372504604302738926254389903 -0.080585620304344401018388326  0.447213595501077222573067804 
  1  0.000000000000016887966198175 -0.447213595499985907383809491  0.479267044119027352694914837  0.414823403835623525699348099 -0.016230358619927796646090581 -0.032791288343296387023891904  0.527952392296546171575159778  0.298575369638680505830806780 -0.139429059906956502744757205 -0.097798304108042978581528601  0.447213595500002793290544867 
  2 -0.447213595500340361263251487  0.000000000000735703287367540 -0.153146119996372290027837268 -0.479486461871758996519405499 -0.351411470939285888140813513  0.195220789275528914771037220  0.351807521958009055546012789  0.352186626679294980312925900  0.290009992793048484006988158 -0.230495275223904960267755186  0.447213595501076047325017884 
  3  0.000000000000377128356660978 -0.447213595499583886627714691 -0.430374688221717720471503829 -0.290777515019205862396075440 -0.051937717625258100427306038 -0.146343931714656540286467051  0.037513868049293344089872935  0.107251828952707792620474472 -0.662097513860900386010923530  0.234155138028868285457830857  0.447213595499961021935289920 
  4  0.447213595499142204671948198  0.000000000001998567185396174  0.060902275243114181122469977 -0.177634643327237847076492845 -0.517279696938878962790119703 -0.633658493352471849846194174  0.170696949925797981611314512 -0.144501062025793950902279733  0.212591814455110762001246311  0.020547264639714782497799156  0.447213595501140758527993876 
  5 -0.447213595500975121845022020 -0.000000000000043045807203020 -0.171561215955409150524398586  0.087274267711574627885012540  0.442496823073987958184483116 -0.547313366013043207936039636  0.214296271427019568731682682 -0.001960545435149047689918169  0.299692781686281332432023050  0.363114435469747273569143808  0.447213595501018159846570027 
  6 -0.000000000000298455551279660  0.447213595500389145021317636 -0.386711645660972276470268225  0.511848508058771843999643775 -0.378699234021894662707060503  0.155209944028236416401411377  0.301136228843669124811402091  0.086557503733484192348776251 -0.134590034833191819188449173  0.323530932188298954302937277  0.447213595500687593868333752 
  7  0.447213595499688521407288117 -0.000000000000316143660060560 -0.496762438449937134010443024  0.037790131405606810666451606  0.420223160402779037376607557  0.032716867883032235451648420  0.365747684022990832505449130  0.027253633429126799253894623  0.123752237099386420995342402 -0.473616239840349298245367193  0.447213595500004675736566845 
  8 -0.000000000001151216740006465  0.447213595498979712473432147  0.106143000018464543971114834 -0.004177857010760379126603745  0.098018224771545667965472106 -0.385509830448790668725031136 -0.228917289825915530379336731  0.647844310536580011755571767 -0.294431934633074169743163426 -0.267759718574505623677915397  0.447213595500130926932479472 
  9  0.447213595499643458712393101  0.000000000001080098548955774  0.111152827254936938793257722 -0.252367682238877189020631250  0.188141888671101345086467821  0.248849048729148033677724579  0.029659159437390177053401144  0.467473509842648908156398022  0.253358722925930212135393893  0.585688135446643270455580055  0.447213595500723555580457544 

 0.447213595501140758527993876 

