
  0 -0.316227766017121834473801306  0.000000000000579558978937899 -0.133218699979289167815207223  0.056677435271243993701503197 -0.288798492683894376530269466 -0.370554365634300361475412730 -0.528700559150173242492672110  0.010272353671290300083145867  0.058022633169633860682223338  0.102800449756874316627240987 -0.188756312148536592587376622  0.063737603455678441196914207 -0.395822758425614864825990008  0.039148528257410718097185614  0.034770805108173039654680678  0.117538839714575820578348290  0.263059976101262980093409977 -0.186655154419566805511503278  0.218288033428509479835365366  0.012105218957918049567527082  0.316227766017701384174132251 
  1  0.000000000000584537599548215  0.316227766016171106397891419  0.287790131732057773801189415 -0.247544434574530050789729733 -0.190779559415050957327133867  0.145406068643938672443221595 -0.128640873935055262205443688 -0.045530346359611689411114746 -0.409463584754569952245265366 -0.042671310198783850757369134  0.360681156085042823553630034 -0.196238352640839236397558853 -0.270972521192638430371970454  0.215436582964504696628476807  0.242450085418564970044939984  0.195622064444015838547731578  0.004184021418479075506325374 -0.077444584752002139989724566 -0.328037201444678259677984258  0.105560626398085642574267533  0.316227766016755623316265497 
  2  0.000000000000656354689722397  0.316227766017129082229799100 -0.280045277561682351327157145  0.095485235179986843934889576  0.030158773353563161431512831 -0.141681890424639855193011430  0.142291266004721520606508822  0.113938436489521168710277628  0.295210484902418723000697490  0.074627543787526369326642411 -0.118559615456548747467705341 -0.375362630381759436633271054 -0.274121611938654593040734855  0.333392007992853005142203787  0.169239925332749580709078459  0.033824326838938135640025978 -0.390967647109267994487988643  0.366019063435562450574281904  0.023216276439327875502800780 -0.084435571270883578420796654  0.316227766017785451855334061 
  3 -0.316227766017804118916503450 -0.000000000000093120178132328 -0.007144965636777212664443586 -0.069287141470575937883644331  0.197867628968223553919932381 -0.573180383069572993415784212  0.041552584706409950896600696 -0.025673807389077915163538846 -0.105785018451751751663116909 -0.049108368511757814290561970  0.060722405968263917925545250 -0.226049240640378275212711394  0.231163455869448725970714993  0.089557400582492506735604945 -0.382062210860939407709160540 -0.062561653522476838907326151  0.137169170561776442300756795  0.103513557146968405428067231 -0.464217306084386504557793077  0.017800224489483835146788181  0.316227766017897232936686991 
  4  0.000000000000383996223493176  0.316227766015879314470899200 -0.459992190323557494422259187 -0.426819952715353159727754498  0.111198033432580218213769040 -0.047215799642276957825964964  0.080483398741607913961636916 -0.473152708717283926532137447  0.053540313473726002616454858 -0.210731146181382769023873562  0.033183795261735136612881803 -0.106444178650969629071321686  0.082436608888983819382945996 -0.209535039632833051286616571  0.175171804074028757971463049 -0.132365656628762218242228478  0.152849292762183695476379229 -0.148391538668113040242498187  0.168988319210291648212710243  0.169511781964742473698863970  0.316227766016263315326101369 
  5 -0.000000000000206980150791747 -0.316227766016615304705585088 -0.119368003887899771072117830  0.047439585890328867599893999 -0.030063004940825465758058024 -0.361873930516168304532967706  0.223339160527131867756784819 -0.011658215711922113283771911  0.107431913950229024772877167 -0.279694114493226983665522326  0.453569632912053431430437003  0.321941977539662032534477018 -0.269066131892047039422550397 -0.163107967364452932673051302  0.330333565626768068849246004  0.042022082415341011403942927 -0.159426328576429782898069877 -0.023446867560855976394239026 -0.146415249196632801903755587 -0.212590298153447924723062276  0.316227766016822266106726935 
  6  0.316227766017146557698570819  0.000000000000011087723162271  0.089042884274433005346968857 -0.217163961780999738570034283 -0.183773713827038745103302497 -0.186077327168797526760505787 -0.176583045858905028172047315 -0.240264084086426688434043851  0.072780116806815120597139081 -0.337936585207053778772334426 -0.180821471714773011302637186  0.247314063109678761132829289  0.247264939888603905136527789  0.265373621056517564818473878 -0.170842354435335294865570127  0.489534275288445168308575084 -0.212119270863618469296252474  0.153946101194342160623776058  0.058631777523169781473662146 -0.041482487218652227657856224  0.316227766017157670906364067 
  7  0.316227766017115243608794767 -0.000000000000646553277082294  0.036563548959664462513328596 -0.239860393151904785898021963 -0.145483200023675030853362138 -0.007079286051183677186535490  0.163245956855124612510689330  0.442620185416943432278689269  0.332075274253974804902116505 -0.326289473587316726483449278 -0.209537772674914861046301107 -0.121713808801069742357924778 -0.261264986636574138100354639 -0.064214363017512636785499424 -0.185919480216394611242491930 -0.073817214787802526699243572  0.182318506875410808658962043 -0.283350810168741589270807041 -0.233646490280240114436531400  0.203414105177574695064945075  0.316227766017761772663046543 
  8 -0.316227766015487574038488744  0.000000000000674039887947350 -0.156670696660943409512026236 -0.451841697949900015807709122  0.016460007586147975930282016  0.132688970216122491575252117  0.107002365906472496280793343  0.265394895019000267010486974  0.009671858461210341877414517  0.140199873657496641078559589  0.280161300882789979021462307  0.126495871497170159320172327 -0.018959173971654357967705270  0.189071776789881167474727426 -0.391803200040711357775942078  0.076154008410577192425951285 -0.283302077975358502701357793 -0.268406469701235768409233740  0.269676987361988757522417506 -0.191954334661861338379097892  0.316227766016161616809956522 
  9  0.316227766017525299143244369 -0.000000000000022205223547467  0.136303776868932295744099234 -0.068154349553544471600413993  0.190632722898662701439473355 -0.382670899579936476999492134  0.012218556443490239475794309  0.150843291836219103339909557 -0.070701375323241651414977668  0.203756892530474376394513530  0.097424786450430271628382357  0.154215253060942357430664583  0.159063311437015287192224197  0.471125870975051125105412253  0.254825939316132309467831385 -0.320470507994921773649733138  0.036190712182855583532817842 -0.202129813160044864204611774  0.250786320764620880384822635  0.267109705742879262644435753  0.316227766017547485470455537 
 10  0.316227766016303982990649779  0.000000000000416578847693024  0.261397697370328985287495083 -0.220842041950799848626114247 -0.224049710670576412998807915 -0.232110786417088267038306634  0.063334242282140969102421577 -0.258166053225938537865743680 -0.040358801180352988055745215  0.349493892924008641581463258  0.086634142383584098677214505 -0.063554934218252240492319505 -0.308090530169310217813204503 -0.319823321701238684618921054 -0.330672111734972247519635108 -0.255382808784515537975628313 -0.127370433412441314563879995  0.248178690371932994559295814  0.146612283961080419941920040 -0.041996224113959158066460052  0.316227766016720558266443405 
 11  0.316227766016700004693493892 -0.000000000000685233279148220 -0.095694811887059025400494115  0.064269813696851977635521227  0.597044936194373558147139441  0.039311125381646461787428851 -0.452193020129627850902049105  0.140399994823773688795752815 -0.088302870162838906795219757 -0.217820054931006117532885438  0.263225531454452534312234147 -0.143439701792728353411596198 -0.214247855174988421946545049 -0.085195627814633882042528405 -0.201566973548800543655497124  0.072928686408164943561871323  0.081154442345902580709473585  0.113326959331334227428303169  0.159017995395004777404567714 -0.124834063003273981867758367  0.316227766017385229248542328 
 12  0.000000000000054400548200212 -0.316227766017821914577281758 -0.348309228399833609738029186 -0.129818763184194630952179167 -0.137658241731116333335166110  0.237419842042370558176300407  0.045021506519874513411728868 -0.037009409426548553699159181 -0.180227932710957920470771013 -0.070749797248850096505613620  0.024551052424400907256803661  0.213355490383780463763672454 -0.202615249134153996581043065  0.372913319001688645744265610 -0.124928608324044262692039970 -0.218422282512551560077840654  0.300757351536456508288514336  0.478058714263054287523522015 -0.067448350275633076327409104  0.180347086778527891171627212  0.316227766017876332391937227 
 13 -0.000000000000116056252662436 -0.316227766016991366436169122 -0.052962094731193554820276523 -0.051964011430001921345894940 -0.322064562246308217180294775 -0.023799138300780023735277202 -0.145175259813489512521092299  0.186184346314676367573439676  0.188039466567247906539296805  0.014140620208714685827468640  0.398498686556157450625471200 -0.458937256705349996339276045  0.346243995157376317236110411 -0.125404342034864396660497066  0.101043262765346630020378213  0.145851524356307366245039288  0.041522721816231804383047358  0.176211964860884825445608813  0.216640350239248437538993296  0.287536966994470372430657557  0.316227766017107430251628641 
 14  0.000000000000709732469224803 -0.316227766016578489130040355 -0.099703195577901428865740842 -0.152338694363954543680773381  0.102549246320645870710107708  0.141965410335140085533000946 -0.454843047192497734114262353 -0.183492094087859484210492264  0.189740463353071505306465978  0.143037398076433090073609523 -0.087418507940547530909113604 -0.003708276051087562535157812 -0.012495189668046488290944053  0.008604204195458581274877938  0.061496904271368919276367785 -0.240575989189011039783082195 -0.487607564625042851026628238 -0.169113254578537110706017849 -0.402635209946634480942520215  0.202851806736874317965246654  0.316227766017288214512887673 
 15  0.000000000000709978776122448  0.316227766016905429210951187 -0.043134741844704434400722612  0.351487249455008398497327798  0.021370161878285442495786447  0.067431150009760064402387306  0.033049076839371774612212108 -0.151930507192721628301071771  0.366164945266147371261567650  0.155255474650559234211090291  0.370219154872114304438875110  0.303977588683462578833917658 -0.067269738088158929365586048  0.030117380050482782823976992 -0.290532079564671009703612919  0.167780563572392387361106869  0.040780730220618505984180686 -0.033581388669002777614314061 -0.102419199275309933350414180  0.475919915099968971698013442  0.316227766017615421524373370 
 16 -0.316227766015717025750025870 -0.000000000000212679121060628  0.260896860327435440435588782  0.171951039730114168269385806 -0.009112573925877706881646778 -0.020359242816254234500212140  0.031731556596805964523289609 -0.037492553921696851724511528 -0.183169588838026222612077702 -0.544370477047834404207924536 -0.055077022299604800148698164 -0.045460620091063494489319564 -0.130911848798098490761869506 -0.015777330638917231462123184 -0.120975343652680938504343985 -0.265178771515710411116198766 -0.346275706448772490020316869  0.035420294211651781880306191  0.313303569766968022664846080  0.377892638631672678114483896  0.316227766015929683630697120 
 17 -0.000000000000598536588159177  0.316227766017213510001647447  0.076030582602792237338466558  0.074326641706443998515126993 -0.300680320121932527580857139  0.082783679982316285851369313 -0.294985350720624968563245150  0.029677286941833851952100864  0.257202900875200441126872120 -0.234167842703287262481372244  0.228776511296754657450304264  0.089330745980187210499186539  0.232881476687883109624342334  0.111944919538793633796908752 -0.038964515066322419394257218 -0.521248971741345153141627272  0.074701159692849337617243620  0.060982440386974776110984124 -0.058337172321853470261383530 -0.411755882226188666404061850  0.316227766017812066226847986 
 18 -0.316227766017457699679890984 -0.000000000000238948655538378  0.463750597534127205842256411 -0.389250568322549979317307584  0.317954464627185054122551766  0.062777847470851782556090954 -0.041563258466700332933801369  0.022932447386154789516459884  0.426752460052666807404763566  0.021683193873511739191244346 -0.040125156503346798657474786  0.154097257138126695521075475 -0.062744795330540313222657776 -0.034734195489858738529955363  0.225894968826665863822697466  0.046840007042859370235910127  0.189522594884126304769027781  0.346098900328366730817395910  0.044350602892551633747166787  0.046367289171374982166421233  0.316227766017696671824914814 
 19 -0.000000000000339942022738064 -0.316227766017073818249558115  0.200991027202507296711220600  0.133616622141080289482874266  0.058503651723295985900803262  0.113011025006787476618374047  0.163855156888388450505821166 -0.481022465925713823799636168  0.257671148604622835144974460 -0.064421387185279861867074919  0.085100138106588374279151687 -0.357388762175471666487523367 -0.159113210105109383705871730  0.388350637115457469834877216 -0.110579904145769821644407650  0.014736991415255200747768706  0.186301376830506143367628506 -0.294126565252169970695553941  0.103269481788311859433938857 -0.203344692393336038920676444  0.316227766017413750081156351 

 0.316227766017897232936686991 

