
  0  0.374634324641224908890822787 -0.000000000002440538459078362 -0.114832389859486435700443915  0.353121665831229809319469215 -0.347654110372702553386587906 -0.096471454265718716739681695  0.177542490914510606717568661 -0.294576003776790066408450275 -0.167995537037702297880419587 -0.131972879110029573339725809 -0.486454056248132119178633273 -0.284022074729302338296508049  0.190095691716344129265029578 -0.271990663904926262587572611 -0.015509088058502178866077635  0.374634324643665463512283778 
  1 -0.000000000008843659425094220  0.374634324616981040828632768 -0.017540711806860465702488628 -0.385067064695396412164285840 -0.076840773842906111904514383  0.057524506111488499990991958 -0.096502169418765560587360197  0.235135099584572275542918018 -0.226275131073044591406171963 -0.687688709118460309119725410 -0.130422709102212624923504414  0.062444841677434786091473520 -0.168358720504560219040032266 -0.216021541653303270774395123  0.131203821311026660103725601  0.374634324625824699788075034 
  2  0.374634324642097501850083324 -0.000000000000802887291245261 -0.193210854890731404491228777  0.070841425024183431260495474 -0.309463039840280235127055464  0.295147290766857131908904033  0.388162526251094993506602499  0.374952020128049695103268635  0.019468005216640841028894024  0.173845466496329221681681199  0.306880292981130126193228813  0.076593082584855073897218622 -0.163157239594267925133683726 -0.036030759997806729241916993  0.429650969891187600475240815  0.374634324642900392129301126 
  3 -0.374634324645786356925434082  0.000000000000264740867339758 -0.008356442868490923065952084 -0.041251641149485378765070839 -0.101009673767876497069964550 -0.071835935626953901893005511  0.626658680517264774303704683  0.220015934810792246844289577  0.313450085207226209073989517  0.007021920556883004326040180 -0.276978000459082623587380931  0.152392599140547818710087445 -0.160062066614162081416091084 -0.191935589131895431786508505 -0.375108530483917993370197863  0.374634324646051072719207115 
  4 -0.000000000029860035012435155  0.374634324605297387272275986 -0.090176651403070957324355043  0.283785337631924670307977457  0.418063476222480254678804182  0.397383957410143388280700932  0.268198559381030493943380566 -0.091296128080486839623860357  0.161956821929723267120080493 -0.265472018331854376179583868  0.139713026443351940561769450  0.029143661390684925816397903  0.480838190081387917930227580  0.091748960128060180144876634 -0.036454386983886290355311209  0.374634324635157421341108419 
  5 -0.000000000012702873584535841  0.374634324594600249001613221 -0.288873380489125540710512036  0.250242147507232014837794468 -0.079656843287367982936019849 -0.430312048593614624792443729 -0.226533415571727887719206442  0.535116419149176560164475613  0.156965922332207036951948718  0.075091836938830322432079662 -0.107968574315019171648729040 -0.173075450668641994136053019  0.127268658542871860382792067  0.306158712382465754712947831 -0.050790158526215490581405413  0.374634324607303150042776629 
  6 -0.000000000014580074065561854  0.374634324619348019999890906  0.529748792427400491331090926  0.486819549544429580129533894  0.038565251383313860921884728 -0.096368647040273391584492245 -0.130063940082813857154709833 -0.059294324582491606931471334  0.141366045288590962396985118  0.081482012130977323961951702 -0.017856419334592622294476724  0.276494104266925852145904072 -0.323888218539801874776718621 -0.248910274727854017472921180  0.201405075146160496605239609  0.374634324633928109929328215 
  7 -0.374634324646396447110185957 -0.000000000000019126439377746 -0.240393259933766995276971205  0.029005261320792324605604643 -0.207703227629421894616704690  0.007700345570434045858295764 -0.239991200605473825466706569 -0.060520667626218536891007137  0.309772557206199760423265266  0.010741835411708464826406400  0.333666853904924317784572163 -0.259391339454601883168522597  0.181208313581376111460388006 -0.608757904856828972435869862  0.135815846946069703426139552  0.374634324646415581354071470 
  8  0.093658580946464123171020782 -0.280975743664358473724576223  0.460485288772559344554809874  0.001120012167477334885139491 -0.245064043216021348108534482 -0.361145844038605053441005899  0.165722623382422653835516387  0.049603370005888365836319151  0.263185420322801569596119636 -0.436186984281136895074933515  0.302610482098835167127232060 -0.048260693103713689646822255  0.289449892911970070553343698  0.187460038828567818338472969  0.086459251428965168947483096  0.374634324610822577739099870 
  9  0.374634324643864215090630077 -0.000000000000459177609905790  0.259592264933537771666753266 -0.344303220517602313920698526 -0.003641227489455529665479422  0.243858610856266314685886036 -0.251904879027613925768789085  0.233368323652054867215562169  0.411639866705254385998184394  0.220751212775591773235044600 -0.322718083205087107897092794  0.111180225220550324710547339  0.339903304088584793708500281 -0.197526437899607997791600819 -0.084152935942469829398379384  0.374634324644323380348528985 
 10  0.093658581054067056523033258  0.280975743467967248095593091 -0.014115935703091141343351231  0.010197233273623815917692992 -0.557723747126125612017921024  0.194466655966162732470359741 -0.153394991777772196731325846 -0.188838851032085732351700758 -0.031778964441664210937259346  0.004157140425962076259692530  0.310025278293939869975323273  0.227987433315913260109823908 -0.015770903186679520531130426  0.143480809655461942676455897 -0.577890710742293137050853979  0.374634324522034281579330184 
 11 -0.374634324644916175231805153 -0.000000000000266368001865005  0.441579028980981681254056048  0.115003409772402484700828517 -0.197874751970594789946141477  0.344173951258929425040932609  0.007242379039674270346554403  0.337762300063642110446162845 -0.434150261670389394155766816  0.143461749696335313082151512 -0.069045480354255163667448036 -0.340018150605005307066846035  0.218536095617096849362819173  0.047336005758968561326542699 -0.015468779860087533476813669  0.374634324645182562567172560 
 12 -0.000000000016930587349377929 -0.374634324625426371418003904 -0.073715033441019276366822435  0.338209898175322067482694716 -0.006846854298880160209494090  0.419882237605841214988979665 -0.273801153254107247121554650  0.132145989183818360514352172  0.330005997762048744638549089 -0.351830469437561236140674450 -0.146183620822263760536145402 -0.181046006520750932901114502 -0.377597825433423094293808320  0.168260005215685775015145229 -0.115430421456042040285225152  0.374634324642356983251292868 
 13 -0.374634324643409400383683647  0.000000000000247355078422086 -0.129687967977056387385817633 -0.020267848325943881796217276 -0.354867671648804267666571510  0.120826289257570298084820595 -0.077027812953611964195586252 -0.218322097515293845259795602  0.131891567953386048831962950 -0.006609166164569849734178314 -0.336776279725382438442115793  0.395699808981043083130034466  0.195579160871000684959091290  0.330544838412401431447127861  0.461892544581660716309203310  0.374634324643656754956488886 
 14  0.000000000021380864912445224  0.374634324596930425770383022  0.149077836417848092772199878 -0.304377987627803367015567534 -0.072483186964699755211992156  0.074945094518733063519526621  0.150438023898459934769378590 -0.308683411063788819896384560  0.317215628036809862397337259  0.114498315171588144622692642 -0.035210041511269280754158799 -0.583239258079679499379311541 -0.264542137779907073530426612  0.268268571103734901252962919  0.137467699279901446965130446  0.374634324618311277449358293 

 0.374634324646415581354071470 

