
  0 -0.000000000000000269542813343 -0.707106781186551978121788281  0.000000000000001979293867140 -0.296655717199062465329068711 -0.632101752873068793660196046  0.111547117703226025615308257  0.707106781186554262481555599 
  1  0.707106781186550908718975450 -0.000000000000000214473385516 -0.000000000000006152502096836 -0.282157698457102108709508223  0.018047128532225750063036586 -0.648121388594087016114635158  0.707106781186557270383642726 
  2 -0.000000000000002976290160044 -0.707106781186543024021306375 -0.000000000000005341160755661  0.296655717199064998486129560  0.632101752873076949408408243 -0.111547117703229974577776046  0.707106781186551338279876189 
  3 -0.000000000000012950171267714  0.000000000000001614276845563 -0.707106781186540499022866874  0.576526164761410239527599647 -0.316420092861584867518056144 -0.259799742453635152349394194  0.707106781186555031777207087 
  4 -0.000000000000001246924879617 -0.000000000000001747585653981  0.707106781186554532502106657  0.576526164761401650586409434 -0.316420092861572040430573685 -0.259799742453631712528266604  0.707106781186557561654556364 
  5 -0.707106781186544101284584957  0.000000000000003031364630473  0.000000000000005550747239196 -0.282157698457117520887335593  0.018047128532229856195855870 -0.648121388594087577839780723  0.707106781186552713156651118 

 0.707106781186557561654556364 

