
  0 -0.46915603797588107  0.23586248979685720  0.47140280644323262 -0.47140596482401692 -0.46956689849786110 -0.47125789031977927  0.23745693875563872 -0.23570232291464632  0.47138654036759114  0.25025256431942644  0.42422530861258378 -0.47079219495264207 -0.45831860819105463  0.28071139645463794  4.71405964824016920e-01
  1 -0.46893148202264895  0.23588714625670396  0.47140138865716275 -0.47140608724147881  0.46980596719374940 -0.47126587409309711  0.23811815031581335 -0.23570192792302996  0.47137851398563357  0.41968470290349708  0.25305174037068912 -0.47068282610102147 -0.28840302930644229  0.45592319676278054  4.71406087241478810e-01
  2 -0.46632260660940622  0.47135234881063454  0.47140323659512468 -0.47140579324198045 -0.46994222266026076 -0.23578620046479967  0.24013378031832078 -0.23570213322017344 -0.47137177351679937  0.24218052261511741  0.41541965281213927 -0.47051401521355968 -0.46641308607575610  0.28969700708976154  4.71405793241980450e-01
  3 -0.46609805065599536  0.47137700527040233  0.47140181880905890 -0.47140591565944145  0.46943064303137400 -0.23579418423816872  0.24079499187845368 -0.23570173822870591 -0.47137979989879897  0.41161266119909584  0.24424608457030722 -0.47040464636181700 -0.29649750719112306  0.46490880739815055  4.71405915659441450e-01
  4 -0.46888533098706286  0.23584802566781499  0.23571060383475573  0.47140615218931703 -0.46899709881818363 -0.47127011166727856  0.23772611383003059 -0.47139612215886656  0.47137898568397946  0.24949707489518069  0.42501997067876074 -0.47093014477840778 -0.45907640139310441  0.27989630700993418  4.71406152189317030e-01
  5 -0.46866077503378190  0.23587268212771381  0.23570918604879737  0.47140602977178703  0.47037576687331967 -0.47127809544066934  0.23838732539020971 -0.47139572716728673  0.47137095930192568  0.41892921347921591  0.25384640243705808 -0.47082077592674199 -0.28916082250848951  0.45510810731803425  4.71406029771787030e-01
  6 -0.46605189962062749  0.47133788468157234  0.23571103398652818  0.47140632377127589 -0.46937242298083703 -0.23579842181224264  0.24040295539270104 -0.47139593246448236 -0.47137932820064793  0.24142503319066455  0.41621431487840382 -0.47065196503921236 -0.46717087927772272  0.28888191764507198  4.71406323771275890e-01
  7 -0.46582734366721928  0.47136254114138160  0.23570961620045114  0.47140620135394157  0.47000044271081948 -0.23580640558553229  0.24106416695283764 -0.47139553747297330 -0.47138735458247788  0.41085717177460218  0.24504074663651318 -0.47054259618748884 -0.29725530039314368  0.46409371795341486  4.71406201353941570e-01
  8 -0.46939561829863280  0.23589033465326179  0.47140209421206963 -0.47140561942058851 -0.46982981284891528 -0.47125578705258137  0.23729935849306211 -0.23570108189501046  0.47137309289088081  0.25156204652228104 -0.29031039393088715 -0.47031237945506377 -0.45659453614403456 -0.41888395814058199  4.71405619420588510e-01
  9 -0.46917106234510747  0.23591499111282013  0.47140067642589789 -0.47140574183806333  0.46954305284248060 -0.47126377082568854  0.23796057005330312 -0.23570068690348905  0.47136506650891818  0.42099418510633496 -0.46148396217268306 -0.47020301060327863 -0.28667895725951675 -0.24367215783245730  4.71405741838063330e-01
 10 -0.46656218693208051  0.47138019366682260  0.47140252436375696 -0.47140544783837723 -0.47020513701149369 -0.23578409719768961  0.23997620005575274 -0.23570089220049464 -0.47138522099371671  0.24349000481774843 -0.29911604973125311 -0.47003419971585031 -0.46468901402870672 -0.40989834750543302  4.71405447838377230e-01
 11 -0.46633763097862041  0.47140485012655337  0.47140110657765882 -0.47140557025584451  0.46916772868003653 -0.23579208097094087  0.24063741161593113 -0.23570049720906627 -0.47139324737570348  0.41292214340179090 -0.47028961797320584 -0.46992483086402936 -0.29477343514419874 -0.23468654719735557  4.71405570255844510e-01
 12 -0.46912491130981915  0.23587587052394077  0.23570989160349334  0.47140649759270414 -0.46926001316952065 -0.47126800840008731  0.23756853356747587 -0.47139488113909611  0.47136553820720889  0.25080655709788147 -0.28951573186470453 -0.47045032928066782 -0.45735232934601894 -0.41969904758538507  4.71406497592704140e-01
 13 -0.46890035535632335  0.23590052698375247  0.23570847381745352  0.47140637517526734  0.47011285252196106 -0.47127599217337446  0.23822974512759323 -0.47139448614769652  0.47135751182516139  0.42023869568191780 -0.46068930010649017 -0.47034096042893647 -0.28743675046150235 -0.24448724727727389  4.71406375175267340e-01
 14 -0.46629147994329712  0.47136572953781197  0.23571032175522094  0.47140666917496149 -0.46963533733202917 -0.23579631854512767  0.24024537513009636 -0.47139469144464452 -0.47139277567733556  0.24273451539364704 -0.29832138766508320 -0.47017214954153530 -0.46544680723086390 -0.41071343695019857  4.71406669174961490e-01
 15 -0.46606692398980376  0.47139038599758121  0.23570890396926614  0.47140654675743393  0.46973752835962701 -0.23580430231842789  0.24090658669035026 -0.47139429645332387 -0.47140080205925755  0.41216665397763691 -0.46949495590708962 -0.47006278068981477 -0.29553122834629542 -0.23550163664199966  4.71406546757433930e-01
 16 -0.23839719497530407  0.23584041194128286  0.47140113029229197 -0.47140581073979881 -0.46976823098743692 -0.47125538997398414  0.46760004850548198 -0.23570896046045192  0.47139272830374035  0.29490597235683252  0.46863152036640587  0.47035107440912327 -0.41276770444356220  0.23606738680714626  4.71405810739798810e-01
 17 -0.23817263902175753  0.23586506840108309  0.47139971250634399 -0.47140593315711782  0.46960463470428099 -0.47126337374721061  0.46826126006564911 -0.23570856546890176  0.47138470192178211  0.46433811094098199  0.29745795212474330  0.47046044326076208 -0.24285212555903499  0.41127918711552458  4.71405933157117820e-01
 18 -0.23556376360875511  0.47133027095506919  0.47140156044425452 -0.47140563915767714 -0.47014355514967793 -0.23578370011905272  0.47027689006803985 -0.23570877076587524 -0.47136558558067498  0.28683393065238721  0.45982586456606600  0.47062925414826978 -0.42086218232826017  0.24505299744244169  4.71405639157677140e-01
 19 -0.23533920765523070  0.47135492741475599  0.47140014265805313 -0.47140576157495634  0.46922931054172767 -0.23579168389228400  0.47093810162822919 -0.23570837577438800 -0.47137361196259864  0.45626606923652663  0.28865229632425132  0.47073862299983488 -0.25094660344372710  0.42026479775064152  4.71405761574956340e-01
 20 -0.23812648798636546  0.23582594781228422  0.23570892768384977  0.47140630627363417 -0.46919843130776084 -0.47126761132149159  0.46786922357987071 -0.47140275970461043  0.47138517362010673  0.29415048293255669  0.46942618243268946  0.47021312458331321 -0.41352549764565211  0.23525229736245598  4.71406306273634170e-01
 21 -0.23790193203287918  0.23585060427209054  0.23570750989780492  0.47140618385615363  0.47017443438372886 -0.47127559509464179  0.46853043513990345 -0.47140236471296465  0.47137714723811946  0.46358262151644031  0.29825261419077909  0.47032249343507804 -0.24360991876096871  0.41046409767081021  4.71406183856153630e-01
 22 -0.23529305661985017  0.47131580682591978  0.23570935783562730  0.47140647785568868 -0.46957375547011965 -0.23579592146638884  0.47054606514244929 -0.47140257001029462 -0.47137314026433019  0.28607844122808074  0.46062052663229908  0.47049130432256531 -0.42161997553025604  0.24423790799768230  4.71406477855688680e-01
 23 -0.23506850066637319  0.47134046328581958  0.23570794004949039  0.47140635543822218  0.46979911022135495 -0.23580390523974362  0.47120727670277263 -0.47140217501861864 -0.47138116664642632  0.45551057981196180  0.28944695839032936  0.47060067317430038 -0.25170439664561911  0.41944970830615524  4.71406355438222180e-01
 24 -0.23863677529771601  0.23586825679752618  0.47140041806102889 -0.47140546533632444 -0.47003114533848750 -0.47125328670676547  0.46744246824303853 -0.23570771944071067  0.47137928082704417  0.29621545455970338 -0.24590418217702553  0.47083088990681676 -0.41104363239672120 -0.46352796778802485  4.71405465336324440e-01
 25 -0.23841221934433171  0.23589291325733169  0.47139900027503712 -0.47140558775371250  0.46934172035314237 -0.47126127048014849  0.46810367980303375 -0.23570732444928222  0.47137125444506162  0.46564759314363302 -0.41707775041902218  0.47094025875846141 -0.24112805351219826 -0.28831616747981009  4.71405587753712500e-01
 26 -0.23580334393120508  0.47135811581115561  0.47140084821275374 -0.47140529375415025 -0.47040646950096476 -0.23578159685183994  0.47011930980557526 -0.23570752974615558 -0.47137903305755963  0.28814341285518136 -0.25470983797749835  0.47110906964598814 -0.41913811028140252 -0.45454235715279118  4.71405293754150250e-01
 27 -0.23557878797793494  0.47138277227097625  0.47139943042664795 -0.47140541617161796  0.46896639619063896 -0.23578958062526953  0.47078052136567633 -0.23570713475475896 -0.47138705943940190  0.45757555143924183 -0.42588340621925225  0.47121843849759198 -0.24922253139684034 -0.27933055684464919  4.71405416171617960e-01
 28 -0.23836606830887505  0.23585379266850653  0.23570821545253443  0.47140665167694545 -0.46946134565902542 -0.47126550805431866  0.46771164331735754 -0.47140151868495267  0.47137172614325490  0.29545996513512429 -0.24510952011090900  0.47069294008104356 -0.41180142559874938 -0.46434305723272046  4.71406651676945450e-01
 29 -0.23814151235543227  0.23587844912825973  0.23570679766658206  0.47140652925965926  0.46991152003252917 -0.47127349182749467  0.46837285487744296 -0.47140112369334686  0.47136369976143300  0.46489210371930628 -0.41628308835258399  0.47080230893284442 -0.24188584671407970 -0.28913125692458302  4.71406529259659260e-01
 30 -0.23553263694241000  0.47134365168221037  0.23570864560431062  0.47140682325916533 -0.46983666982152783 -0.23579381819927794  0.47038848488001156 -0.47140132899059906 -0.47138658774127706  0.28738792343083475 -0.25391517591124640  0.47097111982029161 -0.41989590348353290 -0.45535744659758465  4.71406823259165330e-01
 31 -0.23530808098899353  0.47136830814198954  0.23570722781820738  0.47140670084174735  0.46953619586996820 -0.23580180197256931  0.47104969644012007 -0.47140093399897287 -0.47139461412303046  0.45682006201497100 -0.42508874415315623  0.47108048867198521 -0.24998032459882372 -0.28014564628925853  4.71406700841747350e-01
 32 -0.46936038787191342  0.23585289812843682 -0.23570625570356224 -0.47140599578780923 -0.46952839685851377 -0.47127166294020656  0.23725083832084898  0.47140207396840089  0.47138253035399624  0.25010519064764952  0.42419068366319990 -0.47067054404700193 -0.45846397916121484  0.28074828598755658  4.71405995787809230e-01
 33 -0.46913583191836472  0.23587755458795606 -0.23570767348967031 -0.47140611820527262  0.46984446883305175 -0.47127964671351991  0.23791204988094872  0.47140246895999743  0.47137450397195996  0.41953732923158110  0.25301711542118077 -0.47056117519521135 -0.28854840027665046  0.45596008629569990  4.71406118205272620e-01
 34 -0.46652695650526749  0.47134275714213658 -0.23570582555190306 -0.47140582420566213 -0.46990372102111772 -0.23579997308506678  0.23992767988339991  0.47140226366281734 -0.47137578353061466  0.24203314894311853  0.41538502786265685 -0.47039236430773262 -0.46655845704589943  0.28973389662261534  4.71405824205662130e-01
 35 -0.46630240055177363  0.47136741360186302 -0.23570724333785503 -0.47140594662310897  0.46946914467074463 -0.23580795685846459  0.24058889144376722  0.47140265865443409 -0.47138380991254736  0.41146528752719147  0.24421145962078267 -0.47028299545605989 -0.29664287816141799  0.46494569693083804  4.71405946623108970e-01
 36 -0.46908968088297565  0.23583843399929902 -0.47139845831200639  0.47140612122559661 -0.46895859717909533 -0.47128388428754359  0.23752001339517465  0.23570827472423511  0.47137497567017889  0.24934970122324338  0.42498534572931423 -0.47080849387273777 -0.45922177236322215  0.27993319654277560  4.71406121225596610e-01
 37 -0.46886512492940929  0.23586309045908860 -0.47139987609814898  0.47140599880803491  0.47041426851262497 -0.47129186806099671  0.23818122495526450  0.23570866971576379  0.47136694928845707  0.41878183980721689  0.25381177748752726 -0.47069912502094768 -0.28930619347870490  0.45514499685087823  4.71405998808034910e-01
 38 -0.46625624951643529  0.47132829301304840 -0.47139802816035464  0.47140629280760832 -0.46933392134130675 -0.23581219443252563  0.24019685495788398  0.23570846441867543 -0.47138333821437062  0.24127765951883098  0.41617968992900312 -0.47053031413343305 -0.46731625024798218  0.28891880717803037  4.71406292807608320e-01
 39 -0.46603169356297564  0.47135294947283701 -0.47139944594639382  0.47140617039023874  0.47003894434996590 -0.23582017820597709  0.24085806651802982  0.23570885941013719 -0.47139136459616165  0.41070979810282993  0.24500612168696886 -0.47042094528177331 -0.29740067136332460  0.46413060748612855  4.71406170390238740e-01
 40 -0.46959996819450595  0.23588074298463532 -0.23570696793485726 -0.47140565038431337 -0.46979131120985745 -0.47126955967291739  0.23709325805817139  0.47140331498804500  0.47136908287721702  0.25141467285040481 -0.29034501888040420 -0.47019072854928207 -0.45673990711420254 -0.41884706860784482  4.71405650384313370e-01
 41 -0.46937541224104895  0.23590539944438857 -0.23570838572085620 -0.47140577280177226  0.46958155448175470 -0.47127754344627748  0.23775446961847793  0.47140370997962111  0.47136105649531412  0.42084681143446018 -0.46151858712237642 -0.47008135969739917 -0.28682432822959170 -0.24363526829955001  4.71405772801772260e-01
 42 -0.46676653682782188  0.47137060199834968 -0.23570653778305170 -0.47140547880210715 -0.47016663537224040 -0.23579786981797674  0.23977009962081536  0.47140350468257186 -0.47138923100728103  0.24334263114606650 -0.29915067468063516 -0.46991254881000605 -0.46483438499904989 -0.40986145797260043  4.71405478802107150e-01
 43 -0.46654198087435045  0.47139525845809493 -0.23570795556919649 -0.47140560121960617  0.46920623031935699 -0.23580585359130191  0.24043131118114447  0.47140389967396584 -0.47139725738917471  0.41277476972993266 -0.47032424292262565 -0.46980317995829823 -0.29491880611433363 -0.23464965766432869  4.71405601219606170e-01
 44 -0.46932926120552299  0.23586627885551256 -0.47139917054344316  0.47140646662892538 -0.46922151153034669 -0.47128178102047552  0.23736243313265912  0.23570951574387172  0.47136152819349314  0.25065918342603161 -0.28955035681430180 -0.47032867837481962 -0.45749770031643011 -0.41966215805253515  4.71406466628925380e-01
 45 -0.46910470525212633  0.23589093531519129 -0.47140058832949072  0.47140634421148614  0.47015135416132103 -0.47128976479366808  0.23802364469286050  0.23570991073535064  0.47135350181154795  0.42009132201005045 -0.46072392505615950 -0.47021930952320873 -0.28758212143177247 -0.24445035774437848  4.71406344211486140e-01
 46 -0.46649582983903387  0.47135613786916952 -0.47139874039151503  0.47140663821115314 -0.46959683569264166 -0.23581009116538237  0.24003927469536079  0.23570970543833578 -0.47139678569097826  0.24258714172155793 -0.29835601261457645 -0.47005049863585419 -0.46559217820109494 -0.41067654741736709  4.71406638211153140e-01
 47 -0.46627127388558975  0.47138079432901892 -0.47140015817778502  0.47140651579377479  0.46977602999896423 -0.23581807493877788  0.24070048625550264  0.23571010042992330 -0.47140481207294022  0.41201928030560930 -0.46952958085652846 -0.46994112978394165 -0.29567659931645496 -0.23546474710921320  4.71406515793774790e-01
 48 -0.23860154487100829  0.23583082027285723 -0.23570793185457950 -0.47140584170351230 -0.46972972934803536 -0.47126916259436363  0.46739394807056062  0.47139543642277637  0.47138871829015211  0.29475859868485416  0.46859689541695060  0.47047272531481715 -0.41291307541382560  0.23610427634011233  4.71405841703512300e-01
 49 -0.23837698891764772  0.23585547673252782 -0.23570934964065829 -0.47140596412097008  0.46964313634355181 -0.47127714636759005  0.46805515963089955  0.47139583141425845  0.47138069190809379  0.46419073726903182  0.29742332717512199  0.47058209416658092 -0.24299749652906397  0.41131607664831427  4.71405964120970080e-01
 50 -0.23576811350450111  0.47132067928641885 -0.23570750170283139 -0.47140567012136531 -0.47010505351051568 -0.23579747273937773  0.47007078963315246  0.47139562611718611 -0.47136959559435632  0.28668655698037815  0.45979123961652413  0.47075090505398459 -0.42100755329837436  0.24508988697523831  4.71405670121365310e-01
 51 -0.23554355755115858  0.47134533574625975 -0.23570891948881534 -0.47140579253882287  0.46926781218100272 -0.23580545651269422  0.47073200119341513  0.47139602110860196 -0.47137762197637961  0.45611869556445817  0.28861767137475536  0.47086027390575602 -0.25109197441385689  0.42030168728368222  4.71405792538822870e-01
 52 -0.23833083788215845  0.23581635614361732 -0.47140013446315887  0.47140627530986440 -0.46915992966851733 -0.47128138394175034  0.46766312314492542  0.23570163717848466  0.47138116360641996  0.29400310926075818  0.46939155748322031  0.47033477548911645 -0.41367086861591795  0.23528918689531919  4.71406275309864400e-01
 53 -0.23810628192880684  0.23584101260344467 -0.47140155224905256  0.47140615289242643  0.47021293602323716 -0.47128936771522517  0.46832433470504736  0.23570203216993107  0.47137313722441954  0.46343524784449763  0.29821798924128651  0.47044414434096515 -0.24375528973115496  0.41050098720350142  4.71406152892426430e-01
 54 -0.23549740651563605  0.47130621515746940 -0.47139970431123557  0.47140644689186539 -0.46953525383076122 -0.23580969408677696  0.47033996470757294  0.23570182687291868 -0.47137715027810750  0.28593106755603981  0.46058590168269986  0.47061295522828006 -0.42176534650051495  0.24427479753049675  4.71406446891865390e-01
 55 -0.23527285056232761  0.47133087161720782 -0.47140112209736690  0.47140632447452357  0.46983761186062367 -0.23581767786022428  0.47100117626780791  0.23570222186441797 -0.47138517665995944  0.45536320614016751  0.28941233344089801  0.47072232408015463 -0.25184976761594252  0.41948659783870518  4.71406324474523570e-01
 56 -0.23884112519362227  0.23585866512893555 -0.23570864408575953 -0.47140549630009548 -0.46999264369929811 -0.47126705932715107  0.46723636780806815  0.47139667744232400  0.47137527081337827  0.29606808088774750 -0.24593880712659508  0.47095254081248189 -0.41118900336685305 -0.46349107825539188  4.71405496300095480e-01
 57 -0.23861656924025129  0.23588332158867320 -0.23571006187186389 -0.47140561871741066  0.46938022199231577 -0.47127504310033475  0.46789757936820425  0.47139707243390538  0.47136724443142752  0.46550021947172504 -0.41711237536848556  0.47106190966419420 -0.24127342448214301 -0.28827927794687319  4.71405618717410660e-01
 58 -0.23600769382712425  0.47134852414268336 -0.23570821393403582 -0.47140532471784158 -0.47036796786156532 -0.23579536947219137  0.46991320937089159  0.47139686713675683 -0.47138304307109063  0.28799603918336414 -0.25474446292699671  0.47123072055169701 -0.41928348125164233 -0.45450546762000016  4.71405324717841580e-01
 59 -0.23578313787363067  0.47137318060245609 -0.23570963171999715 -0.47140544713536670  0.46900489782998234 -0.23580335324552482  0.47057442093097751  0.47139726212834071 -0.47139106945296499  0.45742817776723377 -0.42591803116876620  0.47134008940348238 -0.24936790236700707 -0.27929366731164756  4.71405447135366700e-01
 60 -0.23857041820484190  0.23584420099986544 -0.47140084669428817  0.47140662071326345 -0.46942284401971168 -0.47127928067465052  0.46750554288242224  0.23570287819814570  0.47136771612972067  0.29531259146326166 -0.24514414506049245  0.47081459098695022 -0.41194679656875394 -0.46430616769998306  4.71406620713263450e-01
 61 -0.23834586225120177  0.23586885745966940 -0.47140226448033123  0.47140649829577347  0.46995002167180455 -0.47128726444796015  0.46816675444273365  0.23570327318974199  0.47135968974773756  0.46474473004743011 -0.41631771330225115  0.47092395983859614 -0.24203121768436558 -0.28909436739157479  4.71406498295773470e-01
 62 -0.23573698683822708  0.47133406001372408 -0.47140041654249881  0.47140679229533988 -0.46979816818217213 -0.23580759081950242  0.47018238444518695  0.23570306789259368 -0.47139059775472214  0.28724054975877544 -0.25394980086079544  0.47109277072616557 -0.42004127445347161 -0.45532055706473168  4.71406792295339880e-01
 63 -0.23551243088483315  0.47135871647340555 -0.47140183432858845  0.47140666987788532  0.46957469750946063 -0.23581557459291669  0.47084359600525238  0.23570346288420965 -0.47139862413675482  0.45667268834302449 -0.42512336910263376  0.47120213957771229 -0.25012569556914005 -0.28010875675648367  4.71406669877885320e-01
 64  0.23678304579571996  0.23577985600410145  0.47139967746447353 -0.47140619968926345 -0.46971833658049483 -0.47131056598721238 -0.47080236846681611 -0.23570657850296392  0.47139235109861033  0.25232924054888195  0.42550085068428789 -0.47106982631168898 -0.45502785870340101  0.27933825296570514  4.71406199689263450e-01
 65  0.23700760174925167  0.23580451246404247  0.47139825967838933 -0.47140632210657857  0.46965452911110422 -0.47131854976044896 -0.47014115690668989 -0.23570618351141501  0.47138432471670738  0.42176137913310535  0.25432728244245806 -0.47096045745995302 -0.28511227981888004  0.45455005327394271  4.71406322106578570e-01
 66  0.23961647716221260  0.47126971501788884  0.47140010761619527 -0.47140602810715332 -0.47009366074296099 -0.23583887613222693 -0.46812552690413861 -0.23570638880859568 -0.47136596278567200  0.24425719884455441  0.41669519488396134 -0.47079164657233941 -0.46312233658813651  0.28832386360091028  4.71406028107153320e-01
 67  0.23984103311574459  0.47129437147780745  0.47139868983015870 -0.47140615052450019  0.46927920494861358 -0.23584685990564963 -0.46746431534405608 -0.23570599381702853 -0.47137398916781498  0.41368933742855779  0.24552162664206459 -0.47068227772079740 -0.29320675770349008  0.46353566390922007  4.71406150524500190e-01
 68  0.23705375278461949  0.23576539187534626  0.23570747485598548  0.47140591732407972 -0.46914853690098135 -0.47132278733457517 -0.47053319339233796 -0.47140037774719257  0.47138479641501047  0.25157375112461883  0.42629551275035915 -0.47120777613742731 -0.45578565190540277  0.27852316352092910  4.71405917324079720e-01
 69  0.23727830873806816  0.23579004833508038  0.23570605706989359  0.47140579490665563  0.47022432879043974 -0.47133077110800842 -0.46987198183236650 -0.47139998275571438  0.47137677003304629  0.42100588970856007  0.25512194450859255 -0.47109840728571245 -0.28587007302084927  0.45373496382942202  4.71405794906655630e-01
 70  0.23988718415117533  0.47125525088896586  0.23570790500778391  0.47140608890620250 -0.46952386106348309 -0.23585109747971206 -0.46785635182984864 -0.47140018805273348 -0.47137351746936501  0.24350170942016924  0.41748985694993529 -0.47092959639818355 -0.46388012979008714  0.28750877415614390  4.71406088906202500e-01
 71  0.24011174010457464  0.47127990734873865  0.23570648722165288  0.47140596648876848  0.46984900462801688 -0.23585908125302596 -0.46719514026958653 -0.47139979306119745 -0.47138154385136455  0.41293384800411181  0.24631628870824132 -0.47082022754657488 -0.29396455090557527  0.46272057446441889  4.71405966488768480e-01
 72  0.23654346547304758  0.23580770086045649  0.47139896523321617 -0.47140585428574988 -0.46998125093169729 -0.47130846272006616 -0.47095994872933172 -0.23570533748344372  0.47137890362182150  0.25363872275176874 -0.28903485185922728 -0.47059001081405361 -0.45330378665653920 -0.42025710162952740  4.71405854285749880e-01
 73  0.23676802142660969  0.23583235732025351  0.47139754744709050 -0.47140597670307605  0.46939161475979785 -0.47131644649323229 -0.47029873716923137 -0.23570494249176491  0.47137087723989635  0.42307086133579963 -0.46020842010103469 -0.47048064196227624 -0.28338820777190887 -0.24504530132135699  4.71405976703076050e-01
 74  0.23937689683965835  0.47129755987410576  0.47139939538496572 -0.47140568270352429 -0.47035657509412815 -0.23583677286501498 -0.46828310716674337 -0.23570514778894153 -0.47137941026263852  0.24556668104733473 -0.29784050765952202 -0.47031183107467694 -0.46139826454119193 -0.41127149099420501  4.71405682703524290e-01
 75  0.23960145279318551  0.47132221633395738  0.47139797759882757 -0.47140580512102837  0.46901629059722810 -0.23584475663833898 -0.46762189560647027 -0.23570475279737493 -0.47138743664446808  0.41499881963126217 -0.46901407590136163 -0.47020246222299755 -0.29148268565665175 -0.23605969068598451  4.71405805121028370e-01
 76  0.23681417246203973  0.23579323673156249  0.23570676262479992  0.47140626272757502 -0.46941145125224715 -0.47132068406760913 -0.47069077365501283 -0.47139913672754991  0.47137134893815780  0.25288323332752066 -0.28824018979310972 -0.47072796063965788 -0.45406157985866430 -0.42107219107410948  4.71406262727575020e-01
 77  0.23703872841552295  0.23581789319118679  0.23570534483857108  0.47140614031017136  0.46996141443925538 -0.47132866784078253 -0.47002956209475077 -0.47139874173601853  0.47136332255631597  0.42231537191135871 -0.45941375803495765 -0.47061859178786408 -0.28414600097409504 -0.24586039076614497  4.71406140310171360e-01
 78  0.23964760382858580  0.47128309574520028  0.23570719277656174  0.47140643430959100 -0.46978677541464697 -0.23584899421262448 -0.46801393209223585 -0.47139894703312529 -0.47138696494630505  0.24481119162296330 -0.29704584559337421 -0.47044978090055201 -0.46215605774329371 -0.41208658043904600  4.71406434309591000e-01
 79  0.23987215978196352  0.47130775220492727  0.23570577499049727  0.47140631189227211  0.46958609027686948 -0.23585697798584412 -0.46735272053227017 -0.47139855204143866 -0.47139499132813450  0.41424333020702975 -0.46821941383517129 -0.47034041204872945 -0.29224047885873244 -0.23687478013069513  4.71406311892272110e-01
 80  0.46754188879651049  0.23575777814882939  0.47139800131346077 -0.47140604560491733 -0.46991966907001620 -0.47130806564136690 -0.24065925871709667 -0.23571321604869233  0.47139853903486117  0.29698264858624451  0.46990706243802971  0.47007344305004189 -0.40947695495608877  0.23469424331834007  4.71406045604917330e-01
 81  0.46776644474997953  0.23578243460852283  0.47139658352737596 -0.47140616802238444  0.46945319662159113 -0.47131604941479815 -0.23999804715685738 -0.23571282105725935  0.47139051265289317  0.46641478717046048  0.29873349419628237  0.47018281190189182 -0.23956137607148106  0.40990604362661492  4.71406168022384440e-01
 82  0.47037532016311512  0.47124763716250823  0.47139843146533233 -0.47140587402290557 -0.47029499323245233 -0.23583637578665614 -0.23798241715417620 -0.23571302635449856 -0.47135977484978842  0.28891060688189296  0.46110140663767002  0.47035162278945541 -0.41757143284070891  0.24367985395360495  4.71405874022905570e-01
 83  0.47059987611654575  0.47127229362223283  0.47139701367915549 -0.47140599644023928  0.46907787245913862 -0.23584435955973360 -0.23732120559427761 -0.23571263136279261 -0.47136780123159555  0.45834274546592224  0.28992783839583075  0.47046099164104133 -0.24765585395616802  0.41889165426183472  4.71405996440239280e-01
 84  0.46781259578542189  0.23574331401965176  0.23570579870496747  0.47140607140820567 -0.46934986939057283 -0.47132028698895256 -0.24039008364270831 -0.47140701529299556  0.47139098435112392  0.29622715916187964  0.47070172450434961  0.46993549322444661 -0.41023474815804284  0.23387915387349861  4.71407015292995560e-01
 85  0.46803715173883520  0.23576797047943407  0.23570438091893878  0.47140594899085647  0.47002299630120653 -0.47132827076215744 -0.23972887208254109 -0.47140662030141672  0.47138295796931962  0.46565929774582393  0.29952815626240337  0.47004486207620327 -0.24031916927345098  0.40909095418185559  4.71406620301416720e-01
 86  0.47064602715189219  0.47123317303340367  0.23570622885669651  0.47140624299048511 -0.46972519355298042 -0.23584859713394682 -0.23771324208003108 -0.47140682559861069 -0.47136732953340249  0.28815511745751515  0.46189606870391697  0.47021367296355682 -0.41832922604277328  0.24286476450882161  4.71406825598610690e-01
 87  0.47087058310529922  0.47125782949313877  0.23570481107069580  0.47140612057306791  0.46964767213872449 -0.23585658090718478 -0.23705203051981411 -0.47140643060702508 -0.47137535591522300  0.45758725604150313  0.29072250046210729  0.47032304181531320 -0.24841364715825634  0.41807656481716726  4.71406430607025080e-01
 88  0.46730230847399146  0.23578562300495426  0.47139728908237466 -0.47140570020150063 -0.47018258342132008 -0.47130596237416011 -0.24081683897951778 -0.23571197502916139  0.47138509155808533  0.29829213078911865 -0.24462864010521562  0.47055325854782970 -0.40775288290920003 -0.46490111127698469  4.71405700201500630e-01
 89  0.46752686442743002  0.23581027946467964  0.47139587129620436 -0.47140582261891800  0.46919028227025295 -0.47131394614756655 -0.24015562741937607 -0.23571158003764597  0.47137706517611982  0.46772426937312905 -0.41580220834711779  0.47066262739952847 -0.23783730402444131 -0.28968931096872169  4.71405822618918000e-01
 90  0.47013573984032742  0.47127548201859482  0.47139771923397511 -0.47140552861921509 -0.47055790758363925 -0.23583427251931763 -0.23813999741685063 -0.23571178533470280 -0.47137322232642898  0.29022008908467839 -0.25343429590566285  0.47083143828700624 -0.41584736079373963 -0.45591550064160963  4.71405528619215090e-01
 91  0.47036029579393884  0.47130013847837893  0.47139630144803596 -0.47140565103669146  0.46881495810792173 -0.23584225629260949 -0.23747878585671714 -0.23571139034310323 -0.47138124870831577  0.45965222766869879 -0.42460786414755347  0.47094080713870984 -0.24593178190927426 -0.28070370033355169  4.71405651036691460e-01
 92  0.46757301546292013  0.23577115887582273  0.23570508647378338  0.47140641681183232 -0.46961278374174187 -0.47131818372163631 -0.24054766390516219 -0.47140577427333330  0.47137753687440137  0.29753664136470498 -0.24383397803923784  0.47041530872217113 -0.40851067611120517 -0.46571620072161296  4.71406416811832320e-01
 93  0.46779757141616279  0.23579581533565283  0.23570366868774767  0.47140629439439030  0.46976008194991570 -0.47132616749489742 -0.23988645234499179 -0.47140537928168802  0.47136951049252074  0.46696877994880559 -0.41500754628108594  0.47052467757387628 -0.23859509722659969 -0.29050440041333342  4.71406294394390300e-01
 94  0.47040644682932742  0.47126101788962949  0.23570551662560671  0.47140658839397154 -0.46998810790410112 -0.23584649386664244 -0.23787082234243670 -0.47140558457895759 -0.47138077700998515  0.28946459966020760 -0.25263963383950411  0.47069348846148701 -0.41660515399597448 -0.45673059008638750  4.71406588393971540e-01
 95  0.47063100278281472  0.47128567434932433  0.23570409883950669  0.47140646597660479  0.46938475778750804 -0.23585447763999351 -0.23720961078237232 -0.47140518958735250 -0.47138880339194195  0.45889673824440730 -0.42381320208139245  0.47080285731320143 -0.24668957511126235 -0.28151878977820460  4.71406465976604790e-01
 96  0.23657869589999378  0.23577026433584583 -0.23570938468239566 -0.47140623065292769 -0.46967983494127369 -0.47132433860763556 -0.47100846890167392  0.47139781837993194  0.47138834108490058  0.25218186687716765  0.42546622573481430 -0.47094817540596728 -0.45517322967356527  0.27937514249859186  4.71406230652927690e-01
 97  0.23680325185319281  0.23579492079544614 -0.23571080246839932 -0.47140635307035234  0.46969303075038388 -0.47133232238091716 -0.47034725734138932  0.47139821337159732  0.47138031470307606  0.42161400546107763  0.25429265749309932 -0.47083880655423016 -0.28525765078907594  0.45458694280687950  4.71406353070352340e-01
 98  0.23941212726645503  0.47126012334959688 -0.23570895453074373 -0.47140605907078204 -0.47005515910363160 -0.23585264875258713 -0.46833162733899464  0.47139800807451665 -0.47136997279942655  0.24410982517281921  0.41666056993441547 -0.47066999566665113 -0.46326770755833430  0.28836075313372378  4.71406059070782040e-01
 99  0.23963668321993950  0.47128477980921391 -0.23571037231674921 -0.47140618148832625  0.46931770658788763 -0.23586063252596678 -0.46767041577883844  0.47139840306600495 -0.47137799918147133  0.41354196375667118  0.24548700169255322 -0.47056062681501631 -0.29335212867368615  0.46357255344204562  4.71406181488326250e-01
100  0.23684940288881834  0.23575580020672821 -0.47140158729098958  0.47140588636026537 -0.46911003526175471 -0.47133655995510487 -0.47073929382732271  0.23570401913579767  0.47138078640133724  0.25142637745269752  0.42626088780095939 -0.47108612523153437 -0.45593102287568321  0.27856005305385267  4.71405886360265370e-01
101  0.23707395884224322  0.23578045666645309 -0.47140300507695410  0.47140576394293804  0.47026283042985956 -0.47134454372838380 -0.47007808226712877  0.23570441412735094  0.47137276001948741  0.42085851603676333  0.25508731955906871 -0.47097675637987352 -0.28601544399112189  0.45377185336216475  4.71405763942938040e-01
102  0.23968283425530088  0.47124565922045175 -0.47140115713911029  0.47140605794235541 -0.46948535942415492 -0.23586487010009460 -0.46806245226465387  0.23570420883030499 -0.47137752748309159  0.24335433574823434  0.41745523200045015 -0.47080794549250177 -0.46402550076031229  0.28754566368895451  4.71406057942355410e-01
103  0.23990739020882834  0.47127031568012162 -0.47140257492524706  0.47140593552497367  0.46988750626731679 -0.23587285387336315 -0.46740124070444733  0.23570460382185471 -0.47138555386503944  0.41278647433223531  0.24628166375883620 -0.47069857664059428 -0.29410992187565610  0.46275746399736961  4.71405935524973670e-01
104  0.23633911557731288  0.23579810919192282 -0.23571009691357306 -0.47140588524939475 -0.46994274929233376 -0.47132223534031092 -0.47116604916418209  0.47139905939958193  0.47137489360817914  0.25349134907975351 -0.28906947680881689 -0.47046835990809410 -0.45344915762659660 -0.42022021209672178  4.71405885249394750e-01
105  0.23656367153072991  0.23582276565173499 -0.23571151469969381 -0.47140600766690816  0.46943011639910154 -0.47133021911361039 -0.47050483760393103  0.47139945439116770  0.47136686722626064  0.42292348766391591 -0.46024304505052022 -0.47035899105629797 -0.28353357874209106 -0.24500841178844562  4.71406007666908160e-01
106  0.23917254694383003  0.47128796820563251 -0.23570966676185898 -0.47140571366721151 -0.47031807345487131 -0.23585054548539902 -0.46848920760145568  0.47139924909415498 -0.47138342027626146  0.24541930737537571 -0.29787513260901005 -0.47019018016899661 -0.46154363551147631 -0.41123460146153051  4.71405713667211510e-01
107  0.23939710289724719  0.47131262466544366 -0.23571108454806541 -0.47140583608473630  0.46905479223654795 -0.23585852925877931 -0.46782799604137393  0.47139964408560131 -0.47139144665824795  0.41485144595940160 -0.46904870085084915 -0.47008081131734181 -0.29162805662684016 -0.23602280115322333  4.71405836084736300e-01
108  0.23660982256617771  0.23578364506289765 -0.47140229952218615  0.47140623176378538 -0.46937294961295012 -0.47133445668791935 -0.47089687408986841  0.23570526015545870  0.47136733892453564  0.25273585965550383 -0.28827481474254735 -0.47060630973379886 -0.45420695082878887 -0.42103530154141777  4.71406231763785380e-01
109  0.23683437851971006  0.23580830152263954 -0.47140371730840169  0.47140610934631538  0.46999991607853192 -0.47134244046114554 -0.47023566252958227  0.23570565514698399  0.47135931254257435  0.42216799823945672 -0.45944838298430840 -0.47049694088211336 -0.28429137194419341 -0.24582350123321950  4.71406109346315380e-01
110  0.23944325393266452  0.47127350407670610 -0.47140186937022449  0.47140640334586631 -0.46974827377539774 -0.23586276683289473 -0.46822003252712591  0.23570544984978758 -0.47139097495984744  0.24466381795102932 -0.29708047054276793 -0.47032812999448620 -0.46230142871344776 -0.41204969090614457  4.71406403345866310e-01
111  0.23966780988616201  0.47129816053625995 -0.47140328715640878  0.47140628092843867  0.46962459191618150 -0.23587075060606980 -0.46755882096696111  0.23570584484144991 -0.47139900134185780  0.41409595653488646 -0.46825403878466715 -0.47021876114282618 -0.29238584982897098 -0.23683789059792831  4.71406280928438670e-01
112  0.46733753890075275  0.23574818648021917 -0.23571106083336721 -0.47140607656880151 -0.46988116743050767 -0.47132183826175383 -0.24086535915191623  0.47139118083438708  0.47139452902108681  0.29683527491434131  0.46987243748859964  0.47019509395586390 -0.40962232592622227  0.23473113285131525  4.71406076568801510e-01
113  0.46756209485413941  0.23577284293996936 -0.23571247861945857 -0.47140619898625286  0.46949169826082637 -0.47132982203512136 -0.24020414759164863  0.47139157582588853  0.47138650263919840  0.46626741349849388  0.29869886924678346  0.47030446280753846 -0.23970674704161540  0.40994293315947922  4.71406198986252860e-01
114  0.47017097026724319  0.47123804549381026 -0.23571063068160480 -0.47140590498658635 -0.47025649159323946 -0.23585014840674054 -0.23818851758924323  0.47139137052863705 -0.47136378486335595  0.28876323320987901  0.46106678168823945  0.47047327369492120 -0.41771680381092230  0.24371674348643363  4.71405904986586350e-01
115  0.47039552622065278  0.47126270195364284 -0.23571204846770819 -0.47140602740386001  0.46911637409836754 -0.23585813218008747 -0.23752730602899139  0.47139176552017903 -0.47137181124522759  0.45819537179395392  0.28989321344631336  0.47058264254673848 -0.24780122492622489  0.41892854379461386  4.71406027403860010e-01
116  0.46760824588963906  0.23573372235112430 -0.47140326344185113  0.47140604044463991 -0.46931136775114451 -0.47133405960924607 -0.24059618407757061  0.23569738159001208  0.47138697433752624  0.29607978548984676  0.47066709955469094  0.47005714413029048 -0.41038011912829320  0.23391604340641300  4.71406040444639910e-01
117  0.46783280184302689  0.23575837881088502 -0.47140468122791845  0.47140591802716458  0.47006149794036228 -0.47134204338243790 -0.23993497251735005  0.23569777658161539  0.47137894795547503  0.46551192407408448  0.29949353131293865  0.47016651298182127 -0.24046454024365393  0.40912784371481481  4.71405918027164580e-01
118  0.47044167725609931  0.47122358136496689 -0.47140283329021987  0.47140621202673855 -0.46968669191366691 -0.23586236975431729 -0.23791934251492919  0.23569757128446486 -0.47137133954698290  0.28800774378557215  0.46186144375456017  0.47033532386941362 -0.41847459701297124  0.24290165404166236  4.71406212026738550e-01
119  0.47066623320955758  0.47124823782452574 -0.47140425107614775  0.47140608960928382  0.46968617377789418 -0.23587035352762944 -0.23725813095467038  0.23569796627606981 -0.47137936592891277  0.45743988236958266  0.29068787551264907  0.47044469272103845 -0.24855901812834966  0.41811345434981623  4.71406089609283820e-01
120  0.46709795857812864  0.23577603133635361 -0.23571177306466501 -0.47140573116532403 -0.47014408178197897 -0.47131973499472246 -0.24102293941444644  0.47139242185409114  0.47138108154434832  0.29814475711730998 -0.24466326505490485  0.47067490945370960 -0.40789825387932865 -0.46486422174406594  4.71405731165324030e-01
121  0.46732251453150403  0.23580068779614202 -0.23571319085069567 -0.47140585358275144  0.46922878390959533 -0.47132771876792601 -0.24036172785419843  0.47139281684557333  0.47137305516244365  0.46757689570122857 -0.41583683329671067  0.47078427830528374 -0.23798267499462764 -0.28965242143589931  4.71405853582751440e-01
122  0.46993138994469758  0.47126589035002797 -0.23571134291280646 -0.47140555958311536 -0.47051940594430414 -0.23584804513958316 -0.23834609785176442  0.47139261154832562 -0.47137723234006379  0.29007271541282836 -0.25346892085510775  0.47095308919280304 -0.41599273176413126 -0.45587861110891192  4.71405559583115360e-01
123  0.47015594589813220  0.47129054680982208 -0.23571276069895455 -0.47140568200057265  0.46885345974723669 -0.23585602891290414 -0.23768488629146475  0.47139300653987315 -0.47138525872197490  0.45950485399675711 -0.42464248909716984  0.47106245804453667 -0.24607715287944062 -0.28066681080065953  4.71405682000572650e-01
124  0.46736866556690115  0.23576156720738295 -0.47140397567311176  0.47140638584815348 -0.46957428210236468 -0.47133195634207004 -0.24075376434005377  0.23569862260980409  0.47137352686076261  0.29738926769290436 -0.24386860298865193  0.47053695962798414 -0.40865604708128667 -0.46567931118886630  4.71406385848153480e-01
125  0.46759322152045957  0.23578622366695168 -0.47140539345922239  0.47140626343065206  0.46979858358903837 -0.47133994011530445 -0.24009255277996189  0.23569901760131401  0.47136550047875458  0.46682140627664737 -0.41504217123045911  0.47064632847953602 -0.23874046819680955 -0.29046751088053668  4.71406263430652060e-01
126  0.47020209693349307  0.47125142622111926 -0.47140354552124369  0.47140655743027315 -0.46994960626492832 -0.23586026648707117 -0.23807692277727066  0.23569881230420217 -0.47138478702375425  0.28931722598832116 -0.25267425878911687  0.47081513936713970 -0.41675052496601728 -0.45669370055354763  4.71406557430273150e-01
127  0.47042665288692520  0.47127608268088667 -0.47140496330737053  0.47140643501283358  0.46942325942666485 -0.23586825026031777 -0.23741571121712132  0.23569920729567601 -0.47139281340563127  0.45874936457234416 -0.42384782703083967  0.47092450821863280 -0.24683494608152626 -0.28148190024531439  4.71406435012833580e-01
128 -0.47036874758129077  0.23580049917947066  0.47140638968279702 -0.47140638389689388 -0.46920079476956839 -0.47126831031284344  0.23744385457531039 -0.23570197687745631  0.47138588391197439 -0.45896861686181412  0.42433523673311929 -0.47095392827099242  0.24666620052843910  0.28100914218005263  4.71406389682797020e-01
129 -0.47014419162798587  0.23582515563906081  0.47140497189676411 -0.47140650631444525  0.47017207092211272 -0.47127629408598215  0.23810506613533733 -0.23570158188565984  0.47137785753018985 -0.28953647827760942  0.25316166849133259 -0.47084455941932324  0.41658177941309743  0.45622094248830808  4.71406506314445250e-01
130 -0.46753531621482841  0.47129035819311133  0.47140681983456395 -0.47140621231482538 -0.46957611893198492 -0.23579662045768057  0.24012069613786560 -0.23570178718273227 -0.47137242997235657 -0.46704065856627325  0.41552958093278825 -0.47067574853186761  0.23857172264366919  0.28999475281522830  4.71406819834563950e-01
131 -0.46731076026145263  0.47131501465281433  0.47140540204853670 -0.47140633473233656  0.46979674675965266 -0.23580460423105942  0.24078190769808236 -0.23570139219138267 -0.47138045635430476 -0.29760851998219962  0.24435601269087243 -0.47056637968015164  0.40848730152831614  0.46520655312355036  4.71406334732336560e-01
132 -0.47009804059248034  0.23578603505039092  0.23571418707434252  0.47140573311626821 -0.46863099508997319 -0.47128053166025363  0.23771302964962512 -0.47139577612150935  0.47137832922841849 -0.45972410628615068  0.42512989879941881 -0.47109187809669650  0.24590840732645364  0.28019405273529607  4.71405733116268210e-01
133 -0.46987348463893425  0.23581069151012096  0.23571276928819351  0.47140561069889775  0.47074187060145511 -0.47128851543355865  0.23837424120982559 -0.47139538112987439  0.47137030284645909 -0.29029196770206500  0.25395633055749334 -0.47098250924497403  0.41582398621110167  0.45540585304360831  4.71405610698897750e-01
134 -0.46726460922596358  0.47127589406413434  0.23571461722605852  0.47140590469848159 -0.46900631925243164 -0.23580884180519929  0.24038987121232760 -0.47139558642709289 -0.47137998465610736 -0.46779614799059138  0.41632424299901849 -0.47081369835755771  0.23781392944169441  0.28917966337074258  4.71405904698481590e-01
135 -0.46704005327253389  0.47130055052386588  0.23571319943997998  0.47140578228091262  0.47036654643898962 -0.23581682557844985  0.24105108277242138 -0.47139519143556108 -0.47138801103801514 -0.29836400940653757  0.24515067475714136 -0.47070432950580166  0.40772950832630661  0.46439146367881856  4.71405782280912620e-01
136 -0.47060832790393753  0.23582834403557026  0.47140567745157130 -0.47140603849350871 -0.46946370912081048 -0.47126620704557698  0.23728627431270621 -0.23570073585765294  0.47137243643508120 -0.45765913465898556 -0.29020046581038939 -0.47047411277321610  0.24839027257535137 -0.41858621241517519  4.71406038493508710e-01
137 -0.47038377195032888  0.23585300049528909  0.47140425966551419 -0.47140616091097215  0.46990915657073518 -0.47127419081876776  0.23794748587282200 -0.23570034086609035  0.47136441005334950 -0.28822699607497149 -0.46137403405216709 -0.47036474392150152  0.41830585145990812 -0.24337441210685032  4.71406160910972150e-01
138 -0.46777489653737814  0.47131820304931116  0.47140610760321960 -0.47140586691138797 -0.46983903328313770 -0.23579451719054420  0.23996311587533653 -0.23570054616316324 -0.47138587744925120 -0.46573117636332317 -0.29900612161074958 -0.47019593303413593  0.24029579469073092 -0.40960060178002722  4.71406107603219600e-01
139 -0.46755034058408140  0.47134285950906407  0.47140468981727196 -0.47140598932879324  0.46953383240827085 -0.23580250096390445  0.24062432743556564 -0.23570015117160423 -0.47139390383109431 -0.29629903777931721 -0.47017968985252862 -0.47008656418239625  0.41021137357525972 -0.23438880147176747  4.71405989328793240e-01
140 -0.47033762091496195  0.23581387990644734  0.23571347484300859  0.47140607851968169 -0.46889390944124049 -0.47127842839304701  0.23755544938699463 -0.47139453510194751  0.47136488175159819 -0.45841462408325184 -0.28940580374410652 -0.47061206259893767  0.24763247937329588 -0.41940130185996488  4.71406078519681690e-01
141 -0.47011306496180444  0.23583853636641050  0.23571205705693490  0.47140595610231928  0.47047895625020536 -0.47128641216633721  0.23821666094733715 -0.47139414011019515  0.47135685536957450 -0.28898248549925276 -0.46057937198596838 -0.47050269374720427  0.41754805825789598 -0.24418950155167232  4.71405956102319280e-01
142 -0.46750418954839523  0.47130373892027699  0.23571390499477279  0.47140625010193526 -0.46926923360371414 -0.23580673853786305  0.24023229094979420 -0.47139434540736830 -0.47139343213283286 -0.46648666578769382 -0.29821145954433337 -0.47033388285973188  0.23953800148863535 -0.41041569122472193  4.71406250101935260e-01
143 -0.46727963359504893  0.47132839537999049  0.23571248720865615  0.47140612768447859  0.47010363208786199 -0.23581472231126308  0.24089350250993169 -0.47139395041579707 -0.47140145851483328 -0.29705452720370012 -0.46938502778624247 -0.47022451400815413  0.40945358037310176 -0.23520389091636218  4.71406127684478590e-01
144 -0.23960990458056497  0.23577842132385654  0.47140471353206942 -0.47140622981283281 -0.46940212725904140 -0.47126580996692691  0.46758696432503744 -0.23570861442312507  0.47139207184813703 -0.41431520882444839  0.46874144848706184  0.47018934109088584  0.29221710427600722  0.23636513253280292  4.71406229812832810e-01
145 -0.23938534862715907  0.23580307778345502  0.47140329574571915 -0.47140635223010258  0.46997073843248433 -0.47127379374015343  0.46824817588517481 -0.23570821943145512  0.47138404546634982 -0.24488307024028699  0.29756788024507469  0.47029870994244360  0.46213268316035766  0.41157693284095803  4.71406352230102580e-01
146 -0.23677647321394371  0.47126828033760632  0.47140514368353759 -0.47140605823057968 -0.46977745142134464 -0.23579412011196160  0.47026380588779276 -0.23570842472852802 -0.47136624203633659 -0.42238725052883219  0.45993579268663298  0.47046752082987597  0.28412262639096597  0.24535074316789143  4.71406058230579680e-01
147 -0.23655191726058375  0.47129293679724898  0.47140372589762658 -0.47140618064808631  0.46959541427014811 -0.23580210388511313  0.47092501744790471 -0.23570802973702842 -0.47137426841815472 -0.25295511194470111  0.28876222444480215  0.47057688968156014  0.45403820527578620  0.42056254347606264  4.71406180648086310e-01
148 -0.23933919759166125  0.23576395719484519  0.23571251092331610  0.47140588720049897 -0.46883232757944338 -0.47127803131434587  0.46785613939939191 -0.47140241366717178  0.47138451716460777 -0.41507069824887960  0.46953611055315470  0.47005139126505974  0.29145931107398210  0.23555004308778060  4.71405887200498970e-01
149 -0.23911464163826901  0.23578861365451290  0.23571109313734895  0.47140576478312723  0.47054053811195456 -0.47128601508763684  0.46851735095959801 -0.47140201867572906  0.47137649078264299 -0.24563855966477860  0.29836254231141018  0.47016076011671987  0.46137488995844866  0.41076184339626198  4.71405764783127230e-01
150 -0.23650576622513741  0.47125381620842860  0.23571294107506166  0.47140605878271535 -0.46920765174204565 -0.23580634145934684  0.47053298096208257 -0.47140222397279552 -0.47137379671997703 -0.42314273995328933  0.46073045475273389  0.47032957100417078  0.28336483318915834  0.24453565372325131  4.71406058782715350e-01
151 -0.23628121027171023  0.47127847266831724  0.23571152328913880  0.47140593636516437  0.47016521394964794 -0.23581432523278531  0.47119419252229899 -0.47140182898124056 -0.47138182310185389 -0.25371060136908458  0.28955688651089323  0.47043893985594581  0.45328041207367653  0.41974745403135372  4.71405936365164370e-01
152 -0.23984948490315636  0.23580626618008591  0.47140400130064442 -0.47140588440915171 -0.46966504161033940 -0.47126370669972301  0.46742938406260320 -0.23570737340334300  0.47137862437152672 -0.41300572662165569 -0.24579425405640831  0.47066915658837449  0.29394117632285183 -0.46323022206266679  4.71405884409151710e-01
153 -0.23962492894976534  0.23583092263973379  0.47140258351448838 -0.47140600682671041  0.46970782408134870 -0.47127169047306788  0.46809059562278721 -0.23570697841176638  0.47137059798963687 -0.24357358803763546 -0.41696782229828516  0.47077852544013771  0.46385675520730768 -0.28801842175431980  4.71406006826710410e-01
154 -0.23701605353661787  0.47129612519371716  0.47140443145241795 -0.47140571282717586 -0.47004036577261993 -0.23579201684460735  0.47010622562523391 -0.23570718370884758 -0.47137968951306242 -0.42107776832612354 -0.25459990985683995  0.47094733632771668  0.28584669843802718 -0.45424461142734379  4.71405712827175860e-01
155 -0.23679149758320978  0.47132078165356983  0.47140301366629911 -0.47140583524460850  0.46933249991875747 -0.23580000061791639  0.47076743718531222 -0.23570678871733827 -0.47138771589492512 -0.25164562974201643 -0.42577347809871319  0.47105670517943027  0.45576227732265051 -0.27903281111910910  4.71405835244608500e-01
156 -0.23957877791428717  0.23579180205087455  0.23571179869210782  0.47140623260402570 -0.46909524193075108 -0.47127592804718121  0.46769855913697417 -0.47140117264760967  0.47137106968780895 -0.41376121604603483 -0.24499959199034044  0.47053120676276122  0.29318338312067588 -0.46404531150736394  4.71406232604025700e-01
157 -0.23935422196086420  0.23581645851075961  0.23571038090610871  0.47140611018654144  0.47027762376078042 -0.47128391182054186  0.46835977069714718 -0.47140077765607497  0.47136304330584550 -0.24432907746191856 -0.41617316023200274  0.47064057561466877  0.46309896200526401 -0.28883351119912626  4.71406110186541440e-01
158 -0.23674534654778404  0.47128166106469782  0.23571222884386853  0.47140640418609375 -0.46947056609331794 -0.23580423819224269  0.47037540069967798 -0.47140098295307992 -0.47138724419662104 -0.42183325775037822 -0.25380524779076902  0.47080938650190440  0.28508890523599145 -0.45505970087208925  4.71406404186093750e-01
159 -0.23652079059433256  0.47130631752446484  0.23571081105777836  0.47140628176883392  0.46990229959827168 -0.23581222196544363  0.47103661225972504 -0.47140058796165873 -0.47139527057853625 -0.25240111916642499 -0.42497881603253584  0.47091875535377781  0.45500448412063904 -0.27984790056385461  4.71406281768833920e-01
160 -0.47057309747712422  0.23579090751082460 -0.23570267246406337 -0.47140641486068546 -0.46916229313013386 -0.47128208293307439  0.23723775414028211  0.47140242000576554  0.47138187389835629 -0.45911599053370233  0.42430061178358680 -0.47083227736523842  0.24652082955821975  0.28104603171284098  4.71406414860685460e-01
161 -0.47034854152376621  0.23581556397060077 -0.23570409025006916 -0.47140653727826648  0.47021057256127330 -0.47129006670637680  0.23789896570046887  0.47140281499719527  0.47137384751630129 -0.28968385194963597  0.25312704354188348 -0.47072290851363785  0.41643640844288626  0.45625783202121623  4.71406537278266480e-01
162 -0.46773966611068019  0.47128076652462442 -0.23570224231231029 -0.47140624327850228 -0.46953761729264237 -0.23581039307816784  0.23991459570307350  0.47140260970008679 -0.47137643998609174 -0.46718803223817473  0.41549495598318698 -0.47055409762599509  0.23842635167348070  0.29003164234821316  4.71406243278502280e-01
163 -0.46751511015725544  0.47130542298434835 -0.23570366009847490 -0.47140636569613142  0.46983524839874813 -0.23581837685144094  0.24057580726324043  0.47140300469176699 -0.47138446636800801 -0.29775589365410204  0.24432138774138173 -0.47044472877442867  0.40834193055813339  0.46524344265623180  4.71406365696131420e-01
164 -0.47030239048819200  0.23577644338175216 -0.47139487507259614  0.47140570215261118 -0.46859249345078269 -0.47129430428061669  0.23750692921482724  0.23570862076146976  0.47137431921469819 -0.45987147995803007  0.42509527384981244 -0.47097022719096926  0.24576303635623328  0.28023094226824785  4.71405702152611180e-01
165 -0.47007783453493046  0.23580109984141193 -0.47139629285878959  0.47140557973518460  0.47078037224086000 -0.47130228805392949  0.23816814077487813  0.23570901575309239  0.47136629283271442 -0.29043934137418592  0.25392170560800420 -0.47086085833937213  0.41567861524084926  0.45544274257634981  4.71405579735184600e-01
166 -0.46746895912181047  0.47126630239559536 -0.47139444492072624  0.47140587373469922 -0.46896781761314538 -0.23582261442562458  0.24018377077746136  0.23570881045598449 -0.47138399466966063 -0.46794352166244002  0.41628961804941955 -0.47069204745186494  0.23766855847157975  0.28921655290339959  4.71405873734699220e-01
167 -0.46724440316822063  0.47129095885535710 -0.47139586270681105  0.47140575131721346  0.47040504807828110 -0.23583059819876917  0.24084498233766116  0.23570920544758189 -0.47139202105179068 -0.29851138307833019  0.24511604980756529 -0.47058267860013886  0.40758413735612181  0.46442835321163428  4.71405751317213460e-01
168 -0.47081267779991459  0.23581875236707439 -0.23570338469542698 -0.47140606945728075 -0.46942520748144695 -0.47127997966585472  0.23708017387800215  0.47140366102554421  0.47136842642160864 -0.45780650833090603 -0.29023509075991488 -0.47035246186749624  0.24824490160509102 -0.41854932288240959  4.71406069457280750e-01
169 -0.47058812184628412  0.23584340882667887 -0.23570480248140435 -0.47140619187475064  0.46994765821000267 -0.47128796343920937  0.23774138543802611  0.47140405601699775  0.47136040003961688 -0.28837436974691144 -0.46140865900173361 -0.47024309301575518  0.41816048048956800 -0.24333752257419322  4.71406191874750640e-01
170 -0.46797924643322542  0.47130861138083741 -0.23570295454361934 -0.47140589787518822 -0.46980053164409752 -0.23580828981089369  0.23975701544053840  0.47140385071973301 -0.47138988746292348 -0.46587855003515555 -0.29904074656028440 -0.47007428212839397  0.24015042372039769 -0.40956371224722699  4.71405897875188220e-01
171 -0.46775469047986057  0.47133326784043611 -0.23570437232943631 -0.47140602029265816  0.46957233404782195 -0.23581627358426058  0.24041822700073223  0.47140424571142348 -0.47139791384478957 -0.29644641145130779 -0.47021431480208059 -0.46996491327668116  0.41006600260518483 -0.23435191193889235  4.71406020292658160e-01
172 -0.47054197081079979  0.23580428823805025 -0.47139558730373504  0.47140604755594878 -0.46885540780192669 -0.47129220101343111  0.23734934895222576  0.23570986178124975  0.47136087173784741 -0.45856199775522144 -0.28944042869365694 -0.47049041169319611  0.24748710840319887 -0.41936441232707361  4.71406047555948780e-01
173 -0.47031741485734058  0.23582894469777752 -0.47139700508987054  0.47140592513865448  0.47051745788959221 -0.47130018478666935  0.23801056051247510  0.23571025677274918  0.47135284535592586 -0.28912985917117734 -0.46061399693550892 -0.47038104284152837  0.41740268728758489 -0.24415261201889268  4.71405925138654480e-01
174 -0.46770853944435065  0.47129414725176588 -0.47139515715209074  0.47140621913816877 -0.46923073196451393 -0.23582051115842512  0.24002619051495258  0.23571005147564036 -0.47139744214658741 -0.46663403945963527 -0.29824608449416035 -0.47021223195408640  0.23939263051831450 -0.41037880169195678  4.71406219138168770e-01
175 -0.46748398349094072  0.47131880371141349 -0.47139657493811793  0.47140609672059375  0.47014213372717167 -0.23582849493162256  0.24068740207517947  0.23571044646721434 -0.47140546852852394 -0.29720190087561155 -0.46941965273600877 -0.47010286310237037  0.40930820940320128 -0.23516700138375077  4.71406096720593750e-01
176 -0.23981425447639718  0.23576882965536675 -0.23570434861495421 -0.47140626077643105 -0.46936362561972983 -0.47127958258717023  0.46738086389024092  0.47139578245998159  0.47138806183450416 -0.41446258249635537  0.46870682353761151  0.47031099199648491  0.29207173330573655  0.23640202206547375  4.71406260776431050e-01
177 -0.23958969852294873  0.23579348611495796 -0.23570576640116547 -0.47140638319396966  0.47000924007172745 -0.47128756636046659  0.46804207545043441  0.47139617745161499  0.47138003545253893 -0.24503044391229936  0.29753325529568747  0.47042036084816019  0.46198731219027117  0.41161382237376731  4.71406383193969660e-01
178 -0.23698082310988969  0.47125868866902104 -0.23570391846321173 -0.47140608919436616 -0.46973894978219172 -0.23580789273232278  0.47005770545289843  0.47139597215440804 -0.47137025205005917 -0.42253462420074495  0.45990116773715733  0.47058917173562359  0.28397725542095298  0.24538763270068698  4.71406089194366160e-01
179 -0.23675626715641576  0.47128334512875369 -0.23570533624917048 -0.47140621161179430  0.46963391590942422 -0.23581587650559410  0.47071891701306590  0.47139636714608879 -0.47137827843194252 -0.25310248561679649  0.28872759949548182  0.47069854058749033  0.45389283430559507  0.42059943300894326  4.71406211611794300e-01
180 -0.23954354748758894  0.23575436552638274 -0.47139655122353546  0.47140585623686976 -0.46879382594017599 -0.47129180393485176  0.46765003896455470  0.23570198321586958  0.47138050715083796 -0.41521807192086740  0.46950148560373772  0.47017304217083522  0.29131394010366818  0.23558693262090077  4.71405856236869760e-01
181 -0.23931899153404193  0.23577902198596923 -0.47139796900962289  0.47140573381931167  0.47057903975140269 -0.47129978770797976  0.46831125052478684  0.23570237820731901  0.47137248076883353 -0.24578593333672605  0.29832791736178077  0.47028241102250562  0.46122951898828934  0.41079873292911268  4.71405733819311670e-01
182 -0.23671011612094134  0.47124422453983295 -0.47139612107171275  0.47140602781882357 -0.46916915010287591 -0.23582011407965273  0.47032688052721694  0.23570217291017187 -0.47137780673359647 -0.42329011362515834  0.46069582980320878  0.47045122190993616  0.28321946221888827  0.24457254325602373  4.71406027818823570e-01
183 -0.23648556016754343  0.47126888099960673 -0.47139753885776664  0.47140590540154653  0.47020371558887397 -0.23582809785299555  0.47098809208754017  0.23570256790177666 -0.47138583311556759 -0.25385797504115976  0.28952226156141703  0.47056059076163931  0.45313504110352665  0.41978434356416305  4.71405905401546530e-01
184 -0.24005383479903697  0.23579667451127395 -0.23570506084613702 -0.47140591537292165 -0.46962653997087406 -0.47127747932010555  0.46722328362769289  0.47139702347972962  0.47137461435777844 -0.41315310029362418 -0.24582887900595213  0.47079080749409485  0.29379580535263283 -0.46319333252966444  4.71405915372921650e-01
185 -0.23982927884552610  0.23582133097123420 -0.23570647863226526 -0.47140603779039275  0.46974632572066471 -0.47128546309339681  0.46788449518799607  0.47139741847123950  0.47136658797584868 -0.24372096170955493 -0.41700244724782759  0.47090017634598247  0.46371138423715841 -0.28798153222157724  4.71406037790392750e-01
186 -0.23722040343244186  0.47128653352515032 -0.23570463069451292 -0.47140574379074390 -0.47000186413336131 -0.23580578946513697  0.46990012519031360  0.47139721317410438 -0.47138369952677284 -0.42122514199793332 -0.25463453480626952  0.47106898723345764  0.28570132746795562 -0.45420772189454550  4.71405743790743900e-01
187 -0.23699584747905292  0.47131118998491595 -0.23570604848063698 -0.47140586620837077  0.46937100155816608 -0.23581377323833536  0.47056133675050044  0.47139760816574972 -0.47139172590872319 -0.25179300341386940 -0.42580810304830058  0.47117835608520475  0.45561690635248925 -0.27899592158627351  4.71405866208370770e-01
188 -0.23978312781010241  0.23578221038238334 -0.47139726345485472  0.47140620164042729 -0.46905674029146938 -0.47128970066750758  0.46749245870221101  0.23570322423545556  0.47136705967415782 -0.41390858971789607 -0.24503421693966626  0.47065285766851955  0.29303801215060427 -0.46400842197454489  4.71406201640427290e-01
189 -0.23955857185674526  0.23580686684214874 -0.47139868124073847  0.47140607922276223  0.47031612540000173 -0.47129768444091313  0.46815367026219290  0.23570361922699759  0.47135903329206713 -0.24447645113384847 -0.41620778518158152  0.47076222652028393  0.46295359103508227 -0.28879662166619419  4.71406079222762230e-01
190 -0.23694969644358743  0.47127206939622918 -0.47139683330303311  0.47140637322253165 -0.46943206445402286 -0.23581801081251641  0.47016930026482634  0.23570341392993682 -0.47139125421040412 -0.42198063142230424 -0.25383987274026237  0.47093103740767517  0.28494353426580304 -0.45502281133920414  4.71406373222531650e-01
191 -0.23672514049025092  0.47129672585581017 -0.47139825108905287  0.47140625080487392  0.46994080123777243 -0.23582599458586670  0.47083051182489633  0.23570380892150075 -0.47139928059228731 -0.25254849283835884 -0.42501344098212590  0.47104040625955151  0.45485911315038047 -0.27981101103096229  4.71406250804873920e-01
192  0.23557033619040216  0.23571786538683273  0.47140326070403582 -0.47140661876219553 -0.46935223285220240 -0.47132098598008099 -0.47081545264734470 -0.23570623246578207  0.47139169464310171 -0.45689194063231092  0.42561077880485548 -0.47123155962992941  0.24995695001596960  0.27963599869130018  4.71406618762195530e-01
193  0.23579489214384083  0.23574252184653061  0.47140184291804527 -0.47140674117963166  0.47002063283930839 -0.47132896975343924 -0.47015424108698312 -0.23570583747411858  0.47138366826119249 -0.28745980204827504  0.25443721056290591 -0.47112219077829470  0.41987252890061594  0.45484779899948208  4.71406741179631660e-01
194  0.23840376755699530  0.47120772440064185  0.47140369085576106 -0.47140644718013724 -0.46972755701462449 -0.23584929612516359 -0.46813861108457755 -0.23570604277133614 -0.47136661924129813 -0.46496398233676223  0.41680512300449857 -0.47095337989078867  0.24186247213130804  0.28862160932657682  4.71406447180137240e-01
195  0.23862832351042573  0.47123238086023689  0.47140227306984694 -0.47140656959746019  0.46964530867682830 -0.23585727989843305 -0.46747739952431949 -0.23570564777970315 -0.47137464562326398 -0.29553184375266184  0.24563155476259571 -0.47084401103890117  0.41177805101579035  0.46383340963459418  4.71406569597460190e-01
196  0.23584104317925952  0.23570340125779099  0.23571105809550147  0.47140549825113776 -0.46878243317266521 -0.47133320732778194 -0.47054627757287648 -0.47140003171004896  0.47138413995956402 -0.45764743005665126  0.42640544087097398 -0.47136950945576156  0.24919915681398744  0.27882090924647629  4.71405498251137760e-01
197  0.23606559913271719  0.23572805771750438  0.23570964030952224  0.47140537583355363  0.47059043251874477 -0.47134119110110928 -0.46988506601267477 -0.47139963671844404  0.47137611357743886 -0.28821529147263419  0.25523187262914876 -0.47126014060396648  0.41911473569851160  0.45403270955467701  4.71405375833553630e-01
198  0.23867447454576182  0.47119326027160519  0.23571148824722887  0.47140566983321952 -0.46915775733520093 -0.23586151747264197 -0.46786943601019082 -0.47139984201556179 -0.47137417392501280 -0.46571947176104861  0.41759978507074669 -0.47109132971656897  0.24110467892923601  0.28780651988166017  4.71405669833219520e-01
199  0.23889903049918013  0.47121791673132063  0.23571007046110895  0.47140554741580809  0.47021510835636188 -0.23586950124606862 -0.46720822444993193 -0.47139944702395953 -0.47138220030700689 -0.29628733317702605  0.24642621682884716 -0.47098196086487581  0.41102025781369794  0.46301832018991174  4.71405547415808090e-01
200  0.23533075586782073  0.23574571024295998  0.47140254847272939 -0.47140627335876367 -0.46961514720349379 -0.47131888271290012 -0.47097303290968717 -0.23570499144590296  0.47137824716628163 -0.45558245842928363 -0.28892492373868106 -0.47075174413214610  0.25168102206282345 -0.41995935590422701  4.71406273358763670e-01
201  0.23555531182123271  0.23577036670272594  0.47140113068679740 -0.47140639577615429  0.46975771848806575 -0.47132686648629363 -0.47031182134961397 -0.23570459645447453  0.47137022078443958 -0.28615031984558970 -0.46009849198042607 -0.47064237528056940  0.42159660094754281 -0.24474755559576994  4.71406395776154290e-01
202  0.23816418723436789  0.47123556925662963  0.47140297862461678 -0.47140610177655184 -0.46999047136595301 -0.23584719285796205 -0.46829619134718081 -0.23570480175156086 -0.47138006671812999 -0.46365450013379089 -0.29773057953900611 -0.47047356439305993  0.24358654417811931 -0.41097374526886510  4.71406101776551840e-01
203  0.23838874318776535  0.47126022571655379  0.47140156083841367 -0.47140622419403511  0.46938239432562706 -0.23585517663136568 -0.46763497978687735 -0.23570440675999310 -0.47138809310005197 -0.29422236154988268 -0.46890414778073980 -0.47036419554123227  0.41350212306262174 -0.23576194496056710  4.71406224194035110e-01
204  0.23560146285663969  0.23573124611387919  0.23571034586429199  0.47140584365456034 -0.46904534752407995 -0.47133110406046363 -0.47070385783537705 -0.47139879069025115  0.47137069248278657 -0.45633794785388182 -0.28813026167236849 -0.47088969395804792  0.25092322886084345 -0.42077444534880160  4.71405843654560340e-01
205  0.23582601881010581  0.23575590257372808  0.23570892807813507  0.47140572123722468  0.47032751816748897 -0.47133908783371642 -0.47004264627510950 -0.47139839569862196  0.47136266610084793 -0.28690580926972847 -0.45930382991432439 -0.47078032510619833  0.42083880774539445 -0.24556264504033937  4.71405721237224680e-01
206  0.23843489422327213  0.47122110512777465  0.23571077601597912  0.47140601523665471 -0.46942067168638690 -0.23585941420544329 -0.46802701627256460 -0.47139860099591963 -0.47138762140178314 -0.46440998955833446 -0.29693591747272063 -0.47061151421874842  0.24282875097616338 -0.41178883471347938  4.71406015236654710e-01
207  0.23865945017675488  0.47124576158741399  0.23570935822998670  0.47140589281926604  0.46995219400522414 -0.23586739797874326 -0.46736580471255984 -0.47139820600430071 -0.47139564778373444 -0.29497785097436641 -0.46810948571474670 -0.47050214536706103  0.41274432986073506 -0.23657703440538180  4.71405892819266040e-01
208  0.46632917919119160  0.23569578753129719  0.47140158455331460 -0.47140646467800634 -0.46955356534188813 -0.47131848563443174 -0.24067234289746656 -0.23571287001148264  0.47139788257931831 -0.41223853259494547  0.47001699055880325  0.46991170973171542  0.29550785376348981  0.23499198904394938  4.71406464678006340e-01
209  0.46655373514461740  0.23572044399095951  0.47140016676701962 -0.47140658709535438  0.46981930034997321 -0.47132646940781558 -0.24001113133724430 -0.23571247501992620  0.47138985619740170 -0.24280639401089518  0.29884342231681932  0.47002107858359188  0.46542343264805758  0.41020378935214347  4.71406587095354380e-01
210  0.46916261055772479  0.47118564654500716  0.47140201470492737 -0.47140629309583576 -0.46992888950422285 -0.23584679577931125 -0.23799550133472891 -0.23571268031701978 -0.47136043130527322 -0.42031057429935464  0.46121133475838960  0.47018988947109647  0.28741337587868027  0.24397759967904722  4.71406293095835760e-01
211  0.46938716651107998  0.47121030300467781  0.47140059691872016 -0.47140641551313700  0.46944397618734673 -0.23585477955268327 -0.23733428977450621 -0.23571228532545110 -0.47136845768707047 -0.25087843571537871  0.29003776651656149  0.47029925832258607  0.45732895476333563  0.41918939998736227  4.71406415513137000e-01
212  0.46659988618013842  0.23568132340207981  0.23570938194450675  0.47140565233543208 -0.46898376566218847 -0.47133070698174834 -0.24040316782298954 -0.47140666925563735  0.47139032789553625 -0.41299402201936330  0.47081165262478331  0.46977375990601927  0.29475006056132408  0.23417689959907659  4.71406669255637350e-01
213  0.46682444213349183  0.23570597986200403  0.23570796415859854  0.47140552991800605  0.47038910002936851 -0.47133869075522122 -0.23974195626288480 -0.47140627426409915  0.47138230151372634 -0.24356188343539381  0.29963808438302747  0.46988312875789251  0.46466563944602712  0.40938869990724586  4.71406274264099150e-01
214  0.46943331754677031  0.47117118241599182  0.23570981209628622  0.47140582391736358 -0.46935908982465446 -0.23585901712683521 -0.23772632626042287 -0.47140647956132864 -0.47136798598876567 -0.42106606372389327  0.46200599682448562  0.47005193964525754  0.28665558267678259  0.24316251023425459  4.71406479561328640e-01
215  0.46965787349994409  0.47119583887551458  0.23570839431019050  0.47140570150013839  0.47001377586693788 -0.23586700090014814 -0.23706511470018413 -0.47140608456963268 -0.47137601237086429 -0.25163392513981120  0.29083242858264169  0.47016130849703608  0.45657116156124661  0.41837431054248131  4.71406084569632680e-01
216  0.46608959886854062  0.23572363238749164  0.47140087232179795 -0.47140611927436565 -0.46981647969294654 -0.47131638236725809 -0.24082992315999935 -0.23571162899181042  0.47138443510251432 -0.41092905039209709 -0.24451871198475883  0.47039152522952460  0.29723192581022706 -0.46460336555126291  4.71406119274365650e-01
217  0.46631415482207156  0.23574828884701779  0.47139945453558069 -0.47140624169178519  0.46955638599850558 -0.47132436614049028 -0.24016871159974559 -0.23571123400015151  0.47137640872056535 -0.24149691180813967 -0.41569228022665816  0.47050089408109752  0.46714750469478594 -0.28939156524308191  4.71406241691785190e-01
218  0.46892303023511483  0.47121349140124574  0.47140130247358886 -0.47140594769234667 -0.47019180385529363 -0.23584469251214657 -0.23815308159733556 -0.23571143929735947 -0.47137387878197373 -0.41900109209652281 -0.25332436778516731  0.47066970496862465  0.28913744792549390 -0.45561775491623674  4.71405947692346670e-01
219  0.46914758618855967  0.47123814786078899  0.47139988468747440 -0.47140607010975688  0.46918106183613678 -0.23585267628553735 -0.23749187003714944 -0.23571104430583431 -0.47138190516375489 -0.24956895351259190 -0.42449793602695624  0.47077907382049955  0.45905302681013105 -0.28040595460792567  4.71406070109756880e-01
220  0.46636030585740151  0.23570916825842989  0.23570866971331331  0.47140599773885083 -0.46924668001341197 -0.47132860371458346 -0.24056074808560329 -0.47140542823596870  0.47137688041886178 -0.41168453981661957 -0.24372404991856694  0.47025357540372048  0.29647413260817712 -0.46541845499608325  4.71405997738850830e-01
221  0.46658486181099246  0.23573382471811968  0.23570725192732908  0.47140587532138623  0.47012618567804632 -0.47133658748790896 -0.23989953652543083 -0.47140503324436900  0.47136885403696349 -0.24225240123246919 -0.41489761816036774  0.47036294425539266  0.46638971149273623 -0.29020665468789586  4.71405875321386230e-01
222  0.46919373722390817  0.47119902727203700  0.23570909986510161  0.47140616932106605 -0.46962200417593092 -0.23585691385968602 -0.23788390652290534 -0.47140523854154948 -0.47138143346562600 -0.41975658152094836 -0.25252970571895700  0.47053175514299772  0.28837965472359856 -0.45643284436092324  4.71406169321066050e-01
223  0.46941829317749745  0.47122368373176315  0.23570768207889434  0.47140604690345733  0.46975086151573470 -0.23586489763298241 -0.23722269496279302 -0.47140484354998347 -0.47138945984747982 -0.25032444293689426 -0.42370327396082968  0.47064112399471092  0.45829523360817209 -0.28122104405265158  4.71406046903457330e-01
224  0.23536598629463379  0.23570827371817024 -0.23570580144291017 -0.47140664972589524 -0.46931373121285797 -0.47133475860056839 -0.47102155308207971  0.47139816441735116  0.47138768462932018 -0.45703931430433187  0.42557615385531977 -0.47110990872416397  0.24981157904580314  0.27967288822412006  4.71406649725895240e-01
225  0.23559054224799406  0.23573293017796884 -0.23570721922886789 -0.47140677214343435  0.47005913447856912 -0.47134274237379781 -0.47036034152181833  0.47139855940894437  0.47137965824752731 -0.28760717572015360  0.25440258561339396 -0.47100053987252799  0.41972715793032245  0.45488468853222364  4.71406772143434350e-01
226  0.23819941766119485  0.47119813273207634 -0.23570537129098942 -0.47140647814381881 -0.46968905537550976 -0.23586306874555507 -0.46834471151945917  0.47139835411177350 -0.47137062925507289 -0.46511135600874381  0.41677049805489180 -0.47083172898512887  0.24171710116113240  0.28865849885932643  4.71406478143818810e-01
227  0.23842397361457796  0.47122278919180349 -0.23570678907724363 -0.47140660056131495  0.46968381031620593 -0.23587105251895521 -0.46768349995921293  0.47139874910339385 -0.47137865563695325 -0.29567921742451281  0.24559692981309436 -0.47072236013334118  0.41163268004558756  0.46387029916749972  4.71406600561314950e-01
228  0.23563669328341080  0.23569380958928790 -0.47139800405138760  0.47140546728738580 -0.46874393153342764 -0.47134697994794533 -0.47075237800772540  0.23570436517321336  0.47138012994564665 -0.45779480372850290  0.42637081592162335 -0.47124785854995194  0.24905378584371163  0.27885779877932415  4.71405467287385800e-01
229  0.23586124923691645  0.23571846604910068 -0.47139942183740541  0.47140534486990660  0.47062893415807527 -0.47135496372134317 -0.47009116644751259  0.23570476016477290  0.47137210356389270 -0.28836266514455533  0.25519724767962304 -0.47113848969829625  0.41896936472826424  0.45406959908760142  4.71405344869906600e-01
230  0.23847012465005199  0.47118366860296901 -0.47139757389948389  0.47140563886940340 -0.46911925569582252 -0.23587529009292935 -0.46807553644480765  0.23570455486770106 -0.47137818393870373 -0.46586684543297685  0.41756516012112954 -0.47096967881069152  0.24095930795887466  0.28784340941450437  4.71405638869403400e-01
231  0.23869468060344284  0.47120832506270849 -0.47139899168560045  0.47140551645194329  0.47025360999573418 -0.23588327386632976 -0.46741432488476475  0.23570494985911106 -0.47138621032057859 -0.29643470684904299  0.24639159187924187 -0.47086030995899802  0.41087488684360940  0.46305520972281355  4.71405516451943290e-01
232  0.23512640597199189  0.23573611857453591 -0.23570651367413595 -0.47140630432239011 -0.46957664556430678 -0.47133265533313695 -0.47117913334457884  0.47139940543706238  0.47137423715271476 -0.45572983210139933 -0.28895954868825363 -0.47063009322640692  0.25153565109263853 -0.41992246637115577  4.71406304322390110e-01
233  0.23535096192537155  0.23576077503422446 -0.23570793146018898 -0.47140642673989169  0.46979622012728095 -0.47134063910659330 -0.47051792178442658  0.47139980042849805  0.47136621077066743 -0.28629769351751522 -0.46013311692988462 -0.47052072437469716  0.42145122997723861 -0.24471066606295541  4.71406426739891690e-01
234  0.23795983733844692  0.47122597758817075 -0.23570608352232314 -0.47140613274024640 -0.46995196972673725 -0.23586096547840352 -0.46850229178191105  0.47139959513154700 -0.47138407673177862 -0.46380187380579918 -0.29776520448850197 -0.47035191348739597  0.24344117320796838 -0.41093685573596472  4.71406132740246400e-01
235  0.23818439329187299  0.47125063404788481 -0.23570750130845680 -0.47140625515779261  0.46942089596495190 -0.23586894925167518 -0.46784108022187332  0.47139999012307454 -0.47139210311375168 -0.29436973522185872 -0.46893877273024592 -0.47024254463555198  0.41335675209259465 -0.23572505542767955  4.71406255157792610e-01
236  0.23539711296083737  0.23572165444542884 -0.47139871628255553  0.47140581269083559 -0.46900684588463670 -0.47134487668072689 -0.47090995827016546  0.23570560619282316  0.47136668246906915 -0.45648532152576338 -0.28816488662191675 -0.47076804305226366  0.25077785789069024 -0.42073755581605604  4.71405812690835590e-01
237  0.23562166891409628  0.23574631090509462 -0.47140013406864290  0.47140569027334717  0.47036601980680737 -0.47135286045415636 -0.47024874670997280  0.23570600118440327  0.47135865608713690 -0.28705318294173299 -0.45933845486382430 -0.47065867420040941  0.42069343677519433 -0.24552575550766703  4.71405690273347170e-01
238  0.23823054432761823  0.47121151345913570 -0.47139828613087054  0.47140598427287095 -0.46938217004715216 -0.23587318682580088 -0.46823311670758511  0.23570579588722670 -0.47139163141533308 -0.46455736323029073 -0.29697054242227688 -0.47048986331294707  0.24268338000594467 -0.41175194518079156  4.71405984272870950e-01
239  0.23845510028095623  0.47123616991891776 -0.47139970391684816  0.47140586185554667  0.46999069564441054 -0.23588117059905750 -0.46757190514737995  0.23570619087880393 -0.47139965779732318 -0.29512522464624902 -0.46814411066409439 -0.47038049446128516  0.41259895889043374 -0.23654014487238192  4.71405861855546670e-01
240  0.46612482929552368  0.23568619586273870 -0.23570747759377642 -0.47140649564154219 -0.46951506370237722 -0.47133225825468977 -0.24087844333221786  0.47139152687170882  0.47139387256561466 -0.41238590626678190  0.46998236560921741  0.47003336063744539  0.29536248279330901  0.23502887857669880  4.71406495641542190e-01
241  0.46634938524871711  0.23571085232238975 -0.23570889537985029 -0.47140661805899081  0.46985780198899962 -0.47134024202794061 -0.24021723177212292  0.47139192186300477  0.47138584618372525 -0.24295376768295054  0.29880879736733151  0.47014272948921659  0.46527806167767433  0.41024067888490345  4.71406618058990810e-01
242  0.46895826066186586  0.47117605487653291 -0.23570704744206311 -0.47140632405956845 -0.46989038786480414 -0.23586056839962613 -0.23820160176966254  0.47139171656600781 -0.47136444131893412 -0.42045794797129293  0.46117670980882575  0.47031154037675976  0.28726800490849697  0.24401448921180630  4.71406324059568450e-01
243  0.46918281661535582  0.47120071133612290 -0.23570846522815606 -0.47140644647693974  0.46948247782649988 -0.23586855217307531 -0.23754039020944701  0.47139211155753397 -0.47137246770079289 -0.25102580938716013  0.29000314156717755  0.47042090922844171  0.45718358379294177  0.41922628952025143  4.71406446476939740e-01
244  0.46639553628429359  0.23567173173362890 -0.47139968020225803  0.47140562137164732 -0.46894526402290510 -0.47134447960204823 -0.24060926825791576  0.23569772762734159  0.47138631788194379 -0.41314139569114738  0.47077702767538165  0.46989541081186448  0.29460468959111780  0.23421378913197119  4.71405621371647320e-01
245  0.46662009223761930  0.23569638819355196 -0.47140109798843577  0.47140549895425304  0.47042760166861880 -0.47135246337548992 -0.23994805669769342  0.23569812261889550  0.47137829150008670 -0.24370925710726213  0.29960345943345318  0.47000477966350201  0.46452026847579264  0.40942558944011032  4.71405498954253040e-01
246  0.46922896765067479  0.47116159074744296 -0.47139925005057293  0.47140579295383250 -0.46932058818537942 -0.23587278974715875 -0.23793242669522591  0.23569791732179868 -0.47137199600272295 -0.42121343739571021  0.46197137187501891  0.47017359055108482  0.28651021170653296  0.24319939976703814  4.71405792953832500e-01
247  0.46945352360422810  0.47118624720701657 -0.47140066783660839  0.47140567053629856  0.47005227750615908 -0.23588077352062223 -0.23727121513505717  0.23569831231333255 -0.47138002238458426 -0.25178129881177069  0.29079780363327407  0.47028295940275683  0.45642579059125793  0.41841120007550298  4.71405670536298560e-01
248  0.46588524897279798  0.23571404071880517 -0.23570818982504865 -0.47140615023826415 -0.46977797805372551 -0.47133015498747388 -0.24103602359469217  0.47139276789131918  0.47138042508877270 -0.41107642406392286 -0.24455333693425113  0.47051317613522653  0.29708655484004720 -0.46456647601871764  4.71406150238264150e-01
249  0.46610980492619697  0.23573869717863255 -0.23570960761109627 -0.47140627265569285  0.46959488763802021 -0.47133813876076319 -0.24037481203459635  0.47139316288268895  0.47137239870697173 -0.24164428548009889 -0.41572690517626809  0.47062254498691802  0.46700213372481575 -0.28935467571039530  4.71406272655692850e-01
250  0.46871868033926539  0.47120389973244836 -0.23570775967334337 -0.47140597865606559 -0.47015330221618368 -0.23585846513261388 -0.23835918203205833  0.47139295758574529 -0.47137788879563464 -0.41914846576861348 -0.25335899273465196  0.47079135587466803  0.28899207695544532 -0.45558086538338077  4.71405978656065590e-01
251  0.46894323629262391  0.47122855619234894 -0.23570917745932909 -0.47140610107353770  0.46921956347538030 -0.23586644890571620 -0.23769797047191227  0.47139335257727072 -0.47138591517754375 -0.24971632718440026 -0.42453256097646497  0.47090072472612227  0.45890765583980853 -0.28036906507514725  4.71406101073537700e-01
252  0.46615595596168174  0.23569957658973523 -0.47140039243355675  0.47140596677505003 -0.46920817837410311 -0.47134237633500442 -0.24076684852033886  0.23569896864705667  0.47137287040513809 -0.41183191348866949 -0.24375867486812466  0.47037522630957507  0.29632876163797917 -0.46538156546332754  4.71405966775050030e-01
253  0.46638051191506291  0.23572423304962117 -0.47140181021965971  0.47140584435770494  0.47016468731740391 -0.47135036010841591 -0.24010563696024131  0.23569936363856367  0.47136484402335788 -0.24239977490439052 -0.41493224311005156  0.47048459516123031  0.46624434052276931 -0.29016976515507531  4.71405844357704940e-01
254  0.46898938732818318  0.47118943560353987 -0.47139996228176262  0.47140613835730877 -0.46958350253659747 -0.23587068647996989 -0.23809000695787494  0.23569915834151625 -0.47138544347926409 -0.41990395519286311 -0.25256433066851242  0.47065340604876305  0.28823428375349663 -0.45639595482826184  4.71406138357308770e-01
255  0.46921394328159832  0.47121409206336834 -0.47140138006784654  0.47140601593970993  0.46978936315482156 -0.23587867025333228 -0.23742879539760581  0.23569955333313680 -0.47139346986122554 -0.25047181660882395 -0.42373789891036873  0.47076277490063195  0.45814986263797441 -0.28118415451989953  4.71406015939709930e-01

