
  0  0.28366111136840527  0.25582279758548659 -0.23589507999992973  0.47106116382255847  0.47109702335234804 -0.42362083111561094 -0.45151153854994364 -0.23596598821869239 -0.47115628280975802  0.47078762413740033 -0.47115507067282436  4.71156282809758020e-01
  1  0.30194058741412533  0.23675709233344092 -0.23616355065455555  0.47078791549663013  0.46749108179302956 -0.40534166512432973 -0.47061673183420305 -0.47115067266449401  0.47115605736460286  0.47052567770139442 -0.23594107658118713  4.71156057364602860e-01
  2  0.28392312047671481  0.25614115700782880  0.47100641215882888 -0.23625062238597788  0.47109838569696849 -0.42341629584629453 -0.45118847224777203 -0.23596724081461901 -0.47115632722803708  0.47082471013282728 -0.47115512890036915  4.71156327228037080e-01
  3  0.30220259652254244  0.23707545175578731  0.47073794150398290 -0.23652387071165470  0.46749244413784141 -0.40513712985513317 -0.47029366553196922 -0.47115192526029592  0.47115601294664577  0.47056276369669620 -0.23594113480868881  4.71156012946645770e-01
  4  0.28319434588683223  0.25577069227491928 -0.23589395883006134  0.47106060817455514  0.47113547303693615 -0.42408777682043053 -0.45156564598313192  0.47115294426644105 -0.47115606931517490  0.47060301244372882  0.23593922171036857  4.71156069315174900e-01
  5  0.30147382193244443  0.23670498702294845 -0.23616242948473801  0.47078735984873826  0.46752953147788540 -0.40580861082926428 -0.47067083926730841  0.23596825982078856  0.47115627085909850  0.47034106600766962  0.47115321580196884  4.71156270859098500e-01
  6  0.28345635499542976  0.25608905169727608  0.47100753332857520 -0.23625117803400716  0.47113683538178130 -0.42388324155117268 -0.45124257968102494  0.47115169167061854 -0.47115611373348004  0.47064009843920501  0.23593916348285146  4.71156113733480040e-01
  7  0.30173583104099627  0.23702334644540143  0.47073906267389765 -0.23652442635979759  0.46753089382267415 -0.40560407555999484 -0.47034777296521207  0.23596700722485503  0.47115622644106708  0.47037815200308525  0.47115315757425225  4.71156226441067080e-01
  8  0.23666731632061244  0.30282996518944350 -0.47065480670161419  0.23644750095965447 -0.46752303878383805 -0.47053615262289050 -0.40442077075887201 -0.23596950435269076 -0.47115630607317732  0.47081191145120194 -0.47115525651568413  4.71156306073177320e-01
  9  0.25494679236625500  0.28376425993758975 -0.47092327735621348  0.23617425263380074 -0.47112898034281597 -0.45225698663165281 -0.42352596404326737 -0.47115418879845999  0.47115603410130741  0.47054996501499191 -0.23594126242417554  4.71156034101307410e-01
 10  0.23692932542911085  0.30314832461168900  0.23624668545706934 -0.47086428524886326 -0.46752167643893228 -0.47033161735354440 -0.40409770445681836 -0.23597075694869502 -0.47115635049116011  0.47084899744662873 -0.47115531474333722  4.71156350491160110e-01
 11  0.25520880147468861  0.28408261935997159  0.23597821480241160 -0.47113753357472221 -0.47112761799806746 -0.45205245136246752 -0.42320289774109859 -0.47115544139432086  0.47115598968319250  0.47058705101065318 -0.23594132065182638  4.71155989683192500e-01
 12  0.23620055083923830  0.30277785987900646 -0.47065368553169856  0.23644694531158114 -0.46748458909904667 -0.47100309832779458 -0.40447487819216282  0.47114942813245525 -0.47115609257862262  0.47062729975755890  0.23593903586734966  4.71156092578622620e-01
 13  0.25448002688473337  0.28371215462696031 -0.47092215618644850  0.23617369698584459 -0.47109053065807521 -0.45272393233655328 -0.42358007147631566  0.23596474368682382  0.47115624759588226  0.47036535332151458  0.47115302995910752  4.71156247595882260e-01
 14  0.23646255994758758  0.30309621930124375  0.23624780662680958 -0.47086484089681468 -0.46748322675421394 -0.47079856305844286 -0.40415181188994337  0.47114817553658328 -0.47115613699675740  0.47066438575295477  0.23593897763968416  4.71156136996757400e-01
 15  0.25474203599335937  0.28403051404932050  0.23597933597235207 -0.47113808922278139 -0.47108916831324105 -0.45251939706727062 -0.42325700517422621  0.23596349109083126  0.47115620317771162  0.47040243931693920  0.47115297173138571  4.71156203177711620e-01
 16 -0.42359135028098793  0.25574824150712516 -0.23578335559500913  0.47111510524643035  0.47111128552847342  0.28334016695790454 -0.45179607096734192 -0.23596509042359876 -0.47115711882973738  0.47076134395080499 -0.47115601574786276  4.71157118829737380e-01
 17 -0.40531187423553100  0.23668253625527097 -0.23605182624974250  0.47084185692051150  0.46750534396958920  0.30161933294920651 -0.47090126425172008 -0.47114977486936055  0.47115522134466986  0.47049939751460862 -0.23594202165626099  4.71155221344669860e-01
 18 -0.42332934117260496  0.25606660092943462  0.47111813656337792 -0.23619668096196436  0.47111264787333917  0.28354470222706257 -0.45147300466524104 -0.23596634301974220 -0.47115716324787088  0.47079842994610716 -0.47115607397538312  4.71157163247870880e-01
 19 -0.40504986512699337  0.23700089567758406  0.47084966590881960 -0.23646992928780555  0.46750670631436519  0.30182386821848300 -0.47057819794942718 -0.47115102746533732  0.47115517692658349  0.47053648351015392 -0.23594207988379556  4.71155176926583490e-01
 20 -0.42405811576252544  0.25569613619675274 -0.23578223442533872  0.47111454959842280  0.47114973521339060  0.28287322125294978 -0.45185017840079700  0.47115384206143479 -0.47115690533529775  0.47057673225697244  0.23593827663524505  4.71156905335297750e-01
 21 -0.40577863971683664  0.23663043094481218 -0.23605070507990103  0.47084130127255697  0.46754379365435816  0.30115238724429277 -0.47095537168475093  0.23596915761575096  0.47115543483902395  0.47031478582102443  0.47115227072674720  4.71155434839023950e-01
 22 -0.42379610665417783  0.25601449561894957  0.47111925773338259 -0.23619723660998607  0.47115109755818635  0.28307775652228440 -0.45152711209839647  0.47115258946564514 -0.47115694975345562  0.47061381825263421  0.23593821840762569  4.71156949753455620e-01
 23 -0.40551663060849164  0.23694879036703656  0.47085078707869077 -0.23647048493590733  0.46754515599908730  0.30135692251350105 -0.47063230538257161  0.23596790501979972  0.47115539042115551  0.47035187181638394  0.47115221249917461  4.71155390421155510e-01
 24 -0.47058514532880497  0.30275540911110488 -0.47054308229681008  0.23650144238363233 -0.46750877660747270  0.23642484545059564 -0.40470530317645870 -0.23596860655775367 -0.47115714209314447  0.47078563126438255 -0.47115620159083543  4.71157142093144470e-01
 25 -0.45230566928321003  0.28368970385926445 -0.47081155295138244  0.23622819405762435 -0.47111471816648731  0.25470401144186156 -0.42381049646070451 -0.47115329100346715  0.47115519808121464  0.47052368482822476 -0.23594220749923084  4.71155198081214640e-01
 26 -0.47032313622020727  0.30307376853351498  0.23635840986186749 -0.47081034382508630 -0.46750741426256626  0.23662938071975528 -0.40438223687434555 -0.23596985915358615 -0.47115718651118810  0.47082271725992481 -0.47115625981863368  4.71157186511188100e-01
 27 -0.45204366017463760  0.28400806328156059  0.23608993920723279 -0.47108359215074885 -0.47111335582182140  0.25490854671106805 -0.42348743015844625 -0.47115454359941034  0.47115515366313493  0.47056077082383185 -0.23594226572680263  4.71155153663134930e-01
 28 -0.47105191081013192  0.30270330380074034 -0.47054196112697533  0.23650088673555311 -0.46747032692259710  0.23595789974577158 -0.40475941060956538  0.47115032592743916 -0.47115692859884178  0.47060101957061173  0.23593809079220643  4.71156928598841780e-01
 29 -0.45277243476466672  0.28363759854886178 -0.47081043178154502  0.23622763840963498 -0.47107626848172296  0.25423706573707444 -0.42386460389371872  0.23596564148174484  0.47115541157573010  0.47033907313463408  0.47115208488387489  4.71155411575730100e-01
 30 -0.47078990170167034  0.30302166322297830  0.23635953103165028 -0.47081089947300075 -0.46746896457780279  0.23616243501498854 -0.40443634430745268  0.47114907333156270 -0.47115697301697024  0.47063810556614877  0.23593803256456936  4.71156973016970240e-01
 31 -0.45251042565612903  0.28395595797107143  0.23609106037710503 -0.47108414779883495 -0.47107490613687275  0.25444160100629859 -0.42354153759166191  0.23596438888576843  0.47115536715752221  0.47037615913011122  0.47115202665627992  4.71155367157522210e-01
 32  0.28362906180816216 -0.45192241070644584 -0.23590445734493257  0.47105597143886857  0.47109234301231223 -0.42344318705013939  0.25495616668075455 -0.23596578571469362 -0.47115571478200591  0.47105028861796366 -0.47115320197567734  4.71155714782005910e-01
 33  0.30190853785378413 -0.47098811595828033 -0.23617292799952685  0.47078272311320413  0.46748640145336573 -0.40516402105879490  0.23585097339646513 -0.47115047016055783  0.47115662539217978  0.47078834218187515 -0.23593920788406617  4.71156625392179780e-01
 34  0.28389107091645427 -0.45160405128414810  0.47099703481364991 -0.23625581476958152  0.47109370535716855 -0.42323865178074516  0.25527923298310773 -0.23596703831076773 -0.47115575920037223  0.47108737461333894 -0.47115326020351578  4.71155759200372230e-01
 35  0.30217054696231432 -0.47066975653612320  0.47072856415897590 -0.23652906309537833  0.46748776379818263 -0.40495948578947999  0.23617403969855294 -0.47115172275645895  0.47115658097425961  0.47082542817732137 -0.23593926611171387  4.71156580974259610e-01
 36  0.28316229632666212 -0.45197451601697991 -0.23590333617500397  0.47105541579089033  0.47113079269712599 -0.42391013275497774  0.25490205924756165  0.47115314677039205 -0.47115550128774769  0.47086567692424769  0.23594109040724617  4.71155501287747690e-01
 37  0.30144177237233077 -0.47104022126872958 -0.23617180682969019  0.47078216746515067  0.46752485113821440 -0.40563096676369753  0.23579686596334265  0.23596846232461172  0.47115683888673082  0.47060373048832416  0.47115508449884774  4.71156838886730820e-01
 38  0.28342430543495695 -0.45165615659471509  0.47099815598335781 -0.23625637041750447  0.47113215504202199 -0.42370559748560338  0.25522512554968813  0.47115189417438252 -0.47115554570580553  0.47090276291969846  0.23594103217976548  4.71155545705805530e-01
 39  0.30170378148069182 -0.47072186184640641  0.47072968532883719 -0.23652961874353132  0.46752621348289253 -0.40542643149457963  0.23611993226543013  0.23596720972876936  0.47115679446868242  0.47064081648368689  0.47115502627139111  4.71156794468682420e-01
 40  0.23663526676044713 -0.40491524310246069 -0.47066418404662669  0.23644230857597323 -0.46752771912356017 -0.47035850855750067  0.30204693447180447 -0.23596930184900236 -0.47115573804555072  0.47107457593169044 -0.47115338781881744  4.71155738045550720e-01
 41  0.25491474280603815 -0.42398094835437644 -0.47093265470127094  0.23616906025026629 -0.47113366068262852 -0.45207934256612220  0.28294174118747312 -0.47115398629477079  0.47115660212894739  0.47081262949563207 -0.23593939372710832  4.71156602128947390e-01
 42  0.23689727586883447 -0.40459688368013214  0.23623730811187427 -0.47086947763238096 -0.46752635677870591 -0.47015397328813707  0.30237000077390735 -0.23597055444492096 -0.47115578246351747  0.47111166192707166 -0.47115344604637466  4.71155782463517470e-01
 43  0.25517675191450107 -0.42366258893221931  0.23596883745737393 -0.47114272595834139 -0.47113229833781384 -0.45187480729691132  0.28326480748966548 -0.47115523889048933  0.47115655771086135  0.47084971549090576 -0.23593945195477825  4.71156557710861350e-01
 44  0.23616850127889222 -0.40496734841292120 -0.47066306287669868  0.23644175292783115 -0.46748926943867453 -0.47082545426228833  0.30199282703851815  0.47114963063621762 -0.47115552455114179  0.47088996423825741  0.23594090456430911  4.71155524551141790e-01
 45  0.25444797732460028 -0.42403305366481092 -0.47093153353142386  0.23616850460225647 -0.47109521099791446 -0.45254628827109622  0.28288763375426607  0.23596494619044017  0.47115681562345946  0.47062801780192265  0.47115489865602939  4.71156815623459460e-01
 46  0.23643051038745377 -0.40464898899068386  0.23623842928181346 -0.47087003328043975 -0.46748790709407245 -0.47062091899303454  0.30231589334090109  0.47114837804052623 -0.47115556896919619  0.47092705023355552  0.23594084633676410  4.71155568969196190e-01
 47  0.25470998643311665 -0.42371469424255703  0.23596995862714160 -0.47114328160620172 -0.47109384865303772 -0.45234175300186646  0.28321070005654519  0.23596369359468081  0.47115677120538640  0.47066510379725601  0.47115484042843719  4.71156771205386400e-01
 48 -0.42362339984124836 -0.45199696678465523 -0.23579273294024225  0.47110991286289933  0.47110660518877318  0.28351781102341561  0.25467163426318923 -0.23596488791986089 -0.47115655080217123  0.47102400843140252 -0.47115414705090386  4.71156550802171230e-01
 49 -0.40534392379577855 -0.47106267203654384 -0.23606120359463845  0.47083666453696627  0.46750066362966164  0.30179697701469732  0.23556644097910973 -0.47114957236552807  0.47115578937232805  0.47076206199524584 -0.23594015295923662  4.71155789372328050e-01
 50 -0.42336139073281476 -0.45167860736244986  0.47110875921853279 -0.23620187334549003  0.47110796753369050  0.28372234629249710  0.25499470056557733 -0.23596614051583603 -0.47115659522029685  0.47106109442671723 -0.47115420527848817  4.71156595220296850e-01
 51 -0.40508191468739058 -0.47074431261430499  0.47084028856394461 -0.23647512167136581  0.46750202597454904  0.30200151228394867  0.23588950728118260 -0.47115082496155108  0.47115574495418155  0.47079914799059425 -0.23594021118695027  4.71155744954181550e-01
 52 -0.42409016532296290 -0.45204907209539391 -0.23579161177017405  0.47110935721488173  0.47114505487359687  0.28305086531845158  0.25461752683008348  0.47115404456529159 -0.47115633730789513  0.47083939673755359  0.23594014533217994  4.71156337307895130e-01
 53 -0.40581068927727587 -0.47111477734723245 -0.23606008242493884  0.47083610888915778  0.46753911331470210  0.30133003130987873  0.23551233354601223  0.23596936011960323  0.47115600286671150  0.47057745030151332  0.47115413942398815  4.71156002866711500e-01
 54 -0.42382815621436665 -0.45173071267291770  0.47110988038839680 -0.23620242899364163  0.47114641721850387  0.28325540058779869  0.25494059313227546  0.47115279196943760 -0.47115638172584617  0.47087648273294269  0.23594008710462669  4.71156381725846170e-01
 55 -0.40554868016889067 -0.47079641792503085  0.47084140973376504 -0.23647567731956315  0.46754047565927076  0.30153456657916378  0.23583539984820198  0.23596810752366248  0.47115595844865882  0.47061453629683525  0.47115408119620938  4.71155958448658820e-01
 56 -0.47061719488904907 -0.40498979918083428 -0.47055245964171771  0.23649624999998145 -0.46751345694701729  0.23660248951609023  0.30176240205436111 -0.23596840405400821 -0.47115657406558342  0.47104829574477719 -0.47115433289391140  4.71156574065583420e-01
 57 -0.45233771884353013 -0.42405550443263562 -0.47082093029638922  0.23622300167421245 -0.47111939850623868  0.25488165550730518  0.28265720877018208 -0.47115308849971071  0.47115576610898002  0.47078634930881513 -0.23594033880222504  4.71155766108980020e-01
 58 -0.47035518578049579 -0.40467143975835967  0.23634903251677972 -0.47081553620840516 -0.46751209460250548  0.23680702478532237  0.30208546835659084 -0.23596965664982444 -0.47115661848366530  0.47108538174041226 -0.47115439112141461  4.71156618483665300e-01
 59 -0.45207570973500261 -0.42373714501041476  0.23608056186227230 -0.47108878453441749 -0.47111803616151637  0.25508619077656491  0.28298027507217083 -0.47115434109566451  0.47115572169084480  0.47082343530433191 -0.23594039702970793  4.71155721690844800e-01
 60 -0.47108396037053041 -0.40504190449136274 -0.47055133847187075  0.23649569435198678 -0.46747500726244301  0.23613554381120522  0.30170829462106785  0.47115052843125632 -0.47115636057112437  0.47086368405120926  0.23593995948914404  4.71156360571124370e-01
 61 -0.45280448432491338 -0.42410760974312106 -0.47081980912646820  0.23622244602607775 -0.47108094882144497  0.25441470980251507  0.28260310133678507  0.23596584398563439  0.47115597960313271  0.47060173761515545  0.47115395358097184  4.71155979603132710e-01
 62 -0.47082195126202203 -0.40472354506899733  0.23635015368669118 -0.47081609185657369 -0.46747364491762927  0.23634007908051166  0.30203136092331589  0.47114927583532773 -0.47115640498915073  0.47090077004673320  0.23593990126157655  4.71156404989150730e-01
 63 -0.45254247521641439 -0.42378925032088932  0.23608168303188148 -0.47108934018221615 -0.47107958647666276  0.25461924507178169  0.28292616763894773  0.23596459138962242  0.47115593518525339  0.47063882361065207  0.47115389535329205  4.71155935185253390e-01

