
  0 -0.25255116366374952 -0.45457193831264375 -0.45453933482297193  0.30302462655406615 -0.25254050553912771  0.40411002981273997  0.45456245613324553 -0.45456896291002202  0.45453286514407198  0.45457260985210046  0.25257481960607209  0.25254765349906400  4.54572609852100460e-01
  1 -0.25255380570511182 -0.45457107418252279 -0.45454769235622966  0.30301572275382371 -0.25254400878308847  0.40411559822410048  0.45455921328044674  0.25253204436772869  0.45453874883923651  0.45457197337231126  0.25257627233777091 -0.45456490144677542  4.54571973372311260e-01
  2 -0.30302635629125846 -0.45457147403946607 -0.40406718430940752  0.25256865338482382 -0.45456986221275369  0.45456658163570585  0.25252915235876289 -0.25254387796679312  0.45452796617896607 -0.45457618583896026  0.25257285784237932  0.45457280968261027  4.54576185838960260e-01
  3 -0.30302899833263525 -0.45457060990940723 -0.40407554184247269  0.25255974958445943 -0.45457336545678406  0.45457215004690832  0.25252590950610582  0.45455712931077946  0.45453384987426348 -0.45457682231876162  0.25257431057423613 -0.25253974526330009  4.54576822318761620e-01
  4 -0.25257284065718172 -0.45456789641592527 -0.45454155478403685 -0.40410268630034407 -0.25253956282234896 -0.30297621842030298  0.45456636144221840 -0.45457506787735485  0.45455552673578992  0.45457246973617943  0.25257140944998374  0.25254488468497127  4.54575067877354850e-01
  5 -0.25257548269848618 -0.45456703228564543 -0.45454991231730479 -0.40411159010068881 -0.25254306606625843 -0.30297065000907458  0.45456311858936538  0.25252593940027873  0.45456141043091042  0.45457183325641465  0.25257286218179881 -0.45456767026081518  4.54571833256414650e-01
  6 -0.30304803328483176 -0.45456743214268863 -0.40406940427029198 -0.45455865946950130 -0.45456891949605666 -0.25251966659751340  0.25253305766785522 -0.25254998293400521  0.45455062777088368 -0.45457632595504804  0.25256944768637052  0.45457004086849373  4.54576325955048040e-01
  7 -0.30305067532614155 -0.45456656801250100 -0.40407776180362326 -0.45456756326993869 -0.45457242273998949 -0.25251409818638132  0.25252981481510317  0.45455102434347783  0.45455651146622283 -0.45457696243478629  0.25257090041823604 -0.25254251407729872  4.54576962434786290e-01
  8 -0.25253216358242342 -0.45457570802704600 -0.45455345530287028  0.30302379863491602 -0.25253930549886544  0.40409160611556838  0.45456824850402472 -0.45456471915143387 -0.25255002208290767  0.45457383244162225 -0.45455585411316402  0.25254456089407717  4.54575708027046000e-01
  9 -0.25253480562373121 -0.45457484389685121 -0.45456181283608182  0.30301489483445326 -0.25254280874295187  0.40409717452674876  0.45456500565132513  0.25253628812601325 -0.25254413838785322  0.45457319596190338 -0.45455440138142938 -0.45456799405178372  4.54574843896851210e-01
 10 -0.30300735621000924 -0.45457524375393932 -0.40408130478902937  0.25256782546546286 -0.45456866217278069  0.45454815793836872  0.25253494472956445 -0.25253963420839376 -0.25255492104786059 -0.45457496324928559 -0.45455781587678096  0.45456971707755583  4.54575243753939320e-01
 11 -0.30300999825137898 -0.45457437962373914 -0.40408966232210053  0.25255892166511945 -0.45457216541662210  0.45455372634959229  0.25253170187692464  0.45456137306920663 -0.25254903735268541 -0.45457559972914374 -0.45455636314494768 -0.25254283786828913  4.54575599729143740e-01
 12 -0.25255384057597718 -0.45457166613044037 -0.45455567526389890 -0.40410351421947843 -0.25253836278226499 -0.30299464211762589  0.45457215381310551 -0.45457082411881478 -0.25252736049106739  0.45457369232561717 -0.45455926426927062  0.25254179207996785  4.54573692325617170e-01
 13 -0.25255648261730435 -0.45457080200020955 -0.45456403279717605 -0.40411241802007847 -0.25254186602639894 -0.30298907370642203  0.45456891096036922  0.25253018315882358 -0.25252147679616543  0.45457305584587449 -0.45455781153749220 -0.45457076286602721  4.54573055845874490e-01
 14 -0.30302903320334512 -0.45457120185718491 -0.40408352475015841 -0.45455948738892621 -0.45456771945605229 -0.25253809029475899  0.25253885003866916 -0.25254573917576867 -0.25253225945601343 -0.45457510336556883 -0.45456122603294752  0.45456694826352673  4.54575103365568830e-01
 15 -0.30303167524488189 -0.45457033772705668 -0.40409188228342463 -0.45456839118915082 -0.45457122270010120 -0.25253252188357572  0.25253560718594920  0.45455526810192504 -0.25252637576101566 -0.45457573984527283 -0.45455977330097219 -0.25254560668236481  4.54575739845272830e-01
 16 -0.40406865989187929  0.45456988751768318 -0.30302688151933399  0.45457260543198785 -0.25254101858094091  0.25255516729770833  0.45456017658390990 -0.45457030931525449  0.25251712783878827  0.45457451050328740  0.45456873298236611  0.25254182585095070  4.54574510503287400e-01
 17 -0.40407130193314478  0.45457075164807392 -0.30303523905250046  0.45456370163168991 -0.25254452182483200  0.25256073570889609  0.45455693373119854  0.25253069796236627  0.25252301153385748  0.45457387402360128  0.45457018571420826 -0.45457072909492258  4.54573874023601280e-01
 18 -0.45454385251960383  0.45457035179094601 -0.25255473100551412  0.40411663226266170 -0.45457037525450622  0.30301171912052316  0.25252687280963060 -0.25254522437218524  0.25251222887386249 -0.45457428518772086  0.45456677121879480  0.45456698203437329  4.54574285187720860e-01
 19 -0.45454649456088020  0.45457121592114086 -0.25256308853865306  0.40410772846252102 -0.45457387849857722  0.30301728753173190  0.25252362995680544  0.45455578290548504  0.25251811256892481 -0.45457492166753394  0.45456822395057039 -0.25254557291143770  4.54574921667533940e-01
 20 -0.40409033688527290  0.45457392941461094 -0.30302910148040341 -0.25255470742238806 -0.25254007586414429 -0.45453108093543776  0.45456408189288755 -0.45457641428255385  0.25253978943051952  0.45457437038731863  0.45456532282638112  0.25253905703676510  4.54576414282553850e-01
 21 -0.40409297892660589  0.45457479354491198 -0.30303745901350038 -0.25256361122270637 -0.25254357910823477 -0.45452551252429835  0.45456083904035166  0.25252459299504210  0.25254567312566989  0.45457373390753281  0.45456677555828801 -0.45457349790914442  4.54574793544911980e-01
 22 -0.45456552951298790  0.45457439368776731 -0.25255695096672037 -0.30301068059153891 -0.45456943253791232 -0.40407452911250152  0.25253077811850194 -0.25255132933930763  0.25253489046559008 -0.45457442530378456  0.45456336106268647  0.45456421322020335  4.54574425303784560e-01
 23 -0.45456817155435447  0.45457525781788194 -0.25256530849980147 -0.30301958439198429 -0.45457293578202468 -0.40406896070127307  0.25252753526574889  0.45454967793813661  0.25254077416076576 -0.45457506178347651  0.45456481379449493 -0.25254834172548518  4.54575257817881940e-01
 24 -0.40404965981056828  0.45456611780340772 -0.30304100199915412  0.45457177751276279 -0.25253981854092311  0.25253674360052714  0.45456596895483325 -0.45456606555687740 -0.45456575938832799  0.45457573309304400 -0.25256194073689442  0.25253873324585591  4.54575733093044000e-01
 25 -0.40405230185197366  0.45456698193354383 -0.30304935953219914  0.45456287371225385 -0.25254332178494676  0.25254231201169219  0.45456272610206333  0.25253494172072594 -0.45455987569311346  0.45457509661309986 -0.25256048800508085 -0.45457382169996680  4.54575096613099860e-01
 26 -0.45452485243810520  0.45456658207653622 -0.25256885148540337  0.40411580434345035 -0.45456917521453971  0.30299329542319831  0.25253266518035394 -0.25254098061347935 -0.45457065835317062 -0.45457306259819730 -0.25256390250049471  0.45456388942917586  4.54573062598197300e-01
 27 -0.45452749447958601  0.45456744620663575 -0.25257720901850517  0.40410690054303183 -0.45457267845858462  0.30299886383457131  0.25252942232761194  0.45456002666375933 -0.45456477465800366 -0.45457369907781114 -0.25256244976856890 -0.25254866551651639  4.54573699077811140e-01
 28 -0.40407133680407054  0.45457015970024445 -0.30304322196008560 -0.25255553534170050 -0.25253887582424733 -0.45454950463265037  0.45456987426390721 -0.45457217052408155 -0.45454309779660845  0.45457559297685568 -0.25256535089290588  0.25253596443166904  4.54575592976855680e-01
 29 -0.40407397884539914  0.45457102383039472 -0.30305157949337758 -0.25256443914207394 -0.25254237906833316 -0.45454393622147721  0.45456663141114417  0.25252883675352711 -0.45453721410137382  0.45457495649701740 -0.25256389816122476 -0.45457659051418603  4.54576590514186030e-01
 30 -0.45454652943158125  0.45457062397323356 -0.25257107144649898 -0.30301150851116276 -0.45456823249808131 -0.40409295280986451  0.25253657048929190 -0.25254708558086403 -0.45454799676153007 -0.45457320271427298 -0.25256731265661359  0.45456112061521581  4.54573202714272980e-01
 31 -0.45454917147311191  0.45457148810332454 -0.25257942897947516 -0.30302041231139465 -0.45457173574200715 -0.40408738439871289  0.25253332763672992  0.45455392169669095 -0.45454211306621989 -0.45457383919406069 -0.25256585992479447 -0.25255143433062260  4.54573839194060690e-01
 32 -0.25254988137694262 -0.45457214660324513 -0.45453508017100303  0.30302843511182120  0.45457453069533049  0.40410325855003570 -0.25253606982589788 -0.45456650846483115  0.45453827583165246  0.45457262160370243  0.25256481731767622  0.25254984730427021  4.54574530695330490e-01
 33 -0.25255252341831519 -0.45457128247301903 -0.45454343770415123  0.30301953131134474  0.45457102745126504  0.40410882696123301 -0.25253931267879748  0.25253449881294093  0.45454415952681809  0.45457198512387265  0.25256627004962062 -0.45456270764163931  4.54571985123872650e-01
 34 -0.30302507400454698 -0.45457168233016443 -0.40406292965716578  0.25257246194249916  0.25254517402160098  0.45455981037306858 -0.45456937360047739 -0.25254142352147790  0.45453337686681555 -0.45457617408741408  0.25256285555407115  0.45457500348784846  4.54576174087414080e-01
 35 -0.30302771604584161 -0.45457081819993178 -0.40407128719016300  0.25256355814220083  0.25254167077772521  0.45456537878410225 -0.45457261645313984  0.45455958375614675  0.45453926056179256 -0.45457681056717625  0.25256430828585896 -0.25253755145818679  4.54576810567176250e-01
 36 -0.25257155837046524 -0.45456810470633391 -0.45453730013200344 -0.40409887774261877  0.45457547341191074 -0.30298298968314041 -0.25253216451680566 -0.45457261343177835  0.45456093742344544  0.45457248148758922  0.25256140716160619  0.25254707849014807  4.54575473411910740e-01
 37 -0.25257420041174794 -0.45456724057625997 -0.45454565766511701 -0.40410778154297905  0.45457197016803758 -0.30297742127200505 -0.25253540736960406  0.25252839384562115  0.45456682111863556  0.45457184500793790  0.25256285989337779 -0.45456547645566453  4.54571970168037580e-01
 38 -0.30304675099806161 -0.45456764043326964 -0.40406514961829026 -0.45455485091182868  0.25254611673831801 -0.25252643786028067 -0.45456546829129263 -0.25254752848888906  0.45455603845850878 -0.45457631420346389  0.25255944539792274  0.45457223467373392  4.54576314203463890e-01
 39 -0.30304939303932499 -0.45456677630312042 -0.40407350715123519 -0.45456375471223787  0.25254261349423590 -0.25252086944911584 -0.45456871114405911  0.45455347878885244  0.45456192215363472 -0.45457695068311316  0.25256089812971438 -0.25254032027224316  4.54576950683113160e-01
 40 -0.25253088129565021 -0.45457591631749356 -0.45454920065076004  0.30302760719261929  0.45457573073538676  0.40408483485299929 -0.25253027745494899 -0.45456226470614602 -0.25254461139534445  0.45457384419315167 -0.45456585640164526  0.25254675469911581  4.54575916317493560e-01
 41 -0.25253352333693552 -0.45457505218748184 -0.45455755818387872  0.30301870339215420  0.45457222749146836  0.40409040326399631 -0.25253352030792148  0.25253874257138009 -0.25253872770026853  0.45457320771339293 -0.45456440366993917 -0.45456580024662646  4.54575052187481840e-01
 42 -0.30300607392324475 -0.45457545204446675 -0.40407705013692374  0.25257163402328675  0.25254637406166147  0.45454138667562760 -0.45456358122955282 -0.25253717976299905 -0.25254951036039253 -0.45457495149792565 -0.45456781816524783  0.45457191088269827  4.54575452044466750e-01
 43 -0.30300871596459572 -0.45457458791411581 -0.40408540767002404  0.25256273022281289  0.25254287081752330  0.45454695508685111 -0.45456682408227134  0.45456382751451369 -0.25254362666517738 -0.45457558797759029 -0.45456636543350226 -0.25254064406322518  4.54575587977590290e-01
 44 -0.25255255828916306 -0.45457187442087216 -0.45455142061179976 -0.40409970566192965  0.45457667345197666 -0.30300141338035513 -0.25252637214593920 -0.45456836967342984 -0.25252194980353465  0.45457370407724174 -0.45456926655780749  0.25254398588518578  4.54576673451976660e-01
 45 -0.25255520033057888 -0.45457101029070118 -0.45455977814494508 -0.40410860946237431  0.45457317020796245 -0.30299584496917431 -0.25252961499885679  0.25253263760403877 -0.25251606610858041  0.45457306759736110 -0.45456781382600009 -0.45456856906072790  4.54573170207962450e-01
 46 -0.30302775091676271 -0.45457141014771513 -0.40407927009817496 -0.45455567883118186  0.25254731677823494 -0.25254486155740191 -0.45455967592039803 -0.25254328473031123 -0.25252684876856774 -0.45457509161385373 -0.45457122832122038  0.45456914206858728  4.54575091613853730e-01
 47 -0.30303039295811407 -0.45457054601755897 -0.40408762763112338 -0.45456458263152366  0.25254381353423255 -0.25253929314633916 -0.45456291877319055  0.45455772254721638 -0.25252096507352090 -0.45457572809371677 -0.45456977558952172 -0.25254341287726639  4.54575728093716770e-01
 48 -0.40406737760514311  0.45456967922734037 -0.30302262686719028  0.45457641398983123  0.45457401765361388  0.25254839603496299 -0.25253834937509401 -0.45456785487004980  0.25252253852627893  0.45457452225487838  0.45455873069416264  0.25254401965607426  4.54576413989831230e-01
 49 -0.40407001964639866  0.45457054335750174 -0.30303098440018500  0.45456751018940578  0.45457051440953661  0.25255396444618483 -0.25254159222798439  0.25253315240759511  0.25252842222151078  0.45457388577506730  0.45456018342577442 -0.45456853528966817  4.54573885775067300e-01
 50 -0.45454257023262346  0.45457014350043529 -0.25255047635332040  0.40412044082045367  0.25254466097980022  0.30300494785779963 -0.45457165314961540 -0.25254276992679742  0.25251763956135215 -0.45457427343610995  0.45455676893036323  0.45456917583947110  4.54574273436109950e-01
 51 -0.45454521227395028  0.45457100763060793 -0.25255883388655348  0.40411153702007702  0.25254115773582653  0.30301051626895359 -0.45457489600236956  0.45455823735081113  0.25252352325655553 -0.45457490991599536  0.45455822166213466 -0.25254337910629943  4.54574909915995360e-01
 52 -0.40408905459856265  0.45457372112397537 -0.30302484682822345 -0.25255089886470827  0.45457496037024331 -0.45453785219839482 -0.25253444406609343 -0.45457395983724252  0.25254520011810599  0.45457438213879231  0.45455532053804165  0.25254125084192625  4.54574960370243310e-01
 53 -0.40409169663986866  0.45457458525438083 -0.30303320436135806 -0.25255980266505973  0.45457145712608998 -0.45453228378711918 -0.25253768691884310  0.25252704744024890  0.25255108381314167  0.45457374565904551  0.45455677326981286 -0.45457130410391466  4.54574585254380830e-01
 54 -0.45456424722620153  0.45457418539717848 -0.25255269631455118 -0.30300687203394899  0.25254560369637263 -0.40408130037543077 -0.45456774784046128 -0.25254887489398287  0.25254030115328602 -0.45457441355213185  0.45455335877438391  0.45456640702539280  4.54574413552131850e-01
 55 -0.45456688926745248  0.45457504952735267 -0.25256105384743732 -0.30301577583436956  0.25254210045238135 -0.40407573196414803 -0.45457099069332951  0.45455213238339232  0.25254618484838359 -0.45457505003208848  0.45455481150610050 -0.25254614792043506  4.54575050032088480e-01
 56 -0.40404837752379025  0.45456590951284503 -0.30303674734701130  0.45457558607051640  0.45457521769363102  0.25252997233776370 -0.25253255700426575 -0.45456361111146082 -0.45456034870078804  0.45457574484434815 -0.25257194302523234  0.25254092705102477  4.54575744844348150e-01
 57 -0.40405101956501532  0.45456677364314846 -0.30304510488004061  0.45456668227008556  0.45457171444951106  0.25253554074887119 -0.25253579985697300  0.25253739616609772 -0.45455446500560698  0.45457510836467513 -0.25257049029349471 -0.45457162789491451  4.54575108364675130e-01
 58 -0.45452357015137718  0.45456637378587389 -0.25256459683314436  0.40411961290121007  0.25254586101990317  0.30298652416054550 -0.45456586077864364 -0.25253852616843686 -0.45456524766559792 -0.45457305084674982 -0.25257390478893749  0.45456608323444830  4.54573050846749820e-01
 59 -0.45452621219274353  0.45456723791622722 -0.25257295436647298  0.40411070910081553  0.25254235777591394  0.30299209257170812 -0.45456910363146102  0.45456248110920106 -0.45455936397048657 -0.45457368732641290 -0.25257245205719003 -0.25254647171147243  4.54573687326412900e-01
 60 -0.40407005451729550  0.45456995140958328 -0.30303896730806484 -0.25255172678401688  0.45457616041021487 -0.45455627589548819 -0.25252865169524719 -0.45456971607884650 -0.45453768710894810  0.45457560472840564 -0.25257535318127849  0.25253815823696912  4.54576160410214870e-01
 61 -0.40407269655870809  0.45457081553993689 -0.30304732484111507 -0.25256063058430422  0.45457265716626782 -0.45455070748432785 -0.25253189454802522  0.25253129119874052 -0.45453180341385230  0.45457496824857058 -0.25257390044948935 -0.45457439670902938  4.54574968248570580e-01
 62 -0.45454524714488476  0.45457041568271572 -0.25256681679436166 -0.30300769995316612  0.25254680373632765 -0.40409972407266381 -0.45456195546955463 -0.25254463113553155 -0.45454258607388714 -0.45457319096280890 -0.25257731494502095  0.45456331442032533  4.54573190962808900e-01
 63 -0.45454788918619926  0.45457127981291678 -0.25257517432730781 -0.30301660375356509  0.25254330049236784 -0.40409415566136248 -0.45456519832237091  0.45455637614202482 -0.45453670237862892 -0.45457382744253333 -0.25257586221321149 -0.25254924052549976  4.54573827442533330e-01

