
  0  0.27435746901778585 -0.43274566407602855  0.43274749349229585 -0.43275617069033345 -0.43275479412436396 -0.27435289584335465  0.43274559287795705 -0.27436093668617600 -0.43274661784702700  0.27436815370237350  0.27436191269396587  4.32756170690333450e-01
  1  0.27435960322854275  0.27435265753310256  0.43275188958366184 -0.43275711244123005 -0.43275441271511317 -0.27435151849307715  0.43275302957943146 -0.27436208887572228 -0.43274485766887738 -0.43274708695761677  0.27435648402516449  4.32757112441230050e-01
  2  0.27435631299552543 -0.43273619163141996  0.43274509005812667 -0.43275671988298092 -0.43275597945903721 -0.27435242193716147 -0.27435126471785864  0.43275576793879744 -0.43275167906578682  0.27436903717180822  0.27436429424519948  4.32756719882980920e-01
  3  0.27435844720625480  0.27436212997768278  0.43274948614938447 -0.43275766163357748 -0.43275559804989594 -0.27435104458689641 -0.27434382801627111  0.43275461574909796 -0.43274991888772368 -0.43274620348789694  0.27435886557662481  4.32757661633577480e-01
  4  0.43275533612551154 -0.27435252972180568  0.27434490391297056  0.43275668487153385 -0.27435657148019948 -0.43275220543696380  0.27435352611936342 -0.43274951277590035 -0.27435357928960835  0.43275338623756310  0.43275473025449956  4.32756684871533850e-01
  5  0.43275747033617279  0.43274579188713869  0.27434930000431318  0.43275574312111187 -0.27435619007090417 -0.43275082808679427  0.27436096282061845 -0.43275066496542824 -0.27435181911136935 -0.27436185442222227  0.43274930158581171  4.32757470336172790e-01
  6  0.43275418010326777 -0.27434305727743480  0.27434250047870767  0.43275613567919424 -0.27435775681498364 -0.43275173153076729 -0.43274333147640859  0.27436719184883823 -0.27435864050822079  0.43275426970715986  0.43275711180599835  4.32757111805998350e-01
  7  0.43275631431408768  0.43275526433154543  0.27434689657008138  0.43275519392856404 -0.27435737540573413 -0.43275035418053187 -0.43273589477501662  0.27436603965925371 -0.27435688033019856 -0.27436097095263051  0.43275168313731910  4.32756314314087680e-01
  8 -0.43275589067896014 -0.43274864169686034 -0.27435270905491432 -0.43275610302479006 -0.43274776047046049 -0.27435820143967715  0.43275002220605174 -0.27436006679621544 -0.43274621242279088  0.27435864601406207  0.27435865726946412  4.32756103024790060e-01
  9 -0.43275375646826891  0.27434967991211845 -0.27434831296363815 -0.43275704477552512 -0.43274737906133182 -0.27435682408948070  0.43275745890745693 -0.27436121898575050 -0.43274445224465069 -0.43275659464573663  0.27435322860068495  4.32757458907456930e-01
 10 -0.43275704670116172 -0.43273916925265088 -0.27435511248918987 -0.43275665221735626 -0.43274894580534706 -0.27435772753332582 -0.27434683538963589  0.43275663782865287 -0.43275127364147120  0.27435952948366371  0.27436103882071006  4.32757046701161720e-01
 11 -0.43275491249042153  0.27435915235660602 -0.27435071639786413 -0.43275759396810309 -0.43274856439610426 -0.27435635018315507 -0.27433939868835916  0.43275548563907917 -0.43274951346336987 -0.43275571117619188  0.27435561015216814  4.32757593968103090e-01
 12 -0.27435802357119143 -0.27435550734294034 -0.43275529863437812  0.43275675253738349 -0.27434953782648397 -0.43275751103321514  0.27435795544739616 -0.43274864288611420 -0.27435317386525926  0.43274387854919943  0.43275147482991033  4.32757511033215140e-01
 13 -0.27435588936042254  0.43274281426612826 -0.43275090254290455  0.43275581078684894 -0.27434915641721502 -0.43275613368304616  0.27436539214877070 -0.43274979507566053 -0.27435141368705801 -0.27437136211060770  0.43274604616129297  4.32756133683046160e-01
 14 -0.27435917959337203 -0.27434603489846537 -0.43275770206846836  0.43275620334473525 -0.27435072316112680 -0.43275703712718094 -0.43273890214828004  0.27436806173877254 -0.27435823508407997  0.43274476201885598  0.43275385638136721  4.32757702068468360e-01
 15 -0.27435704538257877  0.43275228671058596 -0.43275330597724959  0.43275526159402228 -0.27435034175204548 -0.43275565977672648 -0.43273146544684643  0.27436690954926224 -0.27435647490582515 -0.27437047864088937  0.43274842771269378  4.32755659776726480e-01
 16  0.27435676515080731 -0.43275249888749390  0.43275185824036072 -0.43275520287836960 -0.43275420457473723 -0.27435335631402274  0.43273583620938438 -0.27436325032315839  0.27435624050633195  0.27436850775971644 -0.43274879126431254  4.32755202878369600e-01
 17  0.27435889936162627  0.27434582272168279  0.43275625433185749 -0.43275614462922785 -0.43275382316543587 -0.27435197896389313  0.43274327291085840 -0.27436440251269900  0.27435800068429850 -0.43274673290019350 -0.43275421993304969  4.32756254331857490e-01
 18  0.27435560912862972 -0.43274302644299950  0.43274945480620103 -0.43275575207098438 -0.43275538990963613 -0.27435288240795741 -0.27436102138619378  0.43275345430169626  0.27435117928747865  0.27436939122924486 -0.43274640971294287  4.32755752070984380e-01
 19  0.27435774333923829  0.27435529516595752  0.43275385089761415 -0.43275669382164234 -0.43275500850018928 -0.27435150505769251 -0.27435358468498339  0.43275230211230986  0.27435293946575223 -0.43274584943053002 -0.43275183838157588  4.32756693821642340e-01
 20  0.43275463225861760 -0.27435936453339760  0.27434926866116105  0.43275765268377581 -0.27435598193057587 -0.43275266590788780  0.27434376945091132 -0.43275182641305576  0.43274927906394239  0.43275374029484187 -0.27435597370373926  4.32757652683775810e-01
 21  0.43275676646930750  0.43273895707581961  0.27435366475256834  0.43275671093316570 -0.27435560052146080 -0.43275128855755374  0.27435120615213232 -0.43275297860257739  0.43275103924189451 -0.27436150036495188 -0.27436140237241841  4.32756766469307500e-01
 22  0.43275347623641547 -0.27434989208900390  0.27434686522699403  0.43275710349123309 -0.27435716726541221 -0.43275219200166537 -0.43275308814489394  0.27436487821183819  0.43274421784502359  0.43275462376466806 -0.27435359215227184  4.32757103491233090e-01
 23  0.43275561044711747  0.43274842952013143  0.27435126131834581  0.43275616174063430 -0.27435678585608286 -0.43275081465135412 -0.43274565144343008  0.27436372602232101  0.43274597802319031 -0.27436061689520902 -0.27435902082093416  4.32756161740634300e-01
 24 -0.43275659454588633 -0.43275547650857860 -0.27434834430673743 -0.43275513521294223 -0.43274717092102327 -0.27435866191034292  0.43274026553758477 -0.27436238043323352  0.27435664593055992  0.27435900007139646 -0.43275204668895262  4.32756594545886330e-01
 25 -0.43275446033508769  0.27434284510042856 -0.27434394821540192 -0.43275607696358193 -0.43274678951182494 -0.27435728456018971  0.43274770223893272 -0.27436353262283364  0.27435840610865381 -0.43275624058830631 -0.43275747535743647  4.32757475357436470e-01
 26 -0.43275775056804311 -0.43274600406406627 -0.27435074774097662 -0.43275568440555978 -0.43274835625578978 -0.27435818800425860 -0.27435659205820584  0.43275432419155402  0.27435158471181625  0.27435988354104035 -0.43274966513751800  4.32757750568043110e-01
 27 -0.43275561635732013  0.27435231754498474 -0.27434635164966931 -0.43275662615630300 -0.43274797484668798 -0.27435681065418788 -0.27434915535675708  0.43275317200205077  0.27435334488985658 -0.43275535711899327 -0.43275509380616611  4.32756626156303000e-01
 28 -0.27435872743812434 -0.27436234215454663 -0.43275093388615005  0.43275772034929016 -0.27434894827675271 -0.43275797150415152  0.27434819877881178 -0.43275095652310869  0.43274968448804452  0.43274423260674733 -0.27435922912821553  4.32757971504151520e-01
 29 -0.27435659322735229  0.43273597945450443 -0.43274653779469541  0.43275677859866329 -0.27434856686770703 -0.43275659415393836  0.27435563548020592 -0.43275210871263209  0.43275144466622234 -0.27437100805310544 -0.27436465779694114  4.32756778598663290e-01
 30 -0.27435988346023377 -0.27435286971000900 -0.43275333732034316  0.43275717115671297 -0.27435013361163990 -0.43275749759787480 -0.43274865881677355  0.27436574810175512  0.43274462326932073  0.43274511607634142 -0.27435684757681172  4.32757497597874800e-01
 31 -0.27435774924952722  0.43274545189887920 -0.43274894122894425  0.43275622940602920 -0.27434975220238711 -0.43275612024767746 -0.43274122211529437  0.27436459591214774  0.43274638344751049 -0.27437012458351229 -0.27436227624553239  4.32756229406029200e-01

