
  0  0.35355293069944727 -0.35355234660006812  0.35355584013916602  0.35355576727773241  0.35355219972751761  0.35355259573148090  0.35355455117047757 -0.35355115946926285  0.35355422098025480  0.35355229432027885  3.53555840139166020e-01
  1 -0.35355460856398696 -0.35355251140812927  0.35355477137647334  0.35355448255929212  0.35355218341699585  0.35355444811139919 -0.35355147201891668 -0.35355212263173813  0.35355396014746426  0.35355334589475468  3.53554771376473340e-01
  2  0.35355380088010979 -0.35355384494101660  0.35355316366984463  0.35355574468907669 -0.35355384967448894  0.35355144698245611  0.35355395813485807 -0.35355222581551299 -0.35355329206721980  0.35355257927655759  3.53555744689076690e-01
  3 -0.35355373838344273 -0.35355400974904894  0.35355209490714973  0.35355445997078377 -0.35355386598504274  0.35355329936209179 -0.35355206505439934 -0.35355318897795029 -0.35355355289971430  0.35355363085112362  3.53554459970783770e-01
  4  0.35355386456640298  0.35355433756927951 -0.35355103813864985  0.35355590922185265  0.35355510016777397  0.35355332458893962  0.35355452125906695 -0.35355260014946183  0.35355249867512611  0.35355071177524655  3.53555909221852650e-01
  5 -0.35355367469711080  0.35355417276133927 -0.35355210690140071  0.35355462450364111  0.35355508385730766  0.35355517696873662 -0.35355150193015777 -0.35355356331178389  0.35355223784258327  0.35355176334981087  3.53555176968736620e-01
  6  0.35355473474700216  0.35355283922827097 -0.35355371460793322  0.35355588663324894 -0.35355094923426111  0.35355217583984827  0.35355392822364623 -0.35355366649569786 -0.35355501437212211  0.35355099673151164  3.53555886633248940e-01
  7 -0.35355280451654553  0.35355267442036814 -0.35355478337061158  0.35355460191509464 -0.35355096554484372  0.35355402821955867 -0.35355209496546713 -0.35355462965815759 -0.35355527520474711  0.35355204830603759  3.53555275204747110e-01
  8  0.35355348238258355 -0.35355154011867757  0.35355577582179482 -0.35355443093283767  0.35355305585824459 -0.35355076849361927  0.35355343184388888 -0.35355220064369575  0.35355453618498162  0.35355468383729116  3.53555775821794820e-01
  9 -0.35355405688090719 -0.35355170492678206  0.35355470705900882 -0.35355571565118349  0.35355303954774220 -0.35354891611377631 -0.35355259134525097 -0.35355316380599722  0.35355427535246020  0.35355573541184554  3.53555735411845540e-01
 10  0.35355435256319045 -0.35355303845954478  0.35355309935232698 -0.35355445352154685 -0.35355299354388070 -0.35355191724277485  0.35355283880832872 -0.35355326698996614 -0.35355297686229387  0.35355496879362669  3.53554968793626690e-01
 11 -0.35355318670030161 -0.35355320326777340  0.35355203058972945 -0.35355573823992170 -0.35355300985434629 -0.35355006486297730 -0.35355318438090605 -0.35355423015238058 -0.35355323769491598  0.35355602036823819  3.53556020368238190e-01
 12  0.35355441624949385  0.35355514405062849 -0.35355110245598703 -0.35355428898852487  0.35355595629849401 -0.35355003963610571  0.35355340193255280 -0.35355364132386824  0.35355281388011217  0.35355310129220446  3.53555956298494010e-01
 13 -0.35355312301413777  0.35355497924256973 -0.35355217121871924 -0.35355557370695284  0.35355593998800344 -0.35354818725629472 -0.35355262125665876 -0.35355460448616449  0.35355255304747379  0.35355415286671305  3.53555939988003440e-01
 14  0.35355528643001688  0.35355364570971498 -0.35355377892539142 -0.35355431157712569 -0.35355009310350299 -0.35355118838526456  0.35355280889702495 -0.35355470767012215 -0.35355469916721605  0.35355338624835209  3.53555286430016880e-01
 15 -0.35355225283343250  0.35355348090181704 -0.35355484768797996 -0.35355559629558808 -0.35355010941402831 -0.35354933600558058 -0.35355321429215342 -0.35355567083262429 -0.35355495999995223  0.35355443782309587  3.53555670832624290e-01

