
  0 -0.47139710485751357 -0.49345054468279670 -0.29996497617529910  0.23153819160452740  0.49901228801002462  0.49839413343793887  0.49977785512273959 -0.40804582227009512  0.47645895441938008  4.99777855122739590e-01
  1 -0.46408437031244049 -0.49706759966607006 -0.30937966999947764  0.21399653989706491  0.49675749798421204  0.49701556871596586 -0.49977861706721560 -0.39784856672789998  0.49415034560464755  4.99778617067215600e-01
  2 -0.47275249529009516 -0.49215861312104225  0.43656806969555778  0.22524515997760297  0.49926479369894106  0.49804467730608526  0.49977786728476675  0.26831565110096317  0.47315206469138493  4.99777867284766750e-01
  3 -0.46543976074520010 -0.49577566810443263  0.42715337587138003  0.20770350827010933  0.49701000367317427  0.49666611258458521 -0.49977860490523746  0.27851290664363332  0.49084345587689476  4.99778604905237460e-01
  4 -0.46758551370875673 -0.49338715610144962 -0.30933711230213362 -0.47517114103836383  0.49867755823605536  0.49829227725036301  0.49977785914320083 -0.40786651150536835 -0.23097259388793162  4.99777859143200830e-01
  5 -0.46027277916412518 -0.49700421108491127 -0.31875180612614129 -0.49271279274583146  0.49642276821029530  0.49691371252855260 -0.49977861304699922 -0.39766925596258129 -0.21328120270249104  4.99778613046999220e-01
  6 -0.46894090414165512 -0.49209522453969862  0.42719593356906771 -0.48146417266525876  0.49893006392522421  0.49794282111852217  0.49977787130533408  0.26849496186620675 -0.23427948361558756  4.99777871305334080e-01
  7 -0.46162816959681013 -0.49571227952305802  0.41778123974474546 -0.49900582437285540  0.49667527389950494  0.49656425639683660 -0.49977860088500858  0.27869221740884459 -0.21658809243040344  4.99778600885008580e-01
  8 -0.47130374610228887 -0.47213206597102170 -0.24404991381804492  0.23530802647081170  0.49907483857997925 -0.49790495291953557  0.49977834236040236 -0.46947692947935793  0.47208245913624769  4.99778342360402360e-01
  9 -0.46399101155742101 -0.47574912095428512 -0.25346460764212791  0.21776637476311228  0.49682004855429701 -0.49928351764091616 -0.49977812982963737 -0.45927967393657204  0.48977385032157206  4.99778129829637370e-01
 10 -0.47265913653506691 -0.47084013440927480  0.49248313205296701  0.22901499484380097  0.49932734426900205 -0.49825440905096280  0.49977835452270836  0.20688454389195857  0.46877556940825615  4.99778354522708360e-01
 11 -0.46534640199011090 -0.47445718939263032  0.48306843822883216  0.21147334313599811  0.49707255424339153 -0.49963297377296018 -0.49977811766755620  0.21708179943472114  0.48646696059356070  4.99778117667556200e-01
 12 -0.46749215495404245 -0.47206867738968533 -0.25342204994447881 -0.47140130617217130  0.49874010880631708 -0.49800680910699907  0.49977834638070595 -0.46929761871410175 -0.23534908917118916  4.99778346380705950e-01
 13 -0.46017942040907200 -0.47568573237303174 -0.26283674376847127 -0.48894295787965775  0.49648531878046304 -0.49938537382872472 -0.49977812580937947 -0.45910036317130093 -0.21765769798559967  4.99778125809379470e-01
 14 -0.46884754538671253 -0.47077674582804097  0.48311099592644702 -0.47769433779915055  0.49899261449539328 -0.49835626523871118  0.49977835854318248  0.20706385465732971 -0.23865597889903201  4.99778358543182480e-01
 15 -0.46153481084173398 -0.47439380081134414  0.47369630210228664 -0.49523598950675729  0.49673782446975667 -0.49973482996051782 -0.49977811364723201  0.21726111019999431 -0.22096458771366975  4.99778113647232010e-01
 16 -0.49685797063036197 -0.49405395725866180 -0.30284960461793697  0.29212423144514754 -0.49699991813107164  0.49841772113469823  0.49977790390689986 -0.40431296847275600  0.41630796520224789  4.99777903906899860e-01
 17 -0.48954523608564815 -0.49767101224166244 -0.31226429844162162  0.27458257973755590 -0.49925470815672457  0.49703915641316615 -0.49977856828327816 -0.39411571293002268  0.43399935638759624  4.99778568283278160e-01
 18 -0.49821336106338621 -0.49276202569684624  0.43368344125326341  0.28583119981829669 -0.49674741244182641  0.49806826500320528  0.49977791606909161  0.27204850489885452  0.41300107547429277  4.99777916069091610e-01
 19 -0.49090062651835320 -0.49637908067996039  0.42426874742905007  0.26828954811055183 -0.49900220246766874  0.49668970028131521 -0.49977855612104743  0.28224576044122929  0.43069246665966854  4.99778556121047430e-01
 20 -0.49304637948213503 -0.49399056867714713 -0.31222174074433595 -0.41458510119754544 -0.49733464790460735  0.49831586494690439  0.49977790792729088 -0.40413365770752374 -0.29112358310518377  4.99777907927290880e-01
 21 -0.48573364493721805 -0.49760762366035222 -0.32163643456839280 -0.43212675290522917 -0.49958943793048155  0.49693730022527488 -0.49977856426273032 -0.39393640216493042 -0.27343219191961399  4.99778564262730320e-01
 22 -0.49440176991487911 -0.49269863711553558  0.42431130512645404 -0.42087813282470138 -0.49708214221581842  0.49796640881512616  0.49977792008960503  0.27222781566400861 -0.29443047283294416  4.99777920089605030e-01
 23 -0.48708903537007153 -0.49631569209874643  0.41489661130257066 -0.43841978453226432 -0.49933693224164150  0.49658784409363799 -0.49977855210070926  0.28242507120641919 -0.27673908164744165  4.99778552100709260e-01
 24 -0.49676461187556420 -0.47273547854664300 -0.24693454226018965  0.29589406631135673 -0.49693736756074092 -0.49788136522246085  0.49977839114432587 -0.46574407568162451  0.41193146991900054  4.99778391144325870e-01
 25 -0.48945187733047923 -0.47635253352992946 -0.25634923608435134  0.27835241460367011 -0.49919215758661595 -0.49925992994442142 -0.49977808104552773 -0.45554682013907777  0.42962286110450892  4.99778081045527730e-01
 26 -0.49812000230809034 -0.47144354698508051  0.48959850361076779  0.28960103468423370 -0.49668486187175531 -0.49823082135427105  0.49977840330665896  0.21061739768978380  0.40862458019109676  4.99778403306658960e-01
 27 -0.49080726776349132 -0.47506060196826799  0.48018380978674552  0.27205938297671745 -0.49893965189737582 -0.49960938607605215 -0.49977806888320192  0.22081465323242647  0.42631597137672872  4.99778068883201920e-01
 28 -0.49295302072711483 -0.47267208996559740 -0.25630667838674887 -0.41081526633150894 -0.49727209733459987 -0.49798322141028234  0.49977839516503936 -0.46556476491645848 -0.29550007838849046  4.99778395165039360e-01
 29 -0.48564028618210237 -0.47628914494867386 -0.26572137221081366 -0.42835691803910914 -0.49952688736033229 -0.49936178613189669 -0.49977807702525767 -0.45536750937376391 -0.27780868720281637  4.99778077025257670e-01
 30 -0.49430841115968699 -0.47138015840352515  0.48022636748403158 -0.41710829795836629 -0.49701959164549475 -0.49833267754187643  0.49977840732708256  0.21079670845499224 -0.29880696811602681  4.99778407327082560e-01
 31 -0.48699567661489995 -0.47499721338696466  0.47081167366002941 -0.43464994966597004 -0.49927438167126414 -0.49971124226379848 -0.49977806486289422  0.22099396399756624 -0.28111557693057437  4.99778064862894220e-01
 32  0.48728055928049036 -0.49377961711276147 -0.30221172026050525  0.43534691189835284  0.49891178572139350  0.49966704056356859  0.49977803089733253 -0.40275049949363745  0.27805453166681249  4.99778030897332530e-01
 33  0.49459329382527123 -0.49739667209598504 -0.31162641408449937  0.41780526019080971  0.49665699569564697  0.49828847584198666 -0.49977844129270799 -0.39255324395109925  0.29574592285210444  4.99778441292707990e-01
 34  0.48592516884793135 -0.49248768555090533  0.43432132561042958  0.42905388027180896  0.49916429141033858  0.49931758443205759  0.49977804305943208  0.27361097387754701  0.27474764193887952  4.99778043059432080e-01
 35  0.49323790339259327 -0.49610474053416764  0.42490663178636445  0.41151222856388137  0.49690950138448675  0.49793901971036070 -0.49977842913055065  0.28380822942018441  0.29243903312407782  4.99778429130550650e-01
 36  0.49109215042879611 -0.49371622853130093 -0.31158385638711938 -0.27136242074428923  0.49857705594779905  0.49956518437620495  0.49977803491772915 -0.40257118872850645 -0.42937701664050537  4.99778034917729150e-01
 37  0.49840488497387703 -0.49733328351459194 -0.32099855021126850 -0.28890407245198402  0.49632226592184797  0.49818661965451655 -0.49977843727224136 -0.39237393318589264 -0.41168562545496939  4.99778437272241360e-01
 38  0.48973675999606386 -0.49242429696953732  0.42494918948376192 -0.27765545237138406  0.49882956163653447  0.49921572824423066  0.49977804707981199  0.27379028464297633 -0.43268390636845744  4.99778047079811990e-01
 39  0.49704949454094827 -0.49604135195290255  0.41553449565963135 -0.29519710407902616  0.49657477161105756  0.49783716352253138 -0.49977842511017884  0.28398754018532130 -0.41499251518306113  4.99778425110178840e-01
 40  0.48737391803555147 -0.47246113840096943 -0.24629665790304439  0.43911674676454299  0.49897433629155769 -0.49663204579354725  0.49977851813520313 -0.46418160670293862  0.27367803638356064  4.99778518135203130e-01
 41  0.49468665258075090 -0.47607819338406909 -0.25571135172718923  0.42157509505709023  0.49671954626590958 -0.49801061051527934 -0.49977795405516828 -0.45398435116007557  0.29136942756879497  4.99777954055168280e-01
 42  0.48601852760266279 -0.47116920683912966  0.49023638796785696  0.43282371513771667  0.49922684198048950 -0.49698150192517587  0.49977853029717167  0.21217986666868976  0.27037114665577672  4.99778530297171670e-01
 43  0.49333126214773021 -0.47478626182229455  0.48082169414397913  0.41528206342995433  0.49697205195470512 -0.49836006664703392 -0.49977794189277763  0.22237712221141337  0.28806253784086011  4.99777941892777630e-01
 44  0.49118550918381876 -0.47239774981929111 -0.25566879402957704 -0.26759258587815782  0.49863960651766243 -0.49673390198109363  0.49977852215548302 -0.46400229593740883 -0.43375351192373623  4.99778522155483020e-01
 45  0.49849824372876572 -0.47601480480272834 -0.26508348785367053 -0.28513423758574025  0.49638481649215677 -0.49811246670301523 -0.49977795003472902 -0.45380504039497988 -0.41606212073837773  4.99777950034729020e-01
 46  0.48983011875138782 -0.47110581825786635  0.48086425184138787 -0.27388561750524021  0.49889211220667318 -0.49708335811309312  0.49977853431768193  0.21235917743393268 -0.43706040165163623  4.99778534317681930e-01
 47  0.49714285329617125 -0.47472287324120394  0.47144955801710792 -0.29142726921286433  0.49663732218111278 -0.49846192283463986 -0.49977793787246289  0.22255643297658559 -0.41936901046626335  4.99777937872462890e-01
 48  0.46181969350742241 -0.49438302968820524 -0.30509634870276803  0.49593295173903867 -0.49710042041931457  0.49969062826056243  0.49977807968169957 -0.39901764569608766  0.21790354244949714  4.99778079681699570e-01
 49  0.46913242805235622 -0.49800008467143259 -0.31451104252685963  0.47839130003134855 -0.49935521044512127  0.49831206353872903 -0.49977839250852363 -0.38882039015360292  0.23559493363502093  4.99778392508523630e-01
 50  0.46046430307467090 -0.49309109812646951  0.43143669716805610  0.48963992011199786 -0.49684791473034962  0.49934117212905710  0.49977809184363986  0.27734382767530630  0.21459665272174289  4.99778091843639860e-01
 51  0.46777703761955391 -0.49670815310982430  0.42202200334409479  0.47209826840447555 -0.49910270475621349  0.49796260740719755 -0.49977838034644628  0.28754108321785971  0.23228804390705998  4.99778380346446280e-01
 52  0.46563128465561704 -0.49431964110685378 -0.31446848482938550 -0.21077638090375123 -0.49743515019333800  0.49958877207277358  0.49977808370199023 -0.39883833493061333 -0.48952800585761930  4.99778083701990230e-01
 53  0.47294401920081280 -0.49793669609008495 -0.32388317865351729 -0.22831803261146477 -0.49968994021896307  0.49821020735125693 -0.49977838848811318 -0.38864107938825959 -0.47183661467244414  4.99778388488113180e-01
 54  0.46427589422305204 -0.49302770954518937  0.42206456104151402 -0.21706941253076500 -0.49718264450399169  0.49923931594100485  0.49977809586415495  0.27752313844058230 -0.49283489558556393  4.99778095864154950e-01
 55  0.47158862876795177 -0.49664476452842693  0.41264986721738872 -0.23461106423833458 -0.49943743452976386  0.49786075121940276 -0.49977837632593597  0.28772039398296018 -0.47514350440010794  4.99778376325935970e-01
 56  0.46191305226243434 -0.47306455097628480 -0.24918128634519213  0.49970278660527939 -0.49703786984932913 -0.49660845809655962  0.49977856691923378 -0.46044875290509091  0.21352704716630300  4.99778566919233780e-01
 57  0.46922578680737714 -0.47668160595985859 -0.25859598016926999  0.48216113489762896 -0.49929265987504479 -0.49798702281843904 -0.49977790527100086 -0.45025149736236769  0.23121843835164879  4.99777905271000860e-01
 58  0.46055766182959379 -0.47177261941483656  0.48735175952552257  0.49340975497810713 -0.49678536416015601 -0.49695791422825958  0.49977857908112655  0.21591272046647356  0.21022015743854364  4.99778579081126550e-01
 59  0.46787039637485994 -0.47538967439790314  0.47793706570159405  0.47586810327049917 -0.49904015418602893 -0.49833647895018979 -0.49977789310848181  0.22610997600897165  0.22791154862380575  4.99777893108481810e-01
 60  0.46572464341072922 -0.47300116239510998 -0.25855342247182678 -0.20700654603762175 -0.49737259962303892 -0.49671031428419582  0.49977857093971034 -0.46026944213994242 -0.49390450114085960  4.99778570939710340e-01
 61  0.47303737795541495 -0.47661821737848864 -0.26796811629610179 -0.22454819774525855 -0.49962738964882730 -0.49808887900617010 -0.49977790125045413 -0.45007218659717318 -0.47621310995533617  4.99777901250454130e-01
 62  0.46436925297801246 -0.47170923083349708  0.47797962339914540 -0.21329957766490840 -0.49712009393397233 -0.49705977041603444  0.49977858310176621  0.21609203123152598 -0.49721139086866495  4.99778583101766210e-01
 63  0.47168198752290347 -0.47532628581670811  0.46856492957503421 -0.23084122937225854 -0.49937488395971369 -0.49843833513787189 -0.49977788908825549  0.22628928677428187 -0.47951999968336789  4.99777889088255490e-01

