
  0 -0.35355281471062111 -0.35348307513587801 -0.35159712772599711  0.35322597492767388  0.35026494703051775 -0.22454689738796038  0.32694640882118975  0.35347475846653703  0.35328949703661394  0.35355259328292638  0.31170771867408009  0.35341667481334238 -0.35332398608937748  3.53552814710621110e-01
  1 -0.35355287811897007 -0.35341446135581778 -0.35150853197633497  0.35318679608187692  0.35049327740636399  0.33499484318487632 -0.28102520820154087  0.35340935689191993  0.35336333026710603  0.35355299389798084 -0.25157149488632735  0.35334732233589272 -0.35334273231155550  3.53552993897980840e-01
  2 -0.35355328622995130 -0.35344010872682791  0.35277903419585699  0.35292172980174719 -0.35331332496095824 -0.29259081031518380  0.32416167844732940  0.35352161852539660  0.35333096960053856  0.35355276793584633  0.24694657544506277  0.35347267691751966 -0.35328101348208490  3.53553286229951300e-01
  3 -0.35355334963827723 -0.35337149494673653  0.35286762994559406  0.35288255095606680 -0.35308499458529452  0.26695093025773375 -0.28380993857539594  0.35345621695087087  0.35340480283101156  0.35355316855100843 -0.31633263811529100  0.35340332444002687 -0.35329975970422167  3.53553349638277230e-01
  4  0.35355333844624293 -0.35334558001414501 -0.35127775257541433  0.35320722893139228  0.35044504012964584 -0.22348828054103945  0.32757670669591138  0.35349130690480113  0.35338670534445304 -0.35355352562418013  0.31207858306241060  0.35334105363496304 -0.35333976619265112  3.53553525624180130e-01
  5  0.35355327503795536 -0.35327696623411287 -0.35118915682561275  0.35316805008565910  0.35067337050540981  0.33605346003204162 -0.28039491032684632  0.35342590533011298  0.35346053857497106 -0.35355312500909397 -0.25120063049811714  0.35327170115749290 -0.35335851241503108  3.53553275037955360e-01
  6  0.35355286692687043 -0.35330261360491527  0.35309840934645104  0.35290298380540353 -0.35313323186200807 -0.29153219346817189  0.32479197632211998  0.35353816696351720  0.35342817790848113 -0.35355335097120549  0.24731743983340670  0.35339705573910302 -0.35329679358525728  3.53553350971205490e-01
  7  0.35355280351856072 -0.35323399982485543  0.35318700509616985  0.35286380495974395 -0.35290490148629500  0.26800954710478592 -0.28317964070070212  0.35347276538884076  0.35350201113889446 -0.35355295035596812 -0.31596177372708201  0.35332770326149138 -0.35331553980745578  3.53552950355968120e-01
  8 -0.35355268420677327 -0.35354179110414663 -0.35142526426240900  0.35264485386768968  0.35019398680821512 -0.21220247689522453  0.34884414725783458 -0.35336726066829993  0.35323797017893765  0.35355282770319174  0.30039396921425054  0.35063607424638288  0.35350439008870904  3.53552827703191740e-01
  9 -0.35355274761510791 -0.35347317732403472 -0.35133666851272860  0.35260567502200152  0.35042231718398786  0.34733926367784335 -0.25912746976481044 -0.35343266224307462  0.35331180340956037  0.35355322831847508 -0.26288524434608185  0.35056672176902470  0.35348564386642517  3.53553228318475080e-01
 10 -0.35355315572600104 -0.35349882469508526  0.35295089765935861  0.35234060874169276 -0.35338428518332660 -0.28024638982235328  0.34605941688400882 -0.35332040060950465  0.35327944274283130  0.35355300235623077  0.23563282598542817  0.35069207635052568  0.35354736269612397  3.53553155726001040e-01
 11 -0.35355321913447696 -0.35343021091494414  0.35303949340913238  0.35230142989599023 -0.35315595480761836  0.27929535075038198 -0.26191220013869243 -0.35338580218425081  0.35335327597326993  0.35355340297147236 -0.32764638757528530  0.35062272387303017  0.35352861647388339  3.53553402971472360e-01
 12  0.35355346895005718 -0.35340429598236006 -0.35110588911167162  0.35262610787130966  0.35037407990703939 -0.21114386004818370  0.34947444513270826 -0.35335071223017067  0.35333517848675117 -0.35355329120370643  0.30076483360267847  0.35056045306788558  0.35348860998538573  3.53553468950057180e-01
 13  0.35355340554170006 -0.35333568220217926 -0.35101729336201387  0.35258692902549382  0.35060241028274614  0.34839788052475634 -0.25849717189012988 -0.35341611380487281  0.35340901171735872 -0.35355289058855582 -0.26251437995794663  0.35049110059035793  0.35346986376305245  3.53553405541700060e-01
 14  0.35355299743079688 -0.35336132957316141  0.35327027281008350  0.35232186274535671 -0.35320419208432113 -0.27918777297540054  0.34668971475859989 -0.35330385217128490  0.35337665105077531 -0.35355311655070981  0.23600369037346283  0.35061645517209350  0.35353158259278417  3.53553116550709810e-01
 15  0.35355293402247168 -0.35329271579302463  0.35335886855981313  0.35228268389958733 -0.35297586170861800  0.28035396759757425 -0.26128190226397208 -0.35336925374616912  0.35345048428125136 -0.35355271593550119 -0.32727552318695036  0.35054710269471168  0.35351283637065523  3.53552934022471680e-01
 16 -0.35355285303097528 -0.35346085801982874 -0.35195307029712264 -0.35174538678903722  0.35032564143802486 -0.26008112311248344  0.25875424989279433  0.35340037026181675  0.35333772094961813  0.35355257707973409  0.35014771843928971 -0.35058953935889459 -0.35339888575906436  3.53552853030975280e-01
 17 -0.35355291643931236 -0.35339224423961818 -0.35186447454721886 -0.35178456563474608  0.35055397181375825  0.29946061746033820 -0.34921736713009977  0.35333496868721015  0.35341155418009029  0.35355297769488336 -0.21313149512119278 -0.35065889183643167 -0.35341763198137860  3.53552977694883360e-01
 18 -0.35355332455039384 -0.35341789161064596  0.35242309162478019 -0.35204963191489425 -0.35325263055367434 -0.32812503603966175  0.25596951951892055  0.35344723032070258  0.35337919351345393  0.35355275173282802  0.28538657521023758 -0.35053353725482944 -0.35335591315175563  3.53553324550393840e-01
 19 -0.35355338795866559 -0.35334927783051151  0.35251168737452754 -0.35208881076061599 -0.35302430017774600  0.23141670453314295 -0.35200209750373951  0.35338182874591129  0.35345302674390777  0.35355315234780521 -0.27789263835013273 -0.35060288973211251 -0.35337465937389678  3.53553387958665590e-01
 20  0.35355330012587860 -0.35332336289791821 -0.35163369514635529 -0.35176413278542490  0.35050573453697875 -0.25902250626558260  0.25938454776747888  0.35341691869997183  0.35343492925753039 -0.35355354182731874  0.35051858282761705 -0.35066516053741026 -0.35341466586240428  3.53553541827318740e-01
 21  0.35355323671748234 -0.35325474911773358 -0.35154509939658868 -0.35180331163105089  0.35073406491274278  0.30051923430728661 -0.34858706925524963  0.35335151712539814  0.35350876248803026 -0.35355314121213804 -0.21276063073276291 -0.35073451301474379 -0.35343341208453471  3.53553236717482340e-01
 22  0.35355282860654369 -0.35328039648880483  0.35274246677541077 -0.35206837791135193 -0.35307253745463724 -0.32706641919274743  0.25659981739358595  0.35346377875881180  0.35347640182125317 -0.35355336717427388  0.28575743959863503 -0.35060915843320645 -0.35337169325488760  3.53553367174273880e-01
 23  0.35355276519822493 -0.35321178270863202  0.35283106252513785 -0.35210755675698119 -0.35284420707878861  0.23247532138019092 -0.35137179962906295  0.35339837718417888  0.35355023505181704 -0.35355296655908108 -0.27752177396190558 -0.35067851091071817 -0.35339043947713217  3.53552966559081080e-01
 24 -0.35355272252705267 -0.35351957398794431 -0.35178120683335157 -0.35232650784918290  0.35025468121554681 -0.24773670261973235  0.28065198832951654 -0.35344164887310292  0.35328619409178663  0.35355281150011991  0.33883396897946849 -0.35337013992584165  0.35342949041902744  3.53552811500119910e-01
 25 -0.35355278593546807 -0.35345096020790667 -0.35169261108380695 -0.35236568669482310  0.35048301159131190  0.31180503795322800 -0.32731962869331921 -0.35350705044780734  0.35336002732238930  0.35355321211528312 -0.22444524458105844 -0.35343949240326522  0.35341074419675989  3.53553212115283120e-01
 26 -0.35355319404654406 -0.35347660757883465  0.35259495508840522 -0.35263075297493346 -0.35332359077589021 -0.31578061554690839  0.27786725795569445 -0.35339478881422509  0.35332766665585991  0.35355298615314512  0.27407282575049619 -0.35331413782167459  0.35347246302642576  3.53553194046544060e-01
 27 -0.35355325745473837 -0.35340799379866977  0.35268355083827990 -0.35266993182079404 -0.35309526040008743  0.24376112502602607 -0.33010435906717245 -0.35346019038903320  0.35340149988643699  0.35355338676834902 -0.28920638780997981 -0.35338349029914906  0.35345371680417137  3.53553386768349020e-01
 28  0.35355343062962402 -0.35338207886610762 -0.35146183168262185 -0.35234525384551285  0.35043477431462883 -0.24667808577281428  0.28128228620425511 -0.35342510043493425  0.35338340239988142 -0.35355330740693625  0.33920483336781326 -0.35344576110426384  0.35341371031579477  3.53553430629624020e-01
 29  0.35355336722147596 -0.35331346508593631 -0.35137323593304404 -0.35238443269114306  0.35066310469033374  0.31286365480017975 -0.32668933081856849 -0.35349050200965237  0.35345723563040543 -0.35355290679184442 -0.22407438019278880 -0.35351511358162035  0.35339496409348692  3.53553367221475960e-01
 30  0.35355295911044937 -0.35333911245705152  0.35291433023902269 -0.35264949897138437 -0.35314349767703368 -0.31472199869998785  0.27849755583029501 -0.35337824037609794  0.35342487496368102 -0.35355313275385225  0.27444369013875386 -0.35338975900010777  0.35345668292320803  3.53553132753852250e-01
 31  0.35355289570218207 -0.35327049867681776  0.35300292598876160 -0.35268867781706825 -0.35291516730131733  0.24481974187299191 -0.32947406119248468 -0.35344364195078548  0.35349870819430645 -0.35355273213874105 -0.28883552342181207 -0.35345911147748960  0.35343793670087287  3.53552895702182070e-01

