
  0  0.49529144386657292 -0.46977428401355054  0.49627384971275412 -0.21094136136847622 -0.42025582324649496  0.48027980377560336  0.49577012941338705 -0.28491645091302747 -0.22462548767413865 -0.46148054409455380  0.49552453187899159  4.96273849712754120e-01
  1  0.49584136430930648 -0.46933922808577311  0.49627386504741772 -0.21109179217969543  0.29577394904374926  0.48022326459087572  0.49596370963154612  0.41315255956593994 -0.22446787672855853 -0.46148776908416039  0.49485967360241373  4.96273865047417720e-01
  2  0.49531415159907916 -0.46946095716699610  0.49627383633189265  0.49621892157695774 -0.42019442948616009  0.48057565340594605 -0.21128252636564263 -0.28463136808899187 -0.22384882331817843 -0.46148360955047774  0.49548189264383180  4.96273836331892650e-01
  3  0.49586407204147237 -0.46902590123923998  0.49627385166650340  0.49606849076575266  0.29583534280404739  0.48051911422127680 -0.21108894614758386  0.41343764239004871 -0.22369121237246584 -0.46149083453999701  0.49481703436676544  4.96273851666503400e-01
  4  0.49509031968554906 -0.46976856218810642  0.49627308412999255 -0.21100213334633203 -0.22205366540352642  0.48147445796381932  0.49570401412182757 -0.48913128345590096 -0.22327153919210826 -0.46147795222471016 -0.46312498592048135  4.96273084129992550e-01
  5  0.49564024012809921 -0.46933350626066622  0.49627309946447279 -0.21115256415754449  0.49397610688688481  0.48141791877920520  0.49589759434019115  0.20893772702308402 -0.22311392824634210 -0.46148517721428323 -0.46378984419730801  4.96273099464472790e-01
  6  0.49511302741808255 -0.46945523534160699  0.49627307074908644  0.49615814959936877 -0.22199227164294366  0.48177030759438055 -0.21134864165707623 -0.48884620063174528 -0.22249487483607441 -0.46148101768065475 -0.46316762515593257  4.96273070749086440e-01
  7  0.49566294786060361 -0.46902017941400465  0.49627308608357329  0.49600771878801792  0.49403750064734575  0.48171376840972385 -0.21115506143899304  0.20922280984712840 -0.22233726389035618 -0.46148824266999400 -0.46383248343283479  4.96273086083573290e-01
  8  0.49529884226441989 -0.46701097815601600  0.49627428654931005 -0.21114374787487333 -0.42018345709108484 -0.22913484775189621  0.49604615017963533 -0.28520893304455769  0.48016027614427764 -0.46147773575117884  0.49571315047785103  4.96274286549310050e-01
  9  0.49584876270705780 -0.46657592222856353  0.49627430188380622 -0.21129417868619027  0.29584631519931498 -0.22919138693655819  0.49623973039775254  0.41286007743426156  0.48031788708992162 -0.46148496074055878  0.49504829220087804  4.96274301883806220e-01
 10  0.49532154999672584 -0.46669765130959362  0.49627427316813744  0.49601653507037963 -0.42012206333033902 -0.22883899812149178 -0.21100650559947298 -0.28492385022074390  0.48093694050014801 -0.46148080120704310  0.49567051124235978  4.96274273168137440e-01
 11  0.49587147043937363 -0.46626259538173659  0.49627428850286082  0.49586610425922673  0.29590770895987717 -0.22889553730609280 -0.21081292538155622  0.41314516025848946  0.48109455144600854 -0.46148802619640056  0.49500565296547461  4.96274288502860820e-01
 12  0.49509771808341485 -0.46700525633091833  0.49627352096635297 -0.21120451985269637 -0.22198129924800694 -0.22794019356353198  0.49598003488824371 -0.48942376558750977  0.48151422462643190 -0.46147514388121508 -0.46293636732182547  4.96273520966352970e-01
 13  0.49564763852593319 -0.46657020040315089  0.49627353630073129 -0.21135495066394319  0.49404847304234600 -0.22799673274816376  0.49617361510645802  0.20864524489153580  0.48167183557204163 -0.46148236887062183 -0.46360122559877148  4.96273536300731290e-01
 14  0.49512042581577959 -0.46669192948448823  0.49627350758546857  0.49595576309278749 -0.22191990548753532 -0.22764434393313779 -0.21107262089091777 -0.48913868276335681  0.48229088898219680 -0.46147820933702655 -0.46297900655743757  4.96273507585468570e-01
 15  0.49567034625856538 -0.46625687355659517  0.49627352291988547  0.49580533228155993  0.49410986680289126 -0.22770088311784273 -0.21087904067269467  0.20893032771563677  0.48244849992818961 -0.46148543432655947 -0.46364386483429176  4.96273522919885470e-01
 16  0.49522973979586837 -0.46783410476491172  0.49627470387817402 -0.41421592426111142 -0.42403773899830521  0.48474669282264005  0.29246948923710769 -0.28101805759397885 -0.22011700929542607  0.49626278592739809  0.49395362154812711  4.96274703878174020e-01
 17  0.49577966023847081 -0.46739904883718936  0.49627471921254124 -0.41436635507220237  0.29199203329166012  0.48469015363808732  0.29266306945531867  0.41705095288516519 -0.21995939834984896  0.49625556093787820  0.49328876327137933  4.96274719212541240e-01
 18  0.49525244752818093 -0.46752077791843860  0.49627469049727774  0.29294435868438062 -0.42397634523788963  0.48504254245333672 -0.41458316654200267 -0.28073297476988607 -0.21934034493932789  0.49625972047156802  0.49391098231285557  4.96274690497277740e-01
 19  0.49580236797062965 -0.46708572199066989  0.49627470583160305  0.29279392787314035  0.29205342705233200  0.48498600326848973 -0.41438958632377509  0.41733603570909317 -0.21918273399370941  0.49625249548207473  0.49324612403587786  4.96274705831603050e-01
 20  0.49502861561473366 -0.46782838293966633  0.49627393829521560 -0.41427669623880925 -0.22583558115547553  0.48594134701093389  0.29240337394567745 -0.48523289013660659 -0.21876306081332561  0.49626537779733820 -0.46469589625159186  4.96273938295215600e-01
 21  0.49557853605729496 -0.46739332701209979  0.49627395362960974 -0.41442712705006618  0.49019419113495755  0.48588480782651389  0.29259695416360137  0.21283612034228580 -0.21860544986760805  0.49625815280770552 -0.46536075452824582  4.96273953629609740e-01
 22  0.49505132334703311 -0.46751505609329791  0.49627392491421851  0.29288358670664238 -0.22577418739484881  0.48623719664136406 -0.41464928183326205 -0.48494780731240067 -0.21798639645730214  0.49626231234137330 -0.46473853548683275  4.96273924914218510e-01
 23  0.49560124378958731 -0.46708000016551138  0.49627394024880156  0.29273315589546883  0.49025558489529447  0.48618065745655975 -0.41445570161521916  0.21312120316629460 -0.21782878551161799  0.49625508735193213 -0.46540339376377154  4.96273940248801560e-01
 24  0.49523713819348653 -0.46507079890765551  0.49627514071448237 -0.41441831076753438 -0.42396537284279878 -0.22466795870453937  0.29274551000343058 -0.28131053972528258  0.48466875452297603  0.49626559427082351  0.49414224014697755  4.96275140714482370e-01
 25  0.49578705863614236 -0.46463574297983967  0.49627515604893135 -0.41456874157884471  0.29206439944753332 -0.22472449788921200  0.29293909022163306  0.41675847075359118  0.48482636546882923  0.49625836928138345  0.49347738186984391  4.96275156048931350e-01
 26  0.49525984592586358 -0.46475747206101736  0.49627512733358004  0.29274197217811737 -0.42390397908230731 -0.22437210907417715 -0.41430714577576022 -0.28102545690135616  0.48544541887904458  0.49626252881502492  0.49409960091137589  4.96275127333580040e-01
 27  0.49580976636850022 -0.46432241613334657  0.49627514266788225  0.29259154136657950  0.29212579320784959 -0.22442864825885811 -0.41411356555756312  0.41704355357730560  0.48560302982467451  0.49625530382566685  0.49343474263445491  4.96275142667882250e-01
 28  0.49503601401250297 -0.46506507708226147  0.49627437513163247 -0.41447908274523482 -0.22576321499975785 -0.22347330451640243  0.29267939471209242 -0.48552537226820836  0.48602270300510969  0.49626818614093710 -0.46450727765282251  4.96274375131632470e-01
 29  0.49558593445502236 -0.46463002115465246  0.49627439046604105 -0.41462951355650041  0.49026655729051655 -0.22352984370092371  0.29287297493002196  0.21254363821086211  0.48618031395068328  0.49626096115139440 -0.46517213592965712  4.96274390466041050e-01
 30  0.49505872174510412 -0.46475175023575160  0.49627436175054174  0.29268120020026878 -0.22570182123930266 -0.22317745488593541 -0.41437326106704669 -0.48524028944412412  0.48679936736099755  0.49626512068515766 -0.46454991688833785  4.96274361750541740e-01
 31  0.49560864218745310 -0.46431669430820782  0.49627437708512506  0.29253076938903977  0.49032795105102905 -0.22323399407082592 -0.41417968084921175  0.21282872103472664  0.48695697830693280  0.49625789569562828 -0.46521477516532728  4.96274377085125060e-01
 32  0.49532055871740976 -0.46590892573034010 -0.49627474477756855 -0.29248958745518050 -0.42888859105422117  0.48911428485050323  0.41422787666581251 -0.27606405464113398 -0.21573333458709071 -0.49626370925202473  0.49188900390432799  4.96274744777568550e-01
 33  0.49587047915990529 -0.46547386980245448 -0.49627472944302836 -0.29264001826639935  0.28714118123619703  0.48905774566580612  0.41442145688384363  0.42200495583768566 -0.21557572364130936 -0.49627093424125446  0.49122414562752470  4.96274729443028360e-01
 34  0.49534326644976306 -0.46559559888365704 -0.49627475815842720  0.41467069549018493 -0.42882719729333713  0.48941013448071696 -0.29282477911337540 -0.27577897181706484 -0.21495667023098722 -0.49626677470771913  0.49184636466892406  4.96274758158427200e-01
 35  0.49589318689240947 -0.46516054295596060 -0.49627474282390444  0.41452026467906661  0.28720257499661933  0.48935359529610140 -0.29263119889515360  0.42229003866168419 -0.21479905928520754 -0.49627399969730646  0.49118150639198566  4.96274742823904440e-01
 36  0.49511943453642687 -0.46590320390508261 -0.49627551036038575 -0.29255035943294921 -0.23068643321097157  0.49030893903879930  0.41416176137430200 -0.48027888718416128 -0.21437938610501847 -0.49626111738197815 -0.46676051389545203  4.96275510360385750e-01
 37  0.49566935497889231 -0.46546814797719954 -0.49627549502611751 -0.29270079024396117  0.48534333907928945  0.49025239985412700  0.41435534159249332  0.21779012329482292 -0.21422177515933100 -0.49626834237156131 -0.46742537217216568  4.96275495026117510e-01
 38  0.49514214226894554 -0.46558987705855098 -0.49627552374122264  0.41460992351270459 -0.23062503945047508  0.49060478866902196 -0.29289089440489563 -0.47999380436005429 -0.21360272174894032 -0.49626418283796342 -0.46680315313110959  4.96275523741222640e-01
 39  0.49569206271132837 -0.46515482113067674 -0.49627550840692980  0.41445949270140675  0.48540473283972269  0.49054824948443160 -0.29269731418673722  0.21807520611887668 -0.21344511080329470 -0.49627140782736623 -0.46746801140769395  4.96275508406929800e-01
 40  0.49532795711517824 -0.46314561987280034 -0.49627430794122668 -0.29269197396174451 -0.42881622489844401 -0.22030036667689865  0.41450389743203297 -0.27635653677288752  0.48905242923130920 -0.49626090090838987  0.49207762250284026  4.96274307941226680e-01
 41  0.49587787755785295 -0.46271056394516757 -0.49627429260665573 -0.29284240477262630  0.28721354739182348 -0.22035690586175513  0.41469747764999104  0.42171247370610926  0.48921004017714942 -0.49626812589795627  0.49141276422622909  4.96274292606655730e-01
 42  0.49535066484767765 -0.46283229302628753 -0.49627432132198773  0.41446830898391585 -0.42875483113794965 -0.22000451704665705 -0.29254875834716254 -0.27607145394864374  0.48982909358760196 -0.49626396636428205  0.49203498326749684  4.96274321321987730e-01
 43  0.49590058529031511 -0.46239723709843322 -0.49627430598767747  0.41431787817277149  0.28727494115254837 -0.22006105623123570 -0.29235517812910228  0.42199755653023513  0.48998670453307874 -0.49627119135390474  0.49137012499070370  4.96274305987677470e-01
 44  0.49512683293432064 -0.46313989804774486 -0.49627507352404338 -0.29275274593930078 -0.23061406705533696 -0.21910571248877414  0.41443778214060278 -0.48057136931563960  0.49040637771367773 -0.49625830903843859 -0.46657189529681370  4.96275073524043380e-01
 45  0.49567675337688022 -0.46270484211991464 -0.49627505818966816 -0.29290317675069349  0.48541570523490490 -0.21916225167332498  0.41463136235869524  0.21749764116325854  0.49056398865925571 -0.49626553402790324 -0.46723675357361488  4.96275058189668160e-01
 46  0.49514954066659955 -0.46282657120105797 -0.49627508690493694  0.41440753700612643 -0.23055267329481768 -0.21880986285825546 -0.29261487363851257 -0.48028628649169280  0.49118304206960178 -0.49626137449435637 -0.46661453453236468  4.96275086904936940e-01
 47  0.49569946110925067 -0.46239151527334788 -0.49627507157069040  0.41425710619500578  0.48547709899554736 -0.21886640204289901 -0.29242129342038337  0.21778272398738491  0.49134065301520458 -0.49626859948403018 -0.46727939280912689  4.96275071570690400e-01
 48  0.49525885464661151 -0.46396874648165687 -0.49627389061225569 -0.49576415034772203 -0.43267050680594032  0.49358117389769030  0.21092723648942938 -0.27216566132209197 -0.21122485620822512  0.46147962077006227  0.49031809357334566  4.96273890612255690e-01
 49  0.49580877508911264 -0.46353369055382893 -0.49627387527764771 -0.49591458115883269  0.28335926548438645  0.49352463471288160  0.21112081670770158  0.42590334915693612 -0.21106724526265341  0.46147239578059912  0.48965323529652677  4.96273875277647710e-01
 50  0.49528156237895526 -0.46365541963490298 -0.49627390399309379  0.21139613259778292 -0.43260911304540245  0.49387702352799345 -0.49612541928961390 -0.27188057849818220 -0.21044819185234656  0.46147655531433218  0.49027545433798636  4.96273903993093790e-01
 51  0.49583148282137463 -0.46322036370741132 -0.49627388865863009  0.21124570178656296  0.28342065924488025  0.49382048434324655 -0.49593183907130450  0.42618843198085937 -0.21029058090648703  0.46146933032470983  0.48961059606094742  4.96273888658630090e-01
 52  0.49505773046546347 -0.46396302465653172 -0.49627465619512434 -0.49582492232540515 -0.23446834896284580  0.49477582808591958  0.21086112119830894 -0.47638049386479453 -0.20987090772595784  0.46148221263999467 -0.46833142422635193  4.96274656195124340e-01
 53  0.49560765090806125 -0.46352796872866658 -0.49627464086056622 -0.49597535313658481  0.48156142332755608  0.49471928890095018  0.21105470141620961  0.22168851661411376 -0.20971329678039105  0.46147498765054157 -0.46899628250329128  4.96274640860566220e-01
 54  0.49508043819791991 -0.46364969780994086 -0.49627466957586774  0.21133536061994501 -0.23440695520229918  0.49507167771624722 -0.49619153458076160 -0.47609541104080366 -0.20909424337002222  0.46147914718410571 -0.46837406346195176  4.96274669575867740e-01
 55  0.49563035864065946 -0.46321464188204553 -0.49627465424163275  0.21118492980883380  0.48162281708792115  0.49501513853174800 -0.49599795436291977  0.22197359943809000 -0.20893663242443067  0.46147192219475403 -0.46903892173884471  4.96274654241632750e-01
 56  0.49526625304434263 -0.46120544062406910 -0.49627345377578080 -0.49596653685423964 -0.43259814065050456 -0.21583347762975263  0.21120325725566125 -0.27245814345370983  0.49356090761021987  0.46148242911358273  0.49050671217195174  4.96273453775780800e-01
 57  0.49581617348676810 -0.46077038469646386 -0.49627343844146804 -0.49611696766540059  0.28343163164006807 -0.21589001681427369  0.21139683747397167  0.42561086702537604  0.49371851855583143  0.46147520412414289  0.48984185389520968  4.96273438441468040e-01
 58  0.49528896077654294 -0.46089211377755773 -0.49627346715669601  0.21119374609127914 -0.43253674688977911 -0.21553762799933665 -0.49584939852333304 -0.27217306062965713  0.49433757196616562  0.46147936365762554  0.49046407293632505  4.96273467156696010e-01
 59  0.49583888121928182 -0.46045705785002089 -0.49627345182248417  0.21104331528014619  0.28349302540046389 -0.21559416718413085 -0.49565581830518585  0.42589594984920032  0.49449518291193595  0.46147213866826864  0.48979921465951098  4.96273451822484170e-01
 60  0.49506512886334181 -0.46119971879915111 -0.49627421935884847 -0.49602730883175777 -0.23439598280723581 -0.21463882344152979  0.21113714196428954 -0.47667297599643405  0.49491485609228769  0.46148502098364397 -0.46814280562783056  4.96274219358848470e-01
 61  0.49561504930583722 -0.46076466287124707 -0.49627420402427486 -0.49617773964292844  0.48163378948282376 -0.21469536262634606  0.21133072218246995  0.22139603448264100  0.49507246703796254  0.46147779599395694 -0.46880766390474243  4.96274204024274860e-01
 62  0.49508783659575911 -0.46088639195241010 -0.49627423273954374  0.21113297411360665 -0.23433458904674001 -0.21434297381096809 -0.49591551381476218 -0.47638789317236602  0.49569152044831638  0.46148195552760934 -0.46818544486326885  4.96274232739543740e-01
 63  0.49563775703835961 -0.46045133602470639 -0.49627421740525229  0.21098254330250302  0.48169518324361493 -0.21439951299562254 -0.49572193359655781  0.22168111730659110  0.49584913139417036  0.46147473053828314 -0.46885030314022569  4.96274217405252290e-01
 64 -0.49587506976969731 -0.49604688779618883  0.49627380759180229 -0.21090021959326624 -0.48384336523427296  0.41811373418894565  0.49569595504359926 -0.21891244821294001 -0.28704520634665348 -0.46147872871593426  0.46835947904904240  4.96273807591802290e-01
 65 -0.49532514932719174 -0.49561183186827784  0.49627382292630184 -0.21105065040440260  0.23218640705582425  0.41805719500439331  0.49588953526170604  0.47915656226596953 -0.28688759540096859 -0.46148595370545181  0.46769462077235613  4.96273822926301840e-01
 66 -0.49585236203712141 -0.49573356094949267  0.49627379421104251  0.49626006335220135 -0.48378197147381180  0.41840958381950427 -0.21135670073548926 -0.21862736538889121 -0.28626854199047058 -0.46148179417194368  0.46831683981363792  4.96273794211042510e-01
 67 -0.49530244159473108 -0.49529850502181139  0.49627380954548517  0.49610963254109325  0.23224780081652249  0.41835304463476836 -0.21116312051724945  0.47944164509019160 -0.28611093104476587 -0.46148901916141999  0.46765198153677279  4.96273809545485170e-01
 68 -0.49607619395068575 -0.49604116597087128  0.49627304200898320 -0.21096099157107798 -0.28564120739145410  0.41930838837738615  0.49562983975228930 -0.42312728075577161 -0.28569125786457045 -0.46147613684618038 -0.49029003875058602  4.96273042008983200e-01
 69 -0.49552627350812184 -0.49560611004323002  0.49627305734352500 -0.21111142238215888  0.43038856489897093  0.41925184919273889  0.49582341997026896  0.27494172972330116 -0.28553364691876593 -0.46148336183548067 -0.49095489702756195  4.96273057343525000e-01
 70 -0.49605348621831613 -0.49572783912430018  0.49627302862813555  0.49619929137457419 -0.28557981363074708  0.41960423800755170 -0.21142281602683374 -0.42284219793155764 -0.28491459350826853 -0.46147920230197037 -0.49033267798594193  4.96273028628135550e-01
 71 -0.49550356577566190 -0.49529278319676234  0.49627304396259803  0.49604886056333442  0.43044995865943247  0.41954769882288329 -0.21122923580887293  0.27522681254721465 -0.28475698256291088 -0.46148642729141820 -0.49099753626301190  4.96273043962598030e-01
 72 -0.49586767137178883 -0.49328358193869137  0.49627424442833701 -0.21110260609978862 -0.48377099907881504 -0.29130091733846752  0.49597197580968172 -0.21920493034456148  0.41774055747207411 -0.46147592037235757  0.46854809764774996  4.96274244428337010e-01
 73 -0.49531775092931346 -0.49284852601085549  0.49627425976275391 -0.21125303691071826  0.23225877321147015 -0.29135745652301182  0.49616555602780804  0.47886408013443166  0.41789816841761740 -0.46148314536177582  0.46788323937103415  4.96274259762753910e-01
 74 -0.49584496363946035 -0.49297025509218140  0.49627423104729829  0.49605767684593599 -0.48370960531831336 -0.29100506770789686 -0.21108067996933869 -0.21891984752042135  0.41851722182786044 -0.46147898582828700  0.46850545841226532  4.96274231047298290e-01
 75 -0.49529504319702766 -0.49253519916429728  0.49627424638174389  0.49590724603470687  0.23232016697204358 -0.29106160689271865 -0.21088709975115591  0.47914916295834226  0.41867483277363832 -0.46148621081778168  0.46784060013521350  4.96274246381743890e-01
 76 -0.49606879555270922 -0.49327786011343766  0.49627347884544881 -0.21116337807751501 -0.28556884123579473 -0.29010626314997201  0.49590586051833074 -0.42341976288732869  0.41909450595377662 -0.46147332850255485 -0.49010142015196290  4.96273478845448810e-01
 77 -0.49551887511029469 -0.49284280418583565  0.49627349417988736 -0.21131380888852949  0.43046093105444122 -0.29016280233480801  0.49609944073648160  0.27464924759150516  0.41925211689977654 -0.46148055349190364 -0.49076627842880566  4.96273494179887360e-01
 78 -0.49604608782053139 -0.49296453326678802  0.49627346546450346  0.49599690486816089 -0.28550744747520401 -0.28981041351972425 -0.21114679526072691 -0.42313468006343680  0.41987117031015064 -0.46147639395836998 -0.49014405938729111  4.96273465464503460e-01
 79 -0.49549616737790103 -0.49252947733908164  0.49627348079892963  0.49584647405682492  0.43052232481515484 -0.28986695270448781 -0.21095321504247516  0.27493433041574850  0.42002878125585502 -0.46148361894766193 -0.49080891766441465  4.96273480798929630e-01
 80 -0.49593677384054180 -0.49410670854752414  0.49627466175716278 -0.41417478248570999 -0.48762528098623076  0.42258062323610374  0.29239531486731979 -0.21501405489376560 -0.28253672796784474  0.49626460130604733  0.46678856871819124  4.96274661757162780e-01
 81 -0.49538685339804395 -0.49367165261988583  0.49627467709166556 -0.41432521329690508  0.22840449130402929  0.42252408405152359  0.29258889508538666  0.48305495558516293 -0.28237911702204149  0.49625737631661793  0.46612371044127032  4.96274677091665560e-01
 82 -0.49591406610811006 -0.49379338170094328  0.49627464837622104  0.29298550045964800 -0.48756388722563265  0.42287647286651842 -0.41465734091155637 -0.21472897206977642 -0.28176006361181649  0.49626153585009869  0.46674592948267124  4.96274648376221040e-01
 83 -0.49536414566559239 -0.49335832577331079  0.49627466371074291  0.29283506964850664  0.22846588506462953  0.42281993368174353 -0.41446376069352603  0.48334003840913115 -0.28160245266601924  0.49625431086068161  0.46608107120567149  4.96274663710742910e-01
 84 -0.49613789802165759 -0.49410098672245162  0.49627389617442669 -0.41423555446338223 -0.28942312314324747  0.42377527742447030  0.29232919957596776 -0.41922888743660075 -0.28118277948571974  0.49626719317608547 -0.49186094908168709  4.96273896174426690e-01
 85 -0.49558797757889178 -0.49366593079458726  0.49627391150859734 -0.41438598527465870  0.42660664914704816  0.42371873823989725  0.29252277979397739  0.27884012304225930 -0.28102516854000575  0.49625996818648305 -0.49252580735844226  4.96273911508597340e-01
 86 -0.49611519028909040 -0.49378765987595435  0.49627388279336643  0.29292472848209350 -0.28936172938262000  0.42407112705493211 -0.41472345620325030 -0.41894380461249237 -0.28040611512954922  0.49626412772006961 -0.49190358831706504  4.96273882793366430e-01
 87 -0.49556526984666804 -0.49335260394806552  0.49627389812781686  0.29277429767068364  0.42666804290769583  0.42401458787019863 -0.41452987598504820  0.27912520586645440 -0.28024850418403591  0.49625690273060430 -0.49256844659385257  4.96273898127816860e-01
 88 -0.49592937544296678 -0.49134340269019355  0.49627509859374741 -0.41437716899229410 -0.48755291483051094 -0.28683402829117849  0.29267133563379083 -0.21530653702531952  0.42224903585073070  0.49626740964976729  0.46697718731664167  4.96275098593747410e-01
 89 -0.49537945500022174 -0.49090834676253148  0.49627511392807611 -0.41452759980337561  0.22847685745969185 -0.28689056747583053  0.29286491585166230  0.48276247345369960  0.42240664679636031  0.49626018466018151  0.46631232903991587  4.96275113928076110e-01
 90 -0.49590666771044661 -0.49103007584334957  0.49627508521255864  0.29278311395328921 -0.48749152106995325 -0.28653817866074432 -0.41438132014549595 -0.21502145420130162  0.42302570020649016  0.49626434419365234  0.46693454808108870  4.96275085212558640e-01
 91 -0.49535674726785633 -0.49059501991573895  0.49627510054708773  0.29263268314199614  0.22853825122023072 -0.28659471784545182 -0.41418773992726243  0.48304755627760931  0.42318331115250168  0.49625711920424503  0.46626968980431638  4.96275100547087730e-01
 92 -0.49613049962371536 -0.49133768086503765  0.49627433301069901 -0.41443794096988035 -0.28935075698765261 -0.28563937410296691  0.29260522034225778 -0.41952136956816627  0.42360298433291166  0.49627000151948142 -0.49167233048286435  4.96274333010699010e-01
 93 -0.49558057918119403 -0.49090262493714659  0.49627434834506001 -0.41458837178124242  0.42667901530263552 -0.28569591328759508  0.29279880056040331  0.27854764091080747  0.42376059527845289  0.49626277653002976 -0.49233718875976018  4.96274348345060010e-01
 94 -0.49610779189158505 -0.49102435401840583  0.49627431962977314  0.29272234197550906 -0.28928936322715898 -0.28534352447242839 -0.41444743543695051 -0.41923628674412611  0.42437964868890227  0.49626693606367817 -0.49171496971846379  4.96274319629773140e-01
 95 -0.49555787144875996 -0.49058929809056279  0.49627433496409895  0.29257191116436526  0.42674040906325073 -0.28540006365703607 -0.41425385521880786  0.27883272373486961  0.42453725963449168  0.49625971107400729 -0.49237982799524899  4.96274334964098950e-01
 96 -0.49584595491888145 -0.49218152951277994 -0.49627478689841698 -0.29244844567982353 -0.49247613304181231  0.42694821526385002  0.41415370229603465 -0.21006005194117147 -0.27815305325948109 -0.49626189387315123  0.46472395107424064  4.96274786898416980e-01
 97 -0.49529603447619613 -0.49174647358516804 -0.49627477156397515 -0.29259887649110794  0.22355363924843052  0.42689167607919787  0.41434728251420916  0.48800895853765847 -0.27799544231370354 -0.49626911886270952  0.46405909279746582  4.96274771563975150e-01
 98 -0.49582324718663523 -0.49186820266635722 -0.49627480027945209  0.41471183726560412 -0.49241473928124424  0.42724406489417110 -0.29289895348313666 -0.20977496911716120 -0.27737638890341260 -0.49626495932903092  0.46468131183856026  4.96274800279452090e-01
 99 -0.49527332674400704 -0.49143314673846006 -0.49627478494478255  0.41456140645441086  0.22361503300892460  0.42718752570958018 -0.29270537326485235  0.48829404136186966 -0.27721877795764183 -0.49627218431850140  0.46401645356183246  4.96274784944782550e-01
100 -0.49604707909984669 -0.49217580768754360 -0.49627555248146155 -0.29250921765751642 -0.29427397519878057  0.42814286945210056  0.41408758700460291 -0.41427488448380378 -0.27679910477729847 -0.49625930200340601 -0.49392556672534133  4.96275552481461550e-01
101 -0.49549715865711691 -0.49174075175985682 -0.49627553714671768 -0.29265964846879722  0.42175579709160016  0.42808633026759446  0.41428116722263170  0.28379412599516740 -0.27664149383162229 -0.49626652699290374 -0.49459042500252376  4.96275537146717680e-01
102 -0.49602437136745053 -0.49186248084110540 -0.49627556586226684  0.41465106528787787 -0.29421258143823914  0.42843871908252290 -0.29296506877445749 -0.41398980165999844 -0.27602244042127339 -0.49626236745932201 -0.49396820596116392  4.96275565862266840e-01
103 -0.49547445092478865 -0.49142742491326497 -0.49627555052775080  0.41450063447671798  0.42181719085194153  0.42838217989782018 -0.29277148855634672  0.28407920881903459 -0.27586482947552854 -0.49626959244865548 -0.49463306423789788  4.96275550527750800e-01
104 -0.49583855652113995 -0.48941822365549886 -0.49627435006195608 -0.29265083218617843 -0.49240376688604082 -0.28246643626343337  0.41442972306226206 -0.21035253407287660  0.42663271055906787 -0.49625908552968079  0.46491256967270450  4.96274350061956080e-01
105 -0.49528863607846346 -0.48898316772758887 -0.49627433472749410 -0.29280126299740611  0.22362600540400360 -0.28252297544822391  0.41462330328025626  0.48771647640608806  0.42679032150477564 -0.49626631051920073  0.46424771139614307  4.96274334727494100e-01
106 -0.49581584878871521 -0.48910489680875147 -0.49627436344306147  0.41450945075914586 -0.49234237312576773 -0.28217058663303934 -0.29262293271690060 -0.21006745124882789  0.42740937491506126 -0.49626215098568116  0.46486993043709518  4.96274363443061470e-01
107 -0.49526592834613847 -0.48866984088106208 -0.49627434810856319  0.41435901994801344  0.22368739916449829 -0.28222712581782644 -0.29242935249867641  0.48800155923020172  0.42756698586082326 -0.49626937597513510  0.46420507216046653  4.96274348108563190e-01
108 -0.49603968070199495 -0.48941250183011509 -0.49627511564491478 -0.29271160416391290 -0.29420160904309484 -0.28127178207515724  0.41436360777085629 -0.41456736661559451  0.42798665904115246 -0.49625649365989333 -0.49373694812682495  4.96275115644914780e-01
109 -0.49548976025936209 -0.48897744590230913 -0.49627510031062594 -0.29286203497503593  0.42182816324713751 -0.28132832125988361  0.41455718798876473  0.28350164386340010  0.42814426998692506 -0.49626371864922442 -0.49440180640379350  4.96275100310625940e-01
110 -0.49601697296969499 -0.48909917498354594 -0.49627512902580434  0.41444867878157987 -0.29414021528252765 -0.28097593244483809 -0.29268904800832352 -0.41428228379145376  0.42876332339713924 -0.49625955911557268 -0.49377958736247635  4.96275129025804340e-01
111 -0.49546705252706319 -0.48866411905583823 -0.49627511369138055  0.41429824797033760  0.42188955700751574 -0.28103247162949740 -0.29249546779018037  0.28378672668728239  0.42892093434293105 -0.49626678410507646 -0.49444444563939044  4.96275113691380550e-01
112 -0.49590765898977224 -0.49024135026424648 -0.49627393273291143 -0.49572300857231733 -0.49625804879377272  0.43141510431103475  0.21085306211975829 -0.20616165862191688 -0.27364457488068172  0.46148143614873371  0.46315304074321323  4.96273932732911430e-01
113 -0.49535773854731924 -0.48980629433647793 -0.49627391739884391 -0.49587343938355422  0.21977172349667243  0.43135856512650039  0.21104664233788986  0.49190735185706536 -0.27348696393488703  0.46147421115927739  0.46248818246634743  4.96273917398843910e-01
114 -0.49588495125731624 -0.48992802341768499 -0.49627394611398618  0.21143727437313822 -0.49619665503310406  0.43171095394142189 -0.49619959365924332 -0.20587657579792093 -0.27286791052463555  0.46147837069278858  0.46311040150771593  4.96273946113986180e-01
115 -0.49533503081486502 -0.48949296749000970 -0.49627393077973758  0.21128684356182428  0.21983311725710836  0.43165441475690375 -0.49600601344129758  0.49219243468106855 -0.27271029957874077  0.46147114570354736  0.46244554323101339  4.96273930779737580e-01
116 -0.49610878317080448 -0.49023562843896495 -0.49627469831602361 -0.49578378055003647 -0.29805589095066748  0.43260975849934602  0.21078694682833449 -0.41037649116470704 -0.27229062639858048  0.46148402801875804 -0.49549647705645994  4.96274698316023610e-01
117 -0.49555886272814981 -0.48980057251124487 -0.49627468298151078 -0.49593421136131977  0.41797388133962826  0.43255321931468632  0.21098052704644144  0.28769251931430140 -0.27213301545287433  0.46147680302917682 -0.49616133533356843  4.96274682981510780e-01
118 -0.49608607543831013 -0.48992230159247691 -0.49627471169700704  0.21137650239524108 -0.29799449719003790  0.43290560812964018 -0.49626570895075667 -0.41009140834070357 -0.27151396204237865  0.46148096256262994 -0.49553911629208547  4.96274711697007040e-01
119 -0.49553615499572873 -0.48948724566476287 -0.49627469636247246  0.21122607158434797  0.41803527510023752  0.43284906894501907 -0.49607212873253836  0.28797760213829593 -0.27135635109682138  0.46147373757319743 -0.49620397456883164  4.96274696362472460e-01
120 -0.49590026059202802 -0.48747804440687531 -0.49627349589669706 -0.49592539507875183 -0.49618568263821500 -0.27799954721628367  0.21112908288600712 -0.20645414075363605  0.43114118893786957  0.46148424449237851  0.46334165934186244  4.96273495896697060e-01
121 -0.49535034014948154 -0.48704298847915611 -0.49627348056235004 -0.49607582588989202  0.21984408965223193 -0.27805608640091534  0.21132266310419057  0.49161486972534130  0.43129879988350611  0.46147701950293418  0.46267680106488329  4.96273480562350040e-01
122 -0.49587755285960416 -0.48716471756020985 -0.49627350927769298  0.21123488786670996 -0.49612428887764282 -0.27770369758585128 -0.49592357289311817 -0.20616905792957974  0.43191785329386168  0.46148117903656594  0.46329902010638402  4.96273509277692980e-01
123 -0.49532763241707262 -0.48672966163249332 -0.49627349394325521  0.21108445705549442  0.21990548341271590 -0.27776023677075795 -0.49572999267500195  0.49189995254933588  0.43207546423959131  0.46147395404689157  0.46263416182920114  4.96273493943255210e-01
124 -0.49610138477289650 -0.48747232258171524 -0.49627426147971754 -0.49598616705652182 -0.29798352479517304 -0.27680489302802497  0.21106296759459242 -0.41066897329646468  0.43249513742007328  0.46148683636223781 -0.49530785845783554  4.96274261479717540e-01
125 -0.49555146433051356 -0.48703726665388775 -0.49627424614516358 -0.49613659786769088  0.41804624749511232 -0.27686143221264747  0.21125654781268541  0.28740003718252155  0.43265274836570911  0.46147961137295490 -0.49597271673472093  4.96274246145163580e-01
126 -0.49607867704070069 -0.48715899573506033 -0.49627427486065023  0.21117411588879731 -0.29792213103463061 -0.27650904339785248 -0.49598968818465228 -0.41038389047226481  0.43327180177603197  0.46148377090646348 -0.49535049769348682  4.96274274860650230e-01
127 -0.49552875659798995 -0.48672393980727990 -0.49627425952608073  0.21102368507765240  0.41810764125571320 -0.27656558258223224 -0.49579610796655244  0.28768512000667562  0.43342941272166319  0.46147654591684234 -0.49601535597040219  4.96274259526080730e-01

