
  0 -0.29071822332093616  0.46764818696711291  0.46766160403407014  0.29070429767182437 -0.46764528611448991  0.23946712951551413  0.46762518093361038 -0.23945284569355579 -0.23946837047014535 -0.41641301360586924  0.46766260021074174 -0.41637594978780601  0.46765584677372407  4.67662600210741740e-01
  1  0.41638372394951656  0.46764841097285298  0.46766033524710365  0.29072590641008073 -0.46765187932613134  0.23946127824922864  0.46762640899762475 -0.23945004446342472 -0.23946795291886011 -0.41637770873289370  0.46765909388139754  0.29073566406382817  0.46765745910441991  4.67660335247103650e-01
  2 -0.29071283868003323  0.46765659096558648  0.46766173398144112  0.29070907794878043  0.23946230145033801  0.23946340733994165  0.46764685760912172 -0.23945179246515158  0.46763760364754225 -0.41639178230187734  0.46766220877117071 -0.41637516001978675  0.46765924708659862  4.67662208771170710e-01
  3  0.41638910859046052  0.46765681497125122  0.46766046519450516  0.29073068668688107  0.23945570823850684  0.23945755607380054  0.46764808567279653 -0.23944899123513363  0.46763802119892151 -0.41635647742890497  0.46765870244185981  0.29073645383191477  0.46766085941719071  4.67660859417190710e-01
  4 -0.29072561289761034  0.46765221984549687  0.46766364121362092  0.46758065539259747 -0.29070342579137343  0.23947577638440318  0.46762903982655391 -0.23944697817546404 -0.41641264298761788 -0.23955190441796437  0.46766179472261643 -0.41637890884466849 -0.46766078651751025  4.67663641213620920e-01
  5  0.41637633437294563  0.46765244385116533  0.46766237242636138  0.46760226413076650 -0.29071001900311361  0.23946992511800166  0.46763026789025913 -0.23944417694534534 -0.41641222543614875 -0.23951659954487317  0.46765828839308898  0.29073270500706239 -0.46765917418686531  4.67662372426361380e-01
  6 -0.29072022825660743  0.46766062384384949  0.46766377116083374  0.46758543566963839  0.41640416177335543  0.23947205420874790  0.46765071650184981 -0.23944592494712230  0.29069333113014029 -0.23953067311390497  0.46766140328288247 -0.41637811907689237 -0.46765738620471581  4.67663771160833740e-01
  7  0.41638171901384480  0.46766084784946449  0.46766250237393103  0.46760704440780876  0.41639756856161314  0.23946620294252557  0.46765194456586373 -0.23944312371711945  0.29069374868139181 -0.23949536824094322  0.46765789695349597  0.29073349477487914 -0.46765577387403012  4.67662502373931030e-01
  8 -0.29071672904083290 -0.23945825904226589  0.46766166594337094  0.29069692183870766 -0.46764240072709651  0.23945881870548863  0.46763114786980814  0.46765427055534109 -0.23946390548415430 -0.41640614049448865  0.46766415918373927 -0.41638002142289993  0.46765683970845912  4.67664159183739270e-01
  9  0.41638521822958985 -0.23945803503665272  0.46766039715629548  0.29071853057688718 -0.46764899393875914  0.23945296743915409  0.46763237593360096  0.46765707178538252 -0.23946348793281197 -0.41637083562147043  0.46766065285431579  0.29073159242882524  0.46765845203902495  4.67660652854315790e-01
 10 -0.29071134439993768 -0.23944985504404012  0.46766179589080348  0.29070170211566188  0.23946518683755677  0.23945509652997021  0.46765282454502138  0.46765532378368085  0.46764206863369184 -0.41638490919031357  0.46766376774416096 -0.41637923165496787  0.46766024002131884  4.67663767744160960e-01
 11  0.41639060287057822 -0.23944963103840036  0.46766052710377970  0.29072331085383574  0.23945859362584232  0.23944924526376524  0.46765405260889165  0.46765812501386589  0.46764248618498555 -0.41634960431756124  0.46766026141474787  0.29073238219704139  0.46766185235177671  4.67661852351776710e-01
 12 -0.29072411861743702 -0.23945422616406728  0.46766370312271588  0.46757327955949324 -0.29070054040424942  0.23946746557433538  0.46763500676261927  0.46766013807366030 -0.41640817800146984 -0.23954503130652033  0.46766335369540024 -0.41638298047967148 -0.46765979358285387  4.67663703122715880e-01
 13  0.41637782865285100 -0.23945400215842400  0.46766243433575888  0.46759488829781165 -0.29070713361591033  0.23946161430805996  0.46763623482652816  0.46766293930358765 -0.41640776045016836 -0.23950972643362220  0.46765984736598809  0.29072863337202659 -0.46765818125224234  4.67662939303587650e-01
 14 -0.29071873397654274 -0.23944582216587854  0.46766383307009385  0.46757805983656925  0.41640704716054311  0.23946374339874218  0.46765668343780459  0.46766119130179440  0.29069779611620272 -0.23952380000253629  0.46766296225583942 -0.41638219071174226 -0.46765639327001701  4.67663833070093850e-01
 15  0.41638321329403311 -0.23944559816023583  0.46766256428319247  0.46759966857466184  0.41640045394893332  0.23945789213245106  0.46765791150176744  0.46766399253181828  0.29069821366753579 -0.23948849512957257  0.46765945592633440  0.29072942313992928 -0.46765478093923185  4.67663992531818280e-01
 16 -0.23944689730610472  0.23944831200846617 -0.46766342717557718  0.23945738002675718 -0.41640705932683969  0.29074147593985283  0.41635154366524713 -0.46765171274378819 -0.29070009660395135 -0.46765628959070582  0.46766291133846516 -0.46764213097243457  0.46765572975696451  4.67663427175577180e-01
 17  0.46765504996446888  0.23944853601415034 -0.46766469596262256  0.23947898876488566 -0.41641365253856688  0.29073562467346276  0.41635277172913815 -0.46764891151371818 -0.29069967905261762 -0.46762098471789110  0.46765940500922865  0.23946948287939740  0.46765734208765147  4.67664695962622560e-01
 18 -0.23944151266513891  0.23945671600664173 -0.46766329722833938  0.23946216030369474  0.29070052823785042  0.29073775376430899  0.41637322034072555 -0.46765065951551393  0.41640587751390401 -0.46763505828667434  0.46766251989928753 -0.46764134120445139  0.46765913006984883  4.67663297228339380e-01
 19  0.46766043460525814  0.23945694001228521 -0.46766456601499334  0.23948376904185947  0.29069393502608432  0.29073190249798309  0.41637444840441762 -0.46764785828538469  0.41640629506502103 -0.46759975341385579  0.46765901356970802  0.23947027264729653  0.46766074240044092  4.67664566014993340e-01
 20 -0.23945428688273795  0.23945234488663575 -0.46766138999619589  0.41633373774746457 -0.23946519900395311  0.29075012280862572  0.41635540255817027 -0.46764584522569347 -0.46764436912145840 -0.29079518040290381  0.46766210585036833 -0.46764509002936161 -0.46766090353431528  4.67662105850368330e-01
 21  0.46764766038774125  0.23945256889233293 -0.46766265878305985  0.41635534648580835 -0.23947179221552695  0.29074427154246213  0.41635663062205974 -0.46764304399554868 -0.46764395157006150 -0.29075987553013732  0.46765859952082006  0.23946652382231343 -0.46765929120364846  4.67662658783059850e-01
 22 -0.23944890224180446  0.23946074888486132 -0.46766126004883735  0.41633851802449595  0.46764238856076912  0.29074640063316737  0.41637707923361100 -0.46764479199743625  0.23946160499634422 -0.29077394909871207  0.46766171441078935 -0.46764430026135678 -0.46765750322137178  4.67661714410789350e-01
 23  0.46765304502852667  0.23946097289054505 -0.46766252883573312  0.41636012676272088  0.46763579534906624  0.29074054936682103  0.41637830729750414 -0.46764199076736768  0.23946202254759760 -0.29073864422592754  0.46765820808141484  0.23946731359040505 -0.46765589089082132  4.67662528835733120e-01
 24 -0.23944540302600933 -0.46765813400120698 -0.46766336526626340  0.23945000419367310 -0.41640417393945844  0.29073316512964759  0.41635751060156884  0.23945540350490985 -0.29069563161774814 -0.46764941647952524  0.46766447031156094 -0.46764620260754808  0.46765672269169539  4.67664470311560940e-01
 25  0.46765654424434039 -0.46765790999560852 -0.46766463405327963  0.23947161293187605 -0.41641076715113245  0.29072731386346679  0.41635873866518053  0.23945820473514548 -0.29069521406658272 -0.46761411160642929  0.46766096398216528  0.23946541124417384  0.46765833502233073  4.67664634053279630e-01
 26 -0.23944001838505807 -0.46764973000298771 -0.46766323531886117  0.23945478447054544  0.29070341362512231  0.29072944295410452  0.41637918727683709  0.23945645673337196  0.41641034249979131 -0.46762818517530302  0.46766407887204753 -0.46764541283945998  0.46766012300463222  4.67664078872047530e-01
 27  0.46766192888524677 -0.46764950599725447 -0.46766450410596211  0.23947639320877714  0.29069682041338413  0.29072359168798523  0.41638041534056353  0.23945925796353831  0.41641076005110422 -0.46759288030233925  0.46766057254252824  0.23946620101221880  0.46766173533513866  4.67664504105962110e-01
 28 -0.23945279260265731 -0.46765410112293104 -0.46766132808686534  0.41632636191454625 -0.23946231361655129  0.29074181199853694  0.41636136949432190  0.23946127102315634 -0.46763990413527706 -0.29078830729143701  0.46766366482327310 -0.46764916166434833 -0.46765991059951612  4.67663664823273100e-01
 29  0.46764915466774071 -0.46765387711721268 -0.46766259687388445  0.41634797065276163 -0.23946890682842503  0.29073596073235330  0.41636259755843885  0.23946407225328484 -0.46763948658401178 -0.29075300241856517  0.46766015849391990  0.23946245218733853 -0.46765829826903349  4.67662596873884450e-01
 30 -0.23944740796167652 -0.46764569712466786 -0.46766119813947754  0.41633114219141626  0.46764527394801925  0.29073808982309740  0.41638304616977451  0.23946232425157088  0.23946606998234787 -0.29076707598759632  0.46766327338354252 -0.46764837189628317 -0.46765651028677013  4.67663273383542520e-01
 31  0.46765453930879392 -0.46764547311897936 -0.46766246692641250  0.41635275092961205  0.46763868073647868  0.29073223855675218  0.41638427423367042  0.23946512548160687  0.23946648753361541 -0.29073177111456550  0.46765976705439405  0.23946324195539143 -0.46765489795617771  4.67662466926412500e-01
 32 -0.29071970205912689  0.46764922307547829  0.46766298536134449  0.29072685672241816 -0.46763873367639358 -0.46760475246571936 -0.23951649722185112 -0.23945415272758683 -0.23945696758701446 -0.41640270970919718  0.46766263832575200 -0.41637909502375353  0.46765168938444074  4.67662985361344490e-01
 33  0.41638224521134881  0.46764944708092165  0.46766171657429129  0.29074846546053706 -0.46764532688815708 -0.46761060373186097 -0.23951526915793508 -0.23945135149753144 -0.23945655003580102 -0.41636740483634538  0.46765913199632736  0.29073251882808576  0.46765330171519920  4.67661716574291290e-01
 34 -0.29071431741824433  0.46765762707357178  0.46766311530862859  0.29073163699934607  0.23946885388822306 -0.46760847464105726 -0.23949482054648363 -0.23945309949920887  0.46764900653063685 -0.41638147840535200  0.46766224688618668 -0.41637830525561864  0.46765508969727926  4.67663115308628590e-01
 35  0.41638762985218530  0.46765785107916452  0.46766184652154985  0.29075324573758160  0.23946226067650811 -0.46761432590741214 -0.23949359248258656 -0.23945029826917474  0.46764942408208576 -0.41634617353231612  0.46765874055677847  0.29073330859602747  0.46765670202789555  4.67661846521549850e-01
 36 -0.29072709163582505  0.46765325595366380  0.46766502254065923  0.46760321444313846 -0.29069687335352606 -0.46759610559689335 -0.23951263832898251 -0.23944828520958156 -0.41640124010457369 -0.23954160052143411  0.46766183283737278 -0.41638205408057982 -0.46766494390688618  4.67665022540659230e-01
 37  0.41637485563469789  0.46765347995928774  0.46766375375374752  0.46762482318135140 -0.29070346656516921 -0.46760195686300249 -0.23951141026496875 -0.23944548397937199 -0.41640082255315458 -0.23950629564853035  0.46765832650802136  0.29072955977123366 -0.46766333157613488  4.67663753753747520e-01
 38 -0.29072170699482131  0.46766165995180242  0.46766515248819618  0.46760799471997078  0.41641071421115150 -0.46759982777219172 -0.23949096165355652 -0.23944723198112919  0.29070473401329766 -0.23952036921733866  0.46766144139779353 -0.41638126431260458 -0.46766154359393119  4.67665152488196180e-01
 39  0.41638024027554155  0.46766188395743347  0.46766388370118589  0.46762960345830085  0.41640412099950752 -0.46760567903855649 -0.23948973358971928 -0.23944443075108046  0.29070515156448140 -0.23948506434441924  0.46765793506853776  0.29073034953914256 -0.46765993126331146  4.67663883701185890e-01
 40 -0.29071820777908863 -0.23945722293421023  0.46766304727051566  0.29071948088924543 -0.46763584828916677 -0.46761306327557611 -0.23951053028567276  0.46765296352114988 -0.23945250260087508 -0.41639583659782592  0.46766419729849096 -0.41638316665853836  0.46765268231916740  4.67664197298490960e-01
 41  0.41638373949136176 -0.23945699892860864  0.46766177848361856  0.29074108962737205 -0.46764244150091272 -0.46761891454182763 -0.23950930222177955  0.46765576475134840 -0.23945208504965146 -0.41636053172499021  0.46766069096930790  0.29072844719317897  0.46765429464974612  4.67661778483618560e-01
 42 -0.29071282313817914 -0.23944881893609329  0.46766317721790740  0.29072426116609956  0.23947173927555240 -0.46761678545112140 -0.23948885361043232  0.46765401674960527  0.46765347151666425 -0.41637460529388254  0.46766380585917688 -0.41638237689053215  0.46765608263188202  4.67663805859176880e-01
 43  0.41638912413228124 -0.23944859493044110  0.46766190843101629  0.29074586990441875  0.23946514606379482 -0.46762263671746335 -0.23948762554646449  0.46765681797962433  0.46765388906792449 -0.41633930042087519  0.46766029952971372  0.29072923696111169  0.46765769496265913  4.67661908431016290e-01
 44 -0.29072559735587794 -0.23945319005593182  0.46766508444990840  0.46759583860990461 -0.29069398796623125 -0.46760441640684419 -0.23950667139282103  0.46765883103936101 -0.41639677511839551 -0.23953472740989504  0.46766339181031863 -0.41638612571562522 -0.46766395097216495  4.67665084449908400e-01
 45  0.41637634991471895 -0.23945296605026259  0.46766381566294912  0.46761744734823030 -0.29070058117786529 -0.46761026767306607 -0.23950544332881285  0.46766163226932778 -0.41639635756704091 -0.23949942253711304  0.46765988548093679  0.29072548813621857 -0.46766233864150547  4.67663815662949120e-01
 46 -0.29072021271473880 -0.23944478605778971  0.46766521439731795  0.46760061888699495  0.41641359959852015 -0.46760813858228900 -0.23948499471738616  0.46765988426768684  0.29070919899918363 -0.23951349610591366  0.46766300037068259 -0.41638533594759314 -0.46766055065925322  4.67665214397317950e-01
 47  0.41638173455565752 -0.23944456205200901  0.46766394561038022  0.46762222762517092  0.41640700638660372 -0.46761398984856217 -0.23948376665341947  0.46766268549781420  0.29070961655059141 -0.23947819123308692  0.46765949404140106  0.29072627790423250 -0.46765893832860855  4.67663945610380220e-01
 48 -0.23944837604441435  0.23944934811651875 -0.46766204584839099  0.23947993907735982 -0.41640050688894792 -0.41633040604138971 -0.29079013449010316 -0.46765301977785834 -0.29068869372075923 -0.46764598569425403  0.46766294945356573 -0.46764527620828050  0.46765157236767657  4.67662949453565730e-01
 49  0.46765357122609852  0.23944957212231469 -0.46766331463533228  0.23950154781553490 -0.41640710010063503 -0.41633625730753959 -0.29078890642623850 -0.46765021854774547 -0.29068827616961490 -0.46761068082139667  0.46765944312417956  0.23946633764342565  0.46765318469831862  4.67663314635332280e-01
 50 -0.23944299140337266  0.23945775211471379 -0.46766191590107320  0.23948471935418722  0.29070708067581075 -0.41633412821691823 -0.29076845781486760 -0.46765196654957686  0.41641728039687592 -0.46762475439038176  0.46766255801396994 -0.46764448644028211  0.46765497268055484  4.67662558013969940e-01
 51  0.46765895586697359  0.23945797612043004 -0.46766318468802875  0.23950632809242875  0.29070048746410793 -0.41633997948310059 -0.29076722975100844 -0.46764916531934470  0.41641769794815847 -0.46758944951737880  0.46765905168455030  0.23946712741135762  0.46765658501112806  4.67663184688028750e-01
 52 -0.23945576562100862  0.23945338099495020 -0.46766000866897467  0.41635629679825786 -0.23945864656603696 -0.41632175917253084 -0.29078627559723080 -0.46764715225990033 -0.46763296623829276 -0.29078487650635271  0.46766214396535571 -0.46764823526516502 -0.46766506092358084  4.67665060923580840e-01
 53  0.46764618164939709  0.23945360500046700 -0.46766127745601499  0.41637790553645487 -0.23946523977766876 -0.41632761043872379 -0.29078504753333950 -0.46764435102969870 -0.46763254868695181 -0.29074957163347759  0.46765863763580584  0.23946337858654348 -0.46766344859282782  4.67663448592827820e-01
 54 -0.23945038098000690  0.23946178499297777 -0.46765987872155851  0.41636107707502995  0.46764894099879545 -0.41632548134796055 -0.29076459892195927 -0.46764609903147120  0.23947300787947665 -0.29076364520226750  0.46766175252565839 -0.46764744549712844 -0.46766166061078646  4.67661752525658390e-01
 55  0.46765156629027149  0.23946200899855818 -0.46766114750856780  0.41638268581311605  0.46764234778707819 -0.41633133261420541 -0.29076337085796122 -0.46764329780123637  0.23947342543075098 -0.29072834032946071  0.46765824619626173  0.23946416835455686 -0.46766004827993712  4.67661147508567800e-01
 56 -0.23944688176444590 -0.46765709789299853 -0.46766198393908642  0.23947256324423158 -0.41639762150169052 -0.41633871685144719 -0.29078416755399145  0.23945409647092480 -0.29068422873484634 -0.46763911258301821  0.46766450842643109 -0.46764934784322315  0.46765256530242189  4.67664508426431090e-01
 57  0.46765506550613650 -0.46765687388756738 -0.46766325272608134  0.23949417198241768 -0.41640421471333899 -0.41634456811761028 -0.29078293949006473  0.23945689770112055 -0.29068381118349196 -0.46760380770998894  0.46766100209718031  0.23946226600848627  0.46765417763301304  4.67663252726081340e-01
 58 -0.23944149712341292 -0.46764869389483799 -0.46766185399172289  0.23947734352102723  0.29070996606316440 -0.41634243902688750 -0.29076249087868578  0.23945514969941273  0.41642174538295529 -0.46761788127899334  0.46766411698707455 -0.46764855807524952  0.46765596561532691  4.67664116987074550e-01
 59  0.46766045014706548 -0.46764846988934311 -0.46766312277862859  0.23949895225927040  0.29070337285127762 -0.41634829029313508 -0.29076126281478687  0.23945795092950029  0.41642216293425355 -0.46758257640601475  0.46766061065751768  0.23946305577648550  0.46765757794595930  4.67663122778628590e-01
 60 -0.23945427134095557 -0.46765306501484244 -0.46765994675976441  0.41634892096493697 -0.23945576117868905 -0.41633006998254268 -0.29078030866109306  0.23945996398897365 -0.46762850125228467 -0.29077800339523879  0.46766370293820736 -0.46765230690021420 -0.46766406798893601  4.67664067988936010e-01
 61  0.46764767592947587 -0.46765284100916882 -0.46766121554659307  0.41637052970327598 -0.23946235439026381 -0.41633592124873103 -0.29077908059732327  0.23946276521922691 -0.46762808370093789 -0.29074269852214080  0.46766019660884461  0.23945930695162537 -0.46766245565810627  4.67662455658106270e-01
 62 -0.23944888670005193 -0.46764466101661006 -0.46765981681228058  0.41635370124184523  0.46765182638600111 -0.41633379215800109 -0.29075863198571411  0.23946101721741200  0.23947747286546864 -0.29075677209095629  0.46766331149850859 -0.46765151713210923 -0.46766066767591646  4.67663311498508590e-01
 63  0.46765306057042444 -0.46764443701089531 -0.46766108559911651  0.41637530998010625  0.46764523317423839 -0.41633964342444846 -0.29075740392186689  0.23946381844742895  0.23947789041668494 -0.29072146721811015  0.46765980516925221  0.23946009671955820 -0.46765905534520980  4.67661085599116510e-01
 64 -0.29071985112565335  0.46765158474060409  0.46766165712051921 -0.41636653152873709 -0.46765850826615335  0.23945549238822728  0.46762456394023899 -0.23946369695116984 -0.23947160070003684  0.29072971737311920  0.46765893913710410 -0.41638802113313356  0.46765602505761988  4.67661657120519210e-01
 65  0.41638209614479355  0.46765180874620504  0.46766038833363766 -0.41634492279059032 -0.46766510147789675  0.23944964112190528  0.46762579200431753 -0.23946089572106644 -0.23947118314887364  0.29076502224609474  0.46765543280768057  0.29072359271860099  0.46765763738824445  4.67665101477896750e-01
 66 -0.29071446648477839  0.46765998873879439  0.46766178706806494 -0.41636175125184771  0.23944907929854525  0.23945177021257807  0.46764624061562077 -0.23946264372286655  0.46763437341768344  0.29075094867717621  0.46765854769748472 -0.41638723136522204  0.46765942537051292  4.67661787068064940e-01
 67  0.41638748078570936  0.46766021274430847  0.46766051828106348 -0.41634014251373019  0.23944248608674859  0.23944591894633890  0.46764746867950169 -0.23945984249276195  0.46763479096887983  0.29078625355020893  0.46765504136810365  0.29072438248652382  0.46766103770117590  4.67661037701175900e-01
 68 -0.29072724070213501  0.46765561761881891  0.46766369430007138 -0.23949017380807119 -0.29071664794330321  0.23946413925703874  0.46762842283326683 -0.23945782943325977 -0.41641587321752960  0.46759082656098827  0.46765813364883213 -0.41639098019011217 -0.46766060823381339  4.67663694300071380e-01
 69  0.41637470656815390  0.46765584162441026  0.46766242551312370 -0.23946856506971972 -0.29072324115489917  0.23945828799078792  0.46762965089725045 -0.23945502820304060 -0.41641545566622290  0.46762613143407200  0.46765462731947083  0.29072063366164452 -0.46765899590306204  4.67662425513123700e-01
 70 -0.29072185606136147  0.46766402161696219  0.46766382424742020 -0.23948539353100945  0.41639093962152968  0.23946041708147522  0.46765009950863429 -0.23945677620485442  0.29069010090017922  0.46761205786492405  0.46765774220927331 -0.41639019042202491 -0.46765720792088622  4.67664021616962190e-01
 71  0.41638009120915309  0.46766424562261094  0.46766255546034213 -0.23946378479285593  0.41638434640974653  0.23945456581524563  0.46765132757254468 -0.23945397497473786  0.29069051845149096  0.46764736273803348  0.46765423587989835  0.29072142342954843 -0.46765559558998965  4.67664245622610940e-01
 72 -0.29071835684557956 -0.23945486126906707  0.46766171902977716 -0.41637390736209667 -0.46765562287890522  0.23944718157802250  0.46763053087629225  0.46764341929768743 -0.23946713571394315  0.29073659048443679  0.46766049811012361 -0.41639209276810263  0.46765701799233406  4.67661719029777160e-01
 73  0.41638359042477652 -0.23945463726350169  0.46766045024290204 -0.41635229862378081 -0.46766221609062586  0.23944133031176068  0.46763175894022413  0.46764622052784255 -0.23946671816270684  0.29077189535752485  0.46765699178067394  0.29071952108363658  0.46765863032285748  4.67662216090625860e-01
 74 -0.29071297220468056 -0.23944645727087785  0.46766184897726354 -0.41636912708493651  0.23945196468579291  0.23944345940250947  0.46765220755171988  0.46764447252598196  0.46763883840366011  0.29075782178853804  0.46766010667062435 -0.41639130300024130  0.46766041830511729  4.67661848977263540e-01
 75  0.41638897506572570 -0.23944623326531081  0.46766058019040341 -0.41634751834663980  0.23944537147404377  0.23943760813636136  0.46765343561569550  0.46764727375617954  0.46763925595490158  0.29079312666137219  0.46765660034111156  0.29072031085149252  0.46766203063577733  4.67662030635777330e-01
 76 -0.29072574642230287 -0.23945082839087653  0.46766375620926154 -0.23949754964099337 -0.29071376255574222  0.23945582844694105  0.46763438976930571  0.46764928681584789 -0.41641140823146289  0.46759769967236781  0.46765969262180301 -0.41639505182505265 -0.46765961529887096  4.67663756209261540e-01
 77  0.41637620084809313 -0.23945060438522253  0.46766248742228644 -0.23947594090279134 -0.29072035576766958  0.23944997718060010  0.46763561783328950  0.46765208804588393 -0.41641099068022769  0.46763300454521939  0.46765618629246702  0.29071656202669721 -0.46765800296845988  4.67662487422286440e-01
 78 -0.29072036178113875 -0.23944242439254809  0.46766388615663168 -0.23949276936424607  0.41639382500880112  0.23945210627135941  0.46765606644462199  0.46765034004405076  0.29069456588634529  0.46761893097636542  0.46765930118221227 -0.41639426205708258 -0.46765621498614118  4.67663886156631680e-01
 79  0.41638158548917620 -0.23944220038712147  0.46766261736982995 -0.23947116062608914  0.41638723179709269  0.23944625500526764  0.46765729450870708  0.46765314127414742  0.29069498343751521  0.46765423584937249  0.46765579485289166  0.29071735179458280 -0.46765460265555414  4.67662617369829950e-01
 80 -0.23944852511083611  0.23945170978165850 -0.46766337408908620 -0.46761344917392933 -0.41642028147865529  0.29072983881238579  0.41635092667194296 -0.46766256400139689 -0.29070332683384048  0.23948644138815128  0.46765925026495780 -0.46765420231774768  0.46765590804083274  4.67663374089086200e-01
 81  0.46765342215954830  0.23945193378731724 -0.46766464287612464 -0.46759184043559388 -0.41642687469030454  0.29072398754609602  0.41635215473593856 -0.46765976277145105 -0.29070290928263287  0.23952174626100833  0.46765574393574444  0.23945741153383418  0.46765752037129366  4.67664642876124640e-01
 82 -0.23944314046987994  0.23946011377983800 -0.46766324414173766 -0.46760866889684355  0.29068730608605453  0.29072611663694481  0.41637260334728526 -0.46766151077308027  0.41640264728381154  0.23950767269217652  0.46765885882540581 -0.46765341254990012  0.46765930835365305  4.67663244141737660e-01
 83  0.46765880680058658  0.23946033778557080 -0.46766451292873046 -0.46758706015878132  0.29068071287430719  0.29072026537063372  0.41637383141116568 -0.46765870954309652  0.41640306483508127  0.23954297756510942  0.46765535249601148  0.23945820130185513  0.46766092068423171  4.67664512928730460e-01
 84 -0.23945591468741573  0.23945574265989772 -0.46766133690957179 -0.29073709145304810 -0.23947842115562562  0.29073848568126492  0.41635478556492839 -0.46765669648343849 -0.46764759935125771  0.41634755057594458  0.46765844477664631 -0.46765716137458752 -0.46766072525055680  4.67661336909571790e-01
 85  0.46764603258294624  0.23945596666547103 -0.46766260569645873 -0.29071548271489467 -0.23948501436749842  0.29073263441496727  0.41635601362886387 -0.46765389525332968 -0.46764718179997322  0.41638285544898584  0.46765493844726980  0.23945445247702990 -0.46765911291982298  4.67662605696458730e-01
 86 -0.23945053004645914  0.23946414665810878 -0.46766120696227570 -0.29073231117606713  0.46762916640892599  0.29073476350574584  0.41637646224034108 -0.46765564325503045  0.23945837476642973  0.41636878188000404  0.46765805333705085 -0.46765637160675921 -0.46765732493769374  4.67661206962275700e-01
 87  0.46765141722372416  0.23946437066375581 -0.46766247574920639 -0.29071070243796576  0.46762257319729095  0.29072891223947889  0.41637769030419386 -0.46765284202491875  0.23945879231762640  0.41640408675274326  0.46765454700769066  0.23945524224511378 -0.46765571260698291  4.67662475749206390e-01
 88 -0.23944703083066332 -0.46765473622793285 -0.46766331217969642 -0.46762082500697932 -0.41641739609136891  0.29072152800230566  0.41635689360809142  0.23944455224734254 -0.29069886184774607  0.23949331449938882  0.46766080923790770 -0.46765827395278647  0.46765690097546675  4.67663312179696420e-01
 89  0.46765491643969387 -0.46765451222226834 -0.46766458096670133 -0.46759921626881301 -0.41642398930310121  0.29071567673605936  0.41635812167204489  0.23944735347750543 -0.29069844429659242  0.23952861937244169  0.46765730290854940  0.23945333989889864  0.46765851330603220  4.67664580966701330e-01
 90 -0.23944164618979513 -0.46764633222963009 -0.46766318223227671 -0.46761604473008800  0.29069019147326675  0.29071780582684609  0.41637857028350433  0.23944560547561430  0.41640711226990379  0.23951454580349596  0.46766041779845036 -0.46765748418484038  0.46766030128839381  4.67663182232276710e-01
 91  0.46766030108069634 -0.46764610822395253 -0.46766445101925735 -0.46759443599185785  0.29068359826151419  0.29071195456048898  0.41637979834730476  0.23944840670592893  0.41640752982103257  0.23954985067654019  0.46765691146901217  0.23945412966704127  0.46766191361901543  4.67664451019257350e-01
 92 -0.23945442040730172 -0.46765070334971709 -0.46766127500038573 -0.29074446728623576 -0.23947553576844988  0.29073017487129627  0.41636075250119203  0.23945041976545553 -0.46764313436522231  0.41635442368743480  0.46766000374967853 -0.46766123300967627 -0.46765973231578190  4.67661275000385730e-01
 93  0.46764752686307892 -0.46765047934412940 -0.46766254378740074 -0.29072285854808683 -0.23948212898010041  0.29072432360495093  0.41636198056506607  0.23945322099564093 -0.46764271681395203  0.41638972856036038  0.46765649742029697  0.23945038084203329 -0.46765811998511048  4.67662543787400740e-01
 94 -0.23944903576649371 -0.46764229935148527 -0.46766114505307049 -0.29073968700910147  0.46763205179617706  0.29072645269573943  0.41638242917644958  0.23945147299381034  0.23946283975243735  0.41637565499135576  0.46765961231007958 -0.46766044324174816 -0.46765633200301415  4.67661145053070490e-01
 95  0.46765291150400257 -0.46764207534577340 -0.46766241383995349 -0.29071807827111001  0.46762545858452859  0.29072060142933254  0.41638365724018944  0.23945427422390575  0.23946325730376963  0.41641095986428228  0.46765610598064872  0.23945117060997653 -0.46765471967231637  4.67662413839953490e-01
 96 -0.29072132986397753  0.46765262084868237  0.46766303844787332 -0.41634397247821842 -0.46765195582827546 -0.46761638959301538 -0.23951711421513747 -0.23946500398528661 -0.23946019781696412  0.29074002126964599  0.46765897725203553 -0.41639116636906598  0.46765186766830302  4.67663038447873320e-01
 97  0.41638061740638349  0.46765284485420183  0.46766176966089557 -0.41632236373993975 -0.46765854903982340 -0.46762224085934856 -0.23951588615119390 -0.23946220275521221 -0.23945978026552700  0.29077532614257673  0.46765547092259213  0.29072044748271314  0.46765347999886991  4.67661769660895570e-01
 98 -0.29071594522308891  0.46766102484685673  0.46766316839516814 -0.41633919220136290  0.23945563173655610 -0.46762011176860385 -0.23949543753987929 -0.23946395075696808  0.46764577630080711  0.29076125257362290  0.46765858581239150 -0.41639037660092454  0.46765526798096413  4.67663168395168140e-01
 99  0.41638600204746784  0.46766124885238408  0.46766189960823279 -0.41631758346314585  0.23944903852478278 -0.46762596303472892 -0.23949420947591696 -0.23946114952686540  0.46764619385196698  0.29079655744656746  0.46765507948312740  0.29072123725087701  0.46765688031166641  4.67661899608232790e-01
100 -0.29072871944053152  0.46765665372683018  0.46766507562713205 -0.23946761475737308 -0.29071009550532551 -0.46760774272405975 -0.23951325532208756 -0.23945913646722800 -0.41640447033435579  0.46760113045753571  0.46765817176373370 -0.41639412542594323 -0.46766476562304948  4.67665075627132050e-01
101  0.41637322782977398  0.46765687773248421  0.46766380684026082 -0.23944600601917873 -0.29071668871697204 -0.46761359399046193 -0.23951202725823442 -0.23945633523704551 -0.41640405278314901  0.46763643533046395  0.46765466543430567  0.29071748842574274 -0.46766315329239938  4.67663806840260820e-01
102 -0.29072333479976048  0.46766505772510297  0.46766520557465729 -0.23946283448056216  0.41639749205946480 -0.46761146489972716 -0.23949157864683129 -0.23945808323886195  0.29070150378337439  0.46762236176147198  0.46765778032422611 -0.41639333565793929 -0.46766136531026703  4.67665205574657290e-01
103  0.41637861247079633  0.46766528173085065  0.46766393678776025 -0.23944122574232621  0.41639089884772185 -0.46761731616596020 -0.23949035058298654 -0.23945528200878957  0.29070192133459555  0.46765766663438146  0.46765427399479620  0.29071827819384782 -0.46765975297957035  4.67665281730850650e-01
104 -0.29071983558383574 -0.23945382516096339  0.46766310035711139 -0.41635134831127618 -0.46764907044098336 -0.46762470040310083 -0.23951114727892234  0.46764211226365549 -0.23945573283082230  0.29074689438093310  0.46766053622508330 -0.41639523800402301  0.46765286060294675  4.67663100357111390e-01
105  0.41638211168658690 -0.23945360115531533  0.46766183157010521 -0.41632973957300445 -0.46765566365251060 -0.46763055166924000 -0.23950991921515119  0.46764491349359033 -0.23945531527961308  0.29078219925389104  0.46765702989555880  0.29071637584774163  0.46765447293360324  4.67661831570105210e-01
106 -0.29071445094296466 -0.23944542116290946  0.46766323030456197 -0.41634656803446146  0.23945851712375518 -0.46762842257863446 -0.23948947060368231  0.46764316549212437  0.46765024128673527  0.29076812568504168  0.46766014478536294 -0.41639444823595972  0.46765626091575091  4.67663230304561970e-01
107  0.41638749632748434 -0.23944519715712539  0.46766196151754902 -0.41632495929635038  0.23945192391196499 -0.46763427384492440 -0.23948824253981468  0.46764596672216241  0.46765065883822021  0.29080343055796742  0.46765663845603483  0.29071716561573496  0.46765787324646779  4.67661961517549020e-01
108 -0.29072722516051080 -0.23944979228272922  0.46766513753649669 -0.23947499059055663 -0.29070721011794187 -0.46761605353415425 -0.23950728838603005  0.46764797978172062 -0.41640000534828725  0.46760800356888399  0.46765973073659967 -0.41639819706089276 -0.46766377268824966  4.67665137536496690e-01
109  0.41637472210992654 -0.23944956827707542  0.46766386874953897 -0.23945338185227225 -0.29071380332966024 -0.46762190480041405 -0.23950606032216182  0.46765078101172336 -0.41639958779707525  0.46764330844182017  0.46765622440729049  0.29071341679080198 -0.46766216035759506  4.67663868749538970e-01
110 -0.29072184051955147 -0.23944138828456607  0.46766526748393600 -0.23947021031365903  0.41640037744676978 -0.46761977570973456 -0.23948561171079694  0.46764903301009159  0.29070596876947874  0.46762923487279745  0.46765933929704523 -0.41639740729281760 -0.46766037237538233  4.67665267483936000e-01
111  0.41638010675084902 -0.23944116427894194  0.46766399869694769 -0.23944860157536679  0.41639378423494017 -0.46762562697602322 -0.23948438364683192  0.46765183424012979  0.29070638632065932  0.46766453974599964  0.46765583296768348  0.29071420655882063 -0.46765876004490409  4.67664539745999640e-01
112 -0.23945000384910667  0.23945274588979309 -0.46766199276178577 -0.46759089012323674 -0.41641372904072194 -0.41634204316874990 -0.29079075148335148 -0.46766387103553964 -0.29069192395076443  0.23949674528460282  0.46765928837987270 -0.46765734755354083  0.46765175065151493  4.67663871035539640e-01
113  0.46765194342123367  0.23945296989544296 -0.46766326154885335 -0.46756928138504456 -0.41642032225226094 -0.41634789443506015 -0.29078952341942593 -0.46766106980546940 -0.29069150639951402  0.23953205015756898  0.46765578205037067  0.23945426629815561  0.46765336298225441  4.67663261548853350e-01
114 -0.23944461920808358  0.23946114988804551 -0.46766186281434086 -0.46758610984642646  0.29069385852406465 -0.41634576534421397 -0.29076907480817438 -0.46766281780718166  0.41641405016702687  0.23951797658866167  0.46765889694034385 -0.46765655778554166  0.46765515096432519  4.67662817807181660e-01
115  0.46765732806225158  0.23946137389364350 -0.46766313160146883 -0.46756450110816528  0.29068726531238198 -0.41635161661049752 -0.29076784674423334 -0.46766001657710948  0.41641446771825025  0.23955328146155380  0.46765539061095163  0.23945505606611567  0.46765676329494210  4.67663131601468830e-01
116 -0.23945739342585642  0.23945677876802263 -0.46765995558252238 -0.29071453240250467 -0.23947186871765380 -0.41633339629994043 -0.29078689259049395 -0.46765800351750247 -0.46763619646828569  0.41635785447255091  0.46765848289153528 -0.46766030661048313 -0.46766488263973049  4.67664882639730490e-01
117  0.46764455384473363  0.23945700277377135 -0.46766122436940272 -0.29069292366439287 -0.23947846192939298 -0.41633924756602397 -0.29078566452653465 -0.46765520228728713 -0.46763577891688102  0.41639315934547921  0.46765497656222693  0.23945130724126110 -0.46766327030907040  4.67663270309070400e-01
118 -0.23945200878482911  0.23946518276627640 -0.46765982563501585 -0.29070975212571953  0.46763571884705812 -0.41633711847531202 -0.29076521591511717 -0.46765695028903165  0.23946977764953004  0.41637908577653060  0.46765809145187742 -0.46765951684240248 -0.46766148232692906  4.67661482326929060e-01
119  0.46764993848572056  0.23946540677191666 -0.46766109442193959 -0.29068814338731536  0.46762912563533726 -0.41634296974166346 -0.29076398785134555 -0.46765414905904046  0.23947019520077115  0.41641439064959784  0.46765458512261249  0.23945209700928330 -0.46765986999644227  4.67661094421939590e-01
120 -0.23944850956909522 -0.46765370011984103 -0.46766193085255159 -0.46759826595648463 -0.41641084365335979 -0.41635035397879838 -0.29078478454728007  0.23944324521337224 -0.29068745896471559  0.23950361839599876  0.46766084735282609 -0.46766141918858273  0.46765274358615772  4.67661930852551590e-01
121  0.46765343770152246 -0.46765347611433711 -0.46766319963953196 -0.46757665721822989 -0.41641743686511035 -0.41635620524506639 -0.29078355648339932  0.23944604644343873 -0.29068704141355378  0.23953892326894385  0.46765734102340017  0.23945019466319620  0.46765435591692711  4.67663199639531960e-01
122 -0.23944312492826961 -0.46764529612167116 -0.46766180090507603 -0.46759348567962666  0.29069674391132350 -0.41635407615436354 -0.29076310787206816  0.23944429844172932  0.41641851515308931  0.23952484969999155  0.46766045591330258 -0.46766062942068032  0.46765614389909826  4.67661800905076030e-01
123  0.46765882234236872 -0.46764507211598344 -0.46766306969214327 -0.46757187694141994  0.29069015069969889 -0.41635992742062128 -0.29076187980810581  0.23944709967187161  0.41641893270418384  0.23956015457297883  0.46765694958391568  0.23945098443115928  0.46765775622989636  4.67663069692143270e-01
124 -0.23945589914554968 -0.46764966724156454 -0.46765989367306610 -0.29072190823554644 -0.23946898333046601 -0.41634170710976465 -0.29078092565438690  0.23944911273142738 -0.46763173148225012  0.41636472758389620  0.46766004186437449 -0.46766437824552637 -0.46766388970501199  4.67664378245526370e-01
125  0.46764604812471344 -0.46764944323593355 -0.46766116246003497 -0.29070029949735560 -0.23947557654217566 -0.41634755837604603 -0.29077969759043371  0.23945191396153873 -0.46763131393089274  0.41640003245689056  0.46765653553510922  0.23944723560613429 -0.46766227737447402  4.67662277374474020e-01
126 -0.23945051450473220 -0.46764126324345867 -0.46765976372582008 -0.29071712795872229  0.46763860423431458 -0.41634542928543744 -0.29075924897892963  0.23945016595977575  0.23947424263552236  0.41638595888790425  0.46765965042493918 -0.46766358847759726 -0.46766048939227900  4.67663588477597260e-01
127  0.46765143276556215 -0.46764103923773442 -0.46766103251269453 -0.29069551922053144  0.46763201102239521 -0.41635128055159037 -0.29075802091508163  0.23945296718979767  0.23947466018677788  0.41642126376078520  0.46765614409557743  0.23944802537418644 -0.46765887706150505  4.67661032512694530e-01

