
  0  0.47141 -0.23571  0.47141  0.47141  0.47140 -0.47140 -0.23569  0.47141  0.23570  4.7140934e-01
  1 -0.47141 -0.47140  0.47141  0.47141  0.47140 -0.23571 -0.23569  0.47141  0.23570  4.7140829e-01
  2  0.47141  0.47139  0.47140  0.47140  0.47140  0.23572 -0.23571  0.47141  0.23571  4.7140880e-01
  3 -0.47141  0.23569  0.47140  0.47140  0.47140  0.47141 -0.23571  0.47141  0.23570  4.7140944e-01
  4  0.47141 -0.23570  0.47141 -0.23571  0.47140 -0.47140  0.47140  0.47141  0.23570  4.7140911e-01
  5 -0.47141 -0.47139  0.47141 -0.23571  0.47141 -0.23571  0.47141  0.47141  0.23569  4.7140807e-01
  6  0.47141  0.47140  0.47141 -0.23571  0.47140  0.23572  0.47139  0.47141  0.23571  4.7140912e-01
  7 -0.47141  0.23570  0.47141 -0.23572  0.47140  0.47141  0.47139  0.47141  0.23570  4.7140923e-01
  8  0.47141 -0.23570  0.47141  0.47141 -0.23572 -0.47140 -0.23570  0.47141 -0.47139  4.7140881e-01
  9 -0.47141 -0.47139  0.47141  0.47140 -0.23572 -0.23572 -0.23569  0.47141 -0.47140  4.7140853e-01
 10  0.47141  0.47140  0.47141  0.47140 -0.23572  0.23572 -0.23571  0.47141 -0.47138  4.7140817e-01
 11 -0.47141  0.23570  0.47141  0.47140 -0.23572  0.47140 -0.23571  0.47141 -0.47139  4.7140852e-01
 12  0.47141 -0.23569  0.47141 -0.23571 -0.23572 -0.47140  0.47140  0.47141 -0.47140  4.7140951e-01
 13 -0.47141 -0.47138  0.47141 -0.23571 -0.23571 -0.23572  0.47140  0.47141 -0.47140  4.7140904e-01
 14  0.47141  0.47141  0.47141 -0.23571 -0.23572  0.23572  0.47139  0.47141 -0.47139  4.7140886e-01
 15 -0.47141  0.23571  0.47141 -0.23572 -0.23572  0.47140  0.47139  0.47141 -0.47139  4.7140839e-01
 16  0.47141 -0.23571  0.47140  0.47141  0.23572 -0.47140 -0.23569 -0.47141  0.47139  4.7140909e-01
 17 -0.47141 -0.47141  0.47140  0.47141  0.23572 -0.23571 -0.23569 -0.47141  0.47139  4.7140831e-01
 18  0.47141  0.47138  0.47140  0.47140  0.23572  0.23572 -0.23571 -0.47141  0.47140  4.7140757e-01
 19 -0.47141  0.23569  0.47140  0.47140  0.23572  0.47141 -0.23570 -0.47141  0.47140  4.7140870e-01
 20  0.47141 -0.23570  0.47141 -0.23571  0.23572 -0.47140  0.47140 -0.47141  0.47139  4.7140894e-01
 21 -0.47141 -0.47140  0.47140 -0.23571  0.23572 -0.23571  0.47141 -0.47141  0.47139  4.7140830e-01
 22  0.47141  0.47139  0.47140 -0.23571  0.23572  0.23572  0.47139 -0.47141  0.47140  4.7140842e-01
 23 -0.47141  0.23570  0.47140 -0.23572  0.23572  0.47141  0.47139 -0.47141  0.47139  4.7140862e-01
 24  0.47141 -0.23570  0.47141  0.47141 -0.47140 -0.47140 -0.23569 -0.47141 -0.23570  4.7140964e-01
 25 -0.47141 -0.47139  0.47141  0.47140 -0.47140 -0.23572 -0.23569 -0.47141 -0.23571  4.7140923e-01
 26  0.47141  0.47139  0.47141  0.47140 -0.47140  0.23572 -0.23571 -0.47141 -0.23569  4.7140849e-01
 27 -0.47141  0.23570  0.47141  0.47140 -0.47140  0.47140 -0.23571 -0.47141 -0.23570  4.7140922e-01
 28  0.47141 -0.23569  0.47141 -0.23571 -0.47140 -0.47140  0.47140 -0.47141 -0.23570  4.7140986e-01
 29 -0.47141 -0.47138  0.47141 -0.23571 -0.47140 -0.23572  0.47141 -0.47141 -0.23571  4.7140922e-01
 30  0.47141  0.47140  0.47141 -0.23571 -0.47140  0.23572  0.47139 -0.47141 -0.23569  4.7140871e-01
 31 -0.47141  0.23571  0.47141 -0.23572 -0.47140  0.47140  0.47139 -0.47141 -0.23570  4.7140806e-01

