
  0 -0.45603 -0.45603  0.25108 -0.25106  0.45605 -0.25107 -0.45605 -0.25107 -0.45605  0.45605  4.5605254e-01
  1 -0.45604 -0.45604  0.25107  0.45603 -0.25107 -0.25107 -0.45605 -0.25106 -0.45605  0.45605  4.5605209e-01
  2 -0.45603 -0.25104  0.45605 -0.45604  0.25107 -0.25107 -0.45605 -0.25107 -0.45605 -0.45605  4.5605235e-01
  3 -0.45604 -0.25105  0.45605  0.25106 -0.45605 -0.25107 -0.45605 -0.25107 -0.45605 -0.45605  4.5605281e-01
  4 -0.25106 -0.45604  0.25107 -0.25106  0.45604 -0.45605  0.45605 -0.45605 -0.25106  0.45605  4.5605308e-01
  5 -0.25106 -0.45604  0.25107  0.45603 -0.25108 -0.45604  0.45605 -0.45604 -0.25106  0.45605  4.5605284e-01
  6 -0.25106 -0.25105  0.45605 -0.45604  0.25107 -0.45605  0.45605 -0.45605 -0.25106 -0.45605  4.5605268e-01
  7 -0.25106 -0.25105  0.45605  0.25106 -0.45605 -0.45604  0.45605 -0.45604 -0.25106 -0.45605  4.5605290e-01
  8  0.25106 -0.45603  0.25108 -0.25106  0.45605 -0.25107 -0.45605  0.45604 -0.45604  0.45605  4.5605276e-01
  9  0.25106 -0.45604  0.25108  0.45603 -0.25107 -0.25107 -0.45605  0.45605 -0.45604  0.45605  4.5605288e-01
 10  0.25106 -0.25104  0.45605 -0.45604  0.25107 -0.25108 -0.45605  0.45604 -0.45604 -0.45605  4.5605305e-01
 11  0.25106 -0.25105  0.45605  0.25105 -0.45605 -0.25107 -0.45605  0.45605 -0.45604 -0.45605  4.5605317e-01
 12  0.45604 -0.45604  0.25108 -0.25106  0.45604 -0.45605  0.45605  0.25107 -0.25106  0.45605  4.5605277e-01
 13  0.45604 -0.45605  0.25107  0.45603 -0.25108 -0.45605  0.45605  0.25107 -0.25105  0.45605  4.5605231e-01
 14  0.45604 -0.25105  0.45605 -0.45604  0.25107 -0.45605  0.45605  0.25107 -0.25105 -0.45605  4.5605286e-01
 15  0.45604 -0.25105  0.45605  0.25105 -0.45605 -0.45605  0.45605  0.25107 -0.25105 -0.45605  4.5605288e-01
 16 -0.45603  0.25106 -0.45605 -0.25105  0.45605 -0.25107 -0.45605 -0.25108 -0.45605  0.45605  4.5605368e-01
 17 -0.45603  0.25105 -0.45605  0.45605 -0.25107 -0.25107 -0.45605 -0.25107 -0.45604  0.45605  4.5605323e-01
 18 -0.45603  0.45605 -0.25107 -0.45602  0.25108 -0.25107 -0.45605 -0.25108 -0.45604 -0.45605  4.5605230e-01
 19 -0.45603  0.45604 -0.25107  0.25107 -0.45604 -0.25107 -0.45605 -0.25107 -0.45604 -0.45605  4.5605167e-01
 20 -0.25105  0.25105 -0.45605 -0.25105  0.45605 -0.45604  0.45605 -0.45605 -0.25106  0.45605  4.5605422e-01
 21 -0.25106  0.25105 -0.45605  0.45605 -0.25107 -0.45604  0.45605 -0.45604 -0.25106  0.45605  4.5605376e-01
 22 -0.25105  0.45605 -0.25108 -0.45602  0.25107 -0.45605  0.45605 -0.45605 -0.25106 -0.45605  4.5605353e-01
 23 -0.25106  0.45604 -0.25108  0.25107 -0.45605 -0.45604  0.45605 -0.45604 -0.25105 -0.45605  4.5605327e-01
 24  0.25107  0.25106 -0.45605 -0.25105  0.45605 -0.25107 -0.45605  0.45604 -0.45604  0.45605  4.5605337e-01
 25  0.25107  0.25105 -0.45605  0.45604 -0.25107 -0.25107 -0.45605  0.45605 -0.45603  0.45605  4.5605292e-01
 26  0.25107  0.45605 -0.25107 -0.45603  0.25108 -0.25108 -0.45605  0.45604 -0.45603 -0.45605  4.5605233e-01
 27  0.25106  0.45604 -0.25107  0.25107 -0.45604 -0.25107 -0.45605  0.45605 -0.45603 -0.45605  4.5605245e-01
 28  0.45605  0.25105 -0.45605 -0.25105  0.45605 -0.45605  0.45605  0.25106 -0.25105  0.45605  4.5605390e-01
 29  0.45604  0.25105 -0.45605  0.45604 -0.25107 -0.45604  0.45605  0.25107 -0.25105  0.45605  4.5605345e-01
 30  0.45605  0.45604 -0.25107 -0.45603  0.25107 -0.45605  0.45605  0.25106 -0.25105 -0.45605  4.5605234e-01
 31  0.45604  0.45604 -0.25108  0.25107 -0.45605 -0.45605  0.45605  0.25107 -0.25105 -0.45605  4.5605222e-01

