 0.141421 -0.000000 -0.000000 -0.000000 -0.000000  0.000000  0.000000 -0.707107 
 0.141421  0.000000 -0.000000 -0.000000 -0.000000  0.000000  0.707107  0.000000 
-0.141421 -0.000000 -0.000000 -0.707107 -0.000000 -0.000000 -0.000000 -0.000000 
 0.141421 -0.000000  0.000000  0.000000 -0.707107  0.000000 -0.000000  0.000000 
 0.141421 -0.000000 -0.707107 -0.000000 -0.000000 -0.000000 -0.000000  0.000000 
 0.141421  0.000000 -0.000000 -0.707107  0.000000 -0.000000 -0.000000  0.000000 
 0.141421 -0.000000  0.707107 -0.000000 -0.000000 -0.000000 -0.000000  0.000000 
 0.141421 -0.000000  0.000000  0.000000  0.000000 -0.707107 -0.000000 -0.000000 
-0.141421 -0.000000  0.000000 -0.000000 -0.707107 -0.000000 -0.000000  0.000000 
 0.141421 -0.707107  0.000000  0.000000 -0.000000 -0.000000  0.000000  0.000000 
 0.141421  0.707107  0.000000 -0.000000 -0.000000 -0.000000 -0.000000 -0.000000 
 0.848528 -0.000000 -0.000000  0.000000  0.000000  0.000000  0.000000 -0.000000 
-0.141421  0.000000 -0.000000 -0.000000 -0.000000 -0.707107 -0.000000  0.000000 
-0.141421 -0.000000  0.000000  0.000000 -0.000000 -0.000000 -0.000000 -0.707107 
 0.141421 -0.000000 -0.000000  0.000000  0.000000  0.000000 -0.707107  0.000000 

-0.000000  0.539164 -0.107833  0.000000  0.000000 -0.000000  0.000000 -0.000000 
-0.000000 -0.539164 -0.107833  0.000000 -0.000000  0.000000  0.000000  0.000000 
-0.000000 -0.000000  0.107833 -0.000000 -0.000000  0.000000  0.000000 -0.539164 
 0.000000 -0.000000 -0.107833  0.000000  0.539164  0.000000 -0.000000  0.000000 
-0.000000  0.646997  0.000000  0.000000  0.000000  0.000000 -0.000000 -0.000000 
 0.646997 -0.000000 -0.000000  0.000000 -0.000000 -0.000000 -0.000000 -0.000000 
 0.000000  0.000000 -0.107833  0.000000 -0.000000  0.000000 -0.539164 -0.000000 
 0.000000  0.000000  0.107833 -0.000000  0.000000 -0.539164  0.000000  0.000000 
-0.000000 -0.000000 -0.107833  0.539164  0.000000  0.000000  0.000000  0.000000 
-0.000000  0.000000  0.000000 -0.000000 -0.646997 -0.000000  0.000000 -0.000000 
-0.000000 -0.000000 -0.646997  0.000000  0.000000 -0.000000 -0.000000  0.000000 
 0.000000 -0.000000  0.646997  0.000000 -0.000000  0.000000  0.000000  0.000000 
-0.539164 -0.000000  0.107833 -0.000000 -0.000000  0.000000 -0.000000  0.000000 
 0.000000  0.000000 -0.107833  0.000000 -0.539164  0.000000 -0.000000  0.000000 
-0.000000  0.000000 -0.000000  0.000000 -0.000000  0.000000  0.646997 -0.000000 
-0.000000 -0.000000  0.000000  0.646997 -0.000000 -0.000000 -0.000000  0.000000 
 0.000000  0.000000  0.107833  0.000000 -0.000000  0.539164  0.000000  0.000000 
 0.000000 -0.000000 -0.000000  0.000000 -0.000000 -0.000000  0.000000 -0.646997 
 0.000000  0.000000 -0.000000 -0.000000  0.000000  0.646997  0.000000  0.000000 
-0.539164  0.000000 -0.107833 -0.000000 -0.000000 -0.000000  0.000000 -0.000000 
 0.000000  0.000000 -0.107833  0.000000 -0.000000  0.000000  0.539164  0.000000 
-0.000000  0.000000 -0.107833 -0.000000  0.000000  0.000000 -0.000000 -0.539164 
 0.000000  0.000000  0.107833  0.539164 -0.000000 -0.000000  0.000000 -0.000000 

 0.452679  0.000000 -0.000000 -0.090536 -0.000000  0.000000  0.000000 -0.000000 
-0.000000 -0.000000  0.543214 -0.000000  0.000000 -0.000000 -0.000000 -0.000000 
 0.000000 -0.000000  0.000000 -0.543214 -0.000000  0.000000  0.000000 -0.000000 
-0.000000 -0.000000  0.000000  0.090536  0.000000  0.000000 -0.452679  0.000000 
 0.543214 -0.000000  0.000000 -0.000000  0.000000 -0.000000 -0.000000  0.000000 
-0.000000 -0.000000  0.000000  0.090536 -0.000000  0.452679  0.000000  0.000000 
 0.000000 -0.543214 -0.000000 -0.000000 -0.000000 -0.000000  0.000000 -0.000000 
 0.000000 -0.000000 -0.000000 -0.000000 -0.543214 -0.000000  0.000000  0.000000 
 0.000000  0.000000  0.000000  0.000000 -0.000000 -0.543214 -0.000000 -0.000000 
-0.000000 -0.000000 -0.000000 -0.090536  0.000000  0.452679 -0.000000 -0.000000 
-0.000000  0.000000  0.000000 -0.090536  0.000000  0.000000 -0.000000  0.452679 
 0.000000 -0.543214 -0.000000 -0.000000  0.000000  0.000000  0.000000  0.000000 
 0.000000  0.000000  0.543214 -0.000000 -0.000000 -0.000000 -0.000000  0.000000 
 0.000000  0.000000  0.000000  0.543214 -0.000000 -0.000000 -0.000000 -0.000000 
 0.000000 -0.000000 -0.000000  0.090536 -0.000000 -0.000000  0.000000  0.452679 
-0.000000  0.000000 -0.000000 -0.000000 -0.000000  0.543214 -0.000000  0.000000 
-0.000000  0.000000  0.452679  0.090536 -0.000000  0.000000 -0.000000  0.000000 
 0.000000 -0.452679 -0.000000 -0.090536  0.000000  0.000000 -0.000000 -0.000000 
-0.000000 -0.000000 -0.000000 -0.543214  0.000000  0.000000 -0.000000 -0.000000 
 0.000000  0.000000 -0.452679  0.090536  0.000000 -0.000000 -0.000000  0.000000 
-0.000000 -0.000000  0.000000 -0.090536  0.452679 -0.000000 -0.000000 -0.000000 
 0.000000  0.000000 -0.000000 -0.090536 -0.452679  0.000000 -0.000000  0.000000 
 0.452679 -0.000000  0.000000  0.090536  0.000000 -0.000000  0.000000 -0.000000 
-0.000000 -0.000000 -0.000000  0.000000 -0.543214  0.000000  0.000000 -0.000000 
 0.000000  0.000000 -0.000000 -0.000000  0.000000  0.000000 -0.543214 -0.000000 
-0.000000 -0.000000 -0.000000 -0.000000  0.000000  0.000000 -0.000000  0.543214 
-0.000000 -0.000000  0.000000  0.000000  0.000000  0.000000 -0.000000 -0.543214 
 0.000000  0.452679 -0.000000 -0.090536  0.000000  0.000000 -0.000000 -0.000000 
 0.000000 -0.000000  0.000000 -0.000000 -0.000000  0.000000  0.543214  0.000000 
-0.543214 -0.000000  0.000000  0.000000 -0.000000 -0.000000  0.000000 -0.000000 
 0.000000 -0.000000 -0.000000  0.090536 -0.000000  0.000000  0.452679 -0.000000 

 0.000000 -0.477334 -0.000000  0.000000  0.000000 -0.000000  0.000000 -0.000000 
 0.000000 -0.000000  0.000000 -0.397779 -0.000000  0.079556  0.000000 -0.000000 
-0.000000  0.477334 -0.000000  0.000000  0.000000  0.000000  0.000000 -0.000000 
-0.000000  0.477334  0.000000  0.000000  0.000000  0.000000  0.000000  0.000000 
-0.397779 -0.000000 -0.000000  0.000000  0.000000  0.079556  0.000000 -0.000000 
 0.000000  0.000000 -0.000000 -0.000000  0.000000  0.477334  0.000000  0.000000 
 0.397779 -0.000000 -0.000000  0.000000  0.000000  0.079556 -0.000000  0.000000 
 0.000000 -0.000000 -0.000000 -0.000000 -0.000000 -0.079556 -0.000000 -0.397779 
-0.000000 -0.000000  0.000000  0.000000  0.000000  0.000000 -0.000000  0.477334 
 0.000000 -0.397779  0.000000  0.000000 -0.000000  0.079556 -0.000000 -0.000000 
 0.000000  0.000000  0.477334  0.000000 -0.000000  0.000000  0.000000 -0.000000 
 0.000000  0.000000 -0.000000 -0.000000  0.000000  0.000000 -0.000000 -0.477334 
 0.000000 -0.000000  0.000000  0.000000  0.000000  0.477334  0.000000 -0.000000 
 0.000000  0.000000 -0.000000 -0.000000 -0.000000  0.000000 -0.477334 -0.000000 
-0.000000 -0.000000 -0.000000 -0.000000  0.477334  0.000000  0.000000 -0.000000 
-0.000000 -0.000000 -0.397779 -0.000000  0.000000 -0.079556 -0.000000 -0.000000 
 0.000000 -0.000000  0.000000  0.000000 -0.397779 -0.079556 -0.000000 -0.000000 
-0.000000  0.000000 -0.000000  0.000000 -0.000000 -0.477334 -0.000000 -0.000000 
-0.000000  0.000000  0.000000  0.000000  0.000000  0.079556  0.000000 -0.397779 
-0.000000 -0.000000  0.000000 -0.000000  0.477334  0.000000 -0.000000 -0.000000 
-0.000000  0.000000  0.000000 -0.000000  0.000000  0.000000 -0.477334  0.000000 
 0.477334  0.000000  0.000000  0.000000  0.000000  0.000000 -0.000000 -0.000000 
-0.000000 -0.397779 -0.000000 -0.000000 -0.000000 -0.079556 -0.000000  0.000000 
-0.000000 -0.000000  0.000000 -0.000000 -0.000000  0.477334  0.000000 -0.000000 
 0.000000  0.000000  0.477334 -0.000000  0.000000 -0.000000  0.000000 -0.000000 
-0.000000 -0.000000  0.000000  0.000000 -0.000000  0.000000  0.000000 -0.477334 
-0.000000 -0.000000  0.000000  0.000000  0.000000 -0.000000  0.477334  0.000000 
 0.000000  0.000000 -0.397779  0.000000 -0.000000  0.079556  0.000000  0.000000 
-0.000000 -0.000000  0.000000  0.397779 -0.000000  0.079556 -0.000000 -0.000000 
-0.000000  0.000000  0.000000 -0.000000 -0.000000  0.079556 -0.397779  0.000000 
-0.477334 -0.000000  0.000000  0.000000 -0.000000 -0.000000 -0.000000 -0.000000 
-0.000000  0.000000  0.000000 -0.477334  0.000000 -0.000000 -0.000000  0.000000 
 0.477334  0.000000 -0.000000  0.000000 -0.000000 -0.000000  0.000000  0.000000 
 0.000000  0.000000 -0.477334 -0.000000  0.000000  0.000000  0.000000 -0.000000 
 0.000000  0.000000 -0.000000 -0.477334 -0.000000 -0.000000 -0.000000  0.000000 
-0.000000  0.000000 -0.000000 -0.477334  0.000000 -0.000000 -0.000000  0.000000 
-0.000000  0.000000 -0.000000  0.000000 -0.397779  0.079556 -0.000000 -0.000000 
 0.000000 -0.000000  0.000000  0.000000 -0.000000  0.079556  0.397779  0.000000 
-0.000000 -0.000000  0.000000  0.000000  0.477334 -0.000000 -0.000000 -0.000000 

-0.000000  0.000000 -0.000000 -0.430775  0.000000 -0.000000 -0.000000 -0.000000 
-0.430775  0.000000 -0.000000 -0.000000 -0.000000 -0.000000  0.000000  0.000000 
 0.000000  0.000000 -0.430775  0.000000  0.000000 -0.000000  0.000000  0.000000 
-0.000000 -0.000000 -0.000000  0.000000  0.358979  0.000000  0.071796 -0.000000 
 0.000000 -0.000000  0.000000  0.000000  0.000000 -0.430775  0.000000 -0.000000 
 0.000000 -0.000000 -0.000000 -0.000000  0.000000  0.000000  0.071796  0.358979 
-0.000000 -0.430775  0.000000 -0.000000 -0.000000 -0.000000 -0.000000  0.000000 
 0.000000 -0.000000  0.000000 -0.000000 -0.358979 -0.000000  0.071796  0.000000 
 0.000000  0.000000  0.000000  0.000000  0.430775  0.000000 -0.000000 -0.000000 
-0.000000  0.000000 -0.000000 -0.430775  0.000000  0.000000 -0.000000  0.000000 
-0.000000 -0.430775 -0.000000  0.000000 -0.000000  0.000000  0.000000 -0.000000 
-0.000000  0.358979  0.000000  0.000000  0.000000  0.000000 -0.071796  0.000000 
-0.000000 -0.000000 -0.000000 -0.000000 -0.000000  0.000000 -0.000000 -0.430775 
 0.000000  0.000000 -0.000000 -0.430775 -0.000000 -0.000000  0.000000 -0.000000 
 0.000000 -0.000000  0.000000 -0.358979 -0.000000  0.000000  0.071796 -0.000000 
-0.000000  0.000000  0.000000 -0.000000 -0.000000  0.000000  0.430775  0.000000 
-0.000000 -0.000000 -0.000000  0.358979 -0.000000  0.000000  0.071796 -0.000000 
-0.430775 -0.000000  0.000000 -0.000000  0.000000 -0.000000  0.000000  0.000000 
 0.000000  0.000000  0.000000 -0.000000 -0.000000 -0.430775  0.000000  0.000000 
 0.000000  0.000000  0.358979  0.000000 -0.000000 -0.000000  0.071796 -0.000000 
-0.000000  0.000000 -0.000000 -0.000000  0.000000 -0.000000  0.000000 -0.430775 
 0.358979  0.000000 -0.000000 -0.000000 -0.000000  0.000000  0.071796 -0.000000 
 0.000000  0.000000  0.000000  0.000000 -0.430775  0.000000 -0.000000 -0.000000 
-0.000000  0.000000 -0.430775 -0.000000  0.000000 -0.000000  0.000000  0.000000 
-0.000000 -0.000000  0.000000  0.430775  0.000000 -0.000000 -0.000000 -0.000000 
-0.000000  0.000000 -0.000000 -0.000000  0.430775 -0.000000  0.000000  0.000000 
-0.000000 -0.358979  0.000000 -0.000000 -0.000000 -0.000000 -0.071796 -0.000000 
-0.430775  0.000000  0.000000 -0.000000 -0.000000  0.000000  0.000000  0.000000 
 0.000000  0.000000 -0.358979  0.000000 -0.000000 -0.000000  0.071796  0.000000 
-0.000000  0.430775  0.000000 -0.000000 -0.000000 -0.000000  0.000000  0.000000 
-0.000000 -0.000000 -0.000000 -0.000000  0.000000  0.000000  0.430775  0.000000 
-0.358979 -0.000000 -0.000000 -0.000000 -0.000000 -0.000000  0.071796 -0.000000 
-0.430775  0.000000 -0.000000  0.000000  0.000000  0.000000  0.000000  0.000000 
 0.000000 -0.000000 -0.000000  0.000000  0.000000 -0.000000  0.430775  0.000000 
 0.000000  0.000000 -0.430775  0.000000 -0.000000  0.000000 -0.000000 -0.000000 
-0.000000 -0.000000  0.000000  0.000000 -0.000000  0.000000 -0.430775  0.000000 
-0.000000  0.000000  0.430775  0.000000  0.000000 -0.000000  0.000000 -0.000000 
-0.000000 -0.000000  0.000000 -0.000000  0.000000  0.430775 -0.000000  0.000000 
-0.000000  0.000000  0.000000 -0.000000 -0.000000 -0.000000 -0.000000 -0.430775 
-0.000000  0.000000  0.000000  0.000000 -0.000000 -0.430775 -0.000000  0.000000 
-0.000000  0.000000 -0.000000 -0.000000  0.000000 -0.000000 -0.000000 -0.430775 
 0.000000  0.000000 -0.000000 -0.000000  0.430775  0.000000 -0.000000 -0.000000 
-0.000000 -0.000000  0.000000  0.000000 -0.000000  0.358979  0.071796 -0.000000 
 0.000000  0.430775 -0.000000  0.000000 -0.000000  0.000000 -0.000000  0.000000 
 0.000000  0.000000  0.000000 -0.000000 -0.000000 -0.000000  0.071796 -0.358979 
-0.000000 -0.000000  0.000000  0.000000 -0.000000 -0.000000 -0.430775 -0.000000 
-0.000000  0.000000  0.000000 -0.000000  0.000000 -0.358979  0.071796  0.000000 

