 0.707107 -0.207230  0.000000  0.000000  0.073706 
 0.707107  0.207230  0.000000  0.000000 -0.073706 
 0.000000  0.956092  0.000000  0.000000  0.031951 
 0.000000  0.000000  0.707107 -0.207230 -0.073706 
 0.000000  0.000000  0.707107  0.207230  0.073706 
 0.000000  0.000000  0.000000  0.956092 -0.031951 
 0.000000  0.000000  0.000000  0.000000  0.988043 

 0.554454  0.000000 -0.101050  0.000000 -0.044345 
 0.554454  0.000000  0.101050  0.000000 -0.044345 
 0.000000  0.554454  0.000000 -0.101050 -0.044345 
 0.000000  0.554454  0.000000  0.101050 -0.044345 
 0.000000  0.000000  0.699849  0.000000  0.000000 
 0.000000  0.000000  0.000000  0.699849  0.000000 
 0.000000  0.000000  0.000000  0.000000  0.699849 
 0.620614  0.000000  0.000000  0.000000  0.079235 
 0.000000  0.620614  0.000000  0.000000  0.079235 
 0.000000  0.000000  0.699849  0.000000  0.000000 
 0.000000  0.000000  0.000000  0.699849  0.000000 
 0.000000  0.000000  0.000000  0.000000  0.699849 

 0.487276  0.000000 -0.085808  0.000000  0.000000 
 0.487276  0.000000  0.085808  0.000000  0.000000 
 0.000000  0.487276  0.000000 -0.085808  0.000000 
 0.000000  0.487276  0.000000  0.085808  0.000000 
 0.000000  0.000000  0.573083  0.000000  0.000000 
 0.000000  0.000000  0.000000  0.573083  0.000000 
 0.000000  0.000000  0.000000  0.000000  0.573083 
 0.512408  0.000000  0.000000  0.000000 -0.060675 
 0.512408  0.000000  0.000000  0.000000  0.060675 
 0.000000  0.512408  0.000000  0.000000 -0.060675 
 0.000000  0.512408  0.000000  0.000000  0.060675 
 0.000000  0.000000  0.573083  0.000000  0.000000 
 0.000000  0.000000  0.000000  0.573083  0.000000 
 0.000000  0.000000  0.000000  0.000000  0.573083 
 0.000000  0.000000  0.573083  0.000000  0.000000 
 0.000000  0.000000  0.000000  0.573083  0.000000 
 0.000000  0.000000  0.000000  0.000000  0.573083 

 0.422772  0.000000 -0.074449  0.000000  0.000000 
 0.422772  0.000000  0.074449  0.000000  0.000000 
 0.000000  0.422772  0.000000 -0.074449  0.000000 
 0.000000  0.422772  0.000000  0.074449  0.000000 
 0.000000  0.000000  0.497221  0.000000  0.000000 
 0.000000  0.000000  0.000000  0.497221  0.000000 
 0.000000  0.000000  0.000000  0.000000  0.497221 
 0.444578  0.000000  0.000000  0.000000 -0.052643 
 0.444578  0.000000  0.000000  0.000000  0.052643 
 0.000000  0.444578  0.000000  0.000000 -0.052643 
 0.000000  0.444578  0.000000  0.000000  0.052643 
 0.000000  0.000000  0.497221  0.000000  0.000000 
 0.000000  0.000000  0.000000  0.497221  0.000000 
 0.000000  0.000000  0.000000  0.000000  0.497221 
 0.000000  0.000000  0.497221  0.000000  0.000000 
 0.000000  0.000000  0.000000  0.497221  0.000000 
 0.000000  0.000000  0.000000  0.000000  0.497221 
 0.497221  0.000000  0.000000  0.000000  0.000000 
 0.000000  0.497221  0.000000  0.000000  0.000000 
 0.000000  0.000000  0.497221  0.000000  0.000000 
 0.000000  0.000000  0.000000  0.497221  0.000000 
 0.000000  0.000000  0.000000  0.000000  0.497221 

 0.378559  0.000000 -0.066663  0.000000  0.000000 
 0.378559  0.000000  0.066663  0.000000  0.000000 
 0.000000  0.378559  0.000000 -0.066663  0.000000 
 0.000000  0.378559  0.000000  0.066663  0.000000 
 0.000000  0.000000  0.445222  0.000000  0.000000 
 0.000000  0.000000  0.000000  0.445222  0.000000 
 0.000000  0.000000  0.000000  0.000000  0.445222 
 0.398084  0.000000  0.000000  0.000000 -0.047138 
 0.398084  0.000000  0.000000  0.000000  0.047138 
 0.000000  0.398084  0.000000  0.000000 -0.047138 
 0.000000  0.398084  0.000000  0.000000  0.047138 
 0.000000  0.000000  0.445222  0.000000  0.000000 
 0.000000  0.000000  0.000000  0.445222  0.000000 
 0.000000  0.000000  0.000000  0.000000  0.445222 
 0.000000  0.000000  0.445222  0.000000  0.000000 
 0.000000  0.000000  0.000000  0.445222  0.000000 
 0.000000  0.000000  0.000000  0.000000  0.445222 
 0.445222  0.000000  0.000000  0.000000  0.000000 
 0.000000  0.445222  0.000000  0.000000  0.000000 
 0.000000  0.000000  0.445222  0.000000  0.000000 
 0.000000  0.000000  0.000000  0.445222  0.000000 
 0.000000  0.000000  0.000000  0.000000  0.445222 
 0.445222  0.000000  0.000000  0.000000  0.000000 
 0.000000  0.445222  0.000000  0.000000  0.000000 
 0.000000  0.000000  0.445222  0.000000  0.000000 
 0.000000  0.000000  0.000000  0.445222  0.000000 
 0.000000  0.000000  0.000000  0.000000  0.445222 

 0.345832  0.000000 -0.060900  0.000000  0.000000 
 0.345832  0.000000  0.060900  0.000000  0.000000 
 0.000000  0.345832  0.000000 -0.060900  0.000000 
 0.000000  0.345832  0.000000  0.060900  0.000000 
 0.000000  0.000000  0.406731  0.000000  0.000000 
 0.000000  0.000000  0.000000  0.406731  0.000000 
 0.000000  0.000000  0.000000  0.000000  0.406731 
 0.363669  0.000000  0.000000  0.000000 -0.043063 
 0.363669  0.000000  0.000000  0.000000  0.043063 
 0.000000  0.363669  0.000000  0.000000 -0.043063 
 0.000000  0.363669  0.000000  0.000000  0.043063 
 0.000000  0.000000  0.406731  0.000000  0.000000 
 0.000000  0.000000  0.000000  0.406731  0.000000 
 0.000000  0.000000  0.000000  0.000000  0.406731 
 0.000000  0.000000  0.406731  0.000000  0.000000 
 0.000000  0.000000  0.000000  0.406731  0.000000 
 0.000000  0.000000  0.000000  0.000000  0.406731 
 0.406731  0.000000  0.000000  0.000000  0.000000 
 0.000000  0.406731  0.000000  0.000000  0.000000 
 0.000000  0.000000  0.406731  0.000000  0.000000 
 0.000000  0.000000  0.000000  0.406731  0.000000 
 0.000000  0.000000  0.000000  0.000000  0.406731 
 0.406731  0.000000  0.000000  0.000000  0.000000 
 0.000000  0.406731  0.000000  0.000000  0.000000 
 0.000000  0.000000  0.406731  0.000000  0.000000 
 0.000000  0.000000  0.000000  0.406731  0.000000 
 0.000000  0.000000  0.000000  0.000000  0.406731 
 0.406731  0.000000  0.000000  0.000000  0.000000 
 0.000000  0.406731  0.000000  0.000000  0.000000 
 0.000000  0.000000  0.406731  0.000000  0.000000 
 0.000000  0.000000  0.000000  0.406731  0.000000 
 0.000000  0.000000  0.000000  0.000000  0.406731 

 0.320348  0.000000 -0.056412  0.000000  0.000000 
 0.320348  0.000000  0.056412  0.000000  0.000000 
 0.000000  0.320348  0.000000 -0.056412  0.000000 
 0.000000  0.320348  0.000000  0.056412  0.000000 
 0.000000  0.000000  0.376760  0.000000  0.000000 
 0.000000  0.000000  0.000000  0.376760  0.000000 
 0.000000  0.000000  0.000000  0.000000  0.376760 
 0.336870  0.000000  0.000000  0.000000 -0.039889 
 0.336870  0.000000  0.000000  0.000000  0.039889 
 0.000000  0.336870  0.000000  0.000000 -0.039889 
 0.000000  0.336870  0.000000  0.000000  0.039889 
 0.000000  0.000000  0.376760  0.000000  0.000000 
 0.000000  0.000000  0.000000  0.376760  0.000000 
 0.000000  0.000000  0.000000  0.000000  0.376760 
 0.000000  0.000000  0.376760  0.000000  0.000000 
 0.000000  0.000000  0.000000  0.376760  0.000000 
 0.000000  0.000000  0.000000  0.000000  0.376760 
 0.376760  0.000000  0.000000  0.000000  0.000000 
 0.000000  0.376760  0.000000  0.000000  0.000000 
 0.000000  0.000000  0.376760  0.000000  0.000000 
 0.000000  0.000000  0.000000  0.376760  0.000000 
 0.000000  0.000000  0.000000  0.000000  0.376760 
 0.376760  0.000000  0.000000  0.000000  0.000000 
 0.000000  0.376760  0.000000  0.000000  0.000000 
 0.000000  0.000000  0.376760  0.000000  0.000000 
 0.000000  0.000000  0.000000  0.376760  0.000000 
 0.000000  0.000000  0.000000  0.000000  0.376760 
 0.376760  0.000000  0.000000  0.000000  0.000000 
 0.000000  0.376760  0.000000  0.000000  0.000000 
 0.000000  0.000000  0.376760  0.000000  0.000000 
 0.000000  0.000000  0.000000  0.376760  0.000000 
 0.000000  0.000000  0.000000  0.000000  0.376760 
 0.376760  0.000000  0.000000  0.000000  0.000000 
 0.000000  0.376760  0.000000  0.000000  0.000000 
 0.000000  0.000000  0.376760  0.000000  0.000000 
 0.000000  0.000000  0.000000  0.376760  0.000000 
 0.000000  0.000000  0.000000  0.000000  0.376760 

 0.299777  0.000000 -0.052790  0.000000  0.000000 
 0.299777  0.000000  0.052790  0.000000  0.000000 
 0.000000  0.299777  0.000000 -0.052790  0.000000 
 0.000000  0.299777  0.000000  0.052790  0.000000 
 0.000000  0.000000  0.352567  0.000000  0.000000 
 0.000000  0.000000  0.000000  0.352567  0.000000 
 0.000000  0.000000  0.000000  0.000000  0.352567 
 0.315239  0.000000  0.000000  0.000000 -0.037328 
 0.315239  0.000000  0.000000  0.000000  0.037328 
 0.000000  0.315239  0.000000  0.000000 -0.037328 
 0.000000  0.315239  0.000000  0.000000  0.037328 
 0.000000  0.000000  0.352567  0.000000  0.000000 
 0.000000  0.000000  0.000000  0.352567  0.000000 
 0.000000  0.000000  0.000000  0.000000  0.352567 
 0.000000  0.000000  0.352567  0.000000  0.000000 
 0.000000  0.000000  0.000000  0.352567  0.000000 
 0.000000  0.000000  0.000000  0.000000  0.352567 
 0.352567  0.000000  0.000000  0.000000  0.000000 
 0.000000  0.352567  0.000000  0.000000  0.000000 
 0.000000  0.000000  0.352567  0.000000  0.000000 
 0.000000  0.000000  0.000000  0.352567  0.000000 
 0.000000  0.000000  0.000000  0.000000  0.352567 
 0.352567  0.000000  0.000000  0.000000  0.000000 
 0.000000  0.352567  0.000000  0.000000  0.000000 
 0.000000  0.000000  0.352567  0.000000  0.000000 
 0.000000  0.000000  0.000000  0.352567  0.000000 
 0.000000  0.000000  0.000000  0.000000  0.352567 
 0.352567  0.000000  0.000000  0.000000  0.000000 
 0.000000  0.352567  0.000000  0.000000  0.000000 
 0.000000  0.000000  0.352567  0.000000  0.000000 
 0.000000  0.000000  0.000000  0.352567  0.000000 
 0.000000  0.000000  0.000000  0.000000  0.352567 
 0.352567  0.000000  0.000000  0.000000  0.000000 
 0.000000  0.352567  0.000000  0.000000  0.000000 
 0.000000  0.000000  0.352567  0.000000  0.000000 
 0.000000  0.000000  0.000000  0.352567  0.000000 
 0.000000  0.000000  0.000000  0.000000  0.352567 
 0.352567  0.000000  0.000000  0.000000  0.000000 
 0.000000  0.352567  0.000000  0.000000  0.000000 
 0.000000  0.000000  0.352567  0.000000  0.000000 
 0.000000  0.000000  0.000000  0.352567  0.000000 
 0.000000  0.000000  0.000000  0.000000  0.352567 

 0.282720  0.000000 -0.049786  0.000000  0.000000 
 0.282720  0.000000  0.049786  0.000000  0.000000 
 0.000000  0.282720  0.000000 -0.049786  0.000000 
 0.000000  0.282720  0.000000  0.049786  0.000000 
 0.000000  0.000000  0.332506  0.000000  0.000000 
 0.000000  0.000000  0.000000  0.332506  0.000000 
 0.000000  0.000000  0.000000  0.000000  0.332506 
 0.297302  0.000000  0.000000  0.000000 -0.035204 
 0.297302  0.000000  0.000000  0.000000  0.035204 
 0.000000  0.297302  0.000000  0.000000 -0.035204 
 0.000000  0.297302  0.000000  0.000000  0.035204 
 0.000000  0.000000  0.332506  0.000000  0.000000 
 0.000000  0.000000  0.000000  0.332506  0.000000 
 0.000000  0.000000  0.000000  0.000000  0.332506 
 0.000000  0.000000  0.332506  0.000000  0.000000 
 0.000000  0.000000  0.000000  0.332506  0.000000 
 0.000000  0.000000  0.000000  0.000000  0.332506 
 0.332506  0.000000  0.000000  0.000000  0.000000 
 0.000000  0.332506  0.000000  0.000000  0.000000 
 0.000000  0.000000  0.332506  0.000000  0.000000 
 0.000000  0.000000  0.000000  0.332506  0.000000 
 0.000000  0.000000  0.000000  0.000000  0.332506 
 0.332506  0.000000  0.000000  0.000000  0.000000 
 0.000000  0.332506  0.000000  0.000000  0.000000 
 0.000000  0.000000  0.332506  0.000000  0.000000 
 0.000000  0.000000  0.000000  0.332506  0.000000 
 0.000000  0.000000  0.000000  0.000000  0.332506 
 0.332506  0.000000  0.000000  0.000000  0.000000 
 0.000000  0.332506  0.000000  0.000000  0.000000 
 0.000000  0.000000  0.332506  0.000000  0.000000 
 0.000000  0.000000  0.000000  0.332506  0.000000 
 0.000000  0.000000  0.000000  0.000000  0.332506 
 0.332506  0.000000  0.000000  0.000000  0.000000 
 0.000000  0.332506  0.000000  0.000000  0.000000 
 0.000000  0.000000  0.332506  0.000000  0.000000 
 0.000000  0.000000  0.000000  0.332506  0.000000 
 0.000000  0.000000  0.000000  0.000000  0.332506 
 0.332506  0.000000  0.000000  0.000000  0.000000 
 0.000000  0.332506  0.000000  0.000000  0.000000 
 0.000000  0.000000  0.332506  0.000000  0.000000 
 0.000000  0.000000  0.000000  0.332506  0.000000 
 0.000000  0.000000  0.000000  0.000000  0.332506 
 0.332506  0.000000  0.000000  0.000000  0.000000 
 0.000000  0.332506  0.000000  0.000000  0.000000 
 0.000000  0.000000  0.332506  0.000000  0.000000 
 0.000000  0.000000  0.000000  0.332506  0.000000 
 0.000000  0.000000  0.000000  0.000000  0.332506 

