 0.707107 -0.197397 -0.066989 -0.027668 
 0.707107  0.197397  0.066989  0.027668 
 0.000000  0.960244 -0.027542 -0.011376 
 0.000000  0.000000  0.995121 -0.004040 
 0.000000  0.000000  0.000000  0.999161 

 0.531353 -0.103538 -0.042339 -0.028552 
 0.531353  0.103538  0.042339 -0.028552 
 0.000000  0.693132 -0.012649  0.000000 
 0.000000  0.000000  0.705781  0.000000 
 0.000000  0.000000  0.000000  0.705781 
 0.659794  0.000000  0.000000  0.045987 
 0.000000  0.705781  0.000000  0.000000 
 0.000000  0.000000  0.705781  0.000000 
 0.000000  0.000000  0.000000  0.705781 

 0.485818 -0.044890 -0.026600  0.018877 
 0.485818  0.044890 -0.026600  0.018877 
 0.000000  0.576186  0.000000  0.000000 
 0.000000  0.000000  0.576186  0.000000 
 0.000000  0.000000  0.000000  0.576186 
 0.505409  0.000000  0.051138  0.019638 
 0.000000  0.576186  0.000000  0.000000 
 0.000000  0.000000  0.576186  0.000000 
 0.000000  0.000000  0.000000  0.576186 
 0.522038  0.000000  0.000000 -0.054147 
 0.000000  0.576186  0.000000  0.000000 
 0.000000  0.000000  0.576186  0.000000 
 0.000000  0.000000  0.000000  0.576186 

 0.433546 -0.024439  0.000000  0.041167 
 0.433546 -0.024439  0.000000 -0.041167 
 0.000000  0.499152  0.000000  0.000000 
 0.000000  0.000000  0.499152  0.000000 
 0.000000  0.000000  0.000000  0.499152 
 0.457985  0.000000  0.041167  0.000000 
 0.457985  0.000000 -0.041167  0.000000 
 0.000000  0.499152  0.000000  0.000000 
 0.000000  0.000000  0.499152  0.000000 
 0.000000  0.000000  0.000000  0.499152 
 0.000000  0.499152  0.000000  0.000000 
 0.000000  0.000000  0.499152  0.000000 
 0.000000  0.000000  0.000000  0.499152 
 0.452301  0.046851  0.000000  0.000000 
 0.000000  0.499152  0.000000  0.000000 
 0.000000  0.000000  0.499152  0.000000 
 0.000000  0.000000  0.000000  0.499152 

 0.408248 -0.038309  0.000000  0.000000 
 0.408248  0.038309  0.000000  0.000000 
 0.000000  0.446557  0.000000  0.000000 
 0.000000  0.000000  0.446557  0.000000 
 0.000000  0.000000  0.000000  0.446557 
 0.408248  0.000000 -0.038309  0.000000 
 0.408248  0.000000  0.038309  0.000000 
 0.000000  0.446557  0.000000  0.000000 
 0.000000  0.000000  0.446557  0.000000 
 0.000000  0.000000  0.000000  0.446557 
 0.408248  0.000000  0.000000 -0.038309 
 0.408248  0.000000  0.000000  0.038309 
 0.000000  0.446557  0.000000  0.000000 
 0.000000  0.000000  0.446557  0.000000 
 0.000000  0.000000  0.000000  0.446557 
 0.000000  0.446557  0.000000  0.000000 
 0.000000  0.000000  0.446557  0.000000 
 0.000000  0.000000  0.000000  0.446557 
 0.000000  0.446557  0.000000  0.000000 
 0.000000  0.000000  0.446557  0.000000 
 0.000000  0.000000  0.000000  0.446557 

 0.372769 -0.034979  0.000000  0.000000 
 0.372769  0.034979  0.000000  0.000000 
 0.000000  0.407748  0.000000  0.000000 
 0.000000  0.000000  0.407748  0.000000 
 0.000000  0.000000  0.000000  0.407748 
 0.372769  0.000000 -0.034979  0.000000 
 0.372769  0.000000  0.034979  0.000000 
 0.000000  0.407748  0.000000  0.000000 
 0.000000  0.000000  0.407748  0.000000 
 0.000000  0.000000  0.000000  0.407748 
 0.372769  0.000000  0.000000 -0.034979 
 0.372769  0.000000  0.000000  0.034979 
 0.000000  0.407748  0.000000  0.000000 
 0.000000  0.000000  0.407748  0.000000 
 0.000000  0.000000  0.000000  0.407748 
 0.000000  0.407748  0.000000  0.000000 
 0.000000  0.000000  0.407748  0.000000 
 0.000000  0.000000  0.000000  0.407748 
 0.000000  0.407748  0.000000  0.000000 
 0.000000  0.000000  0.407748  0.000000 
 0.000000  0.000000  0.000000  0.407748 
 0.407748  0.000000  0.000000  0.000000 
 0.000000  0.407748  0.000000  0.000000 
 0.000000  0.000000  0.407748  0.000000 
 0.000000  0.000000  0.000000  0.407748 

 0.345178 -0.032390  0.000000  0.000000 
 0.345178  0.032390  0.000000  0.000000 
 0.000000  0.377568  0.000000  0.000000 
 0.000000  0.000000  0.377568  0.000000 
 0.000000  0.000000  0.000000  0.377568 
 0.345178  0.000000 -0.032390  0.000000 
 0.345178  0.000000  0.032390  0.000000 
 0.000000  0.377568  0.000000  0.000000 
 0.000000  0.000000  0.377568  0.000000 
 0.000000  0.000000  0.000000  0.377568 
 0.345178  0.000000  0.000000 -0.032390 
 0.345178  0.000000  0.000000  0.032390 
 0.000000  0.377568  0.000000  0.000000 
 0.000000  0.000000  0.377568  0.000000 
 0.000000  0.000000  0.000000  0.377568 
 0.000000  0.377568  0.000000  0.000000 
 0.000000  0.000000  0.377568  0.000000 
 0.000000  0.000000  0.000000  0.377568 
 0.000000  0.377568  0.000000  0.000000 
 0.000000  0.000000  0.377568  0.000000 
 0.000000  0.000000  0.000000  0.377568 
 0.377568  0.000000  0.000000  0.000000 
 0.000000  0.377568  0.000000  0.000000 
 0.000000  0.000000  0.377568  0.000000 
 0.000000  0.000000  0.000000  0.377568 
 0.377568  0.000000  0.000000  0.000000 
 0.000000  0.377568  0.000000  0.000000 
 0.000000  0.000000  0.377568  0.000000 
 0.000000  0.000000  0.000000  0.377568 

 0.322926 -0.030302  0.000000  0.000000 
 0.322926  0.030302  0.000000  0.000000 
 0.000000  0.353229  0.000000  0.000000 
 0.000000  0.000000  0.353229  0.000000 
 0.000000  0.000000  0.000000  0.353229 
 0.322926  0.000000 -0.030302  0.000000 
 0.322926  0.000000  0.030302  0.000000 
 0.000000  0.353229  0.000000  0.000000 
 0.000000  0.000000  0.353229  0.000000 
 0.000000  0.000000  0.000000  0.353229 
 0.322926  0.000000  0.000000 -0.030302 
 0.322926  0.000000  0.000000  0.030302 
 0.000000  0.353229  0.000000  0.000000 
 0.000000  0.000000  0.353229  0.000000 
 0.000000  0.000000  0.000000  0.353229 
 0.000000  0.353229  0.000000  0.000000 
 0.000000  0.000000  0.353229  0.000000 
 0.000000  0.000000  0.000000  0.353229 
 0.000000  0.353229  0.000000  0.000000 
 0.000000  0.000000  0.353229  0.000000 
 0.000000  0.000000  0.000000  0.353229 
 0.353229  0.000000  0.000000  0.000000 
 0.000000  0.353229  0.000000  0.000000 
 0.000000  0.000000  0.353229  0.000000 
 0.000000  0.000000  0.000000  0.353229 
 0.353229  0.000000  0.000000  0.000000 
 0.000000  0.353229  0.000000  0.000000 
 0.000000  0.000000  0.353229  0.000000 
 0.000000  0.000000  0.000000  0.353229 
 0.353229  0.000000  0.000000  0.000000 
 0.000000  0.353229  0.000000  0.000000 
 0.000000  0.000000  0.353229  0.000000 
 0.000000  0.000000  0.000000  0.353229 

 0.304489 -0.028572  0.000000  0.000000 
 0.304489  0.028572  0.000000  0.000000 
 0.000000  0.333061  0.000000  0.000000 
 0.000000  0.000000  0.333061  0.000000 
 0.000000  0.000000  0.000000  0.333061 
 0.304489  0.000000 -0.028572  0.000000 
 0.304489  0.000000  0.028572  0.000000 
 0.000000  0.333061  0.000000  0.000000 
 0.000000  0.000000  0.333061  0.000000 
 0.000000  0.000000  0.000000  0.333061 
 0.304489  0.000000  0.000000 -0.028572 
 0.304489  0.000000  0.000000  0.028572 
 0.000000  0.333061  0.000000  0.000000 
 0.000000  0.000000  0.333061  0.000000 
 0.000000  0.000000  0.000000  0.333061 
 0.000000  0.333061  0.000000  0.000000 
 0.000000  0.000000  0.333061  0.000000 
 0.000000  0.000000  0.000000  0.333061 
 0.000000  0.333061  0.000000  0.000000 
 0.000000  0.000000  0.333061  0.000000 
 0.000000  0.000000  0.000000  0.333061 
 0.333061  0.000000  0.000000  0.000000 
 0.000000  0.333061  0.000000  0.000000 
 0.000000  0.000000  0.333061  0.000000 
 0.000000  0.000000  0.000000  0.333061 
 0.333061  0.000000  0.000000  0.000000 
 0.000000  0.333061  0.000000  0.000000 
 0.000000  0.000000  0.333061  0.000000 
 0.000000  0.000000  0.000000  0.333061 
 0.333061  0.000000  0.000000  0.000000 
 0.000000  0.333061  0.000000  0.000000 
 0.000000  0.000000  0.333061  0.000000 
 0.000000  0.000000  0.000000  0.333061 
 0.333061  0.000000  0.000000  0.000000 
 0.000000  0.333061  0.000000  0.000000 
 0.000000  0.000000  0.333061  0.000000 
 0.000000  0.000000  0.000000  0.333061 

 0.288887 -0.027108  0.000000  0.000000 
 0.288887  0.027108  0.000000  0.000000 
 0.000000  0.315995  0.000000  0.000000 
 0.000000  0.000000  0.315995  0.000000 
 0.000000  0.000000  0.000000  0.315995 
 0.288887  0.000000 -0.027108  0.000000 
 0.288887  0.000000  0.027108  0.000000 
 0.000000  0.315995  0.000000  0.000000 
 0.000000  0.000000  0.315995  0.000000 
 0.000000  0.000000  0.000000  0.315995 
 0.288887  0.000000  0.000000 -0.027108 
 0.288887  0.000000  0.000000  0.027108 
 0.000000  0.315995  0.000000  0.000000 
 0.000000  0.000000  0.315995  0.000000 
 0.000000  0.000000  0.000000  0.315995 
 0.000000  0.315995  0.000000  0.000000 
 0.000000  0.000000  0.315995  0.000000 
 0.000000  0.000000  0.000000  0.315995 
 0.000000  0.315995  0.000000  0.000000 
 0.000000  0.000000  0.315995  0.000000 
 0.000000  0.000000  0.000000  0.315995 
 0.315995  0.000000  0.000000  0.000000 
 0.000000  0.315995  0.000000  0.000000 
 0.000000  0.000000  0.315995  0.000000 
 0.000000  0.000000  0.000000  0.315995 
 0.315995  0.000000  0.000000  0.000000 
 0.000000  0.315995  0.000000  0.000000 
 0.000000  0.000000  0.315995  0.000000 
 0.000000  0.000000  0.000000  0.315995 
 0.315995  0.000000  0.000000  0.000000 
 0.000000  0.315995  0.000000  0.000000 
 0.000000  0.000000  0.315995  0.000000 
 0.000000  0.000000  0.000000  0.315995 
 0.315995  0.000000  0.000000  0.000000 
 0.000000  0.315995  0.000000  0.000000 
 0.000000  0.000000  0.315995  0.000000 
 0.000000  0.000000  0.000000  0.315995 
 0.315995  0.000000  0.000000  0.000000 
 0.000000  0.315995  0.000000  0.000000 
 0.000000  0.000000  0.315995  0.000000 
 0.000000  0.000000  0.000000  0.315995 

 0.275462 -0.025848  0.000000  0.000000 
 0.275462  0.025848  0.000000  0.000000 
 0.000000  0.301310  0.000000  0.000000 
 0.000000  0.000000  0.301310  0.000000 
 0.000000  0.000000  0.000000  0.301310 
 0.275462  0.000000 -0.025848  0.000000 
 0.275462  0.000000  0.025848  0.000000 
 0.000000  0.301310  0.000000  0.000000 
 0.000000  0.000000  0.301310  0.000000 
 0.000000  0.000000  0.000000  0.301310 
 0.275462  0.000000  0.000000 -0.025848 
 0.275462  0.000000  0.000000  0.025848 
 0.000000  0.301310  0.000000  0.000000 
 0.000000  0.000000  0.301310  0.000000 
 0.000000  0.000000  0.000000  0.301310 
 0.000000  0.301310  0.000000  0.000000 
 0.000000  0.000000  0.301310  0.000000 
 0.000000  0.000000  0.000000  0.301310 
 0.000000  0.301310  0.000000  0.000000 
 0.000000  0.000000  0.301310  0.000000 
 0.000000  0.000000  0.000000  0.301310 
 0.301310  0.000000  0.000000  0.000000 
 0.000000  0.301310  0.000000  0.000000 
 0.000000  0.000000  0.301310  0.000000 
 0.000000  0.000000  0.000000  0.301310 
 0.301310  0.000000  0.000000  0.000000 
 0.000000  0.301310  0.000000  0.000000 
 0.000000  0.000000  0.301310  0.000000 
 0.000000  0.000000  0.000000  0.301310 
 0.301310  0.000000  0.000000  0.000000 
 0.000000  0.301310  0.000000  0.000000 
 0.000000  0.000000  0.301310  0.000000 
 0.000000  0.000000  0.000000  0.301310 
 0.301310  0.000000  0.000000  0.000000 
 0.000000  0.301310  0.000000  0.000000 
 0.000000  0.000000  0.301310  0.000000 
 0.000000  0.000000  0.000000  0.301310 
 0.301310  0.000000  0.000000  0.000000 
 0.000000  0.301310  0.000000  0.000000 
 0.000000  0.000000  0.301310  0.000000 
 0.000000  0.000000  0.000000  0.301310 
 0.301310  0.000000  0.000000  0.000000 
 0.000000  0.301310  0.000000  0.000000 
 0.000000  0.000000  0.301310  0.000000 
 0.000000  0.000000  0.000000  0.301310 

 0.263749 -0.024749  0.000000  0.000000 
 0.263749  0.024749  0.000000  0.000000 
 0.000000  0.288498  0.000000  0.000000 
 0.000000  0.000000  0.288498  0.000000 
 0.000000  0.000000  0.000000  0.288498 
 0.263749  0.000000 -0.024749  0.000000 
 0.263749  0.000000  0.024749  0.000000 
 0.000000  0.288498  0.000000  0.000000 
 0.000000  0.000000  0.288498  0.000000 
 0.000000  0.000000  0.000000  0.288498 
 0.263749  0.000000  0.000000 -0.024749 
 0.263749  0.000000  0.000000  0.024749 
 0.000000  0.288498  0.000000  0.000000 
 0.000000  0.000000  0.288498  0.000000 
 0.000000  0.000000  0.000000  0.288498 
 0.000000  0.288498  0.000000  0.000000 
 0.000000  0.000000  0.288498  0.000000 
 0.000000  0.000000  0.000000  0.288498 
 0.000000  0.288498  0.000000  0.000000 
 0.000000  0.000000  0.288498  0.000000 
 0.000000  0.000000  0.000000  0.288498 
 0.288498  0.000000  0.000000  0.000000 
 0.000000  0.288498  0.000000  0.000000 
 0.000000  0.000000  0.288498  0.000000 
 0.000000  0.000000  0.000000  0.288498 
 0.288498  0.000000  0.000000  0.000000 
 0.000000  0.288498  0.000000  0.000000 
 0.000000  0.000000  0.288498  0.000000 
 0.000000  0.000000  0.000000  0.288498 
 0.288498  0.000000  0.000000  0.000000 
 0.000000  0.288498  0.000000  0.000000 
 0.000000  0.000000  0.288498  0.000000 
 0.000000  0.000000  0.000000  0.288498 
 0.288498  0.000000  0.000000  0.000000 
 0.000000  0.288498  0.000000  0.000000 
 0.000000  0.000000  0.288498  0.000000 
 0.000000  0.000000  0.000000  0.288498 
 0.288498  0.000000  0.000000  0.000000 
 0.000000  0.288498  0.000000  0.000000 
 0.000000  0.000000  0.288498  0.000000 
 0.000000  0.000000  0.000000  0.288498 
 0.288498  0.000000  0.000000  0.000000 
 0.000000  0.288498  0.000000  0.000000 
 0.000000  0.000000  0.288498  0.000000 
 0.000000  0.000000  0.000000  0.288498 
 0.288498  0.000000  0.000000  0.000000 
 0.000000  0.288498  0.000000  0.000000 
 0.000000  0.000000  0.288498  0.000000 
 0.000000  0.000000  0.000000  0.288498 

