 1.000000  0.000000  0.000000  0.000000  0.000000  0.000000  0.000000  0.000000  0.000000  0.000000 
 0.000000  1.000000  0.000000  0.000000  0.000000  0.000000  0.000000  0.000000  0.000000  0.000000 
 0.000000  0.000000  1.000000  0.000000  0.000000  0.000000  0.000000  0.000000  0.000000  0.000000 
 0.000000  0.000000  0.000000  1.000000  0.000000  0.000000  0.000000  0.000000  0.000000  0.000000 
 0.000000  0.000000  0.000000  0.000000  1.000000  0.000000  0.000000  0.000000  0.000000  0.000000 
 0.000000  0.000000  0.000000  0.000000  0.000000  1.000000  0.000000  0.000000  0.000000  0.000000 
 0.000000  0.000000  0.000000  0.000000  0.000000  0.000000  1.000000  0.000000  0.000000  0.000000 
 0.000000  0.000000  0.000000  0.000000  0.000000  0.000000  0.000000  1.000000  0.000000  0.000000 
 0.000000  0.000000  0.000000  0.000000  0.000000  0.000000  0.000000  0.000000  1.000000  0.000000 
 0.000000  0.000000  0.000000  0.000000  0.000000  0.000000  0.000000  0.000000  0.000000  1.000000 
 0.000000  0.000000  0.000000  0.000000  0.000000  0.000000  0.000000  0.000000  0.000000  0.000000 

-0.000000  0.000000  0.000000  0.000000 -0.000000 -0.707107 -0.000000 -0.000000  0.000000  0.000000 
 0.000000 -0.000000  0.707107 -0.000000  0.000000 -0.000000  0.000000 -0.000000 -0.000000 -0.000000 
 0.000030  0.706082 -0.000000  0.000161  0.000008  0.000041 -0.000073 -0.000032 -0.000182 -0.000282 
 0.000000  0.000000  0.000000  0.000000  0.000000  0.000000  0.707107 -0.000000 -0.000000  0.000000 
 0.000001  0.000002  0.000000  0.000000 -0.707086 -0.000000 -0.000003 -0.000005 -0.000006 -0.000000 
 0.000000  0.000001  0.000000 -0.000001 -0.000002 -0.000000 -0.000000 -0.000001  0.707101  0.000000 
-0.000000  0.000000 -0.707107 -0.000000  0.000000  0.000000 -0.000000 -0.000000 -0.000000  0.000000 
 0.000004  0.000016 -0.000022 -0.000022 -0.000337  0.000024 -0.000030 -0.706530  0.000027 -0.000066 
-0.000000  0.000000 -0.000000 -0.000000 -0.000000  0.707107  0.000000  0.000000  0.000000 -0.000000 
-0.080590 -0.036588  0.000075  0.549520  0.005586  0.000170 -0.000139 -0.022408 -0.002274 -0.007879 
 0.699813 -0.000158  0.000299 -0.000086  0.001125  0.000245 -0.000046 -0.004920  0.000108  0.000301 
 0.000001  0.000004 -0.000000  0.000001 -0.707083  0.000003  0.000001 -0.000003  0.000003  0.000008 
 0.003032 -0.055664  0.000183 -0.626967  0.000081  0.000035 -0.000017  0.000958 -0.003806 -0.014650 
-0.704767  0.000637  0.000305  0.000223 -0.000175  0.000209 -0.000016  0.000469  0.000105  0.000101 
-0.000006 -0.704483 -0.000024  0.000215 -0.000087  0.000034 -0.000069  0.000162  0.000316  0.001606 
 0.000000 -0.000000 -0.000000 -0.000000 -0.000000 -0.000000 -0.707107 -0.000000 -0.000000  0.000000 
 0.000014 -0.000005  0.000001 -0.000009  0.000007  0.000002  0.000004  0.000015 -0.000075  0.706950 
 0.000003  0.000005 -0.000005  0.000007  0.000003  0.000001  0.000005  0.000009  0.000055 -0.707011 
-0.000008 -0.000006  0.000023  0.000001 -0.000021 -0.000035  0.000039 -0.706925 -0.000030  0.000011 
 0.000000 -0.000000 -0.000001 -0.000001 -0.000002 -0.000000  0.000000 -0.000000 -0.707096  0.000001 
 0.084033 -0.026723  0.000133  0.552214 -0.005464 -0.000129  0.000119  0.023358 -0.002059 -0.008773 

-0.000000 -0.000001 -0.000002  0.000000 -0.000000  0.000015 -0.000005 -0.000000 -0.000005 -0.577322 
-0.000001 -0.000001 -0.000003  0.000000  0.000002 -0.000001 -0.000000 -0.000001 -0.000001  0.577340 
 0.000001 -0.000000  0.000000  0.000001 -0.577339 -0.000001  0.000002 -0.000001  0.000000  0.000000 
-0.000004  0.000003  0.000000 -0.000002  0.000000 -0.000003  0.000001 -0.577270 -0.000052  0.000002 
 0.000001 -0.000001  0.000001 -0.000003 -0.000000 -0.000002  0.000006 -0.577296 -0.000036  0.000001 
-0.000008 -0.000022 -0.000003 -0.000012  0.000106 -0.577173  0.000002 -0.000004 -0.000011  0.000003 
-0.000015  0.576872 -0.000006  0.000012  0.000003  0.000033  0.000005 -0.000006  0.000035  0.000342 
-0.576662  0.000012  0.000013  0.000045 -0.000416 -0.000124 -0.000020 -0.000007  0.000010  0.000008 
 0.000024  0.000025 -0.576879 -0.000021 -0.000002 -0.000011 -0.000029  0.000235 -0.000096 -0.000020 
-0.000000  0.000000  0.000001 -0.000000 -0.577342  0.000001 -0.000000 -0.000000 -0.000005 -0.000000 
-0.001047  0.016918  0.029966 -0.510677  0.000020 -0.000505 -0.000103  0.009599 -0.002648 -0.004667 
-0.000273  0.013552 -0.032356 -0.508841 -0.000008 -0.000422  0.000501 -0.010516  0.002627 -0.004143 
-0.000001 -0.577165  0.000010  0.000012 -0.000016 -0.000011  0.000026  0.000008  0.000046 -0.000055 
 0.000017 -0.000001  0.576783 -0.000002  0.000011  0.000003  0.000004 -0.000483  0.000019 -0.000019 
-0.000003 -0.000012 -0.000001 -0.000000  0.000041 -0.577266  0.000004 -0.000015  0.000002 -0.000004 
 0.000000  0.000000 -0.000000 -0.000000 -0.000000  0.000000 -0.577350 -0.000000  0.000000 -0.000000 
 0.000000  0.000000  0.000000 -0.000001  0.577342  0.000000 -0.000001 -0.000000 -0.000002  0.000000 
 0.000000 -0.000000 -0.000000  0.000000 -0.000000  0.000000 -0.577350  0.000000  0.000000  0.000000 
 0.000000 -0.000000  0.000000 -0.000000 -0.000000 -0.000000  0.000001  0.000000 -0.577348 -0.000000 
 0.000002 -0.000001  0.000003  0.000006 -0.000049  0.577263 -0.000003 -0.000004 -0.000003  0.000011 
-0.000001  0.000001 -0.000001 -0.000001 -0.000000 -0.000000 -0.000000  0.000001  0.577345  0.000001 
 0.000000 -0.000001  0.000000 -0.000000  0.000000 -0.000000  0.000001 -0.000000 -0.577346  0.000000 
-0.045810 -0.016325  0.001036 -0.490980  0.003951  0.014609  0.000005  0.000049 -0.000113  0.004240 
 0.575691 -0.000052  0.000021  0.000141  0.000216  0.001076 -0.000077 -0.000007 -0.000018  0.000019 
-0.047479  0.015360 -0.001382  0.489109  0.003980  0.013677  0.000419 -0.000876 -0.000145 -0.004921 
 0.000022  0.577171 -0.000008  0.000013 -0.000013 -0.000002  0.000001  0.000007  0.000026  0.000085 
-0.000000  0.000000 -0.000000 -0.000000 -0.000000 -0.000000  0.577350 -0.000000 -0.000000  0.000000 
-0.000024  0.000003 -0.576701 -0.000021  0.000011  0.000013 -0.000002  0.000373 -0.000172  0.000007 
 0.000008 -0.000000 -0.000002 -0.000002 -0.000005  0.000000 -0.000019 -0.577308 -0.000003  0.000001 
-0.575923 -0.000062  0.000017 -0.000004 -0.000011 -0.001076 -0.000092  0.000051 -0.000005  0.000088 
 0.000000 -0.000004  0.000002  0.000005 -0.000003 -0.000006 -0.000002  0.000001  0.000007 -0.577319 

 0.000000 -0.000000  0.000000 -0.000000 -0.000002 -0.000001 -0.000001 -0.000002 -0.499987 -0.000002 
 0.000002  0.000043 -0.000006  0.000003 -0.000004 -0.000032 -0.499854 -0.000021 -0.000018  0.000001 
-0.004130  0.008677 -0.013850  0.000005 -0.428160 -0.009544  0.026104  0.001416  0.002287 -0.005273 
-0.000058 -0.000026  0.499835 -0.000005 -0.000016 -0.000006  0.000004  0.000011 -0.000019 -0.000005 
 0.000383 -0.000012 -0.499474  0.000027  0.000004  0.000011  0.000009 -0.000007 -0.000058  0.000005 
-0.000015 -0.000016  0.000036 -0.000006  0.000011 -0.499828 -0.000005  0.000029 -0.000024 -0.000003 
-0.000001  0.000001  0.000000  0.000000  0.000002 -0.000000  0.000002 -0.499989  0.000001 -0.000001 
 0.000084  0.000030 -0.000532  0.000005 -0.474598 -0.000052  0.000153 -0.005816 -0.000158  0.018408 
-0.000001  0.000003 -0.000004 -0.000003 -0.000001 -0.000002 -0.000000 -0.000001 -0.499981  0.000002 
 0.000008  0.000020  0.000003 -0.000032  0.000005  0.499835 -0.000002 -0.000013  0.000048 -0.000003 
 0.000001  0.499968 -0.000002 -0.000003 -0.000005  0.000002  0.000002  0.000007  0.000007  0.000003 
 0.000001 -0.000001 -0.000000  0.000000  0.000000 -0.000000  0.000000  0.499992 -0.000002  0.000001 
-0.000008  0.499963 -0.000001 -0.000007  0.000005  0.000001 -0.000008  0.000002 -0.000001 -0.000001 
 0.000000  0.000000 -0.000000 -0.500000 -0.000000 -0.000000 -0.000000  0.000000  0.000000  0.000000 
-0.000004 -0.000000  0.000003  0.000002  0.000001 -0.000002  0.000002 -0.000004 -0.499981 -0.000001 
 0.004186  0.008626  0.013914  0.000669  0.426904  0.008702  0.026486 -0.001572 -0.003184  0.004925 
-0.000012 -0.000004  0.499908 -0.000005  0.000000 -0.000006 -0.000012 -0.000009  0.000006 -0.000017 
 0.000005 -0.000134  0.000007 -0.000008  0.000010  0.000009  0.499762  0.000010  0.000016 -0.000024 
-0.499977 -0.000000 -0.000001  0.000005  0.000001 -0.000000 -0.000001 -0.000002  0.000002  0.000007 
 0.000010  0.000001  0.000002  0.000018 -0.000004  0.000001 -0.000016 -0.000017 -0.000004 -0.499922 
 0.000001 -0.000002  0.000000 -0.000001 -0.000001  0.000001 -0.000003 -0.499989 -0.000001  0.000000 
-0.000000  0.000000 -0.000000  0.500000 -0.000000  0.000000 -0.000000 -0.000000 -0.000000 -0.000000 
-0.000002 -0.000010 -0.000043 -0.000011  0.000020 -0.499691  0.000014 -0.000019 -0.000177  0.000002 
 0.499973 -0.000001 -0.000012 -0.000001  0.000005 -0.000000 -0.000002 -0.000001 -0.000000  0.000004 
-0.000009  0.000000  0.000001  0.000001  0.000004  0.000008 -0.000007  0.000083  0.000001  0.499883 
-0.499976 -0.000004 -0.000002  0.000001 -0.000000  0.000000  0.000003 -0.000009 -0.000002 -0.000001 
-0.000001  0.000580  0.000017  0.000019  0.000003 -0.000005 -0.499317 -0.000008  0.000023  0.000023 
 0.000004  0.000001 -0.000002 -0.000002  0.000005 -0.499696 -0.000001  0.000009 -0.000267  0.000002 
-0.000000  0.000000  0.000000 -0.500000  0.000000 -0.000000  0.000000  0.000000 -0.000000  0.000000 
 0.000001  0.000003  0.000005  0.000004  0.000001  0.000002 -0.000003  0.000085  0.000002  0.499887 
-0.000265 -0.000379  0.000557  0.000206 -0.457438  0.026329  0.000067  0.002084 -0.007232 -0.005259 
-0.000003  0.000002  0.000002  0.000004  0.000000  0.000004  0.000001  0.000001  0.499978 -0.000002 
-0.008140 -0.000275 -0.026487 -0.000418  0.447145  0.009466 -0.000043 -0.001187 -0.002337  0.004397 
 0.000001 -0.000002 -0.000001  0.000012  0.000001  0.000005  0.000008  0.000093  0.000000  0.499870 
-0.000002  0.000002 -0.000004 -0.000000  0.000002  0.000000  0.000001  0.499987  0.000002 -0.000002 
 0.000002  0.499957 -0.000008 -0.000002 -0.000006 -0.000006 -0.000005 -0.000003  0.000006  0.000003 
 0.000197 -0.000004 -0.499695  0.000003  0.000029  0.000024 -0.000007 -0.000007  0.000012 -0.000001 
 0.000000 -0.000000 -0.000000 -0.500000  0.000000  0.000000 -0.000000  0.000000 -0.000000  0.000000 
 0.000008  0.000140  0.000002  0.000007  0.000026  0.000002 -0.499684  0.000031 -0.000038 -0.000042 
 0.499972  0.000005 -0.000002 -0.000005  0.000001 -0.000004  0.000001 -0.000002  0.000002 -0.000001 
 0.000009 -0.499962 -0.000009 -0.000001  0.000002  0.000001  0.000003  0.000003  0.000004  0.000001 

