 0.707107 -0.235702  0.000000  0.000000 
 0.707107  0.235702  0.000000  0.000000 
 0.000000  0.942809  0.000000  0.000000 
 0.000000  0.000000  0.707107 -0.235702 
 0.000000  0.000000  0.707107  0.235702 
 0.000000  0.000000  0.000000  0.942809 

 0.514496 -0.171499  0.000000  0.000000 
 0.514496  0.171499  0.000000  0.000000 
 0.000000  0.685994  0.000000  0.000000 
 0.685994  0.000000  0.000000  0.000000 
 0.000000  0.685994  0.000000  0.000000 
 0.000000  0.000000  0.514496 -0.171499 
 0.000000  0.000000  0.514496  0.171499 
 0.000000  0.000000  0.000000  0.685994 
 0.000000  0.000000  0.685994  0.000000 
 0.000000  0.000000  0.000000  0.685994 

 0.424264 -0.141421  0.000000  0.000000 
 0.424264  0.141421  0.000000  0.000000 
 0.000000  0.565685  0.000000  0.000000 
 0.565685  0.000000  0.000000  0.000000 
 0.000000  0.565685  0.000000  0.000000 
 0.565685  0.000000  0.000000  0.000000 
 0.000000  0.565685  0.000000  0.000000 
 0.000000  0.000000  0.424264 -0.141421 
 0.000000  0.000000  0.424264  0.141421 
 0.000000  0.000000  0.000000  0.565685 
 0.000000  0.000000  0.565685  0.000000 
 0.000000  0.000000  0.000000  0.565685 
 0.000000  0.000000  0.565685  0.000000 
 0.000000  0.000000  0.000000  0.565685 

 0.369274 -0.123091  0.000000  0.000000 
 0.369274  0.123091  0.000000  0.000000 
 0.000000  0.492366  0.000000  0.000000 
 0.492366  0.000000  0.000000  0.000000 
 0.000000  0.492366  0.000000  0.000000 
 0.492366  0.000000  0.000000  0.000000 
 0.000000  0.492366  0.000000  0.000000 
 0.492366  0.000000  0.000000  0.000000 
 0.000000  0.492366  0.000000  0.000000 
 0.000000  0.000000  0.369274 -0.123091 
 0.000000  0.000000  0.369274  0.123091 
 0.000000  0.000000  0.000000  0.492366 
 0.000000  0.000000  0.492366  0.000000 
 0.000000  0.000000  0.000000  0.492366 
 0.000000  0.000000  0.492366  0.000000 
 0.000000  0.000000  0.000000  0.492366 
 0.000000  0.000000  0.492366  0.000000 
 0.000000  0.000000  0.000000  0.492366 

 0.331295 -0.110432  0.000000  0.000000 
 0.331295  0.110432  0.000000  0.000000 
 0.000000  0.441726  0.000000  0.000000 
 0.441726  0.000000  0.000000  0.000000 
 0.000000  0.441726  0.000000  0.000000 
 0.441726  0.000000  0.000000  0.000000 
 0.000000  0.441726  0.000000  0.000000 
 0.441726  0.000000  0.000000  0.000000 
 0.000000  0.441726  0.000000  0.000000 
 0.441726  0.000000  0.000000  0.000000 
 0.000000  0.441726  0.000000  0.000000 
 0.000000  0.000000  0.331295 -0.110432 
 0.000000  0.000000  0.331295  0.110432 
 0.000000  0.000000  0.000000  0.441726 
 0.000000  0.000000  0.441726  0.000000 
 0.000000  0.000000  0.000000  0.441726 
 0.000000  0.000000  0.441726  0.000000 
 0.000000  0.000000  0.000000  0.441726 
 0.000000  0.000000  0.441726  0.000000 
 0.000000  0.000000  0.000000  0.441726 
 0.000000  0.000000  0.441726  0.000000 
 0.000000  0.000000  0.000000  0.441726 

 0.303046 -0.101015  0.000000  0.000000 
 0.303046  0.101015  0.000000  0.000000 
 0.000000  0.404061  0.000000  0.000000 
 0.404061  0.000000  0.000000  0.000000 
 0.000000  0.404061  0.000000  0.000000 
 0.404061  0.000000  0.000000  0.000000 
 0.000000  0.404061  0.000000  0.000000 
 0.404061  0.000000  0.000000  0.000000 
 0.000000  0.404061  0.000000  0.000000 
 0.404061  0.000000  0.000000  0.000000 
 0.000000  0.404061  0.000000  0.000000 
 0.404061  0.000000  0.000000  0.000000 
 0.000000  0.404061  0.000000  0.000000 
 0.000000  0.000000  0.303046 -0.101015 
 0.000000  0.000000  0.303046  0.101015 
 0.000000  0.000000  0.000000  0.404061 
 0.000000  0.000000  0.404061  0.000000 
 0.000000  0.000000  0.000000  0.404061 
 0.000000  0.000000  0.404061  0.000000 
 0.000000  0.000000  0.000000  0.404061 
 0.000000  0.000000  0.404061  0.000000 
 0.000000  0.000000  0.000000  0.404061 
 0.000000  0.000000  0.404061  0.000000 
 0.000000  0.000000  0.000000  0.404061 
 0.000000  0.000000  0.404061  0.000000 
 0.000000  0.000000  0.000000  0.404061 

 0.280976 -0.093659  0.000000  0.000000 
 0.280976  0.093659  0.000000  0.000000 
 0.000000  0.374634  0.000000  0.000000 
 0.374634  0.000000  0.000000  0.000000 
 0.000000  0.374634  0.000000  0.000000 
 0.374634  0.000000  0.000000  0.000000 
 0.000000  0.374634  0.000000  0.000000 
 0.374634  0.000000  0.000000  0.000000 
 0.000000  0.374634  0.000000  0.000000 
 0.374634  0.000000  0.000000  0.000000 
 0.000000  0.374634  0.000000  0.000000 
 0.374634  0.000000  0.000000  0.000000 
 0.000000  0.374634  0.000000  0.000000 
 0.374634  0.000000  0.000000  0.000000 
 0.000000  0.374634  0.000000  0.000000 
 0.000000  0.000000  0.280976 -0.093659 
 0.000000  0.000000  0.280976  0.093659 
 0.000000  0.000000  0.000000  0.374634 
 0.000000  0.000000  0.374634  0.000000 
 0.000000  0.000000  0.000000  0.374634 
 0.000000  0.000000  0.374634  0.000000 
 0.000000  0.000000  0.000000  0.374634 
 0.000000  0.000000  0.374634  0.000000 
 0.000000  0.000000  0.000000  0.374634 
 0.000000  0.000000  0.374634  0.000000 
 0.000000  0.000000  0.000000  0.374634 
 0.000000  0.000000  0.374634  0.000000 
 0.000000  0.000000  0.000000  0.374634 
 0.000000  0.000000  0.374634  0.000000 
 0.000000  0.000000  0.000000  0.374634 

 0.263117 -0.087706  0.000000  0.000000 
 0.263117  0.087706  0.000000  0.000000 
 0.000000  0.350823  0.000000  0.000000 
 0.350823  0.000000  0.000000  0.000000 
 0.000000  0.350823  0.000000  0.000000 
 0.350823  0.000000  0.000000  0.000000 
 0.000000  0.350823  0.000000  0.000000 
 0.350823  0.000000  0.000000  0.000000 
 0.000000  0.350823  0.000000  0.000000 
 0.350823  0.000000  0.000000  0.000000 
 0.000000  0.350823  0.000000  0.000000 
 0.350823  0.000000  0.000000  0.000000 
 0.000000  0.350823  0.000000  0.000000 
 0.350823  0.000000  0.000000  0.000000 
 0.000000  0.350823  0.000000  0.000000 
 0.350823  0.000000  0.000000  0.000000 
 0.000000  0.350823  0.000000  0.000000 
 0.000000  0.000000  0.263117 -0.087706 
 0.000000  0.000000  0.263117  0.087706 
 0.000000  0.000000  0.000000  0.350823 
 0.000000  0.000000  0.350823  0.000000 
 0.000000  0.000000  0.000000  0.350823 
 0.000000  0.000000  0.350823  0.000000 
 0.000000  0.000000  0.000000  0.350823 
 0.000000  0.000000  0.350823  0.000000 
 0.000000  0.000000  0.000000  0.350823 
 0.000000  0.000000  0.350823  0.000000 
 0.000000  0.000000  0.000000  0.350823 
 0.000000  0.000000  0.350823  0.000000 
 0.000000  0.000000  0.000000  0.350823 
 0.000000  0.000000  0.350823  0.000000 
 0.000000  0.000000  0.000000  0.350823 
 0.000000  0.000000  0.350823  0.000000 
 0.000000  0.000000  0.000000  0.350823 

 0.248282 -0.082761  0.000000  0.000000 
 0.248282  0.082761  0.000000  0.000000 
 0.000000  0.331042  0.000000  0.000000 
 0.331042  0.000000  0.000000  0.000000 
 0.000000  0.331042  0.000000  0.000000 
 0.331042  0.000000  0.000000  0.000000 
 0.000000  0.331042  0.000000  0.000000 
 0.331042  0.000000  0.000000  0.000000 
 0.000000  0.331042  0.000000  0.000000 
 0.331042  0.000000  0.000000  0.000000 
 0.000000  0.331042  0.000000  0.000000 
 0.331042  0.000000  0.000000  0.000000 
 0.000000  0.331042  0.000000  0.000000 
 0.331042  0.000000  0.000000  0.000000 
 0.000000  0.331042  0.000000  0.000000 
 0.331042  0.000000  0.000000  0.000000 
 0.000000  0.331042  0.000000  0.000000 
 0.331042  0.000000  0.000000  0.000000 
 0.000000  0.331042  0.000000  0.000000 
 0.000000  0.000000  0.248282 -0.082761 
 0.000000  0.000000  0.248282  0.082761 
 0.000000  0.000000  0.000000  0.331042 
 0.000000  0.000000  0.331042  0.000000 
 0.000000  0.000000  0.000000  0.331042 
 0.000000  0.000000  0.331042  0.000000 
 0.000000  0.000000  0.000000  0.331042 
 0.000000  0.000000  0.331042  0.000000 
 0.000000  0.000000  0.000000  0.331042 
 0.000000  0.000000  0.331042  0.000000 
 0.000000  0.000000  0.000000  0.331042 
 0.000000  0.000000  0.331042  0.000000 
 0.000000  0.000000  0.000000  0.331042 
 0.000000  0.000000  0.331042  0.000000 
 0.000000  0.000000  0.000000  0.331042 
 0.000000  0.000000  0.331042  0.000000 
 0.000000  0.000000  0.000000  0.331042 
 0.000000  0.000000  0.331042  0.000000 
 0.000000  0.000000  0.000000  0.331042 

 0.235702 -0.078567  0.000000  0.000000 
 0.235702  0.078567  0.000000  0.000000 
 0.000000  0.314270  0.000000  0.000000 
 0.314270  0.000000  0.000000  0.000000 
 0.000000  0.314270  0.000000  0.000000 
 0.314270  0.000000  0.000000  0.000000 
 0.000000  0.314270  0.000000  0.000000 
 0.314270  0.000000  0.000000  0.000000 
 0.000000  0.314270  0.000000  0.000000 
 0.314270  0.000000  0.000000  0.000000 
 0.000000  0.314270  0.000000  0.000000 
 0.314270  0.000000  0.000000  0.000000 
 0.000000  0.314270  0.000000  0.000000 
 0.314270  0.000000  0.000000  0.000000 
 0.000000  0.314270  0.000000  0.000000 
 0.314270  0.000000  0.000000  0.000000 
 0.000000  0.314270  0.000000  0.000000 
 0.314270  0.000000  0.000000  0.000000 
 0.000000  0.314270  0.000000  0.000000 
 0.314270  0.000000  0.000000  0.000000 
 0.000000  0.314270  0.000000  0.000000 
 0.000000  0.000000  0.235702 -0.078567 
 0.000000  0.000000  0.235702  0.078567 
 0.000000  0.000000  0.000000  0.314270 
 0.000000  0.000000  0.314270  0.000000 
 0.000000  0.000000  0.000000  0.314270 
 0.000000  0.000000  0.314270  0.000000 
 0.000000  0.000000  0.000000  0.314270 
 0.000000  0.000000  0.314270  0.000000 
 0.000000  0.000000  0.000000  0.314270 
 0.000000  0.000000  0.314270  0.000000 
 0.000000  0.000000  0.000000  0.314270 
 0.000000  0.000000  0.314270  0.000000 
 0.000000  0.000000  0.000000  0.314270 
 0.000000  0.000000  0.314270  0.000000 
 0.000000  0.000000  0.000000  0.314270 
 0.000000  0.000000  0.314270  0.000000 
 0.000000  0.000000  0.000000  0.314270 
 0.000000  0.000000  0.314270  0.000000 
 0.000000  0.000000  0.000000  0.314270 
 0.000000  0.000000  0.314270  0.000000 
 0.000000  0.000000  0.000000  0.314270 

 0.224860 -0.074953  0.000000  0.000000 
 0.224860  0.074953  0.000000  0.000000 
 0.000000  0.299813  0.000000  0.000000 
 0.299813  0.000000  0.000000  0.000000 
 0.000000  0.299813  0.000000  0.000000 
 0.299813  0.000000  0.000000  0.000000 
 0.000000  0.299813  0.000000  0.000000 
 0.299813  0.000000  0.000000  0.000000 
 0.000000  0.299813  0.000000  0.000000 
 0.299813  0.000000  0.000000  0.000000 
 0.000000  0.299813  0.000000  0.000000 
 0.299813  0.000000  0.000000  0.000000 
 0.000000  0.299813  0.000000  0.000000 
 0.299813  0.000000  0.000000  0.000000 
 0.000000  0.299813  0.000000  0.000000 
 0.299813  0.000000  0.000000  0.000000 
 0.000000  0.299813  0.000000  0.000000 
 0.299813  0.000000  0.000000  0.000000 
 0.000000  0.299813  0.000000  0.000000 
 0.299813  0.000000  0.000000  0.000000 
 0.000000  0.299813  0.000000  0.000000 
 0.299813  0.000000  0.000000  0.000000 
 0.000000  0.299813  0.000000  0.000000 
 0.000000  0.000000  0.224860 -0.074953 
 0.000000  0.000000  0.224860  0.074953 
 0.000000  0.000000  0.000000  0.299813 
 0.000000  0.000000  0.299813  0.000000 
 0.000000  0.000000  0.000000  0.299813 
 0.000000  0.000000  0.299813  0.000000 
 0.000000  0.000000  0.000000  0.299813 
 0.000000  0.000000  0.299813  0.000000 
 0.000000  0.000000  0.000000  0.299813 
 0.000000  0.000000  0.299813  0.000000 
 0.000000  0.000000  0.000000  0.299813 
 0.000000  0.000000  0.299813  0.000000 
 0.000000  0.000000  0.000000  0.299813 
 0.000000  0.000000  0.299813  0.000000 
 0.000000  0.000000  0.000000  0.299813 
 0.000000  0.000000  0.299813  0.000000 
 0.000000  0.000000  0.000000  0.299813 
 0.000000  0.000000  0.299813  0.000000 
 0.000000  0.000000  0.000000  0.299813 
 0.000000  0.000000  0.299813  0.000000 
 0.000000  0.000000  0.000000  0.299813 
 0.000000  0.000000  0.299813  0.000000 
 0.000000  0.000000  0.000000  0.299813 

