 0.707107  0.000000 -0.204989  0.000000  0.000000  0.000000 
 0.707107  0.000000  0.204989  0.000000  0.000000  0.000000 
 0.000000  0.707107 -0.204989  0.000000  0.000000  0.000000 
 0.000000  0.707107  0.204989  0.000000  0.000000  0.000000 
 0.000000  0.000000  0.912096  0.000000  0.000000  0.000000 
 0.000000  0.000000  0.000000  0.707107  0.000000 -0.204989 
 0.000000  0.000000  0.000000  0.707107  0.000000  0.204989 
 0.000000  0.000000  0.000000  0.000000  0.707107 -0.204989 
 0.000000  0.000000  0.000000  0.000000  0.707107  0.204989 
 0.000000  0.000000  0.000000  0.000000  0.000000  0.912096 

 0.522435  0.000000 -0.151453  0.000000  0.000000  0.000000 
 0.522435  0.000000  0.151453  0.000000  0.000000  0.000000 
 0.000000  0.522435 -0.151453  0.000000  0.000000  0.000000 
 0.000000  0.522435  0.151453  0.000000  0.000000  0.000000 
 0.000000  0.000000  0.673887  0.000000  0.000000  0.000000 
 0.673887  0.000000  0.000000  0.000000  0.000000  0.000000 
 0.000000  0.673887  0.000000  0.000000  0.000000  0.000000 
 0.000000  0.000000  0.673887  0.000000  0.000000  0.000000 
 0.000000  0.000000  0.000000  0.522435  0.000000 -0.151453 
 0.000000  0.000000  0.000000  0.522435  0.000000  0.151453 
 0.000000  0.000000  0.000000  0.000000  0.522435 -0.151453 
 0.000000  0.000000  0.000000  0.000000  0.522435  0.151453 
 0.000000  0.000000  0.000000  0.000000  0.000000  0.673887 
 0.000000  0.000000  0.000000  0.673887  0.000000  0.000000 
 0.000000  0.000000  0.000000  0.000000  0.673887  0.000000 
 0.000000  0.000000  0.000000  0.000000  0.000000  0.673887 

 0.433243  0.000000 -0.125596  0.000000  0.000000  0.000000 
 0.433243  0.000000  0.125596  0.000000  0.000000  0.000000 
 0.000000  0.433243 -0.125596  0.000000  0.000000  0.000000 
 0.000000  0.433243  0.125596  0.000000  0.000000  0.000000 
 0.000000  0.000000  0.558839  0.000000  0.000000  0.000000 
 0.558839  0.000000  0.000000  0.000000  0.000000  0.000000 
 0.000000  0.558839  0.000000  0.000000  0.000000  0.000000 
 0.000000  0.000000  0.558839  0.000000  0.000000  0.000000 
 0.558839  0.000000  0.000000  0.000000  0.000000  0.000000 
 0.000000  0.558839  0.000000  0.000000  0.000000  0.000000 
 0.000000  0.000000  0.558839  0.000000  0.000000  0.000000 
 0.000000  0.000000  0.000000  0.433243  0.000000 -0.125596 
 0.000000  0.000000  0.000000  0.433243  0.000000  0.125596 
 0.000000  0.000000  0.000000  0.000000  0.433243 -0.125596 
 0.000000  0.000000  0.000000  0.000000  0.433243  0.125596 
 0.000000  0.000000  0.000000  0.000000  0.000000  0.558839 
 0.000000  0.000000  0.000000  0.558839  0.000000  0.000000 
 0.000000  0.000000  0.000000  0.000000  0.558839  0.000000 
 0.000000  0.000000  0.000000  0.000000  0.000000  0.558839 
 0.000000  0.000000  0.000000  0.558839  0.000000  0.000000 
 0.000000  0.000000  0.000000  0.000000  0.558839  0.000000 
 0.000000  0.000000  0.000000  0.000000  0.000000  0.558839 

 0.378194  0.000000 -0.109638  0.000000  0.000000  0.000000 
 0.378194  0.000000  0.109638  0.000000  0.000000  0.000000 
 0.000000  0.378194 -0.109638  0.000000  0.000000  0.000000 
 0.000000  0.378194  0.109638  0.000000  0.000000  0.000000 
 0.000000  0.000000  0.487832  0.000000  0.000000  0.000000 
 0.487832  0.000000  0.000000  0.000000  0.000000  0.000000 
 0.000000  0.487832  0.000000  0.000000  0.000000  0.000000 
 0.000000  0.000000  0.487832  0.000000  0.000000  0.000000 
 0.487832  0.000000  0.000000  0.000000  0.000000  0.000000 
 0.000000  0.487832  0.000000  0.000000  0.000000  0.000000 
 0.000000  0.000000  0.487832  0.000000  0.000000  0.000000 
 0.487832  0.000000  0.000000  0.000000  0.000000  0.000000 
 0.000000  0.487832  0.000000  0.000000  0.000000  0.000000 
 0.000000  0.000000  0.487832  0.000000  0.000000  0.000000 
 0.000000  0.000000  0.000000  0.378194  0.000000 -0.109638 
 0.000000  0.000000  0.000000  0.378194  0.000000  0.109638 
 0.000000  0.000000  0.000000  0.000000  0.378194 -0.109638 
 0.000000  0.000000  0.000000  0.000000  0.378194  0.109638 
 0.000000  0.000000  0.000000  0.000000  0.000000  0.487832 
 0.000000  0.000000  0.000000  0.487832  0.000000  0.000000 
 0.000000  0.000000  0.000000  0.000000  0.487832  0.000000 
 0.000000  0.000000  0.000000  0.000000  0.000000  0.487832 
 0.000000  0.000000  0.000000  0.487832  0.000000  0.000000 
 0.000000  0.000000  0.000000  0.000000  0.487832  0.000000 
 0.000000  0.000000  0.000000  0.000000  0.000000  0.487832 
 0.000000  0.000000  0.000000  0.487832  0.000000  0.000000 
 0.000000  0.000000  0.000000  0.000000  0.487832  0.000000 
 0.000000  0.000000  0.000000  0.000000  0.000000  0.487832 

 0.339905  0.000000 -0.098538  0.000000  0.000000  0.000000 
 0.339905  0.000000  0.098538  0.000000  0.000000  0.000000 
 0.000000  0.339905 -0.098538  0.000000  0.000000  0.000000 
 0.000000  0.339905  0.098538  0.000000  0.000000  0.000000 
 0.000000  0.000000  0.438443  0.000000  0.000000  0.000000 
 0.438443  0.000000  0.000000  0.000000  0.000000  0.000000 
 0.000000  0.438443  0.000000  0.000000  0.000000  0.000000 
 0.000000  0.000000  0.438443  0.000000  0.000000  0.000000 
 0.438443  0.000000  0.000000  0.000000  0.000000  0.000000 
 0.000000  0.438443  0.000000  0.000000  0.000000  0.000000 
 0.000000  0.000000  0.438443  0.000000  0.000000  0.000000 
 0.438443  0.000000  0.000000  0.000000  0.000000  0.000000 
 0.000000  0.438443  0.000000  0.000000  0.000000  0.000000 
 0.000000  0.000000  0.438443  0.000000  0.000000  0.000000 
 0.438443  0.000000  0.000000  0.000000  0.000000  0.000000 
 0.000000  0.438443  0.000000  0.000000  0.000000  0.000000 
 0.000000  0.000000  0.438443  0.000000  0.000000  0.000000 
 0.000000  0.000000  0.000000  0.339905  0.000000 -0.098538 
 0.000000  0.000000  0.000000  0.339905  0.000000  0.098538 
 0.000000  0.000000  0.000000  0.000000  0.339905 -0.098538 
 0.000000  0.000000  0.000000  0.000000  0.339905  0.098538 
 0.000000  0.000000  0.000000  0.000000  0.000000  0.438443 
 0.000000  0.000000  0.000000  0.438443  0.000000  0.000000 
 0.000000  0.000000  0.000000  0.000000  0.438443  0.000000 
 0.000000  0.000000  0.000000  0.000000  0.000000  0.438443 
 0.000000  0.000000  0.000000  0.438443  0.000000  0.000000 
 0.000000  0.000000  0.000000  0.000000  0.438443  0.000000 
 0.000000  0.000000  0.000000  0.000000  0.000000  0.438443 
 0.000000  0.000000  0.000000  0.438443  0.000000  0.000000 
 0.000000  0.000000  0.000000  0.000000  0.438443  0.000000 
 0.000000  0.000000  0.000000  0.000000  0.000000  0.438443 
 0.000000  0.000000  0.000000  0.438443  0.000000  0.000000 
 0.000000  0.000000  0.000000  0.000000  0.438443  0.000000 
 0.000000  0.000000  0.000000  0.000000  0.000000  0.438443 

 0.311299  0.000000 -0.090245  0.000000  0.000000  0.000000 
 0.311299  0.000000  0.090245  0.000000  0.000000  0.000000 
 0.000000  0.311299 -0.090245  0.000000  0.000000  0.000000 
 0.000000  0.311299  0.090245  0.000000  0.000000  0.000000 
 0.000000  0.000000  0.401544  0.000000  0.000000  0.000000 
 0.401544  0.000000  0.000000  0.000000  0.000000  0.000000 
 0.000000  0.401544  0.000000  0.000000  0.000000  0.000000 
 0.000000  0.000000  0.401544  0.000000  0.000000  0.000000 
 0.401544  0.000000  0.000000  0.000000  0.000000  0.000000 
 0.000000  0.401544  0.000000  0.000000  0.000000  0.000000 
 0.000000  0.000000  0.401544  0.000000  0.000000  0.000000 
 0.401544  0.000000  0.000000  0.000000  0.000000  0.000000 
 0.000000  0.401544  0.000000  0.000000  0.000000  0.000000 
 0.000000  0.000000  0.401544  0.000000  0.000000  0.000000 
 0.401544  0.000000  0.000000  0.000000  0.000000  0.000000 
 0.000000  0.401544  0.000000  0.000000  0.000000  0.000000 
 0.000000  0.000000  0.401544  0.000000  0.000000  0.000000 
 0.401544  0.000000  0.000000  0.000000  0.000000  0.000000 
 0.000000  0.401544  0.000000  0.000000  0.000000  0.000000 
 0.000000  0.000000  0.401544  0.000000  0.000000  0.000000 
 0.000000  0.000000  0.000000  0.311299  0.000000 -0.090245 
 0.000000  0.000000  0.000000  0.311299  0.000000  0.090245 
 0.000000  0.000000  0.000000  0.000000  0.311299 -0.090245 
 0.000000  0.000000  0.000000  0.000000  0.311299  0.090245 
 0.000000  0.000000  0.000000  0.000000  0.000000  0.401544 
 0.000000  0.000000  0.000000  0.401544  0.000000  0.000000 
 0.000000  0.000000  0.000000  0.000000  0.401544  0.000000 
 0.000000  0.000000  0.000000  0.000000  0.000000  0.401544 
 0.000000  0.000000  0.000000  0.401544  0.000000  0.000000 
 0.000000  0.000000  0.000000  0.000000  0.401544  0.000000 
 0.000000  0.000000  0.000000  0.000000  0.000000  0.401544 
 0.000000  0.000000  0.000000  0.401544  0.000000  0.000000 
 0.000000  0.000000  0.000000  0.000000  0.401544  0.000000 
 0.000000  0.000000  0.000000  0.000000  0.000000  0.401544 
 0.000000  0.000000  0.000000  0.401544  0.000000  0.000000 
 0.000000  0.000000  0.000000  0.000000  0.401544  0.000000 
 0.000000  0.000000  0.000000  0.000000  0.000000  0.401544 
 0.000000  0.000000  0.000000  0.401544  0.000000  0.000000 
 0.000000  0.000000  0.000000  0.000000  0.401544  0.000000 
 0.000000  0.000000  0.000000  0.000000  0.000000  0.401544 

 0.288880  0.000000 -0.083746  0.000000  0.000000  0.000000 
 0.288880  0.000000  0.083746  0.000000  0.000000  0.000000 
 0.000000  0.288880 -0.083746  0.000000  0.000000  0.000000 
 0.000000  0.288880  0.083746  0.000000  0.000000  0.000000 
 0.000000  0.000000  0.372625  0.000000  0.000000  0.000000 
 0.372625  0.000000  0.000000  0.000000  0.000000  0.000000 
 0.000000  0.372625  0.000000  0.000000  0.000000  0.000000 
 0.000000  0.000000  0.372625  0.000000  0.000000  0.000000 
 0.372625  0.000000  0.000000  0.000000  0.000000  0.000000 
 0.000000  0.372625  0.000000  0.000000  0.000000  0.000000 
 0.000000  0.000000  0.372625  0.000000  0.000000  0.000000 
 0.372625  0.000000  0.000000  0.000000  0.000000  0.000000 
 0.000000  0.372625  0.000000  0.000000  0.000000  0.000000 
 0.000000  0.000000  0.372625  0.000000  0.000000  0.000000 
 0.372625  0.000000  0.000000  0.000000  0.000000  0.000000 
 0.000000  0.372625  0.000000  0.000000  0.000000  0.000000 
 0.000000  0.000000  0.372625  0.000000  0.000000  0.000000 
 0.372625  0.000000  0.000000  0.000000  0.000000  0.000000 
 0.000000  0.372625  0.000000  0.000000  0.000000  0.000000 
 0.000000  0.000000  0.372625  0.000000  0.000000  0.000000 
 0.372625  0.000000  0.000000  0.000000  0.000000  0.000000 
 0.000000  0.372625  0.000000  0.000000  0.000000  0.000000 
 0.000000  0.000000  0.372625  0.000000  0.000000  0.000000 
 0.000000  0.000000  0.000000  0.288880  0.000000 -0.083746 
 0.000000  0.000000  0.000000  0.288880  0.000000  0.083746 
 0.000000  0.000000  0.000000  0.000000  0.288880 -0.083746 
 0.000000  0.000000  0.000000  0.000000  0.288880  0.083746 
 0.000000  0.000000  0.000000  0.000000  0.000000  0.372625 
 0.000000  0.000000  0.000000  0.372625  0.000000  0.000000 
 0.000000  0.000000  0.000000  0.000000  0.372625  0.000000 
 0.000000  0.000000  0.000000  0.000000  0.000000  0.372625 
 0.000000  0.000000  0.000000  0.372625  0.000000  0.000000 
 0.000000  0.000000  0.000000  0.000000  0.372625  0.000000 
 0.000000  0.000000  0.000000  0.000000  0.000000  0.372625 
 0.000000  0.000000  0.000000  0.372625  0.000000  0.000000 
 0.000000  0.000000  0.000000  0.000000  0.372625  0.000000 
 0.000000  0.000000  0.000000  0.000000  0.000000  0.372625 
 0.000000  0.000000  0.000000  0.372625  0.000000  0.000000 
 0.000000  0.000000  0.000000  0.000000  0.372625  0.000000 
 0.000000  0.000000  0.000000  0.000000  0.000000  0.372625 
 0.000000  0.000000  0.000000  0.372625  0.000000  0.000000 
 0.000000  0.000000  0.000000  0.000000  0.372625  0.000000 
 0.000000  0.000000  0.000000  0.000000  0.000000  0.372625 
 0.000000  0.000000  0.000000  0.372625  0.000000  0.000000 
 0.000000  0.000000  0.000000  0.000000  0.372625  0.000000 
 0.000000  0.000000  0.000000  0.000000  0.000000  0.372625 

