
  0  0.258198889747161834873822803  0.048467538985714472730634023  0.347221702901232289140360035  0.258054945750468672652569446 -0.304565648855416092847126636 -0.539316159084274628662640516  0.026807457886651731029611402  0.256620444227369987950275812  0.395071836867173824817600289  0.007269831244090638798117520  0.079077800646969018992320753  0.139587878453460187224192089 -0.205338286904119781569569465 -0.126584678308129634839739909  0.231460460880143167864309191  0.258198889747161819396836790 
  1  0.258198889747160260585163299  0.149158992181295072253525633  0.229956543228572833677670999 -0.235654941811280557546954585  0.268649104070140040185403832 -0.023760357482218258146590612  0.285478998742653048385905720 -0.046052151961425379604061310 -0.026099534964839421635158048  0.007068914544143157161401321 -0.508648608417015741177923116  0.533432097597963787564447069  0.043017812222509257135842414 -0.189218939131617437559890367 -0.254277419204448180034723592  0.258198889747160265084602315 
  2 -0.258198889747161129383469166 -0.418712846305326157097170467  0.419070009059190215115146133 -0.132455001808556502472459700  0.088497351572021318839400376 -0.014702034386187284430344265 -0.064698689373063932667119649 -0.421233556237589568522995329  0.287789347683056735780621205  0.153855921563734370158802768 -0.096040582964350528012340523 -0.175606523658382876378948080 -0.411851918905105140360570215  0.071675047406413391232768515 -0.232082338456912883276213842  0.258198889747161153263022015 
  3  0.258198889747157808933000767  0.007997703051705896136445192 -0.165551213231112669151796034 -0.235246018940492090349239120 -0.383666122503646457798020739 -0.203374710974717025713047990 -0.195801506368329654618346339  0.041093692435202377888771134  0.079133430652122730530179367  0.125443758294417560225945604 -0.542492777983408138310194441 -0.357392224200747510542671218  0.185789148183791848062949327  0.339091051459126939607866338 -0.168544911483137683832957826  0.258198889747157822593948140 
  4 -0.258198889747161428054062632 -0.043286265185094662610941051 -0.570288714002290303872917676  0.213730281697794576758055000 -0.139173368542414527170773646 -0.200281444031856318595133729 -0.279244942919851101356546255 -0.132344183102530771651444454  0.156427545286522419283798714  0.136651544697137268194334428 -0.048981139774146458030454647  0.495026677017170163504515210 -0.171876034420935403169072506 -0.048131454582752144302103996 -0.288311263968481864389779845  0.258198889747161430818778172 
  5  0.258198889747162764848236252 -0.286919584336245712643176028 -0.185711678966368331629931653  0.107804001919108324123873673 -0.199751377513391235917275535 -0.045797230630238234539011255  0.433083239130417867608071822 -0.577571816259350807138892026 -0.093637178295558558403148628  0.038639325931536462527179096  0.011858716263461806744396914  0.161648350310031386985231208  0.079649150248663769088494895  0.209752499437365321727591051  0.393547742575311353146376783  0.258198889747162763086407722 
  6  0.258198889747160998682897273 -0.338080098724637716212353816 -0.236139574829135150845675975 -0.336860850723844873364160382 -0.201055313050666022850476722  0.355379784594498208038712561  0.171715100839215371595941791  0.248961795992341772558367058  0.302304990310291710583134525  0.312299627289916988825578190  0.177781036613704387729681215 -0.017097553792536551071177685 -0.035984633768774637045711117 -0.408482883487923323828552163 -0.051390845851843932984520744  0.258198889747160986729568322 
  7 -0.258198889747159394334732538  0.110330930827992587244272202  0.235545012128527873069140479  0.358514650752332818018112623 -0.373030800401185128414589115  0.249777098183248724298831725  0.319976536800829679414986256  0.193603132473966698426067271 -0.258398151731111832174643539  0.514443470733385827139104440 -0.099848690272668995822878419  0.054806226436477090091877904 -0.030668011137435573293727594  0.147410271579986875773110935 -0.169331006562996068943419310  0.258198889747159376906182615 
  8 -0.258198889747162044802468450 -0.544036961004647167750372660  0.105198887302832287443579012  0.123766171190516632078426531 -0.024068649775851101178111781 -0.017165760096267635354783348  0.135111019953559168617655481  0.285198722998590096350778056  0.193696943344128600321797998 -0.344148695617784092075103902 -0.050080860465277707101639133  0.168385271730277883431509470  0.522217058207476720460820524  0.175045234186336988839731606 -0.142600743572711251110074482  0.258198889747162041441441716 
  9 -0.258198889747162956697810673  0.336871797774891613660216277 -0.030500001370391164220218579  0.158051108105727514574652404  0.016104508709184170907414220 -0.054976141719242816292373367  0.181181785311837763343388065 -0.334656360325291435685356525  0.418140973811711603579533564  0.116920765746619104784418015 -0.085746250484394767311891947 -0.269967531723738001718081864  0.461377880179507234118278444 -0.405173486964036217187687394 -0.007385268342716422070330981  0.258198889747162929619861416 
 10 -0.258198889747162811983925701  0.312086197317242340122656064  0.029543909628853567031860940 -0.522957178280792875293015581 -0.417904124984236977942289940 -0.105836349832664825390603301  0.299960691198012113675404680 -0.079319340751246753776649429  0.046325000273883674231395913 -0.296655449819929168032593345  0.324028727172607465436930674  0.112473712800393214977193613 -0.068561953159561377176727578  0.159521171082224926185888156 -0.203769875234149126758771350  0.258198889747162818597558953 
 11 -0.258198889747160749695868362  0.128215220318156250474449578  0.095821364425363695239284967 -0.321885778298583959860026948  0.099830548982881840273148188  0.144184019727860975948756546 -0.239535084510821470372044124  0.074219495358459469965927823  0.275633889418051812250512814  0.342114036801391706028429435 -0.052346322991859013873871750  0.312250931887767943376590929  0.156547550224081683461303457  0.308882967320244113297459179  0.545241764773539167412193945  0.258198889747160764684963397 
 12 -0.258198889747161638904280126 -0.186668603217638521697533706 -0.154101670451774979406830285 -0.252737787476363271897596835  0.272442166175943520215786686 -0.616991675895573019061408210  0.267341642303951655722585312  0.185650212135205090806201397 -0.301161333195161559276144606  0.346175219312586477206968721  0.042204789069724773403654823 -0.142887602524235876529394226  0.035171926305569676458645696 -0.102825544911382498025728856  0.074025235568889103915759305  0.258198889747161652863383097 
 13 -0.258198889747162378926472956  0.054024154998293987275882668 -0.290367722354981562651659796  0.072478312108952296259688046  0.076108647259793180256111193  0.140620694455580635273553650  0.369046469495839647934282493  0.235950017087868099468703220  0.209425013061500084259416478 -0.296768396824677453335605826 -0.435129437417350742659232637 -0.162629686971618129105688830 -0.444228459945215952602362575  0.033692648510867371232070872  0.277890827412449390295063126  0.258198889747162374508349103 
 14 -0.258198889747158595548781959 -0.168199074366043373589545314  0.149854704737865780295636049 -0.138407641797060089840828295 -0.419195636849118514056893037  0.018502920018156361840535869 -0.267856138029687397962390338 -0.084016175203295267786759992 -0.371105683383401365583011480 -0.181866959288355671526095717 -0.280484064748566529732837910  0.068327073374066645019522977  0.019005152633683827614579222 -0.515539803659085774925271983  0.297117695299124193858940346  0.258198889747158599750065378 

 0.258198889747162929619861416 

