
  0  0.267261241912423101730039016 -0.213446469679690894888650539  0.465733100409588640552485325 -0.279072543113826315025732122  0.177453010298817940592372260 -0.450441884958597918263293117  0.142317936292552030453804554  0.343248101970610693394088397 -0.174961163228559405793190347 -0.251254925642541091402194092 -0.204481550691903232814714518  0.105956510278243519254377618 -0.017896746885558716211946269  0.262034128385351020680202327  0.267261241912423119782005188 
  1  0.267261241912424916928421245  0.090326740194541607035117609  0.021120571054908834655660732  0.134401053895060233972849617  0.026404579312819345359090290  0.238172985457281968359817721 -0.305194746317858409774201323  0.345047659672179499667447194 -0.230537517374738701347088726 -0.194543527734369634630629334 -0.317240787062951677422470778  0.106754195364092362591787802 -0.175310930508244441585656917 -0.631277011043022336707775805  0.267261241912424896138844588 
  2  0.267261241912425474967279423 -0.387654906871512578222941162 -0.350943108405200668216969775  0.275748664277199677971174480  0.310595610049870569832055830  0.088594552708356869605114958  0.175664282033114021633985954  0.030611280858649944501315198 -0.224256085507830713596851696 -0.196536168256624882308631133  0.079928510505122607217710993 -0.243548529479490923389003836  0.536968314101057898109908839 -0.005139225644662970600428531  0.267261241912425451250356900 
  3 -0.267261241912424164085537726 -0.304075132010433948475400592 -0.068545350531144711215040220  0.175228050765491397033533048  0.652843297127322634728057577 -0.209307014446101832894965057 -0.140728965214831123903553751 -0.127144958767337228498143890  0.252354351423110701365835548 -0.104508953680986434770937201  0.124839645604113805483527389  0.184894907791131168941470460 -0.380201699296904073325023554 -0.160601657673190809249197560  0.267261241912424174493878581 
  4  0.267261241912423210041836047  0.040308775049604577427238023 -0.185163820312725359905976948 -0.640018166493083319674214232  0.285945653052678084134674216  0.245247565787697713611320224  0.194458429303752719630019909  0.199325087854604108422457848  0.416455842112973765342491539  0.212186894714966558394718052  0.087677507425632953570184772  0.012452033896165728975165786  0.065336433674967864722066702 -0.181691734238856233702840565  0.267261241912423230804307650 
  5  0.267261241912426006063713615  0.024516378354630296380867703 -0.181256072490471634332874322  0.074083566612612342745704946  0.027167589728102359239407114  0.211151371240438312068174974  0.259527333977121147908298515 -0.145765044765461886542234037 -0.315266249924777841953400098  0.092811974772945358284675834  0.122246530128794658279244890  0.749728197498007202113825403 -0.172885180317921436268899411  0.201917387595508706081733064  0.267261241912426006361869213 
  6 -0.267261241912424238759962355  0.121162589780581117785069386  0.308061386518415143915064491 -0.008172908674337292048691966  0.134877970882062460367383644  0.503594311071017016801822097 -0.165310490713234045455750157  0.061542398759938735836353633  0.219158110443647016646350791 -0.483254784184046544013788060  0.028661735880406782978556922  0.255294335768305387439304141  0.343816589188753653151715828  0.224134145014689132598779617  0.267261241912424230005029813 
  7 -0.267261241912426203415614062 -0.613138704583724218958023372  0.301516956723977884132544686 -0.179368418145769004256478464 -0.173340234615872973609963965  0.408972228982815016014784257  0.186784224225762080621201892  0.027247272286870212697196519 -0.263689304585420829690799518  0.118201358447802935522678251  0.183327292449390384331789523 -0.122637141392458466714716295 -0.201573699024964489670444338 -0.154358804005696300374640695  0.267261241912426228406474138 
  8  0.267261241912419420429982558  0.049148478366316627168600877  0.317330112084092694598380299 -0.263197074515748424778987732  0.169048556099007836456661960 -0.008420770277322944810934426 -0.222855913880202534857444784 -0.756735694954280772319375747 -0.189997267751499857862279054 -0.008241212229187709554354313 -0.009732272875149059326171800 -0.054187760494551144814983972  0.157227584508799953026377330 -0.203234687814284203035580280  0.267261241912419400534872693 
  9  0.267261241912425915180466507 -0.105051222012021285512827721  0.105424862705694186710398373  0.264377031125790060736395481 -0.050548667885765063524444122  0.244816621475130218897934241  0.389140255942959698020906095 -0.258239054177319979794255969  0.396674705705358136484644377 -0.127194750157265427722573688 -0.507119858269377969271687195 -0.176205975247868255444952043 -0.283665395331384542938757409  0.117062716958974898727560872  0.267261241912425895339566750 
 10 -0.267261241912425249670067981 -0.237346591662482066657541453 -0.211776152738647440229710281 -0.168115490348088685758766274  0.106683110256656238201526405  0.068293109536845689933233245 -0.279131839201886451217599072 -0.029332065952367474396432967 -0.110609947270739379001215467  0.360010967954245802579056612 -0.682636053073190321612267323  0.143736060265249689663286450  0.183947254836001322918790160  0.204877505939900438918410859  0.267261241912425229205751975 
 11 -0.267261241912424579795755711 -0.043262525857453042432395132 -0.413019034063230884421978259 -0.378569650705139625974015791 -0.254636178064960082880743494 -0.173775788429218688114575100  0.226356156485285031572428707 -0.197952195133799832237856027 -0.069427900414333054349277571 -0.592640582609025982712379343 -0.154090236782689927709988006  0.086685806498523882047827285 -0.046063021328474899173933922 -0.194723303609141052658614360  0.267261241912424563071937200 
 12  0.267261241912423961529466851 -0.479549582725147964090001151 -0.002917750198649345121703759  0.062565000899564950660855425 -0.454315561737883036791179822 -0.169848174949401376114597843 -0.318210274508103076857544467 -0.032336565481153840819156329  0.439635251338132489710855758 -0.003047497812945899994261091  0.107794290468103046401102639  0.321964675283710528326660757  0.194987617985454525016460886 -0.102648893893308544545631827  0.267261241912423952449273656 
 13  0.267261241912424853719434589 -0.095258555010236023792731790 -0.273090088937856717457401678 -0.187885949795426550568101451 -0.025322803332438036689542161  0.198504580231771774528003703 -0.486878217262245544227341684  0.009204680215466606667952629 -0.089962205772796581911736682 -0.226372781726984225838844762  0.141030014449759805863853467 -0.274939378167560152034813378 -0.404836272852755351168247896  0.462305205360855662636643607  0.267261241912424840627693357 

 0.267261241912426228406474138 

