
  0  0.000000004833546262992109110 -0.000000000066630284309927567 -0.999455403005206317673062705  0.000000000207030679158354929  0.000451134073969242998406380 -0.032995361518672284367005099  0.999906542186382769313475471 
  1 -0.000000000000000002147065526  0.000000000000000197797150035 -0.000000000000000240286389518  0.000000000000000190452385996  0.999906542405746787854133734  0.013671373529548041580686951  0.999906542405747464992600559 
  2  0.000000048437149032150962231 -0.995469949846388678490940322 -0.003137383246641663049358409  0.000000020575221303922830374 -0.001299121201701368631607488  0.095016041084085113631145514  0.999906523307102069509939152 
  3 -0.707106982363794970831809283 -0.064576698055554962401940671  0.022311208756478029641655541  0.196669487609443489485702879  0.009238580633437932541802702 -0.675697814703993774037172476  0.999902957418709414580404449 
  4 -0.000000352488120799739091353  0.026443994650279863106435941 -0.009136382215898204910104830  0.960542551336731920922241273 -0.003783174357596378842276153  0.276696469674114915515217641  0.999906455048627189948623473 
  5  0.707106580009153307315485082 -0.064576653428355916560887721  0.022311223944332785741026569  0.196670078341775635859863675  0.009238584090352351660727602 -0.675698067538234145871980235  0.999903119813969964296829218 

 0.999906542405747464992600559 

