
  0 -0.558838803076226559040946135  0.000000000000083332619555078  0.000000000000009923518952730  0.157056835450772015277910373 -0.126025081981658155201391457 -0.420317222190812590142333996  0.155116192032146465681376191 -0.181994203829476382309983037 -0.602995081055778371658705750  0.071403555295841785194191440  0.211184742136843596935192290  0.558838803076319831869642890 
  1  0.000000000000001052073832816 -0.000000000000022855877798345  0.558838803076314662773155240  0.610358312776502246637441024  0.126125340786731886434527197  0.085397689958860580678368015  0.201195788343978099326782825 -0.250258841706682969192876431  0.296442402821230009701304609  0.256498051423460978598661136  0.187571249096955840676291712  0.558838803076338524328248170 
  2  0.000000000000032086993030021  0.558838803076241475331804864 -0.000000000000037046371979836 -0.060045446705601999419797460  0.516329830527236832466049521 -0.186267643987588259524615895  0.490116602291877686572128814  0.282874819396279237183715327 -0.031164899504974899309430966  0.055478472980484004014104221 -0.241909173454114333640671899  0.558838803076310586064566477 
  3 -0.000000000000071059996611800 -0.433242648150250393587973666 -0.125596154925956297000928276  0.038220844636506537120225913  0.578640738077878163513750875 -0.287629119439569136775815272 -0.371813945917095280954472666  0.171139936805172669333956550 -0.004017136033784991533288023  0.458211083395216578029000842 -0.001394251663341684819663519  0.558838803076277734955580601 
  4 -0.433242648150247697665061672 -0.000000000000063433672774789 -0.125596154925946245823373086 -0.233591247305939015153951679 -0.184208225128864353257801198  0.411163352558073669831004496  0.210516623821850819994424588  0.335102917646238671555390665  0.199079401948648715710136516  0.523980976409678243462843261  0.261100907585302986172338252  0.558838803076257396515447162 
  5 -0.000000000000004976437242601 -0.000000000000000007550213035  0.558838803076335449964567870 -0.303988676711925396195816337 -0.078310362609648252018429686 -0.368996845573208335903638011 -0.129847702199280531920599913  0.458012541990773177659739684  0.134175783316707201769588109 -0.228251219061437857267712025  0.395298896346980976125888227  0.558838803076340472531131909 
  6 -0.000000000000035834404820099 -0.433242648150371140072616150  0.125596154925834247888033132 -0.274881551878632933948436862 -0.250383529821235403052450547 -0.368509520250995508560852218  0.448489957965761036260115419 -0.155120447188548271879779926  0.259258679874033238002811047  0.155344031290958428141659071 -0.453787330064508970305179464  0.558838803076241204823362829 
  7 -0.000000000000034509043646245  0.558838803076276916274520157 -0.000000000000013368373956351 -0.123426980324025409145333870 -0.261846746323646505848160501 -0.322407201510622416177221511 -0.430673130709765666088509328 -0.270455627913245393603930769  0.229042215401188877229123921  0.420183276364001471135916493 -0.110972682228580124671676876  0.558838803076324746178620007 
  8 -0.000000000000023105164942542 -0.000000000000010693534390357  0.558838803076305866532509647 -0.374328070600157357243099876  0.132564136029889458330663539  0.383670614024502361339135498 -0.145877585821334200823456810 -0.155390398777305353789990675 -0.463084798430515597468092731  0.192549589567976393115751425 -0.293005079226039239826719085  0.558838803076339644309092347 
  9  0.433242648150456666358105659 -0.000000000000009907314345192 -0.125596154925862654608368502 -0.381891506611004549108729159  0.157778975706528525141890927 -0.046776825627633954261374444  0.278169035714591007254310392 -0.428373328687234474507292831 -0.080263444419983430410390265  0.155583386107221460485801855  0.576257652942918023489075885  0.558838803076329214392613254 
 10  0.558838803076227606109194213 -0.000000000000038612341622913  0.000000000000011200322261983  0.272027372051091909517213721 -0.391152413347783708719466664 -0.065296750456518486005886952  0.102668312749383865789358766  0.409894671711407155071087843 -0.386433106768372025438497072  0.357005676544850561866762881 -0.033142141017438803015065629  0.558838803076277387522994428 

 0.558838803076340472531131909 

