
  0  0.000000000000009850775603390 -0.441726104299389028004594465  0.084398578743380075681528724  0.269354756813733525202224361 -0.470604529868235762362933122  0.048843223209608976216318608 -0.293481135291027638749890988 -0.412954987946304741036531588  0.425164040876650324210896462  0.242675289866240614044222423 -0.070921808174363518924895444  0.441726104299398872641635796 
  1 -0.441726104299418964642615429  0.000000000000009547925939023 -0.290428837368974999337371823  0.317937575169552571005158678 -0.469378263913968950867688923 -0.184507288364032171791573322  0.401613696207365548722888204  0.319547953312391382296687656  0.115615071827932711079605504 -0.252084272576413403522434253  0.157379041312024307264455340  0.441726104299428490307377615 
  2 -0.110431526073915335103099375  0.331294578225507984237541842 -0.094252507208904570263068457  0.592594063852569626548935644  0.198661042179894535838016213  0.396520978819479818410160057  0.039664775939937353447340774 -0.177959448886780209151000330 -0.010707214117235777478340925 -0.106303247871606294425693429 -0.525970093916264607998393987  0.441726104299423341648100916 
  3  0.000000000000041653101966442 -0.441726104299345665989227211  0.313077634268715269971489895  0.494355898950381991756525615  0.425973054674753584259968078 -0.052914742301727075764753360  0.094155484694849609751210549 -0.073607630674056507763601369 -0.155267192962265237855877358 -0.239435183884236760118663714  0.427199284326131709728542607  0.441726104299387320765643561 
  4 -0.441726104299436845846945146 -0.000000000000000179306458395  0.244854484927699117446562270 -0.288044740218519821175254675 -0.059835850737937076855257239  0.731100719302451785099918047  0.169981426848023960067654743 -0.095258736159977005190794067  0.029093252663981624495597540  0.047940095355723999698201480  0.287668879867482528899999550  0.441726104299437051791147810 
  5  0.441726104299435619180607196  0.000000000000001169999719412  0.122074681079921140442606786  0.152512556997532972168541039 -0.539017933071649359925286982  0.279993500783970520533021353 -0.058756996359498217885413383  0.115556242028778129009043002 -0.604233230625314560017797422 -0.112739274282781971521798150  0.056262577908774341610583219  0.441726104299436765724404599 
  6 -0.441726104299431688188790415 -0.000000000000001315353411543  0.473779737561078918947794769  0.005712477919292208805988100 -0.096983226572219117481588740 -0.360557802976943334114651174  0.131385262565071736067792360 -0.111616952449282103821087513 -0.435463305275096182906388945  0.354856449339697229908166878 -0.309352032410745322074489827  0.441726104299433025308224687 
  7  0.000000000000022948775801839  0.441726104299378888925348141  0.450019643771020675260957633 -0.082161406793681396597576680 -0.179607228279175730920286073 -0.213731260447024965943977649 -0.129183725506631492911256871 -0.318509925951682956778501787  0.201861364383102013557382166 -0.592237528830038514209878342  0.089664682239673860747323272  0.441726104299401812103460785 
  8  0.110431526074876158652999462  0.331294578224459296245628381 -0.319413178905731304051129893  0.095983688728937503243949375 -0.021871414314476941749700685 -0.117321891188875224591226833  0.293074697169553614753759185 -0.605750091763503079934395645 -0.157737586713146387941636775  0.311928127676139991023528120  0.421381173429444751935175895  0.441726104299335453617914027 
  9  0.000000000000426447019341088 -0.441726104298765071307737370 -0.257705833827546390557821504 -0.329438748120795748240436512 -0.002383532186160630402893632 -0.000260425631067028172130500  0.319696529922174129008643345 -0.419729462819894745464078395 -0.194369084154353219853869801 -0.441258974959571638316995282 -0.345054484278882770895147125  0.441726104299191523556902123 
 10 -0.441726104299433121639587713 -0.000000000000003438695421438 -0.362420871964505870614159724 -0.007245349652687320954305066  0.032046294029306223835915990 -0.034502844678779738527333275 -0.698384901672143130156849428 -0.104063683394365852118233339 -0.350235842991323368354750212 -0.158893702515549428829974565  0.157404505975046630085033977  0.441726104299436536415645119 

 0.441726104299437051791147810 

