
  0 -0.377964473009226485916006721 -0.326494203951590863542388948  0.201576971938280316573393301 -0.832594090851057600096655348  0.045336691503360585998096697 -0.007277772881378542553644739 -0.120788304973558828393634997  0.377964473009226475941346735 
  1  0.377964473009230275067074287  0.058853303500518353468310122  0.595660755655623820354217096 -0.082203543620029077287100598 -0.336880154997660715858248323 -0.601709261896030313178807686  0.128715627315793786078490513  0.377964473009230250699630460 
  2 -0.377964473009222242945014808 -0.102266447442556557631413230 -0.328248081921119532356617698  0.064655849322249243618838683 -0.839370619693335515241073425 -0.078037454259252826348181812  0.155320208801769148545569854  0.377964473009222257093853159 
  3  0.377964473009227464598202770 -0.705467414485351551882864191 -0.454824329370562538979666858 -0.013820294006779290989625670  0.148865583791996918962383285 -0.334108385368408802813594213  0.136429607919897876615929894  0.377964473009227475142068897 
  4 -0.377964473009223641674237532  0.156382500125816706007140719 -0.018232429171558256343922406  0.008572245948992013895933410  0.332559473360609586111043268 -0.254129058742719497271606369  0.810619568048912999874613255  0.377964473009223644872633940 
  5 -0.377964473009230203807886500 -0.566138666075941047431570319  0.495564559716258144880969561  0.526059074051702359024491190  0.066850084082495150901014492  0.074481113161913990612639485 -0.065506608201243045221226404  0.377964473009230195188479229 
  6  0.377964473009230197790564443 -0.191902706359441033704847299  0.209824594276801240267543193 -0.137283083901298970643466667 -0.206609799541193855449338831  0.670854474543006138039739211  0.514499628440173428821705071  0.377964473009230195188479229 

 0.377964473009230250699630460 

