
  0  0.433609385684553766247438175  0.000000000016037271085449990 -0.064317920775640750367875727 -0.052070861121638637069366238 -0.209979718743504351646691868 -0.088394868910703358919978348  0.241608734501250942423964015 -0.457139656141165046820311682  0.083176882166988046062733059  0.288920288049915383933076429  0.006962736098740445355274740  0.269961633209928639957984192  0.567941071348686017845625723  0.497927306476231778669143055 
  1  0.433609385702397284875157096 -0.064317920769202930879218476  0.000000000000190895206584214  0.000527769797230995365631336  0.132191637970434162287105932 -0.022200021735820079956576505 -0.283125802794749762157427639 -0.199887158403023206470301362 -0.118530404645517584476743182 -0.503436939095821311680560572  0.555895581123167266488632743  0.248480472629199366425855645 -0.177489745841497146398055111  0.497927306471791084735694505 
  2  0.000000000000000331233788680 -0.497927306476236989317678966  0.000000000000000773017992464 -0.399222613586892587740281857  0.100703340596333102187895977 -0.435691851215272762454840810 -0.056138195832172604315257877  0.237757910461380246385735410  0.381450015235372940427009333 -0.129247228635752427130124059 -0.231192745673554029563721846  0.342604067181418619309710843 -0.002058273754703358307197584  0.497927306476238112469814498 
  3 -0.433609385700421871688179862 -0.000000000000061623538603404 -0.064317920775505921343845155  0.026118678692170228243478046 -0.130541667978104983046283745 -0.487230873350437633891767478 -0.224040840203475792377228910 -0.647569125420921456266678401 -0.103781067018403780368687901 -0.173385434091920087975365744 -0.115031113116905059919438999 -0.165851388237058308943588925 -0.040211197810629511141571535  0.497927306475989393021999371 
  4  0.000000000000248496880543410 -0.000000000002013302766514445 -0.497927306473689476254548478  0.178507061195789932560372242  0.642217552040495558032893314  0.144004084707999462794131978  0.211067216374846099028253499 -0.283123725421119064744315472  0.366255693012458267661998063  0.008306334958434334587935909 -0.086843574591700074095197356 -0.030661443734796325504460323 -0.140073173166100381034529336  0.497927306475951290119005138 
  5 -0.433609385724176369785462862 -0.064317920747195505056382613 -0.000000000004257128171297569 -0.076251556026854559644143593  0.134991720716112403895942627  0.223481198153691442930793461 -0.313000769099605737858394577  0.071549321620882762604108195  0.275877040731185080687159691 -0.038552264731330281366175746  0.423526065449061928222182494 -0.071000034812084825886120427  0.607261604778445422680999144  0.497927306475628972588266807 
  6  0.000000000000180309535360265  0.000000000000132838911155306 -0.497927306475741077032917681  0.208558456245689263598773293 -0.475988875636373840995402631  0.294773762697867518131058726 -0.152336968098844617274640299  0.099661981585007290532251308  0.093584525482489111221449246 -0.445961484774809760830592206 -0.337129058811495681800569219  0.164445132170910532042854175  0.116781040260920847751911159  0.497927306476054220044872439 
  7  0.000000000000201145281325155 -0.000000000000122204322941752  0.497927306475836159178199880  0.157853349761652105040054921  0.373596378791953058728621609  0.270746909168965523603388873 -0.236557096048344587597327474 -0.166995071789332744105222722 -0.173575431515705713426912446 -0.155821362921503313910681632 -0.505652550560409300617250444  0.289963085622375991751327462  0.190405200009113877602107828  0.497927306476159511823857337 
  8  0.000000000000153034732097938  0.000000000000210767607782120 -0.497927306475154837046240980 -0.225859890364812719302698395  0.251353294841342396118274646 -0.093676608989155300645577766 -0.297556612177540932238093210  0.159163348785093279814028752 -0.630754180535373962788233543  0.266909998850188635480902219 -0.067720583695817021874295387  0.142731340819261192946125309  0.145529775603483250959635682  0.497927306475518620675112594 
  9  0.497927306462960272243848531  0.000000000002334143329730611 -0.000000000005425061713989640  0.001228054800644525626201303  0.071615326352799531678958514 -0.133371580911729661284904382 -0.431516988606051172860716622  0.070543229313162982958243952  0.180652973733218295802091351  0.002245825603919221646456646 -0.221506916679762734940757965 -0.657731276898963229551962201  0.153787547413493043014912944  0.497927306470719500209936789 
 10 -0.000000000000004362472214809  0.497927306476228887101949036 -0.000000000000002621108156703  0.459419709443218639066458184  0.147018512017363851200439651 -0.544915302314425921978782719  0.048525171163172128664572416  0.334692741795161665421766070  0.074713431245138697111153169 -0.124747133327167899912205854  0.033269600498723946512355130  0.192042699644424921050201403  0.221245713937252481777993862  0.497927306476235887199065580 
 11 -0.000000000000005361668056092 -0.497927306476212316779361017  0.000000000000003046685626518  0.219766513877436974643475240  0.116478172574715220750701198 -0.089487169455361620142030705  0.473476191812776854800446508  0.097527304995325900852890400 -0.368550986321071009097286031 -0.351337602159042511026140060  0.025849785797654804498504964 -0.308644396040436703792728124  0.305462214332302249976229536  0.497927306476220714142027352 
 12  0.000000000000002723683929230 -0.497927306476231838273157487  0.000000000000002696492115211  0.648657149554795723559851711 -0.104675424700072512831710778 -0.045736034189752191497416569 -0.291810376636030174228152861  0.015985092391912005292537433  0.041489731772616701983955219  0.425847151096530640216166266  0.112099386593140110067175035  0.135157648457354404304925181 -0.137672419152531923526821926  0.497927306476237265870548113 

 0.497927306476238112469814498 

