
  0  0.000000013419889044595486229 -0.000000010376487461424066408  0.010316729223185271523375868  0.000000000162376259214066916  0.000000001081184602854892604 -0.028277753271403285923425654  0.960031862845695155175926999 -0.213925087895364004282779125  0.177957334375523640982471978  0.998626370380221117524065927 
  1 -0.707106795642901888514046671 -0.000000081621608405221806472  0.025022142103308237604807908 -0.197912628236077075774166853  0.068584727599253959646129989  0.000000000035216041633060862 -0.000000006819322693007079703 -0.430902919932700817213892808 -0.519445158104760239747236389  0.998626382057688331752177274 
  2  0.000000010881098694741184945  0.000000002646139979411894312  0.010316736726861114760157552  0.960031860991398975843647001  0.028277778543352780048767466  0.000000001615989710385806534 -0.000000002094515617972104832 -0.177663123570268316548845765 -0.214169495000124497023196585  0.998626393499356818594069052 
  3  0.000000005995909339708450912  0.707106892078001151170484756  0.025022120621692291765004383 -0.000000015076506255000032670  0.000000001992809562471739397 -0.068584654312960411650604980 -0.197912597089938123502586391 -0.518852361086371043660640801  0.431616395838212739557255768  0.998626287167817150761638112 
  4 -0.000000001202702099858790299  0.000000000157043553121936181  0.003743154290904430495614660  0.000000000452778545151121789 -0.000000000064128053100025465  0.994883237466578008783776865  0.000000000687414333184076202 -0.077617101940279943136501584  0.064567159534605067977607387  0.998626394321549044842591808 
  5 -0.707106766730192513197884863  0.000000078392789296751545253 -0.025022142230811762665004024  0.197912651101636716344874152 -0.068584732314365223181378429 -0.000000003740364013916274929  0.000000020779256289283172194  0.430902919569467635047639240  0.519445188423518904431794990  0.998626395289415767970477023 
  6 -0.000000009224733951595477288  0.707106670295067325912249934 -0.025022122698962928217381171 -0.000000033302682595793383813  0.000000014338085576531874763  0.068584675188512871533085512  0.197912673252977020004134481  0.518852423914841460604770174 -0.431616645291512991347441033  0.998626198301022283945662522 
  7 -0.000000000000000507054216484 -0.000000000000001731718020414 -0.998626396227913664825539403 -0.000000000000000768542037845 -0.000000000000000863757021940  0.000000000000000941281147097 -0.000000000000000988547494438 -0.052173198454295352956261835 -0.004824740397020738465508441  0.998626396227919516102033981 
  8  0.000000001667341383434102814  0.000000000651300584528912541  0.003743160726301487935064729 -0.000000001541667125476259861 -0.994883227757989636527713451  0.000000001062403212316854625  0.000000001537053783811915726 -0.064460462567609798993878249 -0.077705859748097223561890973  0.998626394944057229599489872 

 0.998626396227919516102033981 

