
  0 -0.49631005538014106  0.46142973312344737  0.21079672477411401 -0.49631005545192403  4.96310055451924026e-01
  1 -0.29292065438294440 -0.49631005540241124  0.41418612724249504 -0.49631005545141521  4.96310055451415211e-01
  2 -0.41418612936285598  0.49631005540161210  0.29292065138479972  0.49631005545220302  4.96310055452203025e-01
  3 -0.21079672836565935 -0.46142973312424651  0.49631005385318072  0.49631005545271184  4.96310055452711840e-01

  0 -0.20338940099719666 -0.08212392601728503 -0.70710678374580038 -0.67222645642534706 
  1  0.95773978852585862 -0.03488032227816474 -0.00000000000079911 -0.28551332822166969 
  2 -0.20338940246838103 -0.08212392661068570  0.70710677862729476 -0.67222646129182362 
  3 -0.00000000000050882 -0.99262011090412705  0.00000000000078783  0.12126547500702098 

  0  1.00000000000000000 -0.00000000000000001 -0.00000000000000007  0.00000000000000000 
  1 -0.00000000000000001  0.99999999999999989 -0.00000000000000001 -0.00000000000000000 
  2 -0.00000000000000007 -0.00000000000000001  1.00000000000000000  0.00000000000000000 
  3  0.00000000000000000 -0.00000000000000000  0.00000000000000000  0.99999999999999989 

