
  0  0.576185651085279360787520797 -0.000000000000004122361162573 -0.000000000000002045791729307 -0.000000000000002526009655085 -0.233236307079000132618808692  0.005599788464121074959481942 -0.383936999839953883081195007 -0.143243386497211616292996907 -0.112649350268583844925096571  0.465036525532650535613536646 -0.104676120216035770308488605 -0.442161177400605611418401425  0.101196996755142926770307428  0.576185651085288109702741560 
  1  0.054147362653075192271892721  0.000000001473430068944962347  0.522038261300823910177320436  0.000000022027605919193391656  0.267072300429789350915618651 -0.204212044246376562010771710 -0.184264244755696638723707625 -0.630066273611984976736090369 -0.200887869994181516295535944 -0.335153536750771148154063456 -0.149266155413257471198961758  0.039768893856990775121989720  0.063492862331853949609081645  0.576185647454935052956884189 
  2  0.000000000939524541567775527  0.000000000877945213937505576  0.000000001472816773732593997 -0.576185647048928500848097994  0.119117116599876741445931862 -0.001116410373857575067138594 -0.264915443392121247164969211  0.204930004116096900146034611 -0.423069430107598277605645762 -0.101106499544248632631597475  0.220862043797996848246297484 -0.074988480414656114272551300 -0.545921135360925253304786864  0.576185650339215024609389182 
  3  0.000000000062496437450760759  0.576185648314335403807635166  0.000000000305686861600132999 -0.000000002141431302401787520  0.089935011553429560126813030 -0.437291621177178923532326976 -0.144552441811873947743777476  0.080316953713163261949626974  0.017813562312611907261110703  0.388532612936960930136165437 -0.222138047935070879885491486  0.475702049551697442553123071 -0.120162150148012243515741829  0.576185650823949987227746289 
  4  0.018877060143868749108496874 -0.044890388480085477860068296 -0.485817857078970276606165804  0.026600337847299375690512013  0.135507252092907687856214449 -0.069391568493983115333391745  0.433379133905749069487645803 -0.236295358320160827814864803 -0.655187958967581485724383794  0.107219748422108894084562019 -0.204470801384269082332434050  0.005086829406807496752743934  0.107098299219536531694523408  0.576185643550223891562467315 
  5 -0.576185651085287320837240860 -0.000000000000000000056916394  0.000000000000000677129890712  0.000000000000000331917305024 -0.397112643511519426909239447 -0.355091063452069545340866047  0.036897824550283894347709130 -0.357099093751554005931507854  0.020164058102653489358376177  0.257531226281485644061253204  0.281254295013073330069099456 -0.296643555681454583093040883 -0.146664477460017111837037480  0.576185651085288307244377387 
  6  0.000000000205317016027994660  0.000000000459370934705580495  0.000000002481613043747356124  0.576185646670057963908157667  0.389206328529132884454190197 -0.361572988892861837148615806 -0.032014256566113334947061781  0.314998038636523446044592628 -0.055741911954045514202194965 -0.111192818341746091938260482 -0.006522111369457046504244483 -0.446263576576025555053437929 -0.266233186933578062547366139  0.576185649816358999315141221 
  7  0.018877053149903504996015135  0.044890393850342911870413562 -0.485817819193547004294128633  0.026600371454798140524706336 -0.055119436624003342947307384  0.126525419302456332913795096 -0.169619474765879853331599844 -0.354464544550051833805793741  0.357617886675386863952561672 -0.244584696243984281696019593 -0.407221382146710668750982237 -0.044763601994481142286259933 -0.481553737357069549450102122  0.576185637648591555959320942 
  8 -0.000000000758509393404670535 -0.000000000900675283805604598 -0.000000000922770167524180081  0.576185645901073043083188974 -0.256175048562593081805886103  0.334223773313601091886288277 -0.284472330243834741652416559 -0.090155744698499023942494558 -0.346619327909711202927514617 -0.002577763842494361584225764  0.294125332382114762242450792  0.380137541104221639916456443 -0.224634115116951243743752091  0.576185648483027862789326162 
  9  0.000000000921867562030894330  0.576185648678287980596970930  0.000000000493228908181907651  0.000000000729990992399372402 -0.470081089935946056965979795 -0.019412859490509118694004354  0.010311357632963421739741555  0.177453048701221152813785331 -0.207697944709968370413416712 -0.513875566541041775656551566 -0.120463360632002750656623785 -0.232346077107332197239360043  0.198389628035536022047338918  0.576185650823375494192137708 
 10 -0.576185651085286844547226487 -0.000000000000000987275482594 -0.000000000000000038589913795  0.000000000000000312799362890  0.198376809765803356768549756  0.334310678791989821743166691 -0.444638135590840647445691480  0.132463585467118521866026863 -0.158764158036809113828708058  0.164210074936596606267951923 -0.405212643398364292661754590 -0.140380264442261882827417581  0.256063511998709067429835784  0.576185651085288192698417864 
 11  0.019638305239941429430758834 -0.000000000145606261372399927 -0.505408854330071974521581407 -0.051138482854438559779266735  0.198587976973782984272667504 -0.265850392588040333074388480 -0.443862712760034618136211274 -0.082936821428623698288699981  0.078537827498358325415111353 -0.214140757539936159629077872  0.433803887507331263477007577  0.079216193829311434079656993  0.425522467055573750890646451  0.576185642570058239740529021 
 12  0.000000000748908473397679140 -0.576185649331738873547750085  0.000000000685240917932429386  0.000000000148504777474138230 -0.394997724414891118808719830 -0.441440667504334178334549771 -0.181220461044899354324301012  0.248563484872533277088638148 -0.110977089991920439864458645 -0.152751897546979944580948160 -0.358397627346224688789063165  0.239472143729092897896032835  0.032365833132417034352716319  0.576185650914393049338516756 

 0.576185651085288307244377387 

