
  0  0.369274472939124841105963323 -0.123091490976565068061468131 -0.000000000000036157017836450 -0.000000000000181729590887784  0.187409586076121542508473271 -0.247255179433941725566340093  0.012673364543136266934828069  0.033111174728318239521518375 -0.201455612947889619142793557  0.008768132462238801147572922 -0.144592465303345115752589947  0.081941783924617225371930546  0.254096795416073532858629996  0.067281211475784258617058309  0.165920710723615816333453496 -0.457563813776105771476869835 -0.422404584315444695555253826  0.445281736623076659882048203  0.492365963915907803121179559 
  1 -0.000000000000000019186595194 -0.492365963917663523961160132 -0.000000000000010094000807400 -0.000000000000004208828696293 -0.081315389665529222014655857  0.085896281918989573364261493  0.438100291700422746497866136  0.336364731301189809586612081 -0.071026848187611020847011777  0.139329218568303807358776426  0.000630251907858619374441422 -0.470813213829425727041319560 -0.307449520909262860899691452 -0.115424088838170470920402224  0.093881260355710068341093377 -0.254625522618536029816321137  0.065873088320748294601013426 -0.080958829443489980778674801  0.492365963917677840335851772 
  2 -0.000000000000195484720961365 -0.000000000000114445412294465  0.492365963917299739790187432 -0.000000000000062126811551687 -0.020868805324770793439186425 -0.385343050852947904588892414 -0.033580629309083692819683144 -0.498690126336104077930467052 -0.305471439442816581569944967  0.338260510740449394561030552  0.265529372328611730085272044 -0.101618533933123164786653438 -0.139356636015737264341386725 -0.115125975619661090954329568  0.057180777342433925295833415 -0.078617757106596441138456673  0.154252596459569355931396549 -0.065937975942980173758650123  0.492365963917671810708099819 
  3 -0.000000000000538272933177364 -0.000000000000287509517436766  0.369274472938058021621648627 -0.123091490978600662783493721 -0.511230308680064873762174255  0.455895465597021810546943602  0.085432992695144891117525494 -0.071680139770493205616380683  0.165735259131140414670581990  0.286092741498150017020844771 -0.192342435067224415848959225  0.093603251069978209126338717  0.202452491538366838392452689  0.033821685884889349983124926  0.169968681594856290214710579  0.013215065759027388111548928  0.079941142095632367246490525  0.366320893881409089752046113  0.492365963917484479546232343 
  4  0.000000000000073999217246404 -0.000000000000179948305398392  0.000000000000026656700163915  0.492365963917397918200033816 -0.101371086981917183873281359 -0.046574503338042604196978305 -0.079203472936536854033312202 -0.212211806110075999618402517  0.327734068121526915371875474  0.010787246243531535265405656 -0.375588516117913182067785532 -0.071990834275849728206254311  0.201956126460329278869210504 -0.297262142058997038443187225 -0.211373230350370701233165757 -0.430167544782031135703996572  0.096162808958082802536298465 -0.268191972991147388466611975  0.492365963917678501699176988 
  5 -0.492365963916631299687656081  0.000000000000181625869294446 -0.000000000000220526731150507  0.000000000000412293248074830 -0.213743818930220680487675269  0.085788061473025379645180460 -0.278259173723463508346234740 -0.138430575683699084058400110 -0.019098350960803073313328503 -0.044565906717675261511173689  0.007367632858427941584394542 -0.141963098559578901073567440 -0.277019970120436764761569226  0.465922583464394313303809023 -0.077875082275707018032479163 -0.325116433393981583770907667 -0.422693661685582071108622029 -0.033478508512526513023476208  0.492365963917445734307661021 
  6 -0.000000000000473030474920012  0.000000000000074175470630707 -0.492365963916989331542687497 -0.000000000000059482585956928 -0.491700995250235455859538075 -0.021790051580341031719394509 -0.148370666087725443373990589 -0.136127478511189824221744651 -0.214665644472050644376887214 -0.218453603792381693799958854  0.301866991854936278006672767  0.061855054348264969599435975 -0.095642422072702708479494376 -0.347966867844802051458821812  0.070773500847937173130876385 -0.194559141233809486439009818  0.197910605436642619977486574  0.271614291723943923980875634  0.492365963917596023919145964 
  7 -0.000000000000000615262014641  0.492365963917691372208956455  0.000000000000001735534048578  0.000000000000000001772455205 -0.070560572006354806864187289 -0.154191105068058366547390295  0.276923532142662444377467779  0.002471205253858383042775808 -0.281938599179191839180867035 -0.160702075189733984152107814 -0.435529322117138251722109205 -0.298412968927363648889185266 -0.158038622881308321073282400  0.161122779446821134510304564 -0.284736075117749253427651412  0.023886129966840917853316282  0.236512684378655184240253934  0.282061180964777768873834665  0.492365963917693737477310895 
  8 -0.492365963917159380630345772  0.000000000000002596136120783  0.000000000000323554310588364  0.000000000000066347793198626  0.449662639929284510526387789  0.285776807932887468813743653  0.051330075388070658112067614  0.023088176792321513437251804 -0.161996717926589224370299662  0.216632057136222534276907836  0.041150845059187255353455245  0.179542676724431114602432979 -0.006388280869805119069500515 -0.374359122214874514395725053 -0.311347109980862014720496070 -0.134718011301575093922357207  0.014182524620585557071888029  0.328586399187373794003033320  0.492365963917551864310450521 
  9 -0.000000000000049653545710868 -0.000000000000440088972110281 -0.492365963916989017124057476  0.000000000000031534835196767  0.186357208496048693801834355  0.227510178122381634830675642 -0.028706546544792068095908557 -0.294658382517751700989654812 -0.213783919547313489115288043  0.410366070997468568971140376 -0.067884075246740462399269809 -0.265903368059291350314473842  0.323401359693358930388895622  0.296828314382992866269327104  0.208546006789193467124130833 -0.002197793587791300422559101  0.209682853710212698956894505 -0.117740645956209407427923378  0.492365963917510279681914731 
 10  0.492365963916229008477329354 -0.000000000000257422401175129  0.000000000000001208108085654  0.000000000000187782144216704 -0.105395465685663218083378302  0.414039074117541500754400077 -0.063111977836731899627140813 -0.048991488985632396487902331 -0.392594334335551660832095561  0.130042390146642652436008956 -0.043825666226506197329282257  0.196707772225451668577918089 -0.224321284263806572489949494 -0.025553127451211713908884606 -0.427413161198818958552139366 -0.020972960813693156414228925 -0.205167623178112715036369718 -0.284273300794321419137722709  0.492365963916675411781191316 
 11 -0.000000000000013120011717007 -0.492365963917626392069631577 -0.000000000000007229914816897 -0.000000000000006576787365943 -0.019462662982986435108927561  0.000462988985323862800250397 -0.089430879065765796320894472 -0.364112312075627135067330126 -0.017365793584622642067765764 -0.240436706282285641203392591 -0.128805833774570363200757256 -0.344433604288106426746145575  0.159841975635933963587813171 -0.106527818398218268857455607 -0.289975046990879946237325629  0.456489110697403701943702589 -0.209926029938607674148252739  0.223270803201962101606613958  0.492365963917653308093294942 
 12  0.000000000000068010282065206  0.000000000000031993058015052 -0.000000000000172361943153410  0.492365963917395846642047902 -0.206418735193130683470345670 -0.167530791443251933652588796 -0.033627245573416674103290865  0.373949770089432044771786054 -0.045708947161861610620673486  0.298233806745997522843040842  0.382024988363808905549728889 -0.072420608420120158161517772  0.267934158614547591076857427  0.233151719878794154945981197 -0.360498543535349293961489794  0.140687726026532089658189345 -0.001949250299683380583100804  0.166752073174881862945083226  0.492365963917668208825852497 
 13  0.000000000000037219594477004  0.000000000000036267328122587 -0.000000000000092316793634812 -0.492365963917380496399269635 -0.060231823436296028637711858 -0.037178747690247509779772539  0.363185695769462628607407439 -0.136481355974584266804467553  0.169460560051461695069900497 -0.149278624082826948647490656  0.309369040494175263439563875 -0.000531937822377908483455812  0.383548628358664468659131389  0.139574533015891973680342418 -0.420413146202744816181317775 -0.295589322818874282097897574  0.060919777472184783581116629 -0.144575444912970227606631088  0.492365963917546326178648411 
 14  0.000000000000092026850575909 -0.000000000000003306331871043 -0.000000000000014462577272561 -0.492365963917560557714520053 -0.086767838209665925481260673 -0.207853220757579419314723355 -0.566565105067480629329711161  0.356694144940896391843135685 -0.011295776848137326306103340  0.266470625146369026676248376 -0.217276835955244989790377357 -0.224824390334014172156303080  0.107487268824799432070265549 -0.199266657418632545404951414 -0.162396725049324785648211661 -0.039877754720845896033122255  0.077770164366561039555986960 -0.066754361273212999494056780  0.492365963917670340909424689 
 15  0.000000000000241359926559739 -0.000000000000087896578865715  0.369274472938891281840285627  0.123091490978420379342323215  0.131930333440250726622527434  0.332188770928200746484701411 -0.276761770459026376606887984  0.162219160180102344421897674 -0.329706091898663404316004513 -0.481223466211106459681015601  0.150280494106351509948850571 -0.230176290773398830937792291  0.287034939975978578427994944  0.051494876992903845911478096  0.126216292130809968585996965 -0.170733969378531909871928550  0.257846674819427562142318267 -0.073238731600720982618194649  0.492365963917640903519399101 
 16  0.369274472939502355477723108  0.123091490976953318704583372  0.000000000000032563634400327  0.000000000000292646413711830  0.267676129500377869217505114  0.190622906486347760526335084 -0.231096191873264473088398288 -0.121579054602949466553252645  0.483454633542937171561144211  0.047263547901016087046161982  0.267717990828165117677111401 -0.294112709336631763834849981 -0.332879417717761862355145552  0.088874240123482095439738215 -0.114999418801160604742270591 -0.127584831397235843109048796  0.151279899134109233020261016  0.327226518666474027624037346  0.492365963916780861230277147 
 17  0.000000000000043554425205974  0.492365963917629223843075784 -0.000000000000006153139082882  0.000000000000001631585658967 -0.050284116498006892931901899  0.131080854495323363513776573  0.132688269594867234684311234  0.008453771303313558976847059  0.022318395787575708904068453  0.049970733616914257130536001  0.204276126219431589933284502 -0.422820225876914167667574088  0.157175130888764354078045854 -0.388472943845106287252084629  0.158872320862380424482535046  0.095482712519242493248521585 -0.523986746855368691925484287 -0.110235402718334333821859766  0.492365963917680551600224506 

 0.492365963917693737477310895 

