
  0 -0.000000000000000648530435491  0.000000000000001868978129727  0.707106781186551267481474325  0.000000000000000698658430652  0.000000000000002705704520173 -0.000000000000000148622520373  0.190538586256786789891793689  0.485914653759523239073608511 -0.320202731748172895911812297 -0.238199220434297489316119271 -0.170789330067506136661683799  0.197849293932567173599215357  0.707106781186557306975466047 
  1  0.000000000000000953446460565  0.000000000000004656582438262  0.000000000000002212767055590 -0.707106781186546570283982249 -0.000000000000001005039215950  0.000000000000001092646066909 -0.102023162569278770358996000 -0.447410362800580527469634928 -0.443782422941618492207146648 -0.096608427452183186192517881 -0.112386574700976998854534770  0.265534314577760564374470445  0.707106781186556494040677118 
  2  0.000000000000004260294431109  0.000000000000004052567164323 -0.000000000000000740047203534  0.707106781186548432834894362  0.000000000000003664083786454  0.000000000000000088642365304 -0.102023162569274616807578262 -0.447410362800578744309426896 -0.443782422941621308097029028 -0.096608427452182914850595426 -0.112386574700972078663760868  0.265534314577757760763177669  0.707106781186561266536010073 
  3 -0.000000000000004032266344510 -0.000000000000005343067329223  0.000000000000002364725055906 -0.000000000000004227409299348  0.707106781186542946609271260  0.000000000000003952702067777  0.434654511235200028768316596 -0.050452170564463670256085803 -0.237533705099495631460977847  0.467183703559306056117073416 -0.064476103687733196735448922 -0.172307842165686302162417622  0.707106781186562829955542797 
  4  0.000000000000000666966017503  0.707106781186548306254290724  0.000000000000006809057223233 -0.000000000000000548794003532 -0.000000000000003960510813755 -0.000000000000001369925160870  0.265019468174077095143619659 -0.189385531854811491918257234  0.002671562354256388048268913 -0.441089235655255041524238149 -0.128350981366852750408186559 -0.427617792355059067902975367  0.707106781186561705149998952 
  5  0.000000000000002753174144370  0.000000000000005392596380885 -0.000000000000000280559938656 -0.000000000000000441719341922  0.707106781186552094023000520  0.000000000000000101771110818 -0.434654511235186235141702421  0.050452170564455115467264023  0.237533705099501779971498013 -0.467183703559303839330206498  0.064476103687736218766045609  0.172307842165682468138932643  0.707106781186561094473125300 
  6  0.000000000000005191396676100 -0.000000000000001464892052170 -0.000000000000001493636597961  0.000000000000000406924133294  0.000000000000007462323151116 -0.707106781186544730826576410 -0.434351469145629734630933982  0.139069834092029285168971332 -0.219594449459980503290578747  0.128210221422648470407487827 -0.292351480455688943416647438 -0.376655560507398901471526331  0.707106781186560705352965595 
  7  0.707106781186548258983076004 -0.000000000000002249410163082 -0.000000000000003943202709926 -0.000000000000004577243701110  0.000000000000001498957318149  0.000000000000000664137758196 -0.073927397149398245374896446  0.077189355324660670678042686 -0.309638904422121865066047305 -0.068335609824838283122227199  0.593379922202340667031997962 -0.189554226016084952251544021  0.707106781186561171776740198 
  8 -0.000000000000000179026502264 -0.000000000000000231226507762 -0.000000000000006160336598642  0.000000000000001410917288161  0.000000000000003407828548326  0.707106781186550283134321926 -0.434351469145627060093909841  0.139069834092032670414072065 -0.219594449459980765721714598  0.128210221422642083955248382 -0.292351480455684201956601670 -0.376655560507396070972019678  0.707106781186561626599551555 
  9 -0.707106781186546763109338626  0.000000000000001310382678706 -0.000000000000004474076891009 -0.000000000000001270411331304  0.000000000000000219871313126 -0.000000000000004706278781697 -0.073927397149407446551500935  0.077189355324659076663679907 -0.309638904422124739069166130 -0.068335609824841069521810487  0.593379922202340244681041670 -0.189554226016083285114520972  0.707106781186558776611510851 
 10  0.000000000000000117648239969 -0.000000000000001421981208734  0.707106781186543757429865953  0.000000000000002254164183712 -0.000000000000004789872580689  0.000000000000004815325720450 -0.190538586256801082630877968 -0.485914653759521094196450683  0.320202731748171997650312393  0.238199220434307823755044550  0.170789330067514880033920956 -0.197849293932567013530317117  0.707106781186557196983155649 
 11 -0.000000000000002892835061854 -0.707106781186546706513985222  0.000000000000007256063433516 -0.000000000000001152813144536 -0.000000000000003910976050682 -0.000000000000000136270056110  0.265019468174071850939026510 -0.189385531854814828943466345  0.002671562354253982084428281 -0.441089235655265623012180956 -0.128350981366854320509115171 -0.427617792355052048778110696  0.707106781186562033554836998 

 0.707106781186562829955542797 

