
  0  0.000000000000004517348744614 -0.000000000000002173462086659 -0.565685424951111700641974422 -0.000000000000001688446105432 -0.108868372004722792589738109 -0.481935004733528584396073935 -0.005286348775603550051067100  0.217879962152718870569355868 -0.120111804886321715192163372 -0.157781011776846946182469716  0.023900126762240847643406082  0.272727170058641807788785486  0.512306141949535446405983308 -0.107963436492769356373703626  0.565685424951120116436077689 
  1  0.565685424948694140240973427  0.000000000000064854184127561  0.000000000001179686466238838  0.000000000000490548454836762 -0.067360420478463526957235881 -0.186630419741060293390018908  0.473342046064703829498076376 -0.383758041568377056973341080 -0.132287087711025815747419888 -0.417609585228926013053150565 -0.170094913940553499754736871 -0.000069464715883790584577751 -0.137146536773674290838275457  0.172248764195261989853446422  0.565685424950429204644323372 
  2  0.000000000000777188380701939 -0.424264068713579638002361336  0.141421356230417829554597484  0.000000000001310871211629283  0.078528873896200504026708124 -0.434966284489095094762051499 -0.212974082026774018641299656  0.112453814200928359477184553 -0.070198932940563927916188380  0.007149404287508277111007744 -0.168732010845514596834057545 -0.649318431259104465204639450  0.112151693370698828017869696  0.281054806450770327624867281  0.565685424946085515390554327 
  3 -0.000000000001486076559736618 -0.565685424943577685346664252 -0.000000000003008007684708872 -0.000000000002084272109536633  0.071183259130677317873129098 -0.195649511957934598834429017 -0.209723769577359033455202925 -0.297241191563007162650773482  0.038144866637928719099623039 -0.135643654873325841255871441  0.544059732837103154912128389  0.223480517179970723424284156 -0.274763378401407383684346836 -0.251046103507793372721854097  0.565685424950156009061413842 
  4  0.424264068711623518084623263 -0.000000000003031781374661829 -0.000000000000033335845258310  0.141421356235226769733717180 -0.477537876446656834667414335 -0.086900492719016096843261381  0.142943894728489120007756431  0.309173574342584206225883342 -0.111976852412304869592053758  0.518905761162429920302363584  0.370434334484051732083948263 -0.077971227814600591510176691 -0.146383254177975225462579600  0.043051768069598410595597536  0.565685424949915429857719845 
  5 -0.000000000000876181406069871 -0.000000000000229871473494699 -0.000000000000064815961533361 -0.565685424949861837148022692  0.279071728184393558658705353 -0.243871109935622493096831799  0.013055322382525406399150900  0.053485698781764037232816554 -0.029791843597170344518920162  0.325765048311069338785560257 -0.050652609298643609953146597  0.394895952376052074278686352 -0.205786439888993647449617203  0.481401818992807958299488119  0.565685424951032716947389722 
  6  0.424264068715326626108838570 -0.000000000000223477423920886 -0.000000000000904471652008012 -0.141421356233846453936617293  0.234749198632845847229603901 -0.004594050766020953960314306 -0.099751477218422624824545157  0.534200543600402052480963927  0.552210672436500335893191233 -0.251929280910502521997678879 -0.061152539850196845437867990 -0.014854252488438563100151511 -0.166834854315537482209925481 -0.222153079096842222042436192  0.565685424950301014813611178 
  7 -0.000000000000194888023737122  0.424264068728764099085615930  0.141421356221671240272754963  0.000000000000174288188546665 -0.278350542298706124619712271 -0.238413368850340002456878949 -0.567678400918082594480643804  0.077985292433394308154971306 -0.309333226945119771215172294 -0.317503755566961685935642098 -0.042618983441317830416887342  0.068497491141153959462418380 -0.365589565446712833843984081  0.026074392488152550524698392  0.565685424950804510062576935 
  8  0.000000000000000040966128759  0.000000000000000235585636765  0.565685424951119998745931866  0.000000000000000094606336345  0.262990271216241241369242568  0.025576405946581845885846093  0.215664010732774884008199588  0.365532991133525918785044176 -0.411488489295703433753321684 -0.240631136834208956380167475  0.314261466509928582673807571  0.138790308271180177078127881  0.291175942011092265550818714 -0.004905356659237522280004673  0.565685424951120323952373503 
  9  0.000000000002181781405862405  0.565685424941033304733345455 -0.000000000000244250741483921 -0.000000000001224435542350634  0.338842821287260569595133075 -0.343064198684374750632003134  0.056304469610490795691181342 -0.271389800238672927089550804  0.217495587152522024145776154  0.107846215032914772591636412  0.449474962287801219616191484 -0.314881424631317142565556030  0.083542565726385177776248166 -0.059810793033974779819861040  0.565685424944683822284351854 
 10  0.000000000000000428197946116 -0.000000000000002342339292023  0.565685424951114803194911207  0.000000000000000261074932213 -0.321903226126120171912171897 -0.339166497357996204103708013 -0.025787238794174118876911567 -0.195262805635988289927433559  0.386259724372987938340083883  0.160438712867965415273508421 -0.237523591175611426749543845  0.279142096811896678234653918  0.284489667947773359281448194 -0.179840379564639761973124030  0.565685424951117877395961181 
 11  0.000000000000054571369671389  0.000000000000268012554718225  0.000000000000322592558884544  0.565685424950196410283278364  0.428008915095509256411830667 -0.282061329356088990905375088  0.091333375086317292841035093  0.077839887764343345060000148 -0.190110886923714751409945738  0.280086615967487566255253797 -0.331345941974003071480532265  0.176964096859841700631866233 -0.295225136032114452165663401 -0.244936673431018880762099696  0.565685424950841534753615686 
 12  0.000000000000041482857365226 -0.000000000000196792663825972  0.000000000000978526457664830 -0.565685424949042249260881821 -0.029134581856771790260056333 -0.058766829909103265507520474  0.138951895691295689927793888 -0.031902553327392595467382370 -0.326365924535817628776308147  0.147030328170615907695719521 -0.172796614097467233600287709 -0.233711099349580893219419271 -0.084325796109636067432631379 -0.660037280632946223664272306  0.565685424950259083457220627 
 13  0.565685424947462004374113681 -0.000000000000562210730618460 -0.000000000000617857797379047 -0.000000000001489279829733793  0.249451928836943092311173413  0.255251327356423311488965375 -0.505736359198379957979527233 -0.248772546892840648526286362 -0.197888277311998743830884565  0.217377225041630991959938982 -0.061866432034749390272445040  0.069688574946755632812036164  0.372060118144155882842971303 -0.037922780923412202001122158  0.565685424950131338366239586 

 0.565685424951120323952373503 

