
  0 -0.000000000000000279995173543  0.701814637613702040910227536 -0.000000000000000271617150965  0.654618230620409128045055630  0.099533539364457351711627971  0.250370898532688630143102151  0.079615791650093671512908658  0.701814637613702548642104911 
  1  0.563263562136051631188717048 -0.052201629065606237753226866 -0.086349401228211430254762346 -0.014061283991144616760957456  0.374311415941660828040444750  0.251997801120707057363334175 -0.684648291328350884715845531  0.701814592429869328615854585 
  2 -0.000000001003899691125075749  0.000000000228187465568764563 -0.701814634525100219779054217 -0.266296957697424783686373020  0.057838173999704379713628641  0.566964739006091959739805364  0.334287121259000787184753611  0.701814635757187335000223394 
  3 -0.000000000000000258963171046  0.701814637613702920794500617 -0.000000000000000089542108878 -0.637886375602971402397605577 -0.183983373419112116099087897 -0.162451489660355958850185276 -0.200790483000829727498184538  0.701814637613703233749457705 
  4  0.604539716940483568604486342  0.097274916057843825441080188  0.000000000004598597015560145 -0.076598281090611256321425224  0.386610589226527999635874000 -0.402494226371867705628745590  0.554736581375928087026504210  0.701814633002926011539311657 
  5 -0.000000001674890215714566576 -0.000000000905074545055183203  0.701814634791736436628291351 -0.279872156645478526284034904  0.201000018551082302480700198  0.575824223976371107013277201  0.239067458996879816736954964  0.701814637371701207692060304 
  6 -0.563263606325960212984054615  0.052201623453023091525685958 -0.086349395284917432778976683 -0.096272705590413831097857701  0.789252904468154522284618207 -0.179991334370490386720042517 -0.089260409644396892822983992  0.701814625063900701662511494 

 0.701814637613703233749457705 

