
  0  0.258198889747160919183772976  0.313016263590397413724402548 -0.218960132180556985324404798 -0.201203045305424416228329103 -0.520498598008883355079279981 -0.215546368398231097675515726  0.017383750224725021638627902 -0.215948469298847878537284464  0.233295122814965886709286623 -0.278900764575528484120461523 -0.203775700056736244853371719 -0.114485392782839466013365855  0.398223337400418712195932988 -0.141079339926717265793379256  0.131468950723971865832259351  0.258198889747160931218417090 
  1  0.258198889747162180300634957 -0.058907521909277384663790409 -0.010199619757781647911528192  0.088558913762336766720357009 -0.190493023700929345757627310 -0.162319565867146009557507244 -0.531450382895541409129878258 -0.200342472480407021251467420  0.176969285837154374446222697  0.381583431957011848993741726 -0.035618212911117176980979994 -0.131043506137182900363863901 -0.513413018071987435186204207 -0.271803897034820378522191123  0.062203598045909211586832789  0.258198889747162207974895409 
  2 -0.258198889747160159564625878 -0.105873729989790578071072284 -0.184796149252393391754808842  0.142093578758136033924198809  0.171975890481243234693083978  0.079651878507613289157247329 -0.428458664228372911188897840  0.267348746290644836119416300  0.516725724662667590966844827 -0.066297766288590857509900253 -0.365377414499458016066768887  0.351118822568756403515932360  0.220305069823687285738037997  0.009517109060894554893414606  0.000852578521371234004608009  0.258198889747160154062299853 
  3  0.258198889747160231447229914  0.167934947205581228186935076  0.083563784349157045284659222 -0.499545661158150015515718931  0.184162439560845955387104883  0.266707077710380248387151900 -0.060530633888251711816443686  0.076527761154214434225981096  0.356808455045380146914129477  0.037509981485518537953931977  0.529584962639112560530731122  0.208452518988146252946211737  0.055257045515757349479730532 -0.214006175027141398419373679 -0.180414927968660590134339708  0.258198889747160209573451084 
  4 -0.258198889747160347917648293  0.437693237097647904512405861  0.315297078828210323227666106 -0.188854505541679267929962814 -0.326726871545421100628305011  0.367050857219738491197397190 -0.142018845977017033819752093  0.046084826393523699693000875 -0.260303589869981260766047468  0.267564358997867784544779854 -0.188768726214791328314322912  0.309456075284792378801961704 -0.033985658842123067002922738  0.045959416043184249185042742  0.262482598617181255452185384  0.258198889747160320595753547 
  5  0.258198889747162410368335958 -0.023963720729946154518901803  0.392198279028584383359805343  0.292396699591371383623135058  0.003478322595301280559805903  0.082289064224474941783152911  0.241465823870524925925441263  0.323640885299964451392307208 -0.027485605440734419411993568 -0.023682908323110295964193227 -0.261599855879057822526535110  0.020069933742744475682441628  0.096244624613530463813095266 -0.660300282027406407810588701 -0.090542156816747818460101166  0.258198889747162430019500334 
  6  0.258198889747159764671089605 -0.236844728375599468519823940  0.193723042611077532067459343 -0.011118296660991460902105513  0.077637461443523346932846577 -0.019441389547225185788250344  0.203338054595098756903957804 -0.042012290820020013883362387  0.240978922464917770296160757  0.614750045833006263258906782 -0.066946900806720004602483765 -0.093992766669985219084358739  0.396693407152972413084448741  0.275957218073509045829600980  0.327483894288035433519723841  0.258198889747159765484241234 
  7 -0.258198889747163054438636523 -0.659379617024095355929703965 -0.119414889470267785977425704 -0.181989990913148282886233238 -0.503406484508701976580621884  0.325689818219554702208697397  0.186335334221353664707794551 -0.055549814544042081107603744  0.089469288497059366864646007  0.001796560097183795052687080  0.071089672786066035314195017  0.048044336704435802346902298 -0.057106458691414400051614446 -0.187611762981537331750449618 -0.006610146919792224547085741  0.258198889747163040642163878 
  8  0.258198889747161142041529530 -0.076228537618157929582163139 -0.435670561389639576620061781  0.194325473111308276349387322  0.190025387289634965239625009  0.416770769082726161064347131 -0.242043316188454160276161999 -0.129456757698100696681855690 -0.396134948019992963637314620 -0.025815590902838420025151400  0.130579324958881730101576193  0.028697987644616591473205412  0.262504466310991392140501699 -0.211791379152146191615769914  0.354360996059698607447497123  0.258198889747161153263022015 
  9  0.258198889747160623874206245  0.030062156907018424199554379  0.081595979121237548415323734  0.354465150482562766195071199 -0.068175691733280635439199812  0.087703981464288739855895537  0.280880328212844148223466603 -0.189454992209560723945131235  0.273237027613216902573222214 -0.290001028295972931408648957  0.113048057314483348567615145  0.468445487745360959676733242 -0.342515995664886542916918732  0.195519132052031177295857087  0.355632170893029814760268048  0.258198889747160598151509703 
 10  0.258198889747159188661580417 -0.242124453615962952470006680  0.060172598613234858233594785 -0.457086539748161395688803507  0.060126771966078921496272943 -0.148771795060146267086981578 -0.118374277570422659957834286  0.498245461433359843370733896 -0.149625008216218718874843292 -0.280314023905759208277069586 -0.162292691047833214770053541 -0.058944150606120919327245633 -0.211718283386853058832270842  0.114668057523908616405963062  0.430581734672059397245552984  0.258198889747159210372728921 
 11  0.258198889747163214521087291  0.009282383772503300778881203 -0.414520975762287791690227992  0.031044930600112605455784612 -0.236565761087497975701985330 -0.266065459970493165843801603  0.132681197077455732989876604  0.338632201638935415754410110 -0.240811589215528020161013155  0.323184531654874162263663823  0.029991238366713718093336995  0.492676199583351054057901372 -0.008792847410870671365733502  0.089027213346674366461076366 -0.295558037229533032810889839  0.258198889747163207175617572 
 12  0.258198889747159191073930251  0.182462989673718248401202389 -0.222979748882273886014210133  0.083072556752584413056704742 -0.099135808190537066144883485  0.558106296157645308632973963  0.113440300247550332361833134  0.248776304015269219847080080  0.173087519194135936218578546  0.023438419314826368405996443 -0.236441107177045130573688446 -0.399925971691817353810679755 -0.221919912542635515152180878  0.305418590524757726010042849 -0.241801330395288546228592386  0.258198889747159210372728921 
 13 -0.258198889747161612368431954  0.211374990728471190759639280 -0.421493706459396302833279174 -0.214588938065559924907831080  0.304319359236652643420318817 -0.063991751958893167202715828  0.439506563799154346592300280 -0.044027229416367183834708689  0.140651844655506443656362014  0.221683056544621233304457122 -0.204625298298136228697277454 -0.026860189302212020378803547 -0.268875349631052866435391643 -0.332475590131130352634014277  0.280687875256684041844028321  0.258198889747161597352231865 
 14  0.258198889747162855514642926 -0.180874898088046325117885828  0.080669687895400443072900596 -0.318250037189806097486042408  0.245600393529515046800470492  0.108968192191746081700937793  0.018573544129594509949837200 -0.494751102311044508810398621 -0.153775914132039161097312112 -0.057005884890948979503637155 -0.524210881626995959126774638  0.261808705439489482609495205 -0.050225221257341104434581813  0.053780033638767111713892667 -0.316001986797022350634146087  0.258198889747162874108710184 

 0.258198889747163207175617572 

