
  0 -0.000000000000311535547483229  0.113276176314449820668186445  0.000000000001777569959679157 -0.537116818170822542569901176 -0.000000000000052737646952177 -0.000000000000748497520489187  0.000000000000265835167646059 -0.026240124628488473037160708 -0.010410583883920275793954786 -0.168911514037855190338197585 -0.215441884639477042922488075 -0.364847467583710272456300194  0.138370428181582353656647183  0.153344690393904744334335581  0.212924079278790779479061182  0.162524556158221852864009804  0.347819886286956803361086754 -0.436677298114373649631780872  0.025266265632082440204200942  0.251199408367242864136134259  0.650392994488428569620219744 
  1  0.000000000000386560381246380 -0.113276176312549522695008637  0.000000000000178895704486692 -0.000000000000031077551006478 -0.000000000000600314142003950 -0.000000000001534566593809785  0.537116818172436762829097950  0.046105684752389127731173014  0.142892146511817584510640328  0.177105109278154208770099040 -0.571955357684064807466221836  0.080824875228896907542808833 -0.413258980558225782000764809  0.150746580727918604857853112  0.148922545822144572583460229 -0.069209646254967769070484858  0.041137318891465657351273495  0.148212162030630886563734895 -0.243667714682602965932628307  0.087119601028127112778110756  0.650392994487717662050428602 
  2 -0.000000000000000531812975893 -0.650392994488525393373661715  0.000000000000003183571368853  0.000000000000059343486828617 -0.000000000000022313442843457  0.000000000000004463813161820  0.000000000000035092276213548 -0.050919644988339793886583575  0.266036311965039233752182077  0.231958863664042757964036008 -0.048193466274842229128515117  0.180233700575400149668410521  0.466057081697977645707046609 -0.058251299077019788138945104  0.028332222746530495937716766  0.137516693745793694149100531  0.238939918178720251884712168 -0.153311819491061706411750079 -0.195428855010583727870436023 -0.236440061597773500695770198  0.650392994488650317262169731 
  3  0.000000000000904707914493375  0.000000000000047514154706645  0.000000000000340903040026759  0.000000000000611295012428301 -0.650392994483636105993752674 -0.000000000001091384743363038 -0.000000000001891037422240211  0.373895808285064410836188997  0.005454529193930378008627698 -0.211265786333111906067794977 -0.269464283390662128679594531 -0.114437922434102701810991823  0.203874413461520828229974096 -0.356558410680785674523683021  0.039190259875638868387946571  0.090357828723286724519579705 -0.338775686785317981951273086 -0.003190308400545742259749347 -0.116264705521157529339280629 -0.011186538733903905071854514  0.650392994488522919983245624 
  4  0.000000000000246821054331413 -0.000000000000028865838200616 -0.000000000000347870878587963  0.650392994485944669815630226  0.000000000000695147321504502 -0.000000000001099711085627177 -0.000000000000040219096921677  0.068120031084293469173136792 -0.196856144748218436841993677 -0.343729700226665088765281436 -0.178781368757549859684519329 -0.020585815322480929972595609  0.186799365626990941787952116  0.488631258196587381451578627  0.132936705296174264144429093 -0.062297891506432448312485361  0.050582289863157565396831758 -0.283609570537728596556536001 -0.039612381172041103903174982 -0.057356867603035533544265272  0.650392994488403310745366914 
  5  0.000000000001013140893642811  0.000000000000358877295874909  0.000000000000307995520675242  0.000000000000650685289335025  0.000000000000311013085182958 -0.000000000000040921137487446 -0.650392994485785675741213591  0.185016908228444250221218087  0.077564882512308916291405691  0.136377095785999163642197157 -0.065488016373543019252334053  0.294271267419233438760589605 -0.213610645977142614768259574  0.060990239844579193727428000  0.559568430941670645172979909  0.028655380744016069609510222  0.005101470630348942411773269  0.054463529864126001008803888 -0.171251122313863505424499228  0.177909777295614085441738048  0.650392994488468324711799573 
  6  0.000000000000167599919199749  0.113276176312781153795213995 -0.000000000000386283941389479 -0.000000000000233511528239457  0.537116818172522071054425519  0.000000000000514131781155622 -0.000000000001510130780811199  0.525535605254395970988446490 -0.218101079911898453446775226  0.098038790897138469639798819 -0.094398373175130326697833578  0.076308289223678231554773722  0.102036595004308049271951088 -0.161316179122356321933278583 -0.303631102506204675041618160  0.194645008383792442231978621 -0.099261639390048740682389455 -0.177288652732826438175681855 -0.355068732311251291202183755  0.129235519546691443885846201  0.650392994488114915894831636 
  7 -0.537116818170712114789699942  0.113276176312526622535863368  0.000000000000052988545093068  0.000000000000301185179707108 -0.000000000000873803892600337 -0.000000000000786995504188404 -0.000000000000632843778096142 -0.320808748970498095511852052  0.255623050233259168967283465  0.172914585401961096286418268 -0.014344970148642335712228866  0.050593002186343377312268332  0.200006341804706624416679631  0.195722343281140711675962322 -0.070618674131268531072083954  0.043969288698028732201674492 -0.508737870809179916660458520 -0.170570852604737578891752788 -0.133970674716509780802133761  0.326589809798307574654476979  0.650392994485886545791373387 
  8  0.000000000000247014891803636  0.000000000000315637775447881  0.650392994486121939147656168 -0.000000000000472423377221913 -0.000000000000977138794376925 -0.000000000000174046590624463 -0.000000000000151187840717988  0.146785164169415741089127526  0.141449310033361410897140460  0.032401755468862563212042440 -0.115101070056825204875701127  0.263919540625917032662401535  0.010758525379807990993830504 -0.140431775483398486650539298 -0.104194337848237897852345449 -0.443551211366487541456777449  0.055523208600604542623771671 -0.301221952913269355359788745  0.328634124028537978417195686  0.149112914665566044451869461  0.650392994488459427315091288 
  9  0.000000000000000040235106763 -0.650392994488649015352201010 -0.000000000000000770076616856 -0.000000000000000010646453621  0.000000000000001327995871463  0.000000000000000198827187079 -0.000000000000001085017015796  0.190273289623667013164393623 -0.124079523860767404067138430 -0.045690656127450111412198778  0.206413415368090534076955973 -0.216667976255488951676879926 -0.365744959543189624210073746  0.130093703084050742944640169 -0.053579540242195325904471515  0.162795864800620807043632365 -0.273599754692642366742756296 -0.149968724794040392725024032  0.265236359119700499558432844  0.293232630471130512479207772  0.650392994488652500465874357 
 10 -0.000000000000094472348607093 -0.113276176314941125486737954  0.537116818166659924294655676  0.000000000002949403995688559  0.000000000002577884848098298 -0.000000000000044536395282992  0.000000000000908069323113068 -0.309582497121349276355964722 -0.292399430567073494684334975 -0.093300660497752660062068843  0.181320214597415196435621805 -0.259966507790097777017696012 -0.124239847722188057967433131 -0.144359441243581804688637070  0.146668383313613927650858118 -0.062794059432822838480773263 -0.065706435851297999954103400 -0.015757645980332994213829294 -0.578704679344413388424658157 -0.083522582229512144564762769  0.650392994488175391878861248 
 11 -0.650392994484013163428506865 -0.000000000000244014404405793  0.000000000000305400976282145 -0.000000000000386283822234597  0.000000000000219652979280105 -0.000000000000254460799090591 -0.000000000000196864631033617  0.175318349779056207885723044  0.232627907240278605167428140 -0.376919211633090701349174320  0.126658256328965041271109558  0.084528581422211707436403273 -0.342228869215888269823995504 -0.109585259435123510905990378 -0.067788880553950663661441547  0.119835535025085191911781678  0.268814640187564136194348086 -0.102831879779521976256135944 -0.062142988699088907026736074 -0.303477059337027215264953953  0.650392994485619787008341686 
 12 -0.000000000000011905016840295 -0.113276176308419803314959766  0.000000000000237109230300353  0.000000000000177983774966527  0.000000000000794803233234801 -0.537116818177447247369387523 -0.000000000000607496345951748 -0.278042216583692724677983818 -0.201036164541614009309026742 -0.369226222195991577568587386 -0.142645134680699220265198517  0.395322413645536866719275640  0.047571742861615127015298757 -0.169228328527573332223693688 -0.117617368276284955239314491  0.210289670343111261872708594  0.129806410949736413863210560  0.166637678716571517578953071  0.016977112928410243201330504  0.366241229514519047762155513  0.650392994487696382360179120 
 13 -0.000000000000247172116014958  0.113276176312119809477417173  0.537116818174499661346470158 -0.000000000000262460362146218 -0.000000000000422068917305260 -0.000000000000428876382099267 -0.000000000000377623751516684  0.131840822980420471760695453  0.121118924708295626340044931  0.054065481010187127791264631 -0.041944706155970109898720784 -0.059612798843622242377803975  0.111212384605346431901140569  0.314407817847237380207321700 -0.020499801156113248780014187  0.599888767334334416323621264 -0.001526435441892460943894672  0.380506321376487177400279108  0.180762695794210967941513177 -0.097037757354460445937262107  0.650392994488357642794609109 
 14  0.000000000000552561339768386 -0.113276176314990654491496151 -0.000000000000083917953560201 -0.537116818170551709517735600 -0.000000000000616677748993193  0.000000000000433906432366025  0.000000000000193020412006915  0.108726446973300465283858354 -0.227961876511730051996082111 -0.247309653241273467489834068 -0.001043888752589232848675739  0.339920171289013304844091323  0.087824311338766709431784881  0.438337298451034436706308731 -0.051951458591585704957852010 -0.237960868774103088369256155 -0.286569957298464547099147229  0.093255398805332728951389062 -0.073232768149882771815918029 -0.320652651334949488246776200  0.650392994487422414554272238 
 15  0.000000000001317653957074856 -0.113276176312305181120040735 -0.000000000000173519457592035 -0.000000000000537440358983808  0.537116818171647613213218198 -0.000000000001080731807712414 -0.000000000000466238662026799 -0.072786396611694836525493710  0.224705951437787624882418472 -0.353859839049202374889214334 -0.231895044294075637974984934 -0.214880794376881637070485741  0.144834263967062858700397820 -0.270439231589291850728655128  0.351086459724148524356611076 -0.085231009772360108348954275 -0.310960729250303945605561629  0.173425518748903822972558079  0.214284181507898508642026049 -0.142781262629860015506621726  0.650392994487528353032747969 
 16 -0.000000000001585607814851756 -0.113276176310770268088133194 -0.000000000002141837225396888  0.000000000000135654662984559 -0.000000000000859411442559436  0.537116818170431410130963995  0.000000000002382208126880200  0.085199999150679050469278826  0.175304779807920099230877757 -0.322251804258292761973291388  0.123325767805096798350288079 -0.001130382667200976916857541  0.173137497981019025073095956  0.070739537525724120477883198 -0.138019587913401369270267535 -0.185372187572512696926516768  0.211401170582052323152497456  0.394177292012006521453645197 -0.192396473483424711756022141  0.464920372002308052443615705  0.650392994488306424812930351 
 17 -0.537116818173000979145994410 -0.113276176311980962122308563 -0.000000000000465332556272579  0.000000000000224413663001929  0.000000000000997572842769141 -0.000000000000399586131794836 -0.000000000000118516208822358  0.108516333907211606100366285 -0.537311420567002220708991561  0.283495652443077759296457055 -0.139025097262961461186663720 -0.152948384349262480005914901  0.214397474120331532707744993 -0.063025911846130916464561299  0.152704007387315988475504774 -0.189077745245189716158731863  0.183231104162253599895227897  0.295089638750665268903880523  0.209219416030463066654646737  0.040889566570159518000355994  0.650392994487187325316698838 
 18  0.000000000000149494121808747 -0.113276176314681353946250790  0.000000000000153317667275274 -0.000000000001326546990424717 -0.000000000000663437294280308 -0.000000000000363013421821184 -0.537116818169130011905668814 -0.177930682948866276339087815  0.048969084532712814317542303  0.011966531026948048967595978 -0.492656133323442803231655140 -0.275507237887403610027700976 -0.154598549549786763572002679  0.076893699225831971042876677 -0.528657032973688167346200395 -0.103908352871022153128750028  0.034959964830872259549857496  0.082262452249356900728241918 -0.036300292025909988176114685 -0.128310765120231903837978889  0.650392994486467205281048087 
 19 -0.000000000000065237121353562 -0.000000000000455920288795313 -0.000000000002529622580362031 -0.000000000000874867818260203 -0.000000000000742640121853469 -0.650392994480573082580285998  0.000000000001542412767480381  0.299977866917532571590116613  0.310795245786033040097861777  0.038793083743848065111193635  0.219647883793948039930234682 -0.327404302197794626105896779  0.103696502626591685712750205  0.198173685406142882715397648 -0.016848851983657114052026307 -0.326751118170216737362793885  0.067383748048474938254219675  0.187910008467245468317908738 -0.172907881076365466013321920  0.081492616740567079048652988  0.650392994486783784129687452 

 0.650392994488652500465874357 

