
  0 -0.497927307073333954559254955  0.000000000000000379711615330  0.000000000000001146551414827 -0.090077861196916215702999980  0.522962868763094813678513062  0.132878472183022992443557873 -0.273407349186679822896153813  0.010161302501664101314555837  0.031847108739875334629802111 -0.326307940285207017446379024  0.197089924668350464391692635 -0.421858077386198218708705451 -0.231630974980527565857063924  0.497927307073335461952640416 
  1  0.000000000222645927644823303  0.000000000251429020228723092 -0.497927306535373486991256226 -0.318987020732442683841004888  0.291137501390712569323236669  0.351359159154579635356849612 -0.050960094590058204039713591 -0.212593185808246192591342873  0.310274765206618259182243247  0.436114284420273579394224800  0.157129999181533345852619307  0.236563626599435917617804404  0.164894801640335217181505302  0.497927307009448429596636804 
  2  0.064317915193387700213895671 -0.433609388334753745368682978  0.000000001444154736659230938 -0.273361476369195244387781327  0.016977992183721275676981373  0.395119087330110386904833547  0.234459140419338008047263691 -0.171899010184129417844341690 -0.326846980261320496825589582 -0.278412613108090861485568318 -0.318761097474322827136517661 -0.208035148108009086052828593  0.403685659883760320556242776  0.497927304972296199433827446 
  3  0.064317907832519330798204046  0.433609397309822997695905045 -0.000000000577809467984337008 -0.302133693653759648596818579 -0.022588241112246671721765679 -0.289773027052099151214909975 -0.482380086673615063276240877 -0.275880253111162301865718835 -0.412307691847751911127205326  0.149445553213724511727451653 -0.095962703062874058248501920 -0.180274560099386454178720107  0.298735446517572229705372519  0.497927305720151800963067454 
  4  0.000000001507584770122626373  0.433609382963473155900681680 -0.064317921231834474081348694 -0.374670774703817428537104550  0.064017058147773553412852258  0.131906604112875953455563324  0.325764331210627383454692119 -0.009666328763682842428884418 -0.124960093868503627567516888 -0.081373123544490992187683438 -0.443371581533851840051718360  0.137652756376789861330559722 -0.549537345690866009084284832  0.497927305702892416313515289 
  5 -0.000000002163436620884456843 -0.497927301686852655097145076 -0.000000000011349219670213264 -0.176799061002107696575331129  0.196320847100182108364071348 -0.385889858131740329239001142 -0.226973558437220645288647826 -0.251795323898614216792278195 -0.175688151468785714744125746 -0.164689824831418978029863934 -0.022259530618768258454335824  0.543661843734918895582400311 -0.253745942382436890413354574  0.497927303861638515203270547 
  6 -0.000000000023483390862971975 -0.000000000678167304555316221  0.497927306122170080360635550  0.215979929771191922325710918  0.212530235164081902636177245  0.013799978866739884057442730  0.222729009724247448362703834 -0.686432592864012140266346401  0.130359529460612293182229099  0.302316109699279812159404199 -0.055153799591137558329048554 -0.135575637888816370840955154 -0.097222830941989355000958095  0.497927306823820761222344419 
  7 -0.497927307073340045254694272  0.000000000000000115062098268 -0.000000000000000213009681048  0.404317366281960261512528829 -0.170693967395780583606022286  0.382318417720202782767802488 -0.329053959732025512452662647 -0.008012338930713609279423728 -0.221955031961747477844038197  0.194466105423320537637279365 -0.364763732646823484774556423  0.291069163756808376141696146 -0.009819065814427430922019908  0.497927307073340370000349986 
  8  0.000000002037657173899464640  0.433609379688053822517494404  0.064317925086522499594017706  0.200419074308015498871366790  0.200990585811710539108237462  0.109856055835655191936668911  0.130434035229726316525091130 -0.175496918559918979845912296  0.008672581535382555699192821 -0.535603564118472044437539725  0.195011867640964209449959757  0.458890668348298680638726321  0.363103105011129057477694410  0.497927306812233467028534079 
  9 -0.497927307073337274928408192  0.000000000000000164027848430  0.000000000000000696402989311 -0.084309914676854830628148409  0.118056875695609867866966037 -0.271681679250886579178158459  0.518280287057464985342805641  0.168326522247248475805522436 -0.406396552905362224388094092  0.306444416949189421853997489  0.249546093081747864415517735  0.086033214228732167848530919  0.177545191313319085103491005  0.497927307073338126813160168 
 10 -0.000000000074083830312441316 -0.000000000353304646477950572  0.497927306458552330025151694 -0.212654301105117695734158904  0.381118107829671179864403086 -0.063739659636219900741441278 -0.112999182903429954913116645  0.448118399476624163060888353  0.285851062498240499911393575  0.144404878091676369157581039 -0.362525802362624206207899688  0.164113021124957420089000674  0.288153143766314935510794784  0.497927306885940797984450509 
 11  0.497927307073339481198514037 -0.000000000000000078854136186 -0.000000000000000485252678512  0.304267042240471910838480948  0.471050459712878961569208075  0.229907516508340037435448658 -0.052156761697558429842301988  0.228315708933889798741383170 -0.501026916314324205232316745  0.191261428017174990918081341  0.135442694352272294564887636  0.005402765833322028013735851 -0.154637490107530962098257403  0.497927307073340050919650623 
 12  0.000000000139838153613124628  0.000000000098653526302483945  0.497927306168538882631766779 -0.396597758392192874634177291 -0.320203892893800416572175696  0.404147136034299691643208868 -0.135458853869130087260340065  0.047141562754373627757022809 -0.123197333700791980538836404  0.048066841982759557678101274  0.492348775874418859616098512  0.166531519140619099458074798 -0.143922475273999342991839735  0.497927306407030543405119877 

 0.497927307073340370000349986 

