
  0 -0.000000000000109872042622079  0.151452723261288294882192032 -0.522434615418387327478132176 -0.677460239897653584636733753 -0.163557923748226991374427400 -0.242596532831650762006172987  0.270280812173379838484876120  0.294135647270649717473093090  0.673887338679785495815059704 
  1 -0.522434615419177439757120879  0.151452723259354304845389523  0.000000000001229177207452967  0.233280620622548029097155682  0.046214667404253478309635863 -0.464844579735526143262269380  0.531161483089070027958054909 -0.386465389602919392726763231  0.673887338679760938147961929 
  2  0.000000000000432425653470351  0.151452723264710681537405408  0.522434615414460626879340072 -0.614767578087310279750729580 -0.152745917774973251275797900 -0.032724891841581769314541974 -0.168876541523479090773068173 -0.522746066408171921723740949  0.673887338679603786078826239 
  3 -0.673887338677912176552759621  0.000000000001069396228036798  0.000000000000018277775737729 -0.018805007074051637268191921 -0.499782556581856556303551653  0.520565030251167171627523639 -0.046044468101926663216135653  0.150437956818952961920965970  0.673887338678999847250625232 
  4  0.000000000000025969681358236 -0.673887338679829877305729746 -0.000000000000046539561405838  0.052880315355902592944925154 -0.498056416564691724813054158 -0.493918545889272691439475169 -0.225830530713888789676158618 -0.008023363242718502819965051  0.673887338679902370695059405 
  5  0.000000000000079105919260053 -0.000000000002229653974828496  0.673887338677160689464056692 -0.048602807599205526922330747 -0.008382063081839397496380169 -0.162704066028038822134312719  0.340458990720221463819120111  0.633291737999393184344477242  0.673887338679469423180414672 
  6 -0.000000000000001151332401570  0.673887338679946513227570631 -0.000000000000000593960399373  0.243896176930064659561510181 -0.302855831468146538011914498 -0.374009331494594339268412037 -0.474024062038786613395083269  0.173456229506785049074399536  0.673887338679948291210713290 
  7  0.522434615412701227775069124  0.151452723262552637286293584  0.000000000000608417388978305  0.209024080578323875537335649 -0.598453827056386871785856330  0.206631184872125949066826861  0.471768818148568486739924052 -0.192415777720888546935404037  0.673887338675862244876529905 

 0.673887338679948291210713290 

