
  0 -0.000022518819053183644711276  0.000011063671437176124490851 -0.000007761274108201735034007 -0.000027835938628025444849801  0.000023658861249525097456552  0.707004065436575626244983250  0.000007864852417238398039050 -0.061181939270743997405104008  0.519420354374234944489462096 -0.009663929889199316622280756  0.095332203078450062970299311  0.224790546383344581058208456 -0.150609531301293131646200883  0.342155632102247980828174656  0.164737358885870454149979829  0.707104768853469029833962861 
  1  0.707105563670925995700764638 -0.000000000000000437590113806 -0.000000000000000652997839177 -0.000000000000000561130163980 -0.000000000000000609563086182  0.000000000000000304418701286 -0.000000801325409719074248780  0.360559722183004944997403163 -0.087413110212884832241845429  0.295622539376273956964521344 -0.294702734037530629447902350 -0.174250039949399038063829019 -0.212458054508774047940415815  0.332040946218812356861404406 -0.048603273313918576051885544  0.707106364996338314246691198 
  2 -0.000006610805788988215921933 -0.000047328427780956776777095  0.000037128914095469319468447  0.000066877675210307819973213 -0.000037761430905694269403894 -0.706879459336791717753798597  0.000027690844925209017820391 -0.064769583217701765555103077  0.501070846568966984772592471 -0.008038654616329959765361852  0.110547114723565184276341585  0.236539200419994422169302738 -0.159900594646370568607351807  0.353184063210399141270919021  0.162822194118221133505327973  0.707102857435498374349264195 
  3  0.001800411236664633205578920  0.031512854233652351492741368 -0.564465244424409722532112732  0.083073981279444486310764052 -0.015347440860279515510371077 -0.009321227402636422695904870  0.000827102036783326887869260 -0.064658583199154149467489591  0.301602823128802353740921666 -0.299300405614324673187918655 -0.346565674816549501758991894 -0.242855531354254405677906004 -0.429844378969719188789307129 -0.319716828304022678805583826 -0.149535755206340885466328137  0.706348261473870444346161157 
  4  0.000042546331226926635149661  0.705698099779288877430368648  0.000184859448547420342275493  0.000250298984945464452439803 -0.000266017106869567888769719  0.000501437378313619288999792  0.000158336768869669809118364 -0.041786460471136010248765667  0.103719273998011203287124629  0.075615674467147808185559215  0.444980922997141886812482933 -0.507145056763514963057461193 -0.022146952450146850557749002  0.100245691409007742006184727 -0.134254993119722797580758294  0.707101595798061547271801119 
  5  0.000457293057923991207650197 -0.065478211214988138047586163 -0.602327874245894743566488716 -0.010081210108204354743075264 -0.001598261425295939285860881  0.017139871498342063469715762  0.000536292224182843068488688 -0.100724152116638813919181385 -0.473424362028591445340254540  0.055219372568352739376112623  0.418317782574363834910066706  0.273536915303199546330636602 -0.255731457475934679656349308  0.279315423828215430305165964 -0.044296981083887496100353481  0.697619013774832059135259932 
  6  0.000044658585080514056292496  0.703731892862086765082045570 -0.000197500728255402425405982 -0.000464316566764381735133744 -0.000141954887596154549574780  0.001941887936869093927655019 -0.000069784380316265214931961  0.025848064499223369741201907 -0.172679510304794578363701482 -0.069742006103916860227742800 -0.386266442120632237373738238  0.547482623449441504093638394 -0.020955501005507764581401765 -0.061823965052567295326725995  0.127305790639892416993110558  0.706591995946968628409135676 
  7  0.000287774445564756840046450 -0.000857555158299883949657889  0.000173288439360405983905777  0.704145348363211608815927234  0.001045360867234563693001487 -0.000187024817860407675959218 -0.000135912021829476639884966 -0.093716273769450924236627896 -0.031018453084400837343334524  0.389963019577310648488156081  0.068465102175934706276252701 -0.055644849479979535939561889 -0.155327275238600097620358768 -0.249071063886596318998024532  0.498411994315737550428988684  0.706832264113361126412447832 
  8 -0.002289407828334469466719965  0.038344940977043062861943055 -0.564428433136470080800674298 -0.071177301613435911784044142  0.016987175522244372424983329 -0.009024764077340527709472509 -0.001399552400810448224509156  0.172223759717579111337779768  0.203714048223595564551043242  0.240140742962300571540740050 -0.099563629770986247746169997 -0.049283997208849132617470862  0.703086416919738565653973106  0.022058228492728929266673030  0.196264804101206009266352218  0.703651575555678859743430342 
  9  0.707101413004671134395623389  0.000000000000000077134655388  0.000000000000000595826493876 -0.000000000000000973018415981 -0.000000000000000875379636305 -0.000000000000003434515421960 -0.000004951991659666775875656 -0.359612843136768476406126341  0.087659031157211506956673016 -0.294621886212600006944807227  0.294936290989794615399668259  0.174647531652931486799039049  0.216339221087725849080414184 -0.330921947336553108257430414  0.048978192181165647206574944  0.707106364996336731474149695 
 10 -0.000000949213405570198899836 -0.000000000000001788836096604 -0.000000000000000240011075737 -0.000000000000000838948362299 -0.000000000000000982235905451 -0.000000000000000210302686890  0.707105415782928371933556411 -0.226931295410936087589325386 -0.180490298897590054861216589 -0.319376921196974216944327110 -0.169473293325415945971101732 -0.254067985882082072703535766  0.066992664536083515049278043  0.294981016344209564763101036  0.359377512704145655688834846  0.707106364996338034251480154 
 11  0.000051055942909783357046090 -0.000007771662582315997411034 -0.000013341646901178792844449  0.000046360921434400877379356  0.706947549136258437160306584 -0.000021975004535422091267478  0.000011769428756868067917741 -0.532358591848433981190760744  0.012826319942230925147605967  0.309323803001907482538570746 -0.213628351628779190068854570 -0.010473600700510367999142953  0.040273035508037272013956822  0.099685580314110939237630567 -0.252324901684015148219109026  0.707099823743378426573434614 
 12  0.000046215200309635003001626  0.000029583070703165761141246 -0.000042855827272040634692107 -0.000040734089035658783458909  0.706888426531603305104454332  0.000012154569343300504168998  0.000041614109572454062147340  0.526348850484900056246294342 -0.012217169985242628524446510 -0.320903008793727016355248199  0.209563693233723246687832086  0.006718116060358460941036096 -0.067825621914404587449844500 -0.107157348111682388614395410  0.245137807160915449796421972  0.707101583397839585825098152 
 13 -0.000727773025105288125446281  0.000292597770103816388284304  0.000746289870320981702134559  0.701505463738592726047164916  0.002463130496578512339598180  0.000718752276988318169878118 -0.000095924052603581057032408  0.117854442974291209164693431  0.009104697408601459966160112 -0.330939367274679050926313242 -0.032167021236099238332508711  0.084074982232272572942196297  0.274474353325500022485585253  0.294012512390183364268834640 -0.463147969106364724924292109  0.706549931230293180503803513 
 14  0.000000333217190629668495090 -0.000000000000000220518393035  0.000000000000000037504147448 -0.000000000000000097296775206  0.000000000000000131598517740 -0.000000000000001449281106788 -0.707106031779145560679442073 -0.227412872550131915725789983 -0.180830248931212701123333667 -0.320178833606867652248218620 -0.169222793486279136722957687 -0.254204170555321597971439040  0.064881462717074609206600877  0.294826437413292913791371119  0.358722781875388280420705045  0.707106364996338115512432981 

 0.707106364996338314246691198 

