
  0  0.408248290463860248530056710  0.000000000000004413999541881 -0.327028267283021202051218612 -0.417126467983713825960542104  0.179383592211750714261794121 -0.238751078652068852691274688  0.249904708510352881867646116  0.018567427694656532361584594  0.229674833114725609076807629  0.093848163214359069389666149 -0.033490540821147492221845432  0.581148921525278576547153542  0.408248290463864655676362592 
  1 -0.408248290463863113859558154  0.000000000000003983849004263 -0.097006455099974401978378969 -0.486379393978698643054205814 -0.159347156511297121135183226  0.131928764429479406644889899 -0.497970313272329991738244029  0.221805323444890708251019985  0.083673325813139661217123031  0.435792720340198830249233211  0.200358346112893524949187876  0.101633799116175616730306346  0.408248290463867112099014683 
  2 -0.000000000000003244231588935 -0.408248290463856000978310617  0.381719494420877024891273002 -0.124672342990242192857887945  0.430267873464612940210671094  0.243149009907230808435010284  0.255326287143743754960581796  0.444481610633665266219070183  0.341351824966858968330102667 -0.005061475113700608203480140  0.154761194167022466547053473 -0.156765285042526144251308871  0.408248290463859267056040067 
  3 -0.000000000000000163124456959  0.408248290463866760465145092  0.072545972089987727235232094  0.091560938328362735316658279  0.306958766390459207720276327 -0.334588383320285978248485870  0.228305967919126728552978688  0.205479570629298236448460717 -0.396028389914623728024125476  0.381781853913059787810962628  0.452313075466255824270576588 -0.109478228682914569134447622  0.408248290463866899595388876 
  4  0.000000000000000104275390903 -0.408248290463860353941612930  0.155788529121141715731214440 -0.281505710673843618575048348 -0.023064385652864148385285782 -0.337775077493722199613009408 -0.168482665533919122403190734  0.222355455096875188187015987 -0.603466329329867020637469255 -0.397882171082192301065760115 -0.012875952460265399125614275  0.121317161505421182919031622  0.408248290463860456967924370 
  5  0.000000000000004162955088912  0.408248290463863102123069637  0.398448172216037828450435621  0.303007585630025060545325935  0.027714440672225739047403550 -0.047127879599151523732790316 -0.307860243236985875263898860  0.403047350856009763776571439  0.158510563374231667146019471 -0.169228895299428325590040609 -0.175384423281295813776400547  0.487873808634190845706082515  0.408248290463867291209213578 
  6  0.408248290463866270297342911 -0.000000000000000121382874112 -0.316551312329565460128430118  0.128538680302234634733366155  0.266678726173877786735557510  0.001783334490111150377306918 -0.559133890459415558752635095  0.028811193061966123771244774  0.149760030941551766116553307 -0.282181190169732004283239743  0.434319869319661712903264672 -0.203314663124158710036317073  0.408248290463866413764395386 
  7 -0.000000000000000319299358248 -0.408248290463866589974353469 -0.060606637706475698151110986  0.381195183955712544687875060 -0.275561231811085053977671347 -0.616898883021726021137244589 -0.065031161075230248307067413  0.175613112358133461232603117  0.305242707626890474588259028  0.304915117316077308396099835 -0.024189443671480776404749975 -0.077792612259840811543207262  0.408248290463866889241258129 
  8  0.000000000000001809464449118  0.408248290463865315196544115  0.005907241529513988253762962 -0.419551393666743849345792880 -0.203030951062033903343454107 -0.329808687688777677968470642  0.101366735852446294785880482  0.233923256603356689097114769  0.280646029804269972512042672 -0.310581487493442086398991175 -0.159232854149698498002671841 -0.491636315748228409444825840  0.408248290463867102639350729 
  9  0.408248290463859896137245598 -0.000000000000005914000010324 -0.233566627655570749303869278  0.049433176445474852391264060  0.005639948412689839017752864  0.255469115071182306935405198 -0.092366018200025720300330983  0.445440817700711263533346410 -0.283727055776403977248962748  0.323229533085512399706844960 -0.518594006266135968406024576 -0.223993140758166554821597186  0.408248290463865822603160838 
 10  0.408248290463864147971590271 -0.000000000000002698984608370  0.598472585335083144834813357 -0.232230797103579218591037220  0.073144152135328318402557150 -0.139717357415922669938387370 -0.281407625248922794319612201 -0.433207233975664641242170338  0.030415259249443821347705006  0.308148255224876012244852527 -0.128302745467439575650491629 -0.130999843711785545784568284  0.408248290463866826438847288 
 11 -0.408248290463864397419405106  0.000000000000000964337883090 -0.181667166833094936774940092  0.014993985639119789440923132  0.684193575444938658193863579 -0.253144750936180742631334897 -0.185032512125691467818559138 -0.162193118963224049649098427  0.042449741716179220199262230  0.007252041014808443690784428 -0.446425769347949977108955949 -0.078792525185007625860460819  0.408248290463865369352442630 

 0.408248290463867291209213578 

