
  0 -0.000000000000453873155183025  0.565685424948952078930911741 -0.235337157268008056540549953  0.465032346348995017558608858 -0.293608653312626415303899369  0.430710675681778278826427470  0.369653367105152508748132714  0.565685424949406004510761570 
  1  0.000000000001858564913604644  0.565685424947183370107846312 -0.094278935352303683937276110 -0.452610921934861221453336166 -0.392366792417326281831131338 -0.558578876042622230011381462 -0.017110673380534288953879374  0.565685424949041888926289795 
  2 -0.141421356236988222669268521  0.424264068712532856986544005 -0.204856341881836786749239258  0.239842547459920413694149308  0.439914294568243894364544672 -0.017311414695163848052241059 -0.711818207110553067889710532  0.565685424949521092896631558 
  3 -0.565685424949515722518010585 -0.000000000000000663481685239 -0.357381878957553154765695858 -0.579313217712901639127199421  0.122894054149998105544057837  0.440794362798969019450129672  0.085274671238340913825772167  0.565685424949516344036905963 
  4  0.141421356234421009110562885  0.424264068714444945854859237  0.644344465371459511619962879 -0.256404446679440601545175299  0.474719633066158604297940168  0.187802348506090785055849465  0.241761282144160187662098281  0.565685424948865950289800253 
  5  0.565685424949497880507589403  0.000000000000027098317958643  0.022234968051514941073842002 -0.318151498971870884657211706 -0.342488427972865673473397766  0.508403899032752085976240991 -0.450013757623448829698308005  0.565685424949525015323251176 
  6 -0.565685424949502912777762886 -0.000000000000014946234113030  0.591917048818773222076602969  0.137099970205849802914262366 -0.456681147501616645310168474  0.118887977030908664925821887 -0.296893556550212554259130654  0.565685424949517859209442011 

 0.565685424949525015323251176 

