
  0  0.000000000000007899915916580 -0.000000000000003337162375538 -0.577350269189619913501061027 -0.000000000000002832497702999  0.236012285546477320550542642  0.008626785176935055447756083  0.180135548430756826858802934  0.235086046631966050923659775 -0.395205263569998682448907931 -0.294967966208413977512474077 -0.118003994077988090113050766 -0.515808042904429712451584711  0.577350269189634027482312117 
  1  0.000000000000005247103563804 -0.000000000000001605759415157  0.577350269189627222270536078 -0.000000000000000026423284482  0.085514178002739471765709066  0.047823590325211247640716612  0.586732485835475794889656842  0.054215639306625627079301360  0.153110565309760780986349064 -0.341257685466871807470354630  0.219403437219862675901758953 -0.349048749305756691861018018  0.577350269189634053611584474 
  2  0.577350269189626423809846151  0.000000000000000886653516039 -0.000000000000002380874268822  0.000000000000003454772028478 -0.482505364267529744085223620  0.093520409423658951123697371 -0.290564858537899557493992125  0.416298885860835510860748776  0.120263104976757510503765098 -0.030254907050407649488478565  0.281137423449441090989508671 -0.270110438657529977661770140  0.577350269189633119462992661 
  3 -0.000000000000000643587518702  0.577350269189623295019216792  0.000000000000006023397312763  0.000000000000005695279789074  0.187061327414627897059991139  0.102587665214360466139291005  0.023667053702855987020158826  0.025998202924203111359934774 -0.399681271229464049068134945  0.148024854028135253493098783  0.636074867770135733517893745  0.183485007621071058420527192  0.577350269189635650804014871 
  4 -0.000000000000006989453985382 -0.000000000000001342836421779  0.000000000000000187005092560  0.577350269189623671020530210 -0.214853089675987458324391867  0.014705795317731135737029837 -0.068272871684620983449159632 -0.601899015484207572000089487 -0.117093893817774942774198772  0.193654271265623219115941528  0.096011490427892507822853034 -0.439219515977475535536446449  0.577350269189632140916321884 
  5  0.000000000000003526786142801 -0.000000000000003099596045914 -0.000000000000001063276156416  0.577350269189627973188960741  0.527063893429167125935768529 -0.013436570187578736430622029 -0.096682104213916744208398655  0.416534549578997437431753664  0.374544273926580502636751041  0.252110092490017141002908024  0.021689644324375780275694831 -0.039089188862199083063610813  0.577350269189635641154615536 
  6  0.000000000000002011231902241  0.577350269189621392894925384 -0.000000000000008224173842345 -0.000000000000000053184561984  0.004347034542858376112799124 -0.608845970201729609313275743 -0.234100593186163456215268495 -0.103249493590770119951535548  0.266798091893065929768296546 -0.361869719335984041673525205 -0.132277163186231993448620410 -0.104224015269627962967696928  0.577350269189631689779797913 
  7 -0.000000000000000556406015724 -0.577350269189632601214354213 -0.000000000000000331717000921  0.000000000000000823710913925  0.191408361957475657929737475 -0.506258304987362883309125194 -0.210433539483303575076331149 -0.077251290666564441390591709 -0.132883179336397403943244994 -0.213844865307839288617831539  0.503797704583896302618552937  0.079260992351445707959937612  0.577350269189634326288430854 
  8  0.000000000000000107755939019  0.000000000000000137650445096  0.577350269189630126035004537  0.000000000000001771909307166  0.150498107543729077345312679 -0.039196805148281511939340046 -0.406596937404727343966974809  0.180870407325338744466015212 -0.548315828879742582990190064  0.046289719258448231014604034 -0.337407431297853677626191402 -0.166759293598667918348695503  0.577350269189632189271738777 
  9 -0.000000000000004895101148756  0.000000000000000375969676595  0.000000000000003701713465779 -0.577350269189625642154289897  0.312210803753179080637873005  0.001269225130153497705699523 -0.164954975898543112727118697 -0.185364465905202591841584477  0.257450380108804835059847435  0.445764363755643153484431798  0.117701134752277468964996344 -0.478308704839672066964125635  0.577350269189634592839534960 
 10  0.577350269189622393342480045  0.000000000000001472350853782  0.000000000000005159921922259 -0.000000000000002490371289152  0.051467376582894245037798917 -0.462133208266148986527845424  0.453883263006239757639780075 -0.032541356715436073113574761 -0.180890638130706522617406617  0.398965500558460056993413667 -0.195764823845858159040780877  0.114729932638836245030965720  0.577350269189631523029503785 
 11 -0.577350269189628473168792583  0.000000000000004283045619537  0.000000000000000233996338160  0.000000000000002396827291895 -0.431037987684627488423061425 -0.368612798842486982412803079  0.163318404468345180699517805  0.383757529145413126290880754 -0.060627533153948631775519412  0.368710593508035387949953177  0.085372599603580620727851652 -0.155380506018695746726075192  0.577350269189635420465263327 

 0.577350269189635650804014871 

