
  0  0.277350098112616220047584037  0.399176408309974313341501190 -0.248252231635425703648915007  0.301172621998071211293825783 -0.117334869113096318529254961 -0.064534740000992499434951961 -0.300946287388112397321844951 -0.283133823826896037799188618 -0.221993997272973328128563460 -0.103161769337480166525383533 -0.318592645581094569348515680  0.347571828025228286705066230  0.374838938979083769614548266  0.277350098112616239021122055 
  1  0.277350098112615734623166361 -0.038586844444224136559812299  0.406120939706365172540761255  0.233558514804170044043313444  0.152004596495845959453342526 -0.017104117508899591476028844 -0.007099357426305484754178865  0.145786208589768944863737654 -0.034794994779440035136494234  0.705207901094571941924202263  0.234506578296527901238859894  0.230179265167231595097378262  0.225604761739628434928000081  0.277350098112615739420760974 
  2 -0.277350098112613483629720901  0.371210965842730153261197143  0.165038977932560406930244910  0.251259236381387827491363726 -0.004064211317812906281341613  0.379631269250218762110722984 -0.256477617822307255512296470  0.330826500873853614377584353 -0.111085219528385845478896023 -0.302276141231434060564634350  0.485023024237951215536157265 -0.087715918010630593587442869  0.169984426968549406792088896  0.277350098112613463463560493 
  3 -0.277350098112613696919393283 -0.016294375236247107728313551 -0.348267867193006947699974660 -0.191916739872399701657425773 -0.072660432424109997761349326  0.100545520747472610353706254 -0.134545631053340203570154593 -0.220808542058503592728072908 -0.177744764443624388592312367  0.440925116962082790843333729  0.063474080962810797802231902 -0.523959402313046068429096269  0.421746867806651598380683621  0.277350098112613685508165418 
  4  0.277350098112615406950164781  0.169601129819985810051456189  0.069003166445412332094999554 -0.070509079153084079385181444 -0.353765432768512800057979228  0.007295246756802430425435901  0.485581943423817398013684135 -0.478523232032743237425930979 -0.121921059118663065915075163 -0.104997617228858231061669384  0.517592712302639061205770943 -0.028460632772022931237434346  0.000659901361692040161537603  0.277350098112615406353853587 
  5 -0.277350098112615269392014147  0.230702046090847500838080970 -0.065707201069268716703709182  0.371193834044234443459266484  0.490957640059343159978600887 -0.081385740879907725859698613  0.616518081016888658946444729 -0.065411927156195775700489765  0.128551628798891927335642724 -0.036838705723839640611888329 -0.151922892666062306314266224 -0.084469089435576796678418251  0.218212462574901169771795714  0.277350098112615295331551124 
  6  0.277350098112615646775685335  0.669289384019728561124769339 -0.008635955881423587059508135 -0.416151366987642807937020431  0.111930713106431145314361483 -0.299480086660516492007072173  0.030067970955726404035747218  0.335783898083163452580974725  0.005324568343306950625024759  0.103384325727864217316705631 -0.051572347947890727113637874 -0.244299040892213388965342746 -0.113762864396780947603081934  0.277350098112615628398458512 
  7 -0.277350098112615934793992456 -0.088565885034001909465405621  0.485695260049133611452614259 -0.450341576123421409241645921  0.075994425999041283019668630 -0.261264996494866992213235157  0.040975770213109644097432011 -0.050886779471026578196990063 -0.339358811380564705901478201 -0.225951276682359312281914848 -0.093641746575682751112734096  0.200088043733473359685214911  0.428018893013866649354011440  0.277350098112615961465365899 
  8  0.277350098112615554970866380 -0.005072090561661737550766017  0.321694846650162920119594631  0.001679431460948457207488644 -0.122499925891203628236026443  0.602891576365176245035949754  0.219774052771103948055050024  0.078443562871217957819603220 -0.231147945735565685690762229 -0.027234012964718487344095493 -0.491967063527569852817529147 -0.299381501234801430992799390  0.028113189834503780749707757  0.277350098112615572887307280 
  9  0.277350098112616077447893301 -0.042913010179257189873541301  0.190261827235418213985973165 -0.043338950975870121960862452  0.640571057776823861603082005  0.068006349799269741621067422 -0.350243622446581707134813030 -0.469107149148498280341731612  0.030229439062845481297036178 -0.170873037161080979932968951  0.123974897406742965791652707 -0.264292332896556353557474678 -0.100686080015712060286583139  0.277350098112616072487668362 
 10 -0.277350098112615169049103084  0.317672487461621935663251201  0.029014388640219400369426391 -0.374996303248148449906466603  0.064139346536206036313129859  0.475381571573121143294221938 -0.010105754784912886652263652 -0.276812975375276857807399153  0.350182663482292327552418756  0.225108447856180551892909397 -0.067897803530895659148650806  0.427986335171584800451905981 -0.113065829010897755351318459  0.277350098112615184309248662 
 11  0.277350098112611870770569111 -0.212179844662617537421017526 -0.488610969870754352321895464 -0.281375193582597697494014286  0.360738834483256827289450117  0.285828214254939351685394500  0.189352461001821171675046571  0.276883519138572141210161148 -0.283444288762749415868822875 -0.095415143118323458715636202  0.198197280444706427671467883  0.289603576531909097775902354  0.152308032760633664642858053  0.277350098112611853640174786 
 12 -0.277350098112609230684069000  0.124589893176987638830131942 -0.024191935709878555253531628  0.119837526382350463160944651  0.117278205236876577394124644 -0.030005181190258772379583015  0.010122313322025183621055851 -0.110773293138272566618000425 -0.708293775191862201871719623  0.205943205831351728199809549 -0.022895251034059999813852085  0.098991192782965011408497554 -0.557820941090032775173685603  0.277350098112609244616066917 

 0.277350098112616239021122055 

