
  0  0.46066560742159968 -0.48820641263698006 -0.20754144843632299 -0.49958078885153701 -0.43258093220784938  0.49958078280579787 -0.49554148533188369  0.27452569169583763  0.49957354433351131 -0.49958043661439377  4.99580788851537005e-01
  1  0.48820587780455971 -0.48820656546981867 -0.27452645745404775 -0.49958078885148532 -0.43258068488126844  0.49958076033572485  0.49958026877376149  0.27452570699510959  0.43258670547880573 -0.49958040227905032  4.99580788851485325e-01
  2  0.46066528363606923 -0.49958003437898268 -0.20754076805079313 -0.49958078885150520 -0.40491617938800456 -0.49958070038157343 -0.49554145603452571  0.30219007262236486  0.49957363771483865 -0.49554128793260216  4.99580788851505198e-01
  3  0.48820555401902932 -0.49958018721182129 -0.27452577706851788 -0.49958078885145352 -0.40491593206142362 -0.49958072285164645  0.49958029807111948  0.30219008792163682  0.43258679886013307 -0.49554125359725865  4.99580788851453517e-01
  4  0.47203878067168714 -0.48820647976937026 -0.23520398552623833  0.49958078885104118 -0.43258113191001352  0.49958074390235474 -0.49958046720321614  0.27452536457281185  0.47191015263696945 -0.49958040066388254  4.99580788851041180e-01
  5  0.49957905105464723 -0.48820663260220887 -0.30218899454396309  0.49958078885109286 -0.43258088458343252  0.49958072143228172  0.49554128690242905  0.27452537987208386  0.40492331378226376 -0.49958036632853903  4.99580788851092861e-01
  6  0.47203845688615675 -0.49958010151137283 -0.23520330514070847  0.49958078885107299 -0.40491637909016870 -0.49958073928501656 -0.49958043790585815  0.30218974549933908  0.47191024601829679 -0.49554125198209092  4.99580788851072988e-01
  7  0.49957872726911678 -0.49958025434421144 -0.30218831415843322  0.49958078885112467 -0.40491613176358771 -0.49958076175508959  0.49554131619978703  0.30218976079861110  0.40492340716359110 -0.49554121764674741  4.99580788851124669e-01
  8  0.46066591906538368 -0.48820685265449487  0.49957630696157068 -0.49958078885139656 -0.43259007025813445  0.49958078160195940 -0.49554131672749002  0.27451961377754769 -0.20752226238596913 -0.49958052245433932  4.99580788851396562e-01
  9  0.48820618944834376 -0.48820700548733348  0.43259129794384593 -0.49958078885134488 -0.43258982293155351  0.49958075913188638  0.49958043737815516  0.27451962907681970 -0.27450910124067474 -0.49958048811899580  4.99580788851344881e-01
 10  0.46066559527985329 -0.49958047439649744  0.49957698734710054 -0.49958078885136475 -0.40492531743828963 -0.49958070158541190 -0.49554128743013204  0.30218399470407498 -0.20752216900464179 -0.49554137377254770  4.99580788851364754e-01
 11  0.48820586566281332 -0.49958062722933605  0.43259197832937579 -0.49958078885131307 -0.40492507011170870 -0.49958072405548493  0.49958046667551315  0.30218401000334694 -0.27450900785934740 -0.49554133943720419  4.99580788851313073e-01
 12  0.47203909231547120 -0.48820691978688502  0.47191376987165534  0.49958078885118162 -0.43259026996029853  0.49958074269851627 -0.49958029859882247  0.27451928665452197 -0.23518565408251105 -0.49958048650382808  4.99580788851181623e-01
 13  0.49957936269843123 -0.48820707261972363  0.40492876085393059  0.49958078885123330 -0.43259002263371765  0.49958072022844324  0.49554145550682271  0.27451930195379393 -0.30217249293721671 -0.49958045216848457  4.99580788851233304e-01
 14  0.47203876852994076 -0.49958054152888764  0.47191445025718520  0.49958078885121343 -0.40492551714045377 -0.49958074048885504 -0.49958026930146449  0.30218366758104920 -0.23518556070118371 -0.49554133782203641  4.99580788851213431e-01
 15  0.49957903891290084 -0.49958069436172625  0.40492944123946045  0.49958078885126511 -0.40492526981387283 -0.49958076295892806  0.49554148480418070  0.30218368288032116 -0.30217239955588937 -0.49554130348669295  4.99580788851265112e-01
 16  0.46066646887870488  0.47204021850225630 -0.20754187071922897 -0.49958078885134549 -0.23518874990498415  0.49958077275289614 -0.49554179679892929  0.47191549316153636  0.49956827683286498 -0.49958060311783747  4.99580788851345492e-01
 17  0.48820673926166491  0.47204006566941770 -0.27452687973695372 -0.49958078885129381 -0.23518850257840321  0.49958075028282312  0.49957995730671589  0.47191550846080832  0.43258143797815940 -0.49958056878249396  4.99580788851293811e-01
 18  0.46066614509317444  0.46066659676025368 -0.20754119033369911 -0.49958078885131368 -0.20752399708513936 -0.49958071043447516 -0.49554176750157131  0.49957987408806359  0.49956837021419231 -0.49554145443604586  4.99580788851313684e-01
 19  0.48820641547613453  0.46066644392741507 -0.27452619935142386 -0.49958078885126200 -0.20752374975855842 -0.49958073290454819  0.49957998660407388  0.49957988938733555  0.43258153135948674 -0.49554142010070235  4.99580788851262003e-01
 20  0.47203964212879235  0.47204015136986610 -0.23520440780914431  0.49958078885123269 -0.23518894960714828  0.49958073384945301 -0.49958077867026174  0.47191516603851058  0.47190488513632312 -0.49958056716732624  4.99580788851232693e-01
 21  0.49957991251175243  0.47203999853702749 -0.30218941682686906  0.49958078885128437 -0.23518870228056735  0.49958071137937998  0.49554097543538345  0.47191518133778254  0.40491804628161743 -0.49958053283198273  4.99580788851284374e-01
 22  0.47203931834326196  0.46066652962786353 -0.23520372742361445  0.49958078885126450 -0.20752419678730347 -0.49958074933791830 -0.49958074937290375  0.49957954696503781  0.47190497851765045 -0.49554141848553457  4.99580788851264501e-01
 23  0.49957958872622199  0.46066637679502492 -0.30218873644133920  0.49958078885131618 -0.20752394946072253 -0.49958077180799132  0.49554100473274143  0.49957956226430983  0.40491813966294476 -0.49554138415019111  4.99580788851316182e-01
 24  0.46066678052248888  0.47203977848474149  0.49957588467866471 -0.49958078885120505 -0.23519788795526927  0.49958077154905767 -0.49554162819453562  0.47190941524324642 -0.20752752988661546 -0.49958068895778301  4.99580788851205049e-01
 25  0.48820705090544897  0.47203962565190288  0.43259087566093996 -0.49958078885115337 -0.23519764062868828  0.49958074907898464  0.49958012591110956  0.47190943054251844 -0.27451436874132107 -0.49958065462243950  4.99580788851153368e-01
 26  0.46066645673695850  0.46066615674273892  0.49957656506419457 -0.49958078885117324 -0.20753313513542446 -0.49958071163831363 -0.49554159889717764  0.49957379616977371 -0.20752743650528813 -0.49554154027599134  4.99580788851173241e-01
 27  0.48820672711991853  0.46066600390990031  0.43259155604646982 -0.49958078885112156 -0.20753288780884349 -0.49958073410838666  0.49958015520846755  0.49957381146904567 -0.27451427535999373 -0.49554150594064789  4.99580788851121560e-01
 28  0.47203995377257640  0.47203971135235134  0.47191334758874937  0.49958078885137314 -0.23519808765743336  0.49958073264561453 -0.49958061006586807  0.47190908812022070 -0.23519092158315738 -0.49958065300727172  4.99580788851373137e-01
 29  0.49958022415553643  0.47203955851951274  0.40492833857102462  0.49958078885142482 -0.23519784033085242  0.49958071017554151  0.49554114403977712  0.47190910341949266 -0.30217776043786304 -0.49958061867192827  4.99580788851424817e-01
 30  0.47203962998704596  0.46066608961034872  0.47191402797427923  0.49958078885140494 -0.20753333483758854 -0.49958075054175677 -0.49958058076851009  0.49957346904674793 -0.23519082820183004 -0.49554150432548011  4.99580788851404944e-01
 31  0.49957990037000605  0.46066593677751011  0.40492901895655448  0.49958078885145663 -0.20753308751100760 -0.49958077301182979  0.49554117333713510  0.49957348434601989 -0.30217766705653570 -0.49554146999013665  4.99580788851456625e-01
 32  0.46066538210580421 -0.48820619760441530 -0.20753834009078026 -0.49958078885145851  0.27452106153535344  0.49958077851861149 -0.49554143147831375 -0.43258587689473715  0.49957359269884705 -0.49958041788956481  4.99580788851458513e-01
 33  0.48820565248876424 -0.48820635043725391 -0.27452334910850501 -0.49958078885140683  0.27452130886193438  0.49958075604853847  0.49958032262733143 -0.43258586159546519  0.43258675384414147 -0.49958038355422135  4.99580788851406832e-01
 34  0.46066505832027377 -0.49957981934641793 -0.20753765970525040 -0.49958078885142670  0.30218581435519826 -0.49958070466875981 -0.49554140218095577 -0.40492149596820992  0.49957368608017438 -0.49554126920777319  4.99580788851426705e-01
 35  0.48820532870323385 -0.49957997217925654 -0.27452266872297515 -0.49958078885137502  0.30218606168177919 -0.49958072713883284  0.49958035192468941 -0.40492148066893796  0.43258684722546881 -0.49554123487242974  4.99580788851375024e-01
 36  0.47203855535589168 -0.48820626473680551 -0.23520087718069560  0.49958078885111967  0.27452086183318930  0.49958073961516836 -0.49958041334964620 -0.43258620401776293  0.47191020100230519 -0.49958038193905357  4.99580788851119673e-01
 37  0.49957882573885176 -0.48820641756964411 -0.30218588619842035  0.49958078885117135  0.27452110915977029  0.49958071714509533  0.49554134075599898 -0.43258618871849097  0.40492336214759950 -0.49958034760371012  4.99580788851171353e-01
 38  0.47203823157036129 -0.49957988647880808 -0.23520019679516574  0.49958078885115148  0.30218561465303412 -0.49958074357220295 -0.49958038405228822 -0.40492182309123570  0.47191029438363252 -0.49554123325726196  4.99580788851151480e-01
 39  0.49957850195332132 -0.49958003931164668 -0.30218520581289049  0.49958078885120316  0.30218586197961511 -0.49958076604227597  0.49554137005335697 -0.40492180779196368  0.40492345552892683 -0.49554119892191845  4.99580788851203161e-01
 40  0.46066569374958821 -0.48820663762193012  0.49957941530711342 -0.49958078885131807  0.27451192348506837  0.49958077731477302 -0.49554126287392009 -0.43259195481302709 -0.20752221402063339 -0.49958050372951035  4.99580788851318069e-01
 41  0.48820596413254830 -0.48820679045476872  0.43259440628938867 -0.49958078885126639  0.27451217081164930  0.49958075484469999  0.49958049123172510 -0.43259193951375507 -0.27450905287533900 -0.49958046939416689  4.99580788851266389e-01
 42  0.46066536996405782 -0.49958025936393269  0.49958009569264328 -0.49958078885128626  0.30217667630491318 -0.49958070587259829 -0.49554123357656210 -0.40492757388649980 -0.20752212063930606 -0.49554135504771873  4.99580788851286262e-01
 43  0.48820564034701786 -0.49958041219677130  0.43259508667491853 -0.49958078885123458  0.30217692363149412 -0.49958072834267131  0.49958052052908308 -0.40492755858722784 -0.27450895949401166 -0.49554132071237522  4.99580788851234581e-01
 44  0.47203886699967573 -0.48820670475432026  0.47191687821719808  0.49958078885126012  0.27451172378290423  0.49958073841132988 -0.49958024474525253 -0.43259228193605281 -0.23518560571717531 -0.49958046777899912  4.99580788851260116e-01
 45  0.49957913738263576 -0.48820685758715887  0.40493186919947333  0.49958078885131180  0.27451197110948516  0.49958071594125686  0.49554150936039265 -0.43259226663678085 -0.30217244457188097 -0.49958043344365560  4.99580788851311797e-01
 46  0.47203854321414529 -0.49958032649632289  0.47191755860272794  0.49958078885129192  0.30217647660274904 -0.49958074477604142 -0.49958021544789455 -0.40492790100952558 -0.23518551233584797 -0.49554131909720750  4.99580788851291924e-01
 47  0.49957881359710538 -0.49958047932916150  0.40493254958500319  0.49958078885134360  0.30217672392932998 -0.49958076724611444  0.49554153865775064 -0.40492788571025362 -0.30217235119055363 -0.49554128476186399  4.99580788851343605e-01
 48  0.46066624356290942  0.47204043353482106 -0.20753876237368624 -0.49958078885126700  0.47191324383821870  0.49958076846570976 -0.49554174294535935 -0.23519607542903839  0.49956832519820071 -0.49958058439300851  4.99580788851266999e-01
 49  0.48820651394586945  0.47204028070198245 -0.27452377139141099 -0.49958078885121532  0.47191349116479964  0.49958074599563673  0.49958001116028583 -0.23519606012976643  0.43258148634349514 -0.49958055005766505  4.99580788851215318e-01
 50  0.46066591977737897  0.46066681179281843 -0.20753808198815638 -0.49958078885123519  0.49957799665806352 -0.49958071472166155 -0.49554171364800137 -0.20753169450251116  0.49956841857952805 -0.49554143571121689  4.99580788851235191e-01
 51  0.48820619016033906  0.46066665895997982 -0.27452309100588113 -0.49958078885118351  0.49957824398464440 -0.49958073719173457  0.49958004045764381 -0.20753167920323920  0.43258157972482247 -0.49554140137587338  4.99580788851183510e-01
 52  0.47203941681299694  0.47204036640243086 -0.23520129946360158  0.49958078885131119  0.47191304413605456  0.49958072956226662 -0.49958072481669180 -0.23519640255206417  0.47190493350165885 -0.49958054844249727  4.99580788851311186e-01
 53  0.49957968719595697  0.47204021356959225 -0.30218630848132633  0.49958078885136287  0.47191329146263550  0.49958070709219360  0.49554102928895338 -0.23519638725279221  0.40491809464695316 -0.49958051410715376  4.99580788851362867e-01
 54  0.47203909302746649  0.46066674466042828 -0.23520061907807172  0.49958078885134299  0.49957779695589938 -0.49958075362510468 -0.49958069551933382 -0.20753202162553691  0.47190502688298619 -0.49554139976070566  4.99580788851342994e-01
 55  0.49957936341042652  0.46066659182758968 -0.30218562809579647  0.49958078885139467  0.49957804428248032 -0.49958077609517770  0.49554105858631137 -0.20753200632626492  0.40491818802828050 -0.49554136542536215  4.99580788851394675e-01
 56  0.46066655520669342  0.47203999351730624  0.49957899302420744 -0.49958078885112656  0.47190410578793357  0.49958076726187128 -0.49554157434096568 -0.23520215334732833 -0.20752748152127973 -0.49958067023295405  4.99580788851126556e-01
 57  0.48820682558965350  0.47203984068446764  0.43259398400648269 -0.49958078885107488  0.47190435311451456  0.49958074479179826  0.49958017976467950 -0.23520213804805631 -0.27451432037598533 -0.49958063589761054  4.99580788851074875e-01
 58  0.46066623142116303  0.46066637177530367  0.49957967340973730 -0.49958078885109475  0.49956885860777839 -0.49958071592550002 -0.49554154504360770 -0.20753777242080107 -0.20752738813995239 -0.49554152155116243  4.99580788851094748e-01
 59  0.48820650180412306  0.46066621894246507  0.43259466439201255 -0.49958078885104307  0.49956910593435938 -0.49958073839557304  0.49958020906203748 -0.20753775712152908 -0.27451422699465799 -0.49554148721581892  4.99580788851043067e-01
 60  0.47203972845678094  0.47203992638491610  0.47191645593429210  0.49958078885145163  0.47190390608576949  0.49958072835842815 -0.49958055621229813 -0.23520248047035405 -0.23519087321782164 -0.49958063428244281  4.99580788851451629e-01
 61  0.49957999883974102  0.47203977355207749  0.40493144691656735  0.49958078885150331  0.47190415341235042  0.49958070588835513  0.49554119789334705 -0.23520246517108209 -0.30217771207252730 -0.49958059994709930  4.99580788851503310e-01
 62  0.47203940467125055  0.46066630464291347  0.47191713631982196  0.49958078885148344  0.49956865890561430 -0.49958075482894315 -0.49958052691494015 -0.20753809954382682 -0.23519077983649431 -0.49554148560065114  4.99580788851483437e-01
 63  0.49957967505421058  0.46066615181007486  0.40493212730209721  0.49958078885153512  0.49956890623219524 -0.49958077729901618  0.49554122719070504 -0.20753808424455483 -0.30217761869119997 -0.49554145126530769  4.99580788851535118e-01
 64  0.46066550515891030 -0.46066691638065926 -0.20754088145439592 -0.49958078885149582 -0.49956658450334096  0.49958077213414942 -0.49554133084986218  0.20754098116779279  0.49957541484350054  0.49554143887830937  4.99580788851495816e-01
 65  0.48820577554187033 -0.46066706921349787 -0.27452589047212067 -0.49958078885144414 -0.49956633717676002  0.49958074966407640  0.49958042325578300  0.20754099646706478  0.43258857598879497  0.49554147321365283  4.99580788851444135e-01
 66  0.46066518137337986 -0.47204053812266189 -0.20754020106886606 -0.49958078885146401 -0.47190183168349614 -0.49958071105322188 -0.49554130155250420  0.23520536209432005  0.49957550822482788  0.49958058756010099  4.99580788851464008e-01
 67  0.48820545175633995 -0.47204069095550050 -0.27452521008659081 -0.49958078885141233 -0.47190158435691520 -0.49958073352329491  0.49958045255314099  0.23520537739359201  0.43258866937012230  0.49958062189544450  4.99580788851412327e-01
 68  0.47203867840899782 -0.46066698351304947 -0.23520341854431126  0.49958078885108237 -0.49956678420550510  0.49958073323070629 -0.49958031272119463  0.20754065404476704  0.47191202314695868  0.49554147482882061  4.99580788851082369e-01
 69  0.49957894879195786 -0.46066713634588807 -0.30218842756203601  0.49958078885113405 -0.49956653687892411  0.49958071076063326  0.49554144138445055  0.20754066934403903  0.40492518429225299  0.49554150916416412  4.99580788851134050e-01
 70  0.47203835462346738 -0.47204060525505204 -0.23520273815878140  0.49958078885111418 -0.47190203138566028 -0.49958074995666502 -0.49958028342383665  0.23520503497129427  0.47191211652828602  0.49958062351061222  4.99580788851114177e-01
 71  0.49957862500642747 -0.47204075808789064 -0.30218774717650615  0.49958078885116586 -0.47190178405907929 -0.49958077242673804  0.49554147068180854  0.23520505027056629  0.40492527767358033  0.49958065784595573  4.99580788851165858e-01
 72  0.46066581680269436 -0.46066735639817408  0.49957687394349776 -0.49958078885135537 -0.49957572255362603  0.49958077093031095 -0.49554116224546851  0.20753490324950288 -0.20752039187597990  0.49554135303836383  4.99580788851355373e-01
 73  0.48820608718565439 -0.46066750923101268  0.43259186492577301 -0.49958078885130369 -0.49957547522704510  0.49958074846023792  0.49958059186017667  0.20753491854877487 -0.27450723073068550  0.49554138737370734  4.99580788851303692e-01
 74  0.46066549301716392 -0.47204097814017665  0.49957755432902762 -0.49958078885132357 -0.47191096973378122 -0.49958071225706036 -0.49554113294811053  0.23519928417603017 -0.20752029849465256  0.49958050172015545  4.99580788851323565e-01
 75  0.48820576340012395 -0.47204113097301525  0.43259254531130287 -0.49958078885127188 -0.47191072240720028 -0.49958073472713338  0.49958062115753465  0.23519929947530213 -0.27450713734935817  0.49958053605549896  4.99580788851271884e-01
 76  0.47203899005278183 -0.46066742353056422  0.47191433685358242  0.49958078885122281 -0.49957592225579012  0.49958073202686781 -0.49958014411680096  0.20753457612647716 -0.23518378357252182  0.49554138898887506  4.99580788851222812e-01
 77  0.49957926043574191 -0.46066757636340283  0.40492932783585767  0.49958078885127449 -0.49957567492920923  0.49958070955679479  0.49554160998884422  0.20753459142574912 -0.30217062242722748  0.49554142332421858  4.99580788851274493e-01
 78  0.47203866626725144 -0.47204104527256685  0.47191501723911228  0.49958078885125462 -0.47191116943594535 -0.49958075116050349 -0.49958011481944298  0.23519895705300439 -0.23518369019119448  0.49958053767066674  4.99580788851254620e-01
 79  0.49957893665021147 -0.47204119810540546  0.40493000822138753  0.49958078885130630 -0.47191092210936442 -0.49958077363057651  0.49554163928620221  0.23519897235227635 -0.30217052904590014  0.49958057200601019  4.99580788851306301e-01
 80  0.46066636661601551  0.49957971475857710 -0.20754130373730190 -0.49958078885130430 -0.30217440220047570  0.49958076208124769 -0.49554164231690778  0.40493078263349158  0.49957014734285421  0.49554127237486567  4.99580788851304303e-01
 81  0.48820663699897560  0.49957956192573849 -0.27452631275502665 -0.49958078885125262 -0.30217415487389476  0.49958073961117466  0.49958011178873740  0.40493079793276354  0.43258330848814863  0.49554130671020918  4.99580788851252622e-01
 82  0.46066604283048512  0.48820609301657447 -0.20754062335177204 -0.49958078885127249 -0.27450964938063088 -0.49958072110612362 -0.49554161301954980  0.43259516356001881  0.49957024072418155  0.49958042105665729  4.99580788851272495e-01
 83  0.48820631321344515  0.48820594018373586 -0.27452563236949679 -0.49958078885122081 -0.27450940205404994 -0.49958074357619664  0.49958014108609539  0.43259517885929077  0.43258340186947597  0.49958045539200080  4.99580788851220814e-01
 84  0.47203953986610303  0.49957964762618690 -0.23520384082721724  0.49958078885127388 -0.30217460190263984  0.49958072317780455 -0.49958062418824023  0.40493045551046580  0.47190675564631235  0.49554130832537691  4.99580788851273883e-01
 85  0.49957981024906306  0.49957949479334829 -0.30218884984494199  0.49958078885132556 -0.30217435457605890  0.49958070070773153  0.49554112991740495  0.40493047080973776  0.40491991679160666  0.49554134266072042  4.99580788851325563e-01
 86  0.47203921608057259  0.48820602588418432 -0.23520316044168738  0.49958078885130569 -0.27450984908279502 -0.49958076000956675 -0.49958059489088225  0.43259483643699304  0.47190684902763969  0.49958045700716858  4.99580788851305690e-01
 87  0.49957948646353267  0.48820587305134572 -0.30218816945941213  0.49958078885135737 -0.27450960175621408 -0.49958078247963977  0.49554115921476294  0.43259485173626505  0.40492001017293400  0.49958049134251203  4.99580788851357371e-01
 88  0.46066667825979957  0.49957927474106228  0.49957645166059178 -0.49958078885116386 -0.30218354025076083  0.49958076087740921 -0.49554147371251411  0.40492470471520164 -0.20752565937662623  0.49554118653492013  4.99580788851163859e-01
 89  0.48820694864275960  0.49957912190822368  0.43259144264286703 -0.49958078885111218 -0.30218329292417984  0.49958073840733619  0.49958028039313107  0.40492472001447366 -0.27451249823133184  0.49554122087026364  4.99580788851112179e-01
 90  0.46066635447426912  0.48820565299905971  0.49957713204612164 -0.49958078885113205 -0.27451878743091601 -0.49958072230996209 -0.49554144441515613  0.43258908564172893 -0.20752556599529889  0.49958033521671180  4.99580788851132052e-01
 91  0.48820662485722921  0.48820550016622111  0.43259212302839689 -0.49958078885108037 -0.27451854010433502 -0.49958074478003511  0.49958030969048906  0.43258910094100089 -0.27451240485000450  0.49958036955205526  4.99580788851080371e-01
 92  0.47203985150988703  0.49957920760867214  0.47191391457067644  0.49958078885141433 -0.30218373995292491  0.49958072197396608 -0.49958045558384656  0.40492437759217592 -0.23518905107316815  0.49554122248543142  4.99580788851414326e-01
 93  0.49958012189284712  0.49957905477583353  0.40492890555295169  0.49958078885146601 -0.30218349262634397  0.49958069950389306  0.49554129852179862  0.40492439289144788 -0.30217588992787381  0.49554125682077488  4.99580788851466007e-01
 94  0.47203952772435664  0.48820558586666951  0.47191459495620630  0.49958078885144613 -0.27451898713308009 -0.49958076121340522 -0.49958042628648858  0.43258875851870315 -0.23518895769184081  0.49958037116722304  4.99580788851446134e-01
 95  0.49957979810731667  0.48820543303383090  0.40492958593848155  0.49958078885149781 -0.27451873980649916 -0.49958078368347825  0.49554132781915661  0.43258877381797511 -0.30217579654654647  0.49958040550256649  4.99580788851497815e-01
 96  0.46066527984311484 -0.46066670134809451 -0.20753777310885319 -0.49958078885141732  0.20753540923986188  0.49958076784696304 -0.49554127699629225 -0.49957058742278193  0.49957546320883628  0.49554145760313834  4.99580788851417323e-01
 97  0.48820555022607492 -0.46066685418093312 -0.27452278212657794 -0.49958078885136564  0.20753565656644282  0.49958074537689001  0.49958047710935294 -0.49957057212350997  0.43258862435413070  0.49554149193848179  4.99580788851365643e-01
 98  0.46066495605758445 -0.47204032309009714 -0.20753709272332332 -0.49958078885138552  0.23520016205970670 -0.49958071534040827 -0.49554124769893426 -0.47190620649625470  0.49957555659016362  0.49958060628492995  4.99580788851385516e-01
 99  0.48820522644054448 -0.47204047592293574 -0.27452210174104807 -0.49958078885133383  0.23520040938628764 -0.49958073781048129  0.49958050640671092 -0.47190619119698274  0.43258871773545804  0.49958064062027341  4.99580788851333835e-01
100  0.47203845309320236 -0.46066676848048471 -0.23520031019876853  0.49958078885116086  0.20753520953769777  0.49958072894351990 -0.49958025886762469 -0.49957091454580771  0.47191207151229442  0.49554149355364957  4.99580788851160862e-01
101  0.49957872347616239 -0.46066692131332332 -0.30218531921649328  0.49958078885121254  0.20753545686427874  0.49958070647344688  0.49554149523802049 -0.49957089924653575  0.40492523265758873  0.49554152788899303  4.99580788851212543e-01
102  0.47203812930767192 -0.47204039022248728 -0.23519962981323866  0.49958078885119267  0.23519996235754256 -0.49958075424385140 -0.49958022957026671 -0.47190653361928048  0.47191216489362176  0.49958064223544119  4.99580788851192670e-01
103  0.49957839969063200 -0.47204054305532589 -0.30218463883096341  0.49958078885124435  0.23520020968412356 -0.49958077671392442  0.49554152453537847 -0.47190651832000846  0.40492532603891607  0.49958067657078470  4.99580788851244351e-01
104  0.46066559148689890 -0.46066714136560932  0.49957998228904049 -0.49958078885127688  0.20752627118957681  0.49958076664312456 -0.49554110839189858 -0.49957666534107187 -0.20752034351064416  0.49554137176319280  4.99580788851276880e-01
105  0.48820586186985893 -0.46066729419844793  0.43259497327131574 -0.49958078885122520  0.20752651851615775  0.49958074417305154  0.49958064571374661 -0.49957665004179985 -0.27450718236534977  0.49554140609853625  4.99580788851225199e-01
106  0.46066526770136845 -0.47204076310761189  0.49958066267457035 -0.49958078885124507  0.23519102400942163 -0.49958071654424674 -0.49554107909454059 -0.47191228441454458 -0.20752025012931682  0.49958052044498441  4.99580788851245072e-01
107  0.48820553808432854 -0.47204091594045050  0.43259565365684560 -0.49958078885119339  0.23519127133600257 -0.49958073901431976  0.49958067501110459 -0.47191226911527262 -0.27450708898402243  0.49958055478032792  4.99580788851193391e-01
108  0.47203876473698636 -0.46066720849799947  0.47191744519912515  0.49958078885130131  0.20752607148741270  0.49958072773968143 -0.49958009026323102 -0.49957699246409759 -0.23518373520718608  0.49554140771370403  4.99580788851301305e-01
109  0.49957903511994645 -0.46066736133083808  0.40493243618140040  0.49958078885135299  0.20752631881399364  0.49958070526960840  0.49554166384241416 -0.49957697716482563 -0.30217057406189174  0.49554144204904754  4.99580788851352986e-01
110  0.47203844095145597 -0.47204083024000210  0.47191812558465501  0.49958078885133311  0.23519082430725749 -0.49958075544768987 -0.49958006096587304 -0.47191261153757036 -0.23518364182585874  0.49958055639549565  4.99580788851333113e-01
111  0.49957871133441600 -0.47204098307284070  0.40493311656693026  0.49958078885138479  0.23519107163383843 -0.49958077791776290  0.49554169313977214 -0.47191259623829840 -0.30217048068056440  0.49958059073083916  4.99580788851384794e-01
112  0.46066614130022004  0.49957992979114185 -0.20753819539175916 -0.49958078885122581  0.40492759154272712  0.49958075779406130 -0.49554158846333785 -0.30218078595708320  0.49957019570818995  0.49554129109969464  4.99580788851225810e-01
113  0.48820641168318013  0.49957977695830325 -0.27452320440948391 -0.49958078885117413  0.40492783886930805  0.49958073532398828  0.49958016564230734 -0.30218077065781124  0.43258335685348437  0.49554132543503809  4.99580788851174129e-01
114  0.46066581751468966  0.48820630804913923 -0.20753751500622930 -0.49958078885119400  0.43259234436257193 -0.49958072539331000 -0.49554155916597986 -0.27451640503055597  0.49957028908951728  0.49958043978148625  4.99580788851194002e-01
115  0.48820608789764969  0.48820615521630062 -0.27452252402395405 -0.49958078885114232  0.43259259168915282 -0.49958074786338302  0.49958019493966532 -0.27451638973128401  0.43258345023481171  0.49958047411682976  4.99580788851142321e-01
116  0.47203931455030756  0.49957986265875165 -0.23520073248167450  0.49958078885135238  0.40492739184056298  0.49958071889061817 -0.49958057033467029 -0.30218111308010898  0.47190680401164808  0.49554132705020587  4.99580788851352375e-01
117  0.49957958493326760  0.49957970982591304 -0.30218574149939925  0.49958078885140406  0.40492763916714392  0.49958069642054515  0.49554118377097489 -0.30218109778083702  0.40491996515694240  0.49554136138554938  4.99580788851404056e-01
118  0.47203899076477712  0.48820624091674908 -0.23520005209614464  0.49958078885138418  0.43259214466040780 -0.49958076429675313 -0.49958054103731231 -0.27451673215358174  0.47190689739297542  0.49958047573199749  4.99580788851384183e-01
119  0.49957926114773721  0.48820608808391047 -0.30218506111386939  0.49958078885143586  0.43259239198698873 -0.49958078676682616  0.49554121306833288 -0.27451671685430973  0.40492005853826973  0.49958051006734100  4.99580788851435864e-01
120  0.46066645294400410  0.49957948977362704  0.49957956000613452 -0.49958078885108537  0.40491845349244199  0.49958075659022283 -0.49554141985894418 -0.30218686387537314 -0.20752561101129050  0.49554120525974910  4.99580788851085367e-01
121  0.48820672332696413  0.49957933694078843  0.43259455098840977 -0.49958078885103369  0.40491870081902298  0.49958073412014981  0.49958033424670101 -0.30218684857610112 -0.27451244986599610  0.49554123959509261  4.99580788851033686e-01
122  0.46066612915847366  0.48820586803162447  0.49958024039166438 -0.49958078885105356  0.43258320631228681 -0.49958072659714847 -0.49554139056158619 -0.27452248294884590 -0.20752551762996316  0.49958035394154071  4.99580788851053559e-01
123  0.48820639954143374  0.48820571519878586  0.43259523137393963 -0.49958078885100188  0.43258345363886780 -0.49958074906722150  0.49958036354405899 -0.27452246764957389 -0.27451235648466876  0.49958038827688422  4.99580788851001878e-01
124  0.47203962619409157  0.49957942264123689  0.47191702291621918  0.49958078885149282  0.40491825379027790  0.49958071768677970 -0.49958040173027662 -0.30218719099839886 -0.23518900270783241  0.49554124121026033  4.99580788851492819e-01
125  0.49957989657705165  0.49957926980839829  0.40493201389849443  0.49958078885154450  0.40491850111685884  0.49958069521670667  0.49554135237536856 -0.30218717569912690 -0.30217584156253807  0.49554127554560384  4.99580788851544499e-01
126  0.47203930240856118  0.48820580089923427  0.47191770330174904  0.49958078885152463  0.43258300661012272 -0.49958076550059161 -0.49958037243291864 -0.27452281007187163 -0.23518890932650507  0.49958038989205200  4.99580788851524626e-01
127  0.49957957279152121  0.48820564806639566  0.40493269428402429  0.49958078885157631  0.43258325393670366 -0.49958078797066463  0.49554138167272654 -0.27452279477259967 -0.30217574818121073  0.49958042422739546  4.99580788851576307e-01

  0 -0.02754027038296005  0.00000032378553042 -0.01137317325008750 -0.00000031164378403 -0.00000086145710521  0.00000022531579545  0.00000010226268935  0.96024518021312089  0.01238125703320945 -0.27728700436226761 
  1  0.00000015283283861  0.01137362174200261  0.00000006713239018  0.00000044001751479 -0.96024663113923636 -0.00000021503256477 -0.02753949625632082 -0.00000076457058443  0.27728203383509925  0.01238135580556172 
  2  0.06698500901772478 -0.00000068038552987  0.02766253708991533 -0.70711775539789368  0.00000042228290601 -0.00000310834554276 -0.00000056698192708  0.19739124584770129 -0.03011218879552466  0.67443474461781650 
  3 -0.00000000000005168 -0.00000000000003178 -0.99916157770257819 -0.00000000000014047 -0.00000000000019151 -0.00000000000007846 -0.00000000000004120  0.00000000000003934 -0.00182604673350261  0.04089996572397062 
  4 -0.00000024732658094 -0.02766475281984481  0.00000019970216412  0.00000913805028508 -0.19739218230286523 -0.70710199374320282  0.06698565229549154  0.00000232172885429 -0.67445106767045837 -0.03010710675650605 
  5  0.00000002247007302  0.99916148318737130  0.00000003890344319  0.00000000120383844  0.00000001005290174  0.00000000428718635  0.00000001067164844 -0.00000000516486672 -0.04090231235154253 -0.00182520111406984 
  6 -0.99512175410564518 -0.00000002929735799  0.00403898187133245 -0.00000016860439368  0.00000031146704559 -0.00000005385356988 -0.00000015448202153 -0.00000010365915711 -0.00439548991844520  0.09847365535695345 
  7 -0.00000001529927198 -0.02766438092652726  0.00000032712302575  0.00000607791828991 -0.19738980146569873  0.70711156859057478  0.06698471052804482  0.00000289692323796 -0.67444199181703957 -0.03010358873222293 
  8  0.06698683885470560 -0.00000009338132734  0.02766339169654191  0.70709580671948047  0.00000526750064637 -0.00000004836533571 -0.00000187050998928  0.19739779615230063 -0.03009876620294021  0.67445622142274253 
  9 -0.00000003433534349 -0.00403914868179163 -0.00000003595051124  0.00000008583994553  0.00000016650344368 -0.00000001872482895 -0.99512187549270315 -0.00000001238699830 -0.09847233928162656 -0.00439733898825317 

  0  1.00000000000000000 -0.00000000000000000  0.00000000000000003 -0.00000000000000000  0.00000000000000000 -0.00000000000000000  0.00000000000000001  0.00000000000000000  0.00000000000000001  0.00000000000000000 
  1 -0.00000000000000000  1.00000000000000000 -0.00000000000000000 -0.00000000000000000 -0.00000000000000001 -0.00000000000000000 -0.00000000000000000 -0.00000000000000002 -0.00000000000000000 -0.00000000000000000 
  2  0.00000000000000003 -0.00000000000000000  0.99999999999999989  0.00000000000000000 -0.00000000000000000 -0.00000000000000000 -0.00000000000000000 -0.00000000000000000  0.00000000000000002 -0.00000000000000000 
  3 -0.00000000000000000 -0.00000000000000000  0.00000000000000000  1.00000000000000000 -0.00000000000000000  0.00000000000000000 -0.00000000000000000  0.00000000000000000 -0.00000000000000000 -0.00000000000000000 
  4  0.00000000000000000 -0.00000000000000001 -0.00000000000000000 -0.00000000000000000  0.99999999999999989  0.00000000000000000  0.00000000000000000 -0.00000000000000001  0.00000000000000000  0.00000000000000000 
  5 -0.00000000000000000 -0.00000000000000000 -0.00000000000000000  0.00000000000000000  0.00000000000000000  0.99999999999999989  0.00000000000000000  0.00000000000000000  0.00000000000000000  0.00000000000000000 
  6  0.00000000000000001 -0.00000000000000000 -0.00000000000000000 -0.00000000000000000  0.00000000000000000  0.00000000000000000  1.00000000000000022  0.00000000000000000 -0.00000000000000001 -0.00000000000000000 
  7  0.00000000000000000 -0.00000000000000002 -0.00000000000000000  0.00000000000000000 -0.00000000000000001  0.00000000000000000  0.00000000000000000  1.00000000000000000  0.00000000000000000  0.00000000000000000 
  8  0.00000000000000001 -0.00000000000000000  0.00000000000000002 -0.00000000000000000  0.00000000000000000  0.00000000000000000 -0.00000000000000001  0.00000000000000000  0.99999999999999989 -0.00000000000000000 
  9  0.00000000000000000 -0.00000000000000000 -0.00000000000000000 -0.00000000000000000  0.00000000000000000  0.00000000000000000 -0.00000000000000000  0.00000000000000000 -0.00000000000000000  1.00000000000000000 

