
  0  0.17149858514155056  0.34299717028500054 -0.34299717028527882 -0.34299717028503368  0.34299717028523669  3.42997170285278818e-01
  1 -0.34299717028479748 -0.34299717028397914 -0.34299717028484505 -0.34299717028526561 -0.17149858514487579  3.42997170285265607e-01

  0  0.51449575542634807 -0.17149858514324695  0.41405459207761880  0.12033138219054670 -0.72108356393810924 
  1  0.68599434056897968  0.00000000000102145 -0.41565829757928896  0.49542476184188922  0.33345801791938562 
  2 -0.00000000000043381 -0.68599434057012387  0.52870090084223109  0.11635696341724540  0.48615653777224060 
  3  0.00000000000023188 -0.68599434057029929 -0.59717543102259274 -0.34166424178861149 -0.23676742844300633 
  4  0.51449575543011250  0.17149858514036093  0.14015647136153919 -0.78089773130759632  0.27647287337708787 

  0  1.00000000000000000  0.00000000000000001  0.00000000000000006 -0.00000000000000001  0.00000000000000001 
  1  0.00000000000000001  1.00000000000000000 -0.00000000000000004  0.00000000000000001 -0.00000000000000001 
  2  0.00000000000000006 -0.00000000000000004  1.00000000000000000 -0.00000000000000002  0.00000000000000000 
  3 -0.00000000000000001  0.00000000000000001 -0.00000000000000002  1.00000000000000000 -0.00000000000000000 
  4  0.00000000000000001 -0.00000000000000001  0.00000000000000000 -0.00000000000000000  0.99999999999999989 

