
  0  0.22360679775000566 -0.22360679774996442  0.22360679775000483  0.22360679774992145 -0.22360679774999850  2.23606797750005665e-01

  0  0.44721359550001133  0.43398154358752611  0.00549952351245406 -0.65842564375727286 -0.42202541002799493 
  1 -0.44721359549992884 -0.38018540022237884 -0.22837528869937640 -0.05988028836313282 -0.77441470804395252 
  2  0.44721359550000966  0.24218044578148734  0.00367261234271497  0.74265360592057061 -0.43566129643656404 
  3  0.44721359549984291 -0.36921959888146716 -0.79685431412900409 -0.05000814618939190  0.16186190154142621 
  4 -0.44721359549999701  0.68712779071001517 -0.55930688957421859  0.09410010433704677  0.07858990312062013 

  0  1.00000000000000000 -0.00000000000000002  0.00000000000000000  0.00000000000000001 -0.00000000000000001 
  1 -0.00000000000000002  1.00000000000000000 -0.00000000000000001  0.00000000000000003 -0.00000000000000002 
  2  0.00000000000000000 -0.00000000000000001  1.00000000000000000  0.00000000000000001 -0.00000000000000001 
  3  0.00000000000000001  0.00000000000000003  0.00000000000000001  1.00000000000000000  0.00000000000000001 
  4 -0.00000000000000001 -0.00000000000000002 -0.00000000000000001  0.00000000000000001  1.00000000000000000 

