
  0  0.49631005390225308 -0.49631005316771970  0.41418613305695590  0.41418613936949422  0.29292063681187169  0.49631005634107428  0.29292064961292469  0.49631005650954413  4.96310056509544129e-01
  1  0.49631005526886507 -0.49631005475901968 -0.29292064472911311  0.41418613905995927  0.29292063425460430  0.49631005643335624 -0.41418613497410123  0.49631005650945115  4.96310056509451147e-01
  2  0.46142973471229987 -0.49631005294522856  0.49631005378835386  0.41418613771196389  0.29292063843511362 -0.49631005564437092  0.21079672947443925  0.49631005650965326  4.96310056509653263e-01
  3  0.46142973607891186 -0.49631005453652854 -0.21079672399771510  0.41418613740242888  0.29292063587784622 -0.49631005555208896 -0.49631005511258669  0.49631005650956028  4.96310056509560282e-01
  4 -0.46142973592172259 -0.49631005361703140  0.21079673247691388  0.41418614336031873  0.29292063663777512  0.49631005632248704  0.49631004638576065  0.49631005650972354  4.96310056509723541e-01
  5 -0.46142973455511060 -0.49631005520833138 -0.49631004530915518  0.41418614305078372  0.29292063408050772  0.49631005641476900 -0.21079673820126524  0.49631005650963056  4.96310056509630559e-01
  6 -0.49631005511167581 -0.49631005339454037  0.29292065320831179  0.41418614170278834  0.29292063826101705 -0.49631005566295816  0.41418612624727519  0.49631005650983273  4.96310056509832731e-01
  7 -0.49631005374506382 -0.49631005498584035 -0.41418612457775722  0.41418614139325338  0.29292063570374965 -0.49631005557067620 -0.29292065833975073  0.49631005650973969  4.96310056509739694e-01
  8  0.49631005257062594 -0.49631005443101828  0.41418613099095619 -0.29292067350321960 -0.41418611268850808  0.49631005583325083  0.29292065454572663  0.49631005650950283  4.96310056509502828e-01
  9  0.49631005393723793 -0.49631005602231826 -0.29292064679511282 -0.29292067381275455 -0.41418611524577548  0.49631005592553279 -0.41418613004129928  0.49631005650940985  4.96310056509409847e-01
 10  0.46142973338067272 -0.49631005420852725  0.49631005172235415 -0.29292067516074993 -0.41418611106526615 -0.49631005615219437  0.21079673440724120  0.49631005650961196  4.96310056509611963e-01
 11  0.46142973474728471 -0.49631005579982723 -0.21079672606371480 -0.29292067547028494 -0.41418611362253355 -0.49631005605991241 -0.49631005017978475  0.49631005650951898  4.96310056509518982e-01
 12 -0.46142973725334974 -0.49631005488032998  0.21079673041091418 -0.29292066951239509 -0.41418611286260465  0.49631005581466359  0.49631005131856260  0.49631005650968224  4.96310056509682240e-01
 13 -0.46142973588673775 -0.49631005647162996 -0.49631004737515488 -0.29292066982193010 -0.41418611541987205  0.49631005590694555 -0.21079673326846329  0.49631005650958926  4.96310056509589259e-01
 14 -0.49631005644330295 -0.49631005465783895  0.29292065114231208 -0.29292067116992548 -0.41418611123936272 -0.49631005617078161  0.41418613118007713  0.49631005650979138  4.96310056509791375e-01
 15 -0.49631005507669096 -0.49631005624913893 -0.41418612664375692 -0.29292067147946044 -0.41418611379663012 -0.49631005607849965 -0.29292065340694878  0.49631005650969839  4.96310056509698394e-01
 16  0.49631005465985628  0.46142974138478055  0.41418612673194494  0.21079676008467085  0.49631003261378864  0.49631005638657799  0.29292065313607279  0.49631005650952542  4.96310056509525421e-01
 17  0.49631005602646827  0.46142973979348056 -0.29292065105412407  0.21079675977513590  0.49631003005652125  0.49631005647885995 -0.41418613145095312  0.49631005650943244  4.96310056509432440e-01
 18  0.46142973546990307  0.46142974160727168  0.49631004746334290  0.21079675842714052  0.49631003423703057 -0.49631005559886721  0.21079673299758730  0.49631005650963456  4.96310056509634556e-01
 19  0.46142973683651506  0.46142974001597170 -0.21079673032272611  0.21079675811760551  0.49631003167976318 -0.49631005550658525 -0.49631005158943858  0.49631005650954158  4.96310056509541575e-01
 20 -0.46142973516411939  0.46142974093546885  0.21079672615190287  0.21079676407549536  0.49631003243969207  0.49631005636799075  0.49631004990890876  0.49631005650970483  4.96310056509704833e-01
 21 -0.46142973379750740  0.46142973934416887 -0.49631005163416614  0.21079676376596035  0.49631002988242467  0.49631005646027271 -0.21079673467811719  0.49631005650961185  4.96310056509611852e-01
 22 -0.49631005435407261  0.46142974115795987  0.29292064688330083  0.21079676241796497  0.49631003406293400 -0.49631005561745445  0.41418612977042329  0.49631005650981397  4.96310056509813968e-01
 23 -0.49631005298746061  0.46142973956665989 -0.41418613090276818  0.21079676210843001  0.49631003150566660 -0.49631005552517249 -0.29292065481660262  0.49631005650972099  4.96310056509720987e-01
 24  0.49631005332822914  0.46142974012148197  0.41418612466594523 -0.49631005278804297 -0.21079671688659110  0.49631005587875454  0.29292065806887474  0.49631005650948412  4.96310056509484121e-01
 25  0.49631005469484113  0.46142973853018199 -0.29292065312012378 -0.49631005309757792 -0.21079671944385850  0.49631005597103650 -0.41418612651815118  0.49631005650939108  4.96310056509391084e-01
 26  0.46142973413827593  0.46142974034397299  0.49631004539734319 -0.49631005444557330 -0.21079671526334917 -0.49631005610669066  0.21079673793038925  0.49631005650959326  4.96310056509593256e-01
 27  0.46142973550488792  0.46142973875267301 -0.21079673238872582 -0.49631005475510831 -0.21079671782061657 -0.49631005601440870 -0.49631004665663664  0.49631005650950027  4.96310056509500275e-01
 28 -0.46142973649574653  0.46142973967217027  0.21079672408590316 -0.49631004879721846 -0.21079671706068767  0.49631005586016730  0.49631005484171070  0.49631005650966353  4.96310056509663533e-01
 29 -0.46142973512913454  0.46142973808087029 -0.49631005370016584 -0.49631004910675347 -0.21079671961795507  0.49631005595244926 -0.21079672974531524  0.49631005650957055  4.96310056509570552e-01
 30 -0.49631005568569975  0.46142973989466129  0.29292064481730112 -0.49631005045474885 -0.21079671543744574 -0.49631005612527790  0.41418613470322524  0.49631005650977267  4.96310056509772668e-01
 31 -0.49631005431908776  0.46142973830336131 -0.41418613296876788 -0.49631005076428381 -0.21079671799471314 -0.49631005603299594 -0.29292064988380068  0.49631005650967969  4.96310056509679687e-01

  0 -0.00000000136661201  0.03488031918995323  0.95773978982397567  0.00000000133162710 -0.00000000075760320 -0.00000000041683471 -0.06602385846561448  0.27777456405230200 
  1  0.00000000159129998 -0.00000000022249107  0.00000000044931172  0.00000000126329860 -0.95773979455250025 -0.03488031486435833 -0.27777454819305608 -0.06602385888178150 
  2  0.70710677778606901 -0.08212392073139797  0.20338940058004204  0.00000000206599968  0.00000000632501101  0.00000000008818806  0.15544977792671386 -0.65400595159901431 
  3  0.00000000030953500  0.00000000165753036 -0.00000000399082447  0.70710681287271382  0.20338937928482334 -0.08212391139478960 -0.65400592376216371 -0.15544976823510115 
  4  0.00000000255726740 -0.00000000162324191  0.00000000017409657  0.70710674950037977 -0.20338939580191695  0.08212391881715857  0.65400598143735289  0.15544978831962403 
  5 -0.00000000009228194  0.99262011198544520  0.00000000001858723  0.00000000050782343 -0.00000000004550375  0.00000000030807830  0.02804217383882935 -0.11797859877280785 
  6  0.70710678458702592  0.08212392013848545 -0.20338939677283596 -0.00000000493280194 -0.00000000352314807 -0.00000000027087597 -0.15544977800934753  0.65400594548468083 
  7  0.00000000000009300 -0.00000000000010914 -0.00000000000017942  0.00000000000004132  0.00000000000001871  0.99262011301922382 -0.11797859112310377 -0.02804216942946430 

  0  1.00000000000000000 -0.00000000000000000 -0.00000000000000002 -0.00000000000000000 -0.00000000000000000  0.00000000000000000  0.00000000000000002 -0.00000000000000000 
  1 -0.00000000000000000  1.00000000000000000  0.00000000000000001 -0.00000000000000002 -0.00000000000000001  0.00000000000000000 -0.00000000000000000  0.00000000000000000 
  2 -0.00000000000000002  0.00000000000000001  0.99999999999999989  0.00000000000000002 -0.00000000000000000  0.00000000000000001 -0.00000000000000002 -0.00000000000000000 
  3 -0.00000000000000000 -0.00000000000000002  0.00000000000000002  0.99999999999999989  0.00000000000000004  0.00000000000000000 -0.00000000000000001  0.00000000000000001 
  4 -0.00000000000000000 -0.00000000000000001 -0.00000000000000000  0.00000000000000004  1.00000000000000000  0.00000000000000000 -0.00000000000000000  0.00000000000000000 
  5  0.00000000000000000  0.00000000000000000  0.00000000000000001  0.00000000000000000  0.00000000000000000  1.00000000000000000 -0.00000000000000000 -0.00000000000000000 
  6  0.00000000000000002 -0.00000000000000000 -0.00000000000000002 -0.00000000000000001 -0.00000000000000000 -0.00000000000000000  0.99999999999999989  0.00000000000000000 
  7 -0.00000000000000000  0.00000000000000000 -0.00000000000000000  0.00000000000000001  0.00000000000000000 -0.00000000000000000  0.00000000000000000  0.99999999999999989 

