  2   3       12         36
  3   4       54        216
  4   5      159        799
  5   6      374       2249
  6   7      756       5292
  7   8     1371      10975
  8   9     2303      20735
  9  10     3645      36450
 10  11     5500      60500
 11  12     7986      95832
 12  13    11232     146016
 13  14    15379     215306
 14  15    20579     308699
 15  16    27000     432000
 16  17    34815     591871
 17  18    44217     795906
 18  19    55403    1052675
 19  20    68589    1371799
 20  21    83999    1763999
 21  22   101871    2241162
 22  23   122452    2816396
 23  24   146004    3504096
 24  25   172800    4320000
