  1   2        1          2
  1   3        3          9
  1   4        6         24
  1   5       10         50
  1   6       15         90
  1   7       21        147
  1   8       28        224
  1   9       36        324
  1  10       45        450
  1  11       55        605
  1  12       66        792
  1  13       78       1014
  1  14       91       1274
  1  15      105       1575
  1  16      120       1920
  1  17      136       2312
  1  18      153       2754
  1  19      171       3249
  1  20      190       3800
  1  21      210       4410
  1  22      231       5082
  1  23      253       5819
  1  24      276       6624
  1  25      300       7500
  1  26      325       8450
  1  27      351       9477
  1  28      378      10584
  1  29      406      11774
  1  30      435      13050
  1  31      465      14415
  1  32      496      15872
  1  33      528      17424
  1  34      561      19074
  1  35      595      20825
  1  36      630      22680
  1  37      666      24642
  1  38      703      26714
  1  39      741      28899
  1  40      780      31200
  1  41      820      33620
  1  42      861      36162
  1  43      903      38829
  1  44      946      41624
  1  45      990      44550
  1  46     1035      47610
  1  47     1081      50807
  1  48     1128      54144
  1  49     1176      57624
