  2   4       12         48
  2   5       20        100
  2   6       30        180
  2   7       42        294
  2   8       56        448
  2   9       72        648
  2  10       90        900
  2  11      110       1210
  2  12      132       1584
  2  13      156       2028
  2  14      182       2548
  2  15      210       3150
  2  16      240       3840
  2  17      272       4624
  2  18      306       5508
  2  19      342       6498
  2  20      380       7600
  2  21      420       8820
  2  22      462      10164
  2  23      506      11638
  2  24      552      13248
  2  25      600      15000
  2  26      650      16900
  2  27      702      18954
  2  28      756      21168
  2  29      812      23548
  2  30      870      26100
  2  31      930      28830
  2  32      992      31744
  2  33     1056      34848
  2  34     1122      38148
  2  35     1190      41650
  2  36     1260      45360
  2  37     1332      49284
  2  38     1406      53428
  2  39     1482      57798
  2  40     1560      62400
  2  41     1640      67240
  2  42     1722      72324
  2  43     1806      77658
  2  44     1892      83248
  2  45     1980      89100
  2  46     2070      95220
  2  47     2162     101614
  2  48     2256     108288
  2  49     2352     115248
