  4   8      112        900
  4   9      144       1298
  4  10      180       1800
  4  11      220       2420
  4  12      264       3168
  4  13      312       4056
  4  14      364       5096
  4  15      420       6300
  4  16      480       7680
  4  17      544       9248
  4  18      612      11016
  4  19      684      12996
  4  20      760      15200
  4  21      840      17640
  4  22      924      20328
  4  23     1012      23276
  4  24     1104      26496
  4  25     1200      30000
  4  26     1300      33800
  4  27     1404      37908
  4  28     1512      42336
  4  29     1624      47096
  4  30     1740      52200
  4  31     1860      57660
  4  32     1984      63488
  4  33     2112      69696
  4  34     2244      76296
  4  35     2380      83300
  4  36     2520      90720
  4  37     2664      98568
  4  38     2812     106856
  4  39     2964     115596
  4  40     3120     124800
  4  41     3280     134480
  4  42     3444     144648
  4  43     3612     155316
  4  44     3784     166496
  4  45     3960     178200
  4  46     4140     190440
  4  47     4324     203228
  4  48     4512     216576
  4  49     4704     230496
