
  0  0.28809283025957594  0.28809283114076095 -0.28809283114191742  0.28809283113797451  0.28809282725751595  0.28809282139801523 -0.28809282513539186  0.21731589447521993 -0.26921567225070070 -0.28809279543873545  0.28809281437080886 -0.22432562679448440  0.28809280613187771  2.88092831141917420e-01
  1  0.28809283065356084  0.28809283114137368 -0.28809283113533946  0.28809283113983480  0.28809282946560399 -0.28809281948161841  0.28809282519362162  0.23695426737193795 -0.28809281163487538 -0.23394528006170015 -0.28809282969892447 -0.24320264354904031  0.28809280562079059  2.88092831141373680e-01
  2  0.28809282312298745  0.28809283112342554 -0.28809283114566170  0.28809283114600437  0.28809282870105757  0.28809282118296459 -0.28809282299327582 -0.28809283047208206  0.21660228460813621  0.23394519616945622  0.28809282478624454  0.26149251711888699  0.28809280691454459  2.88092831146004370e-01
  3  0.28809282351716770  0.28809283112386419 -0.28809283113911538  0.28809283114786355  0.28809283090918053 -0.28809281969657807  0.28809282733567021 -0.26845445757523373  0.19772514522400592  0.28809271154643695 -0.28809281928335129  0.24261550036446231  0.28809280640342072  2.88092831147863550e-01
  4 -0.28809282364138766  0.28809283114685813 -0.28809283112572243  0.28809283110492290 -0.28809282155573174  0.28809282469374514 -0.28809282552415183  0.26845442329442865 -0.24261527678230263 -0.28809276167393488  0.28809281973819956 -0.19772536788206058 -0.28809282931453611  2.88092831146858130e-01
  5 -0.28809282324730567  0.28809283114746453 -0.28809283111923562  0.28809283110680306 -0.28809281934745506 -0.28809281618592086  0.28809282480477971  0.28809279619118094 -0.26149241616617092 -0.23394524629688632 -0.28809282433142736 -0.21660238463668241 -0.28809282982556789  2.88092831147464530e-01
  6 -0.28809283077789466  0.28809283112946915 -0.28809283112950806  0.28809283111307038 -0.28809282011203940  0.28809282447863988 -0.28809282338204573 -0.23695430165276807  0.24320268007645315  0.23394522993420863  0.28809283015379994  0.28809277603147321 -0.28809282853188067  2.88092831129508060e-01
  7 -0.28809283038370959  0.28809283112999484 -0.28809283112300438  0.28809283111485984 -0.28809281790392344 -0.28809281640088530  0.28809282694679172 -0.21731592875611064  0.22432554069262139  0.28809274531122125 -0.28809281391605968  0.26921575927683378 -0.28809282904294098  2.88092831129994840e-01

