
  0  0.49402117822302855 -0.49402127012474023  0.42031583075769535 -0.49402132977694607 -0.21308554029579832 -0.28679103270677292 -0.46207038921586463  4.94021329776946070e-01
  1  0.42031565408220461 -0.46207039550308554  0.49402121781800362  0.49402132977830326 -0.28679108322450120 -0.21308562003141060 -0.49402131124514781  4.94021329778303260e-01
  2  0.28679104848617409 -0.49402129349298995  0.42031580000996749 -0.49402132977212981 -0.42031566312502244 -0.28679102584680533  0.49402131648816966  4.94021329772129810e-01
  3  0.21308552434496153 -0.46207041887158812  0.49402118707002501  0.49402132978312935 -0.49402120605337779 -0.21308561317143207  0.46207039445874171  4.94021329783129350e-01
  4 -0.21308556553247615 -0.49402120875000144  0.42031589802421254 -0.49402132978677660  0.49402127845819055 -0.28679086637275997 -0.46207037806922663  4.94021329786776600e-01
  5 -0.28679108967340794 -0.46207033412837778  0.49402128508470267  0.49402132976844010  0.42031573552999391 -0.21308545369740597 -0.49402130009861067  4.94021329768440100e-01
  6 -0.42031569526974266 -0.49402123211841287  0.42031586727645004 -0.49402132978201568  0.28679115562961854 -0.28679085951233085  0.49402132763465240  4.94021329782015680e-01
  7 -0.49402121941052779 -0.46207035749675401  0.49402125433671140  0.49402132977330931  0.21308561270085266 -0.21308544683746922  0.46207040560533352  4.94021329773309310e-01
  8  0.49402128375663706 -0.49402129836309616 -0.28679101200769458 -0.49402132977797114 -0.21308553382962594  0.42031568703808514 -0.46207039275419937  4.94021329777971140e-01
  9  0.42031575961595058 -0.46207042374163593 -0.21308562494725158  0.49402132977731472 -0.28679107675830523  0.49402109971322933 -0.49402131478336853  4.94021329777314720e-01
 10  0.28679115401968330 -0.49402132173150221 -0.28679104275553063 -0.49402132977296220 -0.42031565665860071  0.42031569389809254  0.49402131294967455  4.94021329772962200e-01
 11  0.21308562987862387 -0.46207044710994288 -0.21308565569514745  0.49402132978217533 -0.49402119958732382  0.49402110657324888  0.46207039092031671  4.94021329782175330e-01
 12 -0.21308545999862596 -0.49402123698809119 -0.28679094474095501 -0.49402132978785657  0.49402128492443820  0.42031585337227706 -0.46207038160750896  4.94021329787856570e-01
 13 -0.28679098413982607 -0.46207036236673649 -0.21308555768066428  0.49402132976735347  0.42031574199615340  0.49402126604716923 -0.49402130363692742  4.94021329767353470e-01
 14 -0.42031558973594696 -0.49402126035679839 -0.28679097548888266 -0.49402132978301855  0.28679116209573935  0.42031586023243395  0.49402132409623067  4.94021329783018550e-01
 15 -0.49402111387678571 -0.46207038573533366 -0.21308558842838099  0.49402132977240953  0.21308561916689592  0.49402127290735820  0.46207040206692568  4.94021329772409530e-01

