
  0  0.28867513449706428 -0.28867513472223116 -0.28867513464283256 -0.28867513459457189  0.28867513458045457  0.28867513467099198 -0.28867513462204014 -0.28867513461100730  0.28867513448252285 -0.28867513468615386  0.28867513464997507 -0.28867513460742061 -0.28867513467965206 -0.28867513471559769  0.28867513458406885  2.88675134722231160e-01
  1  0.28867513463485872  0.28867513446844834 -0.28867513461513034  0.28867513462026140  0.28867513465997557  0.28867513468305483 -0.28867513460455746 -0.28867513459462912  0.28867513454265870 -0.28867513463724015 -0.28867513468291084 -0.28867513460291488 -0.28867513469390815 -0.28867513468635514  0.28867513461875483  2.88675134693908150e-01
  2 -0.28867513471032696 -0.28867513468361117 -0.28867513469176548 -0.28867513453031551  0.28867513453954385  0.28867513462328098  0.28867513467383882  0.28867513462406336  0.28867513441044873 -0.28867513465721911  0.28867513464876299 -0.28867513460194649 -0.28867513469956602 -0.28867513467332906  0.28867513457921179  2.88675134710326960e-01
  3 -0.28867513457243488  0.28867513450722349 -0.28867513466411365  0.28867513468461459  0.28867513461920030  0.28867513463524208  0.28867513469122791  0.28867513464054556  0.28867513447077914 -0.28867513460805905 -0.28867513468446138 -0.28867513459761507 -0.28867513471368594 -0.28867513464412070  0.28867513461362826  2.88675134713685940e-01
  4  0.28867513458799293 -0.28867513471000250 -0.28867513469061512 -0.28867513463090549  0.28867513460250510  0.28867513471182388 -0.28867513457950267 -0.28867513463961547  0.28867513467045680  0.28867513453289934  0.28867513470847017  0.28867513472920830 -0.28867513461546973  0.28867513446712734  0.28867513446992726  2.88675134729208300e-01
  5  0.28867513472568018  0.28867513448067783 -0.28867513466318012  0.28867513458390048  0.28867513468232475  0.28867513472404405 -0.28867513456226668 -0.28867513462322625  0.28867513473068424  0.28867513458190319 -0.28867513462450267  0.28867513473365136 -0.28867513462950983  0.28867513449654425  0.28867513450450483  2.88675134733651360e-01
  6 -0.28867513461950822 -0.28867513467132577 -0.28867513473960493 -0.28867513456666444  0.28867513456160043  0.28867513466426897  0.28867513471629180  0.28867513459559607  0.28867513459824318  0.28867513456194394  0.28867513470722755  0.28867513473447570 -0.28867513463523964  0.28867513450976001  0.28867513446479576  2.88675134739604930e-01
  7 -0.28867513448160742  0.28867513451958238 -0.28867513471218548  0.28867513464825306  0.28867513464147027  0.28867513467611550  0.28867513473364481  0.28867513461195393  0.28867513465857109  0.28867513461091848 -0.28867513462584482  0.28867513473888279 -0.28867513464923938  0.28867513453886079  0.28867513449935928  2.88675134738882790e-01
  8  0.28867513449198406 -0.28867513469486228  0.28867513467858330 -0.28867513460588118  0.28867513463816602  0.28867513463325656 -0.28867513464708500 -0.28867513459464322 -0.28867513457996885 -0.28867513468753392  0.28867513461911787 -0.28867513460972810  0.28867513467534084 -0.28867513454050503  0.28867513465004019  2.88675134694862280e-01
  9  0.28867513462991828  0.28867513449605292  0.28867513470604317  0.28867513460903227  0.28867513471774520  0.28867513464541578 -0.28867513462957622 -0.28867513457832622 -0.28867513451974414 -0.28867513463845745 -0.28867513471388906 -0.28867513460547350  0.28867513466118555 -0.28867513451107207  0.28867513468487471  2.88675134717745200e-01
 10 -0.28867513471540834 -0.28867513465630734  0.28867513462971095 -0.28867513454155802  0.28867513459726712  0.28867513458544064  0.28867513464888883  0.28867513464040101 -0.28867513465206934 -0.28867513465831113  0.28867513461780975 -0.28867513460437333  0.28867513465557026 -0.28867513449792376  0.28867513464503991  2.88675134715408340e-01
 11 -0.28867513457752958  0.28867513453452648  0.28867513465723810  0.28867513467308087  0.28867513467676764  0.28867513459764310  0.28867513466611427  0.28867513465675226 -0.28867513459190935 -0.28867513460929162 -0.28867513471514555 -0.28867513459998784  0.28867513464132638 -0.28867513446877247  0.28867513467957978  2.88675134715145550e-01
 12  0.28867513458278116 -0.28867513468259470  0.28867513463052175 -0.28867513464224837  0.28867513466031103  0.28867513467421263 -0.28867513460458699 -0.28867513462316491 -0.28867513439205461  0.28867513453164445  0.28867513467765943  0.28867513472685263  0.28867513473964823  0.28867513464249100  0.28867513453580035  2.88675134739648230e-01
 13  0.28867513472076634  0.28867513450826865  0.28867513465804445  0.28867513457264410  0.28867513474006296  0.28867513468627010 -0.28867513458718641 -0.28867513460672611 -0.28867513433193687  0.28867513458050043 -0.28867513465556321  0.28867513473103035  0.28867513472544698  0.28867513467198308  0.28867513457042404  2.88675134740062960e-01
 14 -0.28867513462463806 -0.28867513464394129  0.28867513458161398 -0.28867513457816241  0.28867513461958727  0.28867513462645716  0.28867513469134015  0.28867513461191163 -0.28867513446422133  0.28867513456069505  0.28867513467629896  0.28867513473218687  0.28867513471993256  0.28867513468480632  0.28867513453063737  2.88675134732186870e-01
 15 -0.28867513448671484  0.28867513454657079  0.28867513460921806  0.28867513463676847  0.28867513469923289  0.28867513463856520  0.28867513470863770  0.28867513462823752 -0.28867513440404291  0.28867513460967792 -0.28867513465670952  0.28867513473648210  0.28867513470568751  0.28867513471427853  0.28867513456531602  2.88675134736482100e-01

