
  0  0.24618298134004218  0.12309149380656381  0.24618298143105283  0.24618298217306087 -0.24618298206493311  0.24618298214384940  0.24618298149167156 -0.24618298182409851  0.24618298216610238  0.24618298199581615 -0.24618298167609085 -0.24618298218750528 -0.12309149095753359  0.24618298166232783 -0.24618298160775820 -0.24618298215179421 -0.24618298203446570 -0.24618298218384549  2.46182982187505280e-01
  1  0.24618298173430159  0.12309149419148042  0.12309149243720578  0.24618298218893475 -0.24618298187087106 -0.24618298210605100  0.24618298155086751 -0.24618298209398745  0.24618298216557946 -0.24618298212931400 -0.24618298136465075 -0.24618298219324303 -0.24618298031123137  0.24618298165691122 -0.24618298159655397 -0.24618298216158649  0.24618298217063503  0.24618298190722099  2.46182982193243030e-01
  2  0.24618298157133606  0.24618298161137103  0.24618298215603726 -0.24618298212078066 -0.12309149336327282  0.24618298208757095  0.24618298185649043 -0.24618298177527739 -0.24618298220091034  0.24618298204230757 -0.24618298152870766  0.24618298212641346 -0.12309149064260679  0.24618298171551137 -0.24618298163392627  0.24618298200503302 -0.24618298200463587 -0.24618298207702305  2.46182982200910340e-01
  3  0.24618298196559998  0.24618298199626731  0.12309149316202345 -0.24618298210486253 -0.12309149316922971 -0.24618298216222181  0.24618298191566762 -0.24618298204515188 -0.24618298220138873 -0.24618298208277900 -0.24618298121722354  0.24618298212063364 -0.24618297999632230  0.24618298171015079 -0.24618298162265287  0.24618298199523569  0.24618298220048321  0.24618298201404221  2.46182982201388730e-01
  4 -0.24618298188061047 -0.24618298203925151  0.24618298144390380  0.24618298215445306  0.12309149126572039  0.24618298214116435  0.24618298145187240 -0.24618298163097968  0.24618298216461956  0.24618298211231837  0.24618298117315005 -0.24618298213746320 -0.12309149261927554  0.24618298208839587  0.24618298169813313 -0.24618298215562498 -0.24618298213631373 -0.24618298216582599  2.46182982165825990e-01
  5 -0.24618298148625925 -0.24618298165437408  0.12309149244994533  0.24618298217029877  0.12309149145985937 -0.24618298210859915  0.24618298151105833 -0.24618298190075846  0.24618298216417023 -0.24618298201289029  0.24618298148470771 -0.24618298214314949 -0.24618298197298114  0.24618298208298592  0.24618298170940850 -0.24618298216549811  0.24618298206886471  0.24618298192532218  2.46182982170298770e-01
  6 -0.24618298164934832 -0.12309149423450906  0.24618298216876405 -0.24618298213930617  0.24618297996750191  0.24618298208495384  0.24618298181654191 -0.24618298158218271 -0.24618298220241538  0.24618298215881537  0.24618298132065888  0.24618298217648502 -0.12309149230436402  0.24618298214151701  0.24618298167200234  0.24618298200119687 -0.24618298210648790 -0.24618298205896347  2.46182982202415380e-01
  7 -0.24618298125490418 -0.12309149384958792  0.12309149317482493 -0.24618298212347176  0.24618298016156778 -0.24618298216474421  0.24618298187581056 -0.24618298185198553 -0.24618298220286761 -0.24618298196623753  0.24618298163205601  0.24618298217073803 -0.24618298165814498  0.24618298213615794  0.24618298168323269  0.24618298199139352  0.24618298209864101  0.24618298203221289  2.46182982202867610e-01

