
  0 -0.23570226032093372  0.47140452104465314  0.23570226046460505  0.47140452059532856 -0.47140452095760121  0.47140452094888308 -0.47140452074611344  0.47140452098759417 -0.23570226058205365  4.71404521044653140e-01
  1 -0.23570226025884874  0.47140452090500118 -0.47140452084950585 -0.23570226074085107 -0.47140452091616075  0.47140452102043973 -0.47140452089791468  0.47140452063780236 -0.23570226047444173  4.71404521020439730e-01
  2 -0.23570226019011614  0.47140452102791119  0.23570226043275377  0.47140452061248478 -0.47140452096288088 -0.47140452093174884 -0.47140452078715578  0.23570226087115623 -0.47140452089427476  4.71404521027911190e-01
  3 -0.23570226012825077  0.47140452088841805 -0.47140452088162349 -0.23570226072414283 -0.47140452092166174 -0.47140452086008783 -0.47140452093923574  0.23570226052141946 -0.47140452078639872  4.71404520939235740e-01
  4 -0.47140452065861532  0.47140452100158409  0.23570226043981413  0.47140452060466648  0.47140452093219809  0.47140452096201629 -0.23570226069185132  0.47140452087952706 -0.23570226072067893  4.71404521001584090e-01
  5 -0.47140452059653654  0.47140452086142487 -0.47140452087468876 -0.23570226073235837  0.47140452097380237  0.47140452103390840 -0.23570226084363888  0.47140452052978044 -0.23570226061280100  4.71404521033908400e-01
  6 -0.47140452052760490  0.47140452098483510  0.23570226040801889  0.47140452062135429  0.47140452092705937 -0.47140452091878299 -0.23570226073314507  0.23570226076310813 -0.47140452103287273  4.71404521032872730e-01
  7 -0.47140452046532466  0.47140452084512791 -0.47140452090655738 -0.23570226071540226  0.47140452096835833 -0.47140452084669077 -0.23570226088503005  0.23570226041349721 -0.47140452092467555  4.71404520968358330e-01
  8 -0.23570226049212981  0.47140452104756148  0.23570226061397215  0.47140452090410162 -0.47140452097034308  0.47140452083817019 -0.47140452077434558 -0.23570226040942938  0.47140452067180655  4.71404521047561480e-01
  9 -0.23570226043019921  0.47140452090782020 -0.47140452070034428 -0.23570226043254541 -0.47140452092923152  0.47140452090967838 -0.47140452092610469 -0.23570226075947823  0.47140452077953626  4.71404520929231520e-01
 10 -0.23570226036131731  0.47140452103130770  0.23570226058199223  0.47140452092094304 -0.47140452097578800 -0.47140452104299591 -0.47140452081585121 -0.47140452052600679  0.23570226035978173  4.71404521042995910e-01
 11 -0.23570226029909955  0.47140452089140461 -0.47140452073256428 -0.23570226041575662 -0.47140452093463686 -0.47140452097101154 -0.47140452096755203 -0.47140452087553270  0.23570226046734977  4.71404520971011540e-01
 12 -0.47140452083012385  0.47140452100464220  0.23570226058903904  0.47140452091298224  0.47140452091924495  0.47140452085071854 -0.23570226071999625 -0.23570226051758880  0.47140452053327203  4.71404521004642200e-01
 13 -0.47140452076759554  0.47140452086468088 -0.47140452072564076 -0.23570226042378134  0.47140452096060020  0.47140452092305896 -0.23570226087168267 -0.23570226086721863  0.47140452064119853  4.71404520960600200e-01
 14 -0.47140452069870209  0.47140452098802921  0.23570226055694996  0.47140452092983592  0.47140452091394036 -0.47140452102993807 -0.23570226076167614 -0.47140452063389693  0.23570226022137014  4.71404521029938070e-01
 15 -0.47140452063651395  0.47140452084827345 -0.47140452075736211 -0.23570226040667117  0.47140452095532925 -0.47140452095786844 -0.23570226091331456 -0.47140452098392399  0.23570226032922420  4.71404520983923990e-01
 16  0.47140452059752702  0.47140452101083347  0.23570226040287626  0.47140452056785020 -0.47140452094869861  0.47140452095811775  0.23570226098604194  0.47140452100358410 -0.23570226036682373  4.71404521010833470e-01
 17  0.47140452065966948  0.47140452087107804 -0.47140452091168117 -0.23570226076885781 -0.47140452090733936  0.47140452102996111  0.23570226083390444  0.47140452065357785 -0.23570226025881330  4.71404521029961110e-01
 18  0.47140452072847783  0.47140452099449193  0.23570226037088035  0.47140452058479948 -0.47140452095391161 -0.47140452092266005  0.23570226094441768  0.23570226088729526 -0.47140452067868965  4.71404520994491930e-01
 19  0.47140452079075085  0.47140452085449430 -0.47140452094356028 -0.23570226075195252 -0.47140452091271795 -0.47140452085072909  0.23570226079277196  0.23570226053747664 -0.47140452057120769  4.71404520943560280e-01
 20  0.23570226026009886  0.47140452096761093  0.23570226037788683  0.47140452057675936  0.47140452094114316  0.47140452097127367  0.47140452104020192  0.47140452089537266 -0.23570226050515061  4.71404521040201920e-01
 21  0.23570226032230623  0.47140452082795853 -0.47140452093658447 -0.23570226075988132  0.47140452098259428  0.47140452104343022  0.47140452088837642  0.47140452054564347 -0.23570226039736439  4.71404521043430220e-01
 22  0.23570226039122785  0.47140452095116137  0.23570226034602121  0.47140452059369559  0.47140452093585783 -0.47140452090953305  0.47140452099900920  0.23570226077921855 -0.47140452081714901  4.71404520999009200e-01
 23  0.23570226045320500  0.47140452081131429 -0.47140452096859053 -0.23570226074318568  0.47140452097741031 -0.47140452083777301  0.47140452084713552  0.23570226042924328 -0.47140452070949013  4.71404520977410310e-01
 24  0.47140452042626096  0.47140452101410735  0.23570226055229065  0.47140452087631302 -0.47140452096188723  0.47140452084729723  0.23570226095798416 -0.23570226039364151  0.47140452088685336  4.71404521014107350e-01
 25  0.47140452048845877  0.47140452087399398 -0.47140452076244993 -0.23570226046030909 -0.47140452092011365  0.47140452091915946  0.23570226080598811 -0.23570226074323919  0.47140452099496194  4.71404520994961940e-01
 26  0.47140452055738635  0.47140452099736291  0.23570226052008297  0.47140452089342005 -0.47140452096695240 -0.47140452103360519  0.23570226091640961 -0.47140452050984349  0.23570226057511484  4.71404521033605190e-01
 27  0.47140452061930771  0.47140452085764240 -0.47140452079433542 -0.23570226044344036 -0.47140452092567087 -0.47140452096157481  0.23570226076449610 -0.47140452085952694  0.23570226068288000  4.71404520961574810e-01
 28  0.23570226008905212  0.47140452097057034  0.23570226052715182  0.47140452088514528  0.47140452092813612  0.47140452086067358  0.47140452101212887 -0.23570226050151410  0.47140452074877526  4.71404521012128870e-01
 29  0.23570226015082585  0.47140452083088297 -0.47140452078728656 -0.23570226045148499  0.47140452096958307  0.47140452093230079  0.47140452086020490 -0.23570226085149371  0.47140452085674595  4.71404520969583070e-01
 30  0.23570226022013774  0.47140452095445179  0.23570226049517776  0.47140452090220941  0.47140452092288260 -0.47140452102034691  0.47140452097045465 -0.47140452061791766  0.23570226043679368  4.71404521020346910e-01
 31  0.23570226028209446  0.47140452081450307 -0.47140452081938355 -0.23570226043451661  0.47140452096454766 -0.47140452094861324  0.47140452081874135 -0.47140452096808411  0.23570226054468699  4.71404520968084110e-01

