
  0 -0.17149858520196096  0.34299717001409580  0.34299717035999155 -0.34299716983789502  0.34299717040856936 -0.34299717039727040  0.34299717042286448  0.34299717031814403 -0.34299717020848564  0.17149858599269871  3.42997170422864480e-01
  1 -0.17149858506991811  0.34299717002674468  0.34299717038468169 -0.34299716990643386  0.17149858591337991  0.34299717036698485 -0.34299717036269650  0.34299717033022264 -0.34299717026911680  0.34299717042606270  3.42997170426062700e-01
  2  0.34299717002927638 -0.17149858584792496  0.34299717039079819 -0.34299716983471884  0.34299717017076220 -0.34299717040526412  0.34299717042565198  0.34299717028903770  0.34299717025405690  0.17149858568231080  3.42997170425651980e-01
  3  0.34299717016116454 -0.17149858583521291  0.34299717041534539 -0.34299716990332574  0.17149858567551332  0.34299717035896787 -0.34299717036004385  0.34299717030133237  0.34299717019339832  0.34299717011559377  3.42997170415345390e-01
  4 -0.17149858546966198  0.34299717037140209  0.34299717035894983  0.34299717025460325 -0.17149858536191076 -0.34299717036095884  0.34299717042545985  0.34299717039973149 -0.34299717015398185 -0.34299716982320183  3.42997170425459850e-01
  5 -0.17149858533770623  0.34299717038425320  0.34299717038359367  0.34299717018596970 -0.34299716985698497  0.34299717040334604 -0.34299717036009925  0.34299717041180738 -0.34299717021452641 -0.17149858538995594  3.42997170411807380e-01
  6  0.34299716976151640 -0.17149858549042010  0.34299717038981509  0.34299717025784593 -0.17149858559974951 -0.34299717036903132  0.34299717042826550  0.34299717037091176  0.34299717030857113 -0.34299717013371250  3.42997170428265500e-01
  7  0.34299716989350165 -0.17149858547765212  0.34299717041446476  0.34299717018916465 -0.34299717009489133  0.34299717039539052 -0.34299717035737570  0.34299717038295391  0.34299717024797571 -0.17149858570036064  3.42997170414464760e-01

