
  0  0.49974777953721261  0.28626685986184131 -0.49993864414094930  0.42603227490569551 -0.49997073276445969  0.48671404463744905  4.99970732764459690e-01
  1  0.49995306448402282  0.29236632164414045 -0.49913018169460172  0.41973515479377066  0.49998751036422512  0.48915520906570414  4.99987510364225120e-01
  2  0.49975040570003215  0.22761506386862979  0.49616782505835078  0.48752572751451606 -0.49997379959996585  0.46325292125126832  4.99973799599965850e-01
  3  0.49995569064682327  0.23371452565108491  0.49697628750496431  0.48122860740274559  0.49998444352895244  0.46569408567969117  4.99984443528952440e-01
  4  0.49976524041351572 -0.43287826866288837 -0.49928012167095670 -0.26881242848740350 -0.49997149464850288  0.49126250841140762  4.99971494648502880e-01
  5  0.49997052535979419 -0.42677880688080388 -0.49847165922427972 -0.27510954859953807  0.49998674848042679  0.49370367283988320  4.99986748480426790e-01
  6  0.49976786657607847 -0.49153006465618371  0.49682634752830163 -0.20731897587862314 -0.49997456148387559  0.46780138502530638  4.99974561483875590e-01
  7  0.49997315152246002 -0.48543060287364753  0.49763480997489945 -0.21361609599060563  0.49998368164525075  0.47024254945377431  4.99983681645250750e-01
  8 -0.49998136050082953  0.30179252063363082 -0.49788434446151247  0.40998121358598011 -0.49997813310861822  0.49293849955647334  4.99981360500829530e-01
  9 -0.49977607555438486  0.30789198241603205 -0.49707588201499486  0.40368409347408651  0.49998011002051557  0.49537966398471983  4.99980110020515570e-01
 10 -0.49997873433820772  0.24314072464046557  0.49822212473789179  0.47147466619488343 -0.49998119994376955  0.46947737617012025  4.99981199943769550e-01
 11 -0.49977344939159896  0.24924018642283363  0.49903058718428162  0.46517754608284256  0.49997704318537312  0.47191854059848654  4.99977043185373120e-01
 12 -0.49996389962480081 -0.41735260789126383 -0.49722582199149240 -0.28486348980738246 -0.49997889499243586  0.49748696333044090  4.99978894992435860e-01
 13 -0.49975861467838567 -0.41125314610891411 -0.49641735954492194 -0.29116060991910164  0.49997934813667161  0.49992812775891848  4.99979348136671610e-01
 14 -0.49996127346200991 -0.47600440388447379  0.49888064720774927 -0.22337003719831613 -0.49998196182753202  0.47402583994403685  4.99981961827532020e-01
 15 -0.49975598851559788 -0.46990494210224693  0.49968910965442581 -0.22966715731048096  0.49997628130159333  0.47646700437253858  4.99976281301593330e-01

