
  0 -0.28867513455056087  0.28867513467645228  0.28867513450178212 -0.28867513449695026  0.28867513469363298 -0.28867513468827255  0.28867513455574706  0.28867513469275136 -0.28867513465228073  0.28867513463523581  0.28867513468273814  0.28867513447990983  2.88675134693632980e-01
  1 -0.28867513457882149  0.28867513466851025  0.28867513457058092 -0.28867513453990284 -0.28867513463903516  0.28867513453147758  0.28867513465020794  0.28867513469482842 -0.28867513460517080  0.28867513453834481  0.28867513466827371 -0.28867513462085215  2.88675134694828420e-01
  2 -0.28867513456168065  0.28867513466398509 -0.28867513463763567 -0.28867513457564481  0.28867513464574213 -0.28867513467230205  0.28867513455338234 -0.28867513456879779  0.28867513459973726  0.28867513464915734  0.28867513465784295  0.28867513451983157  2.88675134672302050e-01
  3 -0.28867513458990685  0.28867513465605565 -0.28867513456880606 -0.28867513461874039 -0.28867513468686329  0.28867513454737270  0.28867513464807637 -0.28867513456684535  0.28867513464694733  0.28867513455236893  0.28867513464344602 -0.28867513458096750  2.88675134686863290e-01
  4 -0.28867513464505107 -0.28867513458301519  0.28867513454656374  0.28867513459633215  0.28867513469134054 -0.28867513454076238  0.28867513454417204  0.28867513465454581 -0.28867513460441180  0.28867513467382350 -0.28867513461763150  0.28867513460885041  2.88675134691340540e-01
  5 -0.28867513467324224 -0.28867513459097016  0.28867513461551403  0.28867513455322047 -0.28867513464127725  0.28867513467888184  0.28867513463864342  0.28867513465649292 -0.28867513455721916  0.28867513457686966 -0.28867513463198341 -0.28867513449196425  2.88675134678881840e-01
  6 -0.28867513465617350 -0.28867513459556421 -0.28867513459271649  0.28867513451752419  0.28867513464349226 -0.28867513452478133  0.28867513454189875 -0.28867513460711069  0.28867513464759026  0.28867513468772577 -0.28867513464251515  0.28867513464880390  2.88675134687725770e-01
  7 -0.28867513468431116 -0.28867513460348504 -0.28867513452393007  0.28867513447447485 -0.28867513468911710  0.28867513469481210  0.28867513463633054 -0.28867513460516436  0.28867513469479650  0.28867513459078542 -0.28867513465685551 -0.28867513445202420  2.88675134694812100e-01

