
  0  0.44590290595100024  0.26120387508340848  0.44590290667661248  0.44590290599848814 -0.26120387546057522  0.44590290583286857 -0.26120387527137573  4.45902906676612480e-01
  1  0.44590290562523988 -0.44590290512115949  0.44590290665860316 -0.26120387623876712 -0.26120387539251377  0.44590290630855700 -0.26120387545576956  4.45902906658603160e-01
  2  0.26120387468909301  0.44590290494773999 -0.44590290664249116  0.26120387667862494 -0.44590290654254378  0.26120387467998324 -0.44590290618983686  4.45902906642491160e-01
  3  0.26120387436352566 -0.26120387525664784 -0.44590290666039240 -0.44590290555866635 -0.44590290647442166  0.26120387515583138 -0.44590290637433455  4.45902906660392400e-01
  4 -0.26120387478166934  0.26120387529486733  0.44590290667645716  0.44590290618073086  0.44590290624850693  0.44590290560797752 -0.26120387530379408  4.45902906676457160e-01
  5 -0.26120387510738097 -0.44590290490980283  0.44590290665851839 -0.26120387605648854  0.44590290631652929  0.44590290608391586 -0.26120387548811913  4.45902906658518390e-01
  6 -0.44590290604357974  0.44590290515956643 -0.44590290664267546  0.26120387686089663  0.26120387516651417  0.26120387445521215 -0.44590290622234269  4.45902906642675460e-01
  7 -0.44590290636926705 -0.26120387504506698 -0.44590290666061833 -0.44590290537630772  0.26120387523471772  0.26120387493112984 -0.44590290640671143  4.45902906660618330e-01

