
  0  0.000004295698837450707596933  0.707108544513833158255081829 -0.000001586034136063289809696  0.023142125644405374240624514  0.000001525152404075388037690 -0.000004775257146910482079616  0.000006311799575511830907875 -0.198278821163434427430347431 -0.000000433268934524028965645  0.069682840764010235381142530  0.101887965135684863357567499  0.386721741818453887249871712  0.543467474607790660822304735  0.998231259296717781802788655 
  1 -0.707119595958665194844125490  0.000001687069433941601320986 -0.000000442474263017141901052  0.023145706350955437278211330 -0.198278024327374277936144285 -0.000000284656413977003061402  0.000001524099829677862303986 -0.000002450575022217388966228  0.069684113686048316924819337  0.000000310693461285189394929 -0.539554493086667253482976991  0.370668988766263041764043029 -0.163589585251721459505168214  0.998234139891467413751528076 
  2  0.000000068993871191824641291 -0.000000113022512298429654390 -0.000000119362624436185585161 -0.003519681998494904274199220  0.000000071912349112466949868 -0.000000065622569923048127500  0.000000002234963371529024410 -0.000000137271817365350663677  0.994715571362789382906573893  0.000000061736885158900064463  0.082049561047899077406004003 -0.056368735714702869039975089  0.024879290438796234255871588  0.998235893518877192079341576 
  3 -0.000000136358582310815100323  0.000000281473485937678731665 -0.000000077055319115831093025 -0.003518985416539570165117977  0.000000163276791830279120049  0.000000017917997430285753157  0.000000085766510706407952818  0.000000218324694366405818620 -0.000000006613114766586763918  0.994715907956091743846727127 -0.015494974707884631118501903 -0.058808168422877125602302346 -0.082640088855765974563591901  0.998235880159127806157421531 
  4  0.000000375630685714442349467  0.707105017742370411427954568  0.000001580845582805069488492 -0.023142192470629782286237479 -0.000000108600977848711262636  0.000004977405971134593589802  0.000010743399161419395086869  0.198279811452762485865356813  0.000000773509010147683888537 -0.069683584231435605854350964 -0.101889646431936128765554164 -0.386722470812553564362091738 -0.543470769816827309925226508  0.998229165288587389816016976 
  5  0.000000038063983568302655145 -0.000000030037067829784199535 -0.994715664427337141213075755 -0.003519109724304200900388273  0.000000168985879147358069800  0.000000516217233468619067839  0.000000079564134010866222302  0.000000102373264985193081779  0.000000044962566499994029359 -0.000000017370376199361012421  0.059579684561001901292083419  0.062463168698661907652622304 -0.055470501647695189555338242  0.998235771726147075712329976 
  6  0.707093966051956587185855357 -0.000002984111965338838191579  0.000000600318226454775187886  0.023146060164229994914286649 -0.198286463642413460128541801  0.000001971293762805764871305 -0.000013601393854624891620648 -0.000002927831549467005539918  0.069686504894750981542960420  0.000000068961136647668123333 -0.539568845394352557829145689  0.370685640217234573353310631 -0.163604001947831413613814767  0.998235148663846386422274920 
  7 -0.000012503219980797321398785  0.000008325925879678607302462  0.069686386451380629932818300 -0.023142216278376093084253890  0.000003183164942491827449292  0.198270768308177167306297420 -0.707094502142528010739212785 -0.000009157781737025198702314  0.000000407153906040176001332  0.000001647128336881846297380  0.391815249903332622375762631  0.410773401488848060366526616 -0.364774361891446587835173207  0.998229097555244805812808134 
  8  0.000001161156058620760271177 -0.000000000982253942391888385  0.000000661351543700741919657  0.009560515002630733251823335 -0.000001859588817068515919377  0.000000212511086257825428077 -0.000002475723118874570377502  0.959880526574943631853455150  0.000000250876212103057875843  0.028788230992840933392492480  0.042097698902593089877378256  0.159776820818615709679164083  0.224518062249159988067338106  0.998235894759505837522343269 
  9 -0.000002622186073887226151823  0.000008729314632508371739615 -0.069684033916215039710620634  0.023140832982921303865773109  0.000001187235927557957972017 -0.198265360265499682035773669 -0.707119059769553387104993464  0.000007039489747434214592353 -0.000001564707919188215740285 -0.000002063936291038264018822 -0.391793186991976270561232124 -0.410768032044804094982332413  0.364759978384957872363974010  0.998232493804780997564019690 
 10  0.000000922595241633427519869 -0.000001311511875208322092795  0.000000059486046179026461714  0.009562518777305471626976995  0.959879317095439956960579997  0.000000047567763348286907702  0.000000724596908489879246121  0.000001086072189861475008149  0.028789710315726525686498821 -0.000000153612503790121989843 -0.222915417646972737855432141  0.153140385982942062520419275 -0.067588062399569010691455315  0.998235851631000450825525333 
 11 -0.000000379187700150150440432  0.000000065616378348964048800  0.028786974439178710495976102 -0.009560139742951804386933868  0.000000111421890803584717050 -0.959885175060753568511938416  0.000001088593917707676014378 -0.000001118545892433358113173  0.000000463170300577580517785  0.000000083477343046088812537  0.161855450762879791260862375  0.169689420963962774623946285 -0.150693987928389545375676591  0.998235599256307130986830972 
 12 -0.000000000000000339742308678  0.000000000000000706178359765 -0.000000000000002171153950240  0.998235923898709835266462170 -0.000000000000000915036315132  0.000000000000003950395492387 -0.000000000000000905589666194 -0.000000000000000837755163427 -0.000000000000001174454849385 -0.000000000000005472017191472  0.042190176689918674626198500 -0.017633093783892885632289828 -0.037869555484202088471533528  0.998235923898726326089925892 

 0.998235923898726326089925892 

