
  0 -0.000000000105030684179382561  0.000000000011153011096724550  0.000000000018021018668205511  0.000000000047986424443358297  0.000000000002973147599818324  0.000000000054657830966950483 -0.000000000022245094051425832 -0.169884577267049525023064928 -0.000000000009244264610072548  0.707106781145551234468715762  0.110326386602678831599119811  0.241124735120922565925999197  0.130320857210147416209455352  0.177729114530582565836119846 -0.549107418167833841074042950  0.210089713025741798985688603  0.077649382252701796839808833  0.023852594211383374891961113  0.876991358683912261117853609 
  1 -0.000000000010282778057405217  0.000000000004250832810820322 -0.000000000017847301126464497  0.000000000014751575648979099 -0.000000000003801279162038633 -0.000000000006724745772553181 -0.707106781271155862566863554  0.169884577329045208471608799 -0.000000000034530020175613742 -0.000000000000484322239932279  0.228864537019559706985949443 -0.131708887473883269790477131  0.136670241564160712267449876 -0.483948397719576313782442745 -0.117845276782963443691707849  0.276570291629404879673627404 -0.239673912272647940773753934 -0.026570597295439894145211920  0.876991358692873964621704308 
  2  0.000000000000001154394726556 -0.000000000000001918469019713  0.000000000000000125324785680  0.000000000000001581270314173 -0.000000000000000562752456620 -0.000000000000000430051333851  0.000000000000001136892067107 -0.876991358697310810206646675 -0.000000000000002735767092525  0.000000000000000944899113967 -0.194719544013678191792535502 -0.061949116450496148106899487  0.057350618410660821378552025 -0.363719779225966391244086531  0.105257073195836061689121491  0.013142406518984748598407870 -0.064629101908061961050523756  0.195250855485386683391482721  0.876991358697321408608143373 
  3  0.000000000003557480095038730 -0.000000000031075284157730800 -0.000000000033314387721408263 -0.000000000021591328266175371 -0.000000000022564170436119580  0.000000000013467510284774947  0.000000000010595815754910494  0.169884577216288531049904684  0.000000000079713008345403043  0.707106781227543803832521346 -0.110326386494437801344859103 -0.241124735117696973281452115 -0.130320857219017048505877061 -0.177729114467095967181070951  0.549107418101230292713926806 -0.210089713059723691223430395 -0.077649382298071360475582702 -0.023852594186374049780829097  0.876991358659711287915419775 
  4 -0.000000000033198778444017961 -0.000000000021093017672776273 -0.000000000007646481007080644  0.000000000015974056562495232 -0.000000000027578601101772061 -0.707106781103694944225039609 -0.000000000008006958181040512  0.169884577286486915820447850 -0.000000000103143714056399306  0.000000000080284022119347899 -0.492004420917640108117238271 -0.046817760435764641326511796  0.450756390696986699125796763 -0.071093550353805224319343227 -0.087002886874012741671047689 -0.032564670274288147429803163  0.074742793266408080448000815  0.066535071554826943793182689  0.876991358687107514533008029 
  5  0.000000000063061936051332479 -0.000000000043448585969290350  0.000000000043791538571583624  0.000000000015349957141313005  0.000000000007871992345088404  0.000000000010362374308458856 -0.707106781101939180613283331 -0.169884577376488380882034457 -0.000000000023177708587917193 -0.000000000011164956044460512 -0.228864537049040172160562813  0.131708887450565590541431103 -0.136670241589324968796686360  0.483948397834573743411410926  0.117845276829525616862643766 -0.276570291721855702170296265  0.239673912349208958702268674  0.026570597273629729309082437  0.876991358696656567487618533 
  6 -0.000000000015746233871736720  0.707106781247130355776663035  0.000000000025446953167288830 -0.000000000032422465805660936 -0.000000000057478559543818538 -0.000000000066938320410002975  0.000000000004758010633101847 -0.169884577233516576700135883 -0.000000000002964788602257549 -0.000000000003124014925787240  0.129131906132172541570380178 -0.259752112989841410072705541  0.309075866822488241512315726  0.206040183283374883220799220  0.072576135382937626236454255 -0.000006467252012593501927171 -0.075763816768642523906472468 -0.487857685158978798427081500  0.876991358689526256768587142 
  7  0.000000000005300483549848635 -0.000000000000214587314633644  0.000000000015746552813900128  0.000000000002164346949075174  0.000000000010451041725086372 -0.707106781269400124867539198  0.000000000004369329640706800 -0.169884577233631486978693986  0.000000000068222182939493203 -0.000000000012158680870551275  0.492004420773241248467187031  0.046817760456226246830132610 -0.450756390654790566226151061  0.071093550323671800920673040  0.087002886784740492396607574  0.032564670251931340878896954 -0.074742793234798290907632250 -0.066535071463372193390677437  0.876991358621658765302477045 
  8 -0.707106781160413249190908880 -0.000000000017856191600365598  0.000000000010290440153434587  0.169884577287935877064947027  0.000000000063617033107989641  0.000000000040011718709061432 -0.000000000011931085065129927  0.000000000012157771823748923  0.000000000018817366226325933 -0.000000000064542871766806164 -0.154130078668466075479692202 -0.371809182873009349385405586 -0.285096512820280096082645183 -0.062862769630945334677389006 -0.388438131219491691880924683 -0.244606991342976517941074435 -0.058832054896318587707508682 -0.098647649273469348599142816  0.876991358687573612667488787 
  9  0.707106781212681785532461060 -0.000000000002294638024965303 -0.000000000004105625699763205  0.169884577299922917792375163 -0.000000000030669853691000052  0.000000000012113423829258192  0.000000000040848072915961082  0.000000000009113971289074187  0.000000000026406219574656151  0.000000000036930332306086794 -0.154130078650855384376052240 -0.371809182809841074006081477 -0.285096512737941487359563317 -0.062862769651565461844822981 -0.388438131287201977799626931 -0.244606991263023572838312437 -0.058832054917021673969587496 -0.098647649287874317129806885  0.876991358675086844646009987 
 10 -0.000000000015592456001157037  0.000000000036465448663672764 -0.707106781198884840283856029  0.169884577390117094897658764  0.000000000016107765463110581 -0.000000000004330521596571837 -0.000000000006470021348937963 -0.000000000004055548413398271  0.000000000015393956611332067 -0.000000000000531194155513378  0.078617024428504893911943789  0.349411207531110904790389721  0.053226874963357885040172611 -0.311485964071854985686692643 -0.028297350286384266472770291 -0.329216501274449980114214162  0.209615248081258508889364485 -0.299818276401334189148811457  0.876991358687948813731283249 
 11 -0.000000000000184680303417327 -0.707106781125964689409257868 -0.000000000038117083030303522 -0.000000000076390445402036610 -0.000000000027314571956454447 -0.000000000045630715421595007  0.000000000043955763781894492 -0.169884577266326257941530739  0.000000000024589933715377060 -0.000000000023046287990361862  0.129131906174233082926607399 -0.259752112995992313562590784  0.309075866870936006544938121  0.206040183291171773998667373  0.072576135362818220291860043 -0.000006467212783151721281868 -0.075763816809572685144306969 -0.487857685271415276876197376  0.876991358671520429850145678 
 12 -0.000000000003556009215117107  0.000000000009330129516783491  0.000000000004857249549700879 -0.169884577281173194271087813  0.000000000024991512305522987  0.000000000014321354215768907  0.000000000013575234629103543  0.000000000019630115221585884 -0.707106781229176500414620316  0.000000000080985934009534586 -0.337118854706613253551742565  0.142519592271655181527491123 -0.281455614536239481950205196 -0.069242052337577962551305732  0.020140093118298515172351240  0.340242048566048255930005170  0.002833194409123442842874966 -0.370119233818030993698154629  0.876991358681597216477490025 
 13  0.000000000053713784947370958 -0.000000000000849605278705027 -0.000000000016906680725792178  0.169884577337775467527434398  0.707106781121614916751309116 -0.000000000009896241236620412  0.000000000019924294571180723  0.000000000008797196448552905  0.000000000003971599078986964  0.000000000031062677279373608  0.075167731253459547871456723 -0.244368055129286394913179850 -0.024634280608855335738778601 -0.066488283819157860465647817  0.057823049612664743781111684  0.246591831415852972368414446  0.579633197686031716156212362  0.024901332726010435435784430  0.876991358604512492782179917 
 14  0.000000000011144862572974316 -0.000000000036884851844221631 -0.000000000019058089908092871  0.169884577325422231214324155 -0.000000000031189464569526030  0.000000000020600176897414212  0.000000000044132494148847946 -0.000000000047348582683202327 -0.707106781143918557348045789 -0.000000000010517190285146420  0.337118854845561973730119418 -0.142519592333129035231363731  0.281455614434260012105383855  0.069242052343118127191831830 -0.020140093049876843625238683 -0.340242048646859128626209270 -0.002833194424843683499819593  0.370119233816202103631420178  0.876991358690216499987071797 
 15  0.000000000040573101848525118  0.000000000031013592862513607  0.000000000008975907374351326 -0.169884577305232291054054757  0.707106781251480123609912121 -0.000000000007231318147413619 -0.000000000015853581394185411 -0.000000000011093007780136357 -0.000000000010169551347632535 -0.000000000011471654437465930 -0.075167731222138402588780690  0.244368055026997763070598264  0.024634280695750889066236700  0.066488283840425062481483461 -0.057823049561124851235521110 -0.246591831370688585082996853 -0.579633197602526891681774118 -0.024901332726626765403938734  0.876991358693094084496722634 
 16  0.000000000001196390156310343  0.000000000027098587532084033 -0.707106781174210202299979661 -0.169884577399834945648647751 -0.000000000024038538800896888 -0.000000000003769550212223432 -0.000000000019474216088402699 -0.000000000025663227468636601 -0.000000000001193116251115395 -0.000000000014762174901052571 -0.078617024445722312578398519 -0.349411207496391743786102665 -0.053226874999302906959109012  0.311485964137113373627124488  0.028297350255644554961056373  0.329216501280473168897884248 -0.209615248086943660145919574  0.299818276408102627497665946  0.876991358691240972486093119 
 17 -0.000000000021931144695820874 -0.000000000018237064610264998  0.000000000005392848660238257  0.876991358616226200910648975 -0.000000000004358746570895053  0.000000000003936053475656377  0.000000000003299826269341358 -0.000000000009342630384490309  0.000000000004449007897749040 -0.000000000009203954350323606 -0.130474784127749657649565640  0.158567845107407993080926231 -0.009666932952485854478151138  0.143965508921711400245561224  0.146854760603709098186952717  0.258596593801508635424545035 -0.281884564990386706000114955  0.001334821316100584500721037  0.876991358696377512225647588 

 0.876991358697321408608143373 

