
  0 -0.000000000000000653233285056  0.000000000000008327570813725  0.707106781186608385691375750  0.000000000000014519892944059  0.000000000000011722529820472  0.000000000000054239133860470 -0.000000000000049784855893678  0.000000000000005519326745277 -0.000000000000018453003069224  0.000000000000016966792138096  0.172353774976074343102967062  0.262369598704160560250983614 -0.092943128175894688006533108 -0.210665689509999753918222283  0.088756284909436247880574859 -0.141450505123760984131989216  0.387746715960523376156426911 -0.116179816124728609734158367  0.387126721105107467272828450 -0.082702025357022679785592295  0.707106781186788599337031402 
  1 -0.000000000000068076060223511  0.000000000000003555645511620  0.000000000000012549885785797  0.000000000000003725303196505  0.707106781186515990361707296 -0.000000000000018678877762638  0.000000000000037957800260432 -0.000000000000032811351732551 -0.000000000000087903174597398  0.000000000000006249891236825  0.117257947768471857422295859 -0.095856301035227290877191106  0.093355228688463333176262866  0.347971795197490888390838212 -0.496540710492034139495950984 -0.156690699240776008780459509  0.089693245633507623580909628 -0.225663963895328342437350197  0.107539833451654271509608744 -0.074993354132504393435947315  0.707106781186787550371429523 
  2 -0.000000000000050180185264609 -0.707106781186562441377484178  0.000000000000030424630292733 -0.000000000000013556139109841 -0.000000000000018177887532419 -0.000000000000006785114257107 -0.000000000000049294041515507 -0.000000000000006012369063155 -0.000000000000038802671511597 -0.000000000000008388625586275  0.169003494771730739193796311  0.005391939371742522548851408  0.079287849649260791728673861  0.060251934301365602418082629 -0.113486939907619008421619904 -0.052276179737224937101188436  0.368173317427401088666434961  0.493700255243453696614441828 -0.208181340656516643229309582  0.152475566133279517752304247  0.707106781186784071437708560 
  3  0.000000000000056377154238724  0.000000000000009504421435375  0.000000000000003737792442407 -0.000000000000002382748656268 -0.000000000000035472063644011  0.000000000000010626535705322  0.000000000000049567028885990  0.000000000000030363478318550 -0.707106781186476761758702425 -0.000000000000000896279311906  0.193865697935157347780543539  0.219094853619943274571969273 -0.070133505050127181008022548  0.285292467861429628828368391  0.122583076228109413232552401  0.112966324050662974229645909 -0.101388842602269372310177121 -0.094659026456595708061121739  0.101107574458275601832451911  0.520434687812552563689495050  0.707106781186675667971383574 
  4  0.000000000000010677526527173 -0.000000000000014827864798031  0.000000000000039493974591038 -0.000000000000039820322432876 -0.000000000000053497508051026  0.000000000000021370426226801 -0.000000000000052971879323248 -0.707106781186468128473643358 -0.000000000000010781382221265  0.000000000000009567647476517 -0.144102681732661108855979987  0.075492090476945987270968128 -0.045504728889090807766127983  0.241075898579886791932075027  0.017278462416185961879723856 -0.052592520539831655973609130 -0.215294348813991887644885004  0.408823700253918403122507103  0.414822372102445990443798582 -0.157214817266604520580282681  0.707106781186721089266147139 
  5  0.000000000000015849640182952  0.707106781186532572637624267 -0.000000000000052490617438143  0.000000000000003917599731000 -0.000000000000039850703062807  0.000000000000001988443270859 -0.000000000000080218053549696 -0.000000000000004524012772805 -0.000000000000022614279689530  0.000000000000011745473635706  0.169003494771810310241355428  0.005391939371733785278639604  0.079287849649193683110749015  0.060251934301395899993783077 -0.113486939907586382948658649 -0.052276179737274511110501187  0.368173317427437183979371457  0.493700255243477519192466657 -0.208181340656489239545061561  0.152475566133233188045197938  0.707106781186765783549143943 
  6  0.000000000000009293402533272  0.000000000000011341438842499  0.000000000000013843449074614  0.000000000000000048968038867  0.000000000000004534160135298 -0.000000000000001446756224294  0.000000000000076870267112880 -0.000000000000014263277366411 -0.000000000000040215218777272 -0.707106781186600230647894966  0.277467538299753940339272343 -0.219270127288115010164384379  0.115882607603659744143268211 -0.359470817079163876511631315 -0.144898646049071398790347893 -0.214486229799548691352735659 -0.285665756216885375148471435  0.097307759919025581132976527  0.172499799024382471416779773  0.210842272594737051283602519  0.707106781186772054249248948 
  7 -0.000000000000042934755316845  0.000000000000008792657364674  0.000000000000002327233408942 -0.000000000000019400493584581 -0.000000000000001596924092365 -0.000000000000031434835591680 -0.000000000000163317190633031  0.000000000000002107985754790  0.000000000000022104751947566 -0.707106781186494782445641633 -0.277467538299856542971608825  0.219270127288080341824137200 -0.115882607603709636525160780  0.359470817079216650513162970  0.144898646049097966378538076  0.214486229799539999791809820  0.285665756216978737017271606 -0.097307759919043566244531950 -0.172499799024372555574760764 -0.210842272594738311709285615  0.707106781186788853961911611 
  8  0.000000000000029983305382497  0.000000000000005349287902607  0.000000000000038417542170484  0.707106781186518426835039414 -0.000000000000038372419666295 -0.000000000000002859426609428 -0.000000000000032496537312287 -0.000000000000023402483237092 -0.000000000000004810407544264 -0.000000000000064143330075536  0.257861529129462098696183234  0.335623439828854604199829051  0.167478776310808166345451935 -0.111920273024119893036506732 -0.208849010624254054235317268  0.407289874767019313011890552 -0.155381240470302306420371206  0.053058865243072322789966199 -0.038662969465736517134810471 -0.205749121015861540024880459  0.707106781186758208608035547 
  9  0.000000000000006457578554165 -0.000000000000006683956307123  0.000000000000076529132870853  0.000000000000021653877482157 -0.000000000000003990612749875 -0.000000000000026429001318447  0.000000000000022580252915379 -0.000000000000002292011275319  0.707106781186618269820481214 -0.000000000000019006730703635  0.193865697935195857842111122  0.219094853619927589283614654 -0.070133505050077112267094097  0.285292467861441680575772251  0.122583076227978284651522894  0.112966324050469225397292684 -0.101388842602286336293021442 -0.094659026456574509692811457  0.101107574458181654792634195  0.520434687812444485971712788  0.707106781186803917107954603 
 10  0.000000000000049405496063812 -0.000000000000042808913513429  0.000000000000017550379379981 -0.000000000000012975715892371  0.000000000000039969115256579 -0.000000000000016371500471250 -0.707106781186495447169993583  0.000000000000034907440627371 -0.000000000000010830459404461  0.000000000000048827564875473  0.097391229069828831489544826 -0.038259865137415883428801582 -0.653139105618080296664605677 -0.062411360361274421093005175 -0.204851716016666143583028689  0.068305470913275832360318351 -0.053100606443301039384733689  0.057364496366118640929978407 -0.071550502618449803653405232 -0.026562470624605247237855405  0.707106781186769038920376940 
 11 -0.000000000000000388489906765  0.000000000000011884904314794 -0.000000000000066919446967980  0.000000000000028498869703654 -0.000000000000000338532768714  0.000000000000000976137889491 -0.707106781186599560502532152  0.000000000000025086321192953 -0.000000000000016156318399662  0.000000000000037619358532136 -0.097391229069741033231297819  0.038259865137273768179924883  0.653139105617996598100033490  0.062411360361198437026689773  0.204851716016623054352928032 -0.068305470913349586459934176  0.053100606443129807523984790 -0.057364496366213579679358900  0.071550502618505522890138444  0.026562470624725476312422059  0.707106781186787399558907330 
 12  0.000000000000002667932984998 -0.000000000000007843710344729 -0.000000000000017111622385703 -0.000000000000024237605328458  0.000000000000043499637181705  0.707106781186567047718834200 -0.000000000000017045191452790 -0.000000000000000361028451308 -0.000000000000064402384290954 -0.000000000000036052409006278 -0.031654434503824591232878276  0.424203040664236078870902302 -0.020840387759434291269696349 -0.003513262958984103483280658 -0.034060522877220794197531285 -0.459779729606924377171813315 -0.189675801806439634533446754 -0.000687006812689295922918210 -0.260624269978564455257398491 -0.046294723691010993629768328  0.707106781186780223170517540 
 13 -0.000000000000074578857728367 -0.000000000000018117175473740  0.000000000000005497665364840 -0.000000000000010137810267200 -0.707106781186579029995983858  0.000000000000008085058161961 -0.000000000000001672784556163 -0.000000000000016773852966417 -0.000000000000056421721174947  0.000000000000003312661634806  0.117257947768437391848183726 -0.095856301035224951026601347  0.093355228688401852265568368  0.347971795197398376590751379 -0.496540710491988501577593357 -0.156690699240835167214904063  0.089693245633512793720941870 -0.225663963895401511501473749  0.107539833451599643630782355 -0.074993354132503325855949386  0.707106781186773589642155513 
 14  0.707106781186553784565237968  0.000000000000016510544715861  0.000000000000008810165137895  0.000000000000020608958842678  0.000000000000002553583553918  0.000000000000042884553973680  0.000000000000012512689122043 -0.000000000000076517286629216  0.000000000000050946028234308  0.000000000000001928839708821 -0.464397695121858070538842581  0.161581436240367679033395031  0.029453215587268026870722639 -0.213876093952983120129174299 -0.331100183786393429655105919  0.096058288773147798137494024  0.069855721941525426967121559  0.012873763038448108505645015  0.092912771040174777943394628  0.281216783859830750445622793  0.707106781186787062588872121 
 15 -0.000000000000038330919056598 -0.000000000000022823033515579  0.000000000000011104029270906  0.707106781186576565062344712  0.000000000000024509304864668  0.000000000000001467374960326  0.000000000000048019691821912 -0.000000000000005955782854708 -0.000000000000019226218532891  0.000000000000044791800093512 -0.257861529129454777024702331 -0.335623439828831369828587849 -0.167478776310827804553612273  0.111920273024163363594063979  0.208849010624223821555893107 -0.407289874767006051430387470  0.155381240470227857794396215 -0.053058865243018677418536649  0.038662969465683567424764237  0.205749121015806154519128465  0.707106781186792777689573836 
 16 -0.707106781186541234654040905  0.000000000000082540362806461  0.000000000000006007000486673  0.000000000000012261337390591  0.000000000000009056377159409 -0.000000000000003066868054796 -0.000000000000036504317196378 -0.000000000000037380594454730  0.000000000000001026450342721  0.000000000000035570182393356 -0.464397695121842954944519494  0.161581436240460413962288962  0.029453215587212779710861920 -0.213876093953056533464047312 -0.331100183786328848312445136  0.096058288773183863146979799  0.069855721941410483735593676  0.012873763038512514148261549  0.092912771040195196824553001  0.281216783859866566115713951  0.707106781186764658038868686 
 17 -0.000000000000048619358311234 -0.000000000000000929851235448  0.000000000000016436560604846  0.000000000000025629675785402 -0.000000000000016735697731223  0.707106781186527964507340660  0.000000000000001649830394323  0.000000000000023754502466109  0.000000000000101457916639627  0.000000000000003170812766122  0.031654434503829593897556187 -0.424203040664296785817099708  0.020840387759429655644723275  0.003513262959046889231077984  0.034060522877221689552014114  0.459779729606980479430069012  0.189675801806404400822424205  0.000687006812690593346471046  0.260624269978496413575084004  0.046294723691015316879154851  0.707106781186766305971960755 
 18  0.000000000000002149935818233 -0.000000000000074587692544399 -0.707106781186486629570565193  0.000000000000064041488004397  0.000000000000018774758791900  0.000000000000053564088353678 -0.000000000000000415785462711 -0.000000000000003644319259361  0.000000000000054338339116690  0.000000000000000796116860741  0.172353774976127391204360449  0.262369598704223516022222135 -0.092943128175991293408433804 -0.210665689509994773784620770  0.088756284909417794868019373 -0.141450505123735844953056229  0.387746715960541617532718328 -0.116179816124729360401861278  0.387126721105242866858252293 -0.082702025356999632974550670  0.707106781186758933993499049 
 19  0.000000000000049814220382750 -0.000000000000016316233827318  0.000000000000030330316994104 -0.000000000000010462053980459 -0.000000000000037460009711689 -0.000000000000002023056895399  0.000000000000007021883185056  0.707106781186626896275066595  0.000000000000021874090621470 -0.000000000000002587635267846 -0.144102681732690614821792985  0.075492090476957231660447983 -0.045504728889049911694063147  0.241075898579802407135290292  0.017278462416080313611676514 -0.052592520539831796852128917 -0.215294348813933701468738627  0.408823700253827022660282203  0.414822372102362359452126794 -0.157214817266548756837050288  0.707106781186804732156937769 

 0.707106781186804732156937769 

