
  0  0.000000000000011689038029172 -0.000000000000003533626883182  0.497927306475117016605017733  0.307786310982039884869172763  0.120054317602475836383735253  0.162648526775114960418126137 -0.150578863014610472292344710 -0.257987510227424171854303941 -0.288148463721475757984757590  0.257437357085635494183132113  0.048277355427755539491894900 -0.390680525659161209184669361 -0.472198418291052903969506893  0.497927306475132237909052638 
  1  0.000000000000056178303467375 -0.497927306474995899729808074  0.000000000000045416890528321 -0.073881723032012786230341653 -0.177834302636488638779308467 -0.042931123491404114071701668 -0.360080081156413712637192476 -0.333648056616475553043388302 -0.154009550335739287075316646  0.215935042362865019607322259  0.212692500563045682176327444 -0.178276233563099489225559080  0.569908482141036884136790081  0.497927306475097485136561276 
  2  0.497927306475112597288542465  0.000000000000008923120657738 -0.000000000000012009560020515 -0.331310533419882535094685289 -0.310002573465124749851765454  0.422059434978658261556662412  0.092632198920034513063667854  0.424610588710222723791455623 -0.126602542878739660802073566  0.313368549462879226493025250 -0.110146582963798562002533544 -0.229316094515269753239226913  0.015649178323344238384086618  0.497927306475133507049010695 
  3  0.000000000000006763545863854  0.000000000000003751556515368 -0.497927306475111288222839406 -0.062629327146678362886510552 -0.036581341824693021734770651 -0.046880631833425120065685218  0.272812537590015722233516976 -0.438982245868805662567099443  0.384878548288359836622007232  0.245603909854619458804194168 -0.166821850921325520744360055 -0.457838706420177989585545281 -0.177705642208468464756190332  0.497927306475121812708852995 
  4 -0.000000000000135455959941448 -0.433609385699580633205226302 -0.064317920775403098428732278 -0.057130334959343490501624662  0.593829834785685018870744767  0.005024590338223100549607263 -0.308862829553621880628554164  0.288304309383001702843515521  0.141502160540644165433957907  0.041100952663940812164492661 -0.490754649936500348718099868 -0.091542642385611277761959300 -0.049750954690976452552287485  0.497927306475119188939595580 
  5  0.000000000000006855732817312  0.000000000000006572893918054 -0.497927306475119672141398802  0.611501160533107643519148966 -0.169561116040696930329909932  0.227322941480908488669438264 -0.079901185468347089365271241  0.063699500688070205553308577 -0.421743981530987374146046340 -0.191121313273922413005141176 -0.256132986542320657802731046 -0.050833946525651807229367104  0.068430046396438153241648886  0.497927306475133108414976926 
  6  0.497927306475116997550164552 -0.000000000000007555478907051  0.000000000000009381431580523 -0.167326382151496285988776305  0.062438227452300123495676845  0.198779065204642741457145838 -0.250460642609069265683433350 -0.312988375704357906160113165  0.103935497199974671507277570 -0.690939539366632900175765886  0.076328289561958644112034909 -0.121770392084743230347537810 -0.105414907176366574143803329  0.497927306475133952168212609 
  7 -0.497927306475060285048716072  0.000000000000047496458635229  0.000000000000015716941050145  0.013886167570265037057312062 -0.272755382623554105264718217  0.546635931203356938536466747 -0.359576873241740628447385072  0.127781159879436339432820166  0.453185506621731847205249155 -0.056184036698691481588163309  0.116235813779031169681041705 -0.024830913783615902655049464 -0.101904814006109604713860850  0.497927306475123496257986430 
  8  0.064317920775731962290872913 -0.433609385699314654207502107 -0.000000000000088588238140692  0.236653191593958819107261157 -0.241389721404290786226478141 -0.381129263245499394523923067  0.120208418077172991880730273  0.423415492498295416669892161  0.168296937129971133363898032 -0.222311562332822707812023805  0.346117397614889732589647797 -0.323420049607321650656606080 -0.228993548881093590270890785  0.497927306475135229222846525 
  9 -0.497927306475094628263836777 -0.000000000000031749981601664  0.000000000000007297416279476 -0.488198888079045796497407173 -0.045527555991006672900814562 -0.039410180238578849853996406  0.141385708582625928928931842  0.050950916358770095596991906 -0.446777230608944688047736576 -0.341155973799021163146965446 -0.140294407359258069178313370 -0.389036586710902997424382094 -0.022116266171473648772003795  0.497927306475133691661535615 
 10 -0.064317920775701145260359100 -0.433609385699238439565265935 -0.000000000000065236937708360  0.048343607210443832087286547  0.306089393391284812849083979  0.498421715973968366389292711  0.587515922761106134341018564 -0.096126075920453152378697490 -0.056794241816368697961400986 -0.069266578022501648081456736  0.270561145399460091840295253  0.162609050357876581710970393  0.036199644737504673652842826  0.497927306475004838543039348 
 11  0.000000000000012315734799960 -0.433609385699594571464410286  0.064317920775484342129192997 -0.143025755686016451729593302 -0.454316779301815767922942402 -0.073017882603105965367131045  0.014629780275959856660186113 -0.232455160189912434103606635 -0.076150841390432327186309908  0.002512181482162488732085167 -0.370165386471092121105624234  0.457073852299629787110206436 -0.411898990419179457611554770  0.497927306475091222567972565 
 12 -0.000000000000011501195529291  0.000000000000002131866606952 -0.497927306475106979115514971 -0.252180746131768343179643463  0.190806307804695935104394647 -0.027874631073471167009569251 -0.301704252045271737527358177  0.050028053837630504326787831 -0.279397553126440162011385679  0.197970198510869007895557857  0.486808865616537063625507767  0.188857636734387248234751100 -0.409701957441158605974836776  0.497927306475120600787664590 

 0.497927306475135229222846525 

