
  0 -0.23570226042012837  0.47140452078204220  0.47140452078771489  4.71404520787714887e-01
  1 -0.47140452079624579 -0.47140452079907247  0.23570226036900599  4.71404520799072468e-01

  0  0.23570226037611744 -0.70710678121637416  0.66666666664188912 
  1  0.94280904158111467 -0.00000000001703028 -0.33333333333601656 
  2  0.23570226041870893  0.70710678115672088  0.66666666669010266 

  0  1.00000000000000000 -0.00000000000000000  0.00000000000000005 
  1 -0.00000000000000000  0.99999999999999989 -0.00000000000000000 
  2  0.00000000000000005 -0.00000000000000000  1.00000000000000000 

