
  0  0.21654953339175095  0.28722939784652757  0.20760657670697683 -0.28722939559421334 -0.28722939788361490 -0.28722939136641085 -0.28722939846468987  0.28722939846388512  0.28722939846395179 -0.28722939249935747  2.87229398464689867e-01
  1  0.28722939456308327 -0.28722939774989165  0.20760661340754730  0.28722939565133343  0.28722939673649905 -0.28722934981974885 -0.28722939846449613  0.28722939845964029  0.28722939846460716 -0.21654955215558899  2.87229398464607155e-01
  2 -0.24450068109720749  0.28722939729922747 -0.28722939773919043 -0.28722939351458054 -0.28722939835864991  0.28722924345996731 -0.28722939846486606  0.28722939846215573  0.28722939846112594  0.17382085962833790  2.87229398464866059e-01
  3 -0.17382081992587520 -0.28722939829719174 -0.28722936103861996  0.28722939773096623  0.28722939626146404  0.28722928500662931 -0.28722939846467233  0.28722939845791090  0.28722939846178130  0.24450069997210638  2.87229398464672325e-01

  0 -0.07067986117133232  0.46105021448895844  0.04272871346587576 -0.19368431302579756 -0.23994811931964993 -0.03142498208512331  0.58744099217984735  0.10042347847129326  0.38665990647275555  0.42409597241501529 
  1  0.57445879559641921  0.00000000054730006 -0.00000000045066418 -0.32097056858268658 -0.54367521660122953 -0.08327583731723950 -0.01118396690715785 -0.00350969208726846  0.15547294089356997 -0.49004912573528153 
  2 -0.00000003670057046  0.49483597444616723 -0.07962278433164312 -0.13464017906761425  0.07514533440125135 -0.55716771019154110  0.04923731394306691  0.07378959768079199 -0.62955312884227121 -0.10188500567871875 
  3 -0.57445879124554677 -0.00000000207963285  0.00000000213675289  0.12664583454927786 -0.61533711098332577  0.16896982793882015  0.09511179645406788 -0.37188499278987119 -0.25656032715554278 -0.18330156488104618 
  4 -0.57445879462011395  0.00000000047503500 -0.00000000162215082 -0.42424364889396704  0.15419255826688555 -0.19356594153268636 -0.15440393389679624  0.30828478870422366  0.37158652528771569 -0.41450533094980052 
  5 -0.00000004154666199 -0.57445863482637816 -0.00000010635978149 -0.27441140087457955  0.21792807509941878 -0.14761158867629029  0.67153901441647468 -0.16721714240467994 -0.18547911313374590 -0.10993230148167314 
  6 -0.00000000000019372  0.00000000000017616 -0.57445879692936219  0.39093236019985916 -0.05028167725943174  0.20061473725473022  0.29829637284776944  0.55783033293573869 -0.06288479643714673 -0.26511234691533581 
  7  0.00000000000424481  0.00000000000172943  0.57445879692179602 -0.22022862312025721 -0.05604560665048988  0.46512045565286347  0.05100219811661039  0.50417496656825378 -0.38107972847032273  0.00170743325758268 
  8 -0.00000000000065532  0.00000000000282585  0.57445879692573310  0.60718222293005153  0.00198156293405653 -0.37253120150384078  0.19581337418243644  0.08527081372503717  0.19786727000724363 -0.27888702082499883 
  9 -0.07067984034376849 -0.46105025212769540 -0.04272869252725110  0.00371976765634483 -0.43082978405288791 -0.44550104757331610 -0.19643671301490279  0.38796930529868062 -0.05792389034566951  0.45171807577588147 

  0  1.00000000000000000 -0.00000000000000000 -0.00000000000000001 -0.00000000000000001 -0.00000000000000001  0.00000000000000001 -0.00000000000000002  0.00000000000000003  0.00000000000000000  0.00000000000000002 
  1 -0.00000000000000000  1.00000000000000000 -0.00000000000000002 -0.00000000000000000  0.00000000000000008 -0.00000000000000001  0.00000000000000001  0.00000000000000001 -0.00000000000000001 -0.00000000000000000 
  2 -0.00000000000000001 -0.00000000000000002  1.00000000000000000  0.00000000000000002 -0.00000000000000004 -0.00000000000000003 -0.00000000000000000 -0.00000000000000002  0.00000000000000001 -0.00000000000000001 
  3 -0.00000000000000001 -0.00000000000000000  0.00000000000000002  1.00000000000000022  0.00000000000000004 -0.00000000000000000  0.00000000000000003 -0.00000000000000001 -0.00000000000000002  0.00000000000000001 
  4 -0.00000000000000001  0.00000000000000008 -0.00000000000000004  0.00000000000000004  1.00000000000000000 -0.00000000000000002 -0.00000000000000004  0.00000000000000001  0.00000000000000001 -0.00000000000000001 
  5  0.00000000000000001 -0.00000000000000001 -0.00000000000000003 -0.00000000000000000 -0.00000000000000002  1.00000000000000022  0.00000000000000002 -0.00000000000000002  0.00000000000000001  0.00000000000000001 
  6 -0.00000000000000002  0.00000000000000001 -0.00000000000000000  0.00000000000000003 -0.00000000000000004  0.00000000000000002  1.00000000000000000 -0.00000000000000006  0.00000000000000001 -0.00000000000000001 
  7  0.00000000000000003  0.00000000000000001 -0.00000000000000002 -0.00000000000000001  0.00000000000000001 -0.00000000000000002 -0.00000000000000006  1.00000000000000022  0.00000000000000002  0.00000000000000001 
  8  0.00000000000000000 -0.00000000000000001  0.00000000000000001 -0.00000000000000002  0.00000000000000001  0.00000000000000001  0.00000000000000001  0.00000000000000002  0.99999999999999989  0.00000000000000001 
  9  0.00000000000000002 -0.00000000000000000 -0.00000000000000001  0.00000000000000001 -0.00000000000000001  0.00000000000000001 -0.00000000000000001  0.00000000000000001  0.00000000000000001  1.00000000000000000 

