
  0 -0.28867513459545258 -0.28867513459531913 -0.28867513459608735  0.28867513459520605  0.28867513459181399  0.28867513459499827  2.88675134596087346e-01
  1 -0.28867513459405847  0.28867513459262062 -0.28867513459538324 -0.28867513459541999  0.28867513459608168 -0.28867513459531324  2.88675134596081684e-01

  0 -0.00000000000139406 -0.57735026918951105 -0.72211618468363847  0.09819428779120383  0.22250855770574429 -0.29336445946575096 
  1 -0.57735026918793975 -0.00000000000269850  0.22372004807411638  0.47099039455233610 -0.24476341733505202 -0.57868378630494788 
  2 -0.00000000000070410 -0.57735026919147059  0.43457494272912506 -0.61703989084371080 -0.16437975453749873 -0.26467405468290073 
  3  0.57735026919062604 -0.00000000000021393  0.36870324399767795  0.29742647978366843  0.52191115354356332 -0.41215388080354476 
  4 -0.00000000000426770  0.57735026918789567 -0.28754124195273967 -0.51884560305364669  0.05812880316648131 -0.55803851415405958 
  5  0.57735026919031152 -0.00000000000031501 -0.14498319592802056  0.17356391476222011 -0.76667457087712765 -0.16652990550395735 

  0  1.00000000000000000  0.00000000000000004  0.00000000000000006  0.00000000000000001 -0.00000000000000002 -0.00000000000000001 
  1  0.00000000000000004  1.00000000000000000  0.00000000000000000  0.00000000000000001  0.00000000000000000 -0.00000000000000000 
  2  0.00000000000000006  0.00000000000000000  0.99999999999999989 -0.00000000000000000  0.00000000000000001  0.00000000000000000 
  3  0.00000000000000001  0.00000000000000001 -0.00000000000000000  1.00000000000000000  0.00000000000000000 -0.00000000000000002 
  4 -0.00000000000000002  0.00000000000000000  0.00000000000000001  0.00000000000000000  1.00000000000000000  0.00000000000000000 
  5 -0.00000000000000001 -0.00000000000000000  0.00000000000000000 -0.00000000000000002  0.00000000000000000  1.00000000000000000 

