
  0 -0.34299717032297539 -0.34299717034286920 -0.34299717026541154 -0.34299717023783088 -0.34299717029455290 -0.17149858506662063 -0.17149858525195524 -0.34299717029356630 -0.34299717028199089 -0.34299717022416520  3.42997170342869195e-01
  1 -0.34299717033094174 -0.34299717034293742  0.17149858559690079  0.34299717009397818 -0.34299717030441457  0.34299717024375520 -0.17149858537511703 -0.34299717027982973 -0.34299717031736809 -0.34299717002341645  3.42997170342937419e-01
  2 -0.34299717032668225 -0.34299717034286131 -0.34299717025839926 -0.34299717020588955  0.34299717034251198 -0.17149858515064953 -0.34299717013851916  0.34299717031719373 -0.17149858531455409 -0.34299717025799126  3.42997170342861313e-01
  3 -0.34299717033464860 -0.34299717034292954  0.17149858560391307  0.34299717012591951  0.34299717033265031  0.34299717015972631 -0.34299717026168092  0.34299717033093030 -0.17149858534993129 -0.34299717005724251  3.42997170342929536e-01
  4 -0.34299717032694044 -0.34299717034320976 -0.34299717016568232 -0.34299717024410664 -0.34299717033018406 -0.17149858526710815  0.34299717027824256 -0.34299717030978877  0.17149858534830703  0.34299717011678810  3.42997170343209756e-01
  5 -0.34299717033490679 -0.34299717034327798  0.17149858569663001  0.34299717008770242 -0.34299717034004573  0.34299717004326769  0.34299717015508080 -0.34299717029605220  0.17149858531292983  0.34299717031753685  3.42997170343277979e-01
  6 -0.34299717033064731 -0.34299717034320187 -0.34299717015867004 -0.34299717021216530  0.34299717030688082 -0.17149858535113705  0.17149858539167862  0.34299717030097127  0.34299717031574384  0.34299717008296204  3.42997170343201874e-01
  7 -0.34299717033861366 -0.34299717034327010  0.17149858570364229  0.34299717011964376  0.34299717029701915  0.34299716995923879  0.17149858526851683  0.34299717031470783  0.34299717028036664  0.34299717028371079  3.42997170343270097e-01

  0  0.00000000000796635  0.00000000000370685  0.00000000000396506 -0.68599434066158904  0.27715366154480159 -0.16292503942618972  0.34491574357772964 -0.19936839285261682 -0.34246725638961095  0.38736881142538421 
  1  0.00000000000006823 -0.00000000000000790  0.00000000000034054 -0.68599434068613929 -0.39814303284176189  0.26442398953521995 -0.41989531583341116  0.04955113392411993  0.32292908532568143 -0.13387777419401378 
  2 -0.51449575586231233 -0.00000000000701233 -0.00000000009972927 -0.17149858456176925  0.58963171828903849 -0.00993676455129461  0.11577809602910204  0.24068901204479637  0.30068628522672081 -0.44313659296889119 
  3 -0.68599434033180906 -0.00000000003194138  0.00000000000627581 -0.00000000011818718 -0.52147946231782671 -0.28959170402285772  0.05127157311839105  0.08841825968095515 -0.39241491418648955 -0.09576822355844813 
  4  0.00000000000986168 -0.68599434063706488  0.00000000003563121  0.00000000000246625 -0.23332041630578715  0.20480663778369507  0.53213307704575030  0.25882162797601832  0.25344053114794590  0.13653292440163731 
  5 -0.51449575531037584  0.00000000008402887  0.00000000020048755  0.17149858489261818  0.10567423080252518  0.39605903649527002 -0.18414019374242871 -0.35858002483270146  0.22253359995306896  0.57082755840409083 
  6  0.00000000012316178  0.17149858488656392 -0.51449575553019777  0.00000000001656159 -0.01392262583540984 -0.44647140508215316 -0.09913220019743051  0.44745859521103237  0.33025145724086397  0.43271166531907118 
  7 -0.00000000001373657 -0.68599434061076003  0.00000000001622248  0.00000000002114157  0.18642618435570099 -0.43640996744181931 -0.50005091835780913 -0.22865282453220406 -0.03712232761418023 -0.02218739348087698 
  8  0.00000000003537719 -0.17149858496743681 -0.51449575563029792 -0.00000000000162427  0.17365430231708126  0.47994191497009847 -0.22746083517140800  0.32678338073387042 -0.53502135783077653 -0.02467045881936795 
  9 -0.00000000020074875  0.00000000003382604 -0.68599434034095330  0.00000000005954562 -0.11979875751641830 -0.02510288238533041  0.24494477663791786 -0.58068148244822582  0.15357742563063867 -0.30603090479532929 

  0  1.00000000000000000  0.00000000000000002  0.00000000000000003 -0.00000000000000004 -0.00000000000000001  0.00000000000000000 -0.00000000000000001  0.00000000000000002 -0.00000000000000002  0.00000000000000001 
  1  0.00000000000000002  1.00000000000000000  0.00000000000000002 -0.00000000000000000  0.00000000000000000  0.00000000000000003 -0.00000000000000001 -0.00000000000000000  0.00000000000000001 -0.00000000000000000 
  2  0.00000000000000003  0.00000000000000002  1.00000000000000000  0.00000000000000003 -0.00000000000000001  0.00000000000000002  0.00000000000000000 -0.00000000000000000  0.00000000000000000  0.00000000000000000 
  3 -0.00000000000000004 -0.00000000000000000  0.00000000000000003  1.00000000000000022  0.00000000000000000 -0.00000000000000001  0.00000000000000002  0.00000000000000001 -0.00000000000000003  0.00000000000000001 
  4 -0.00000000000000001  0.00000000000000000 -0.00000000000000001  0.00000000000000000  0.99999999999999989  0.00000000000000003 -0.00000000000000002 -0.00000000000000000 -0.00000000000000003  0.00000000000000002 
  5  0.00000000000000000  0.00000000000000003  0.00000000000000002 -0.00000000000000001  0.00000000000000003  0.99999999999999989  0.00000000000000000  0.00000000000000000  0.00000000000000000  0.00000000000000000 
  6 -0.00000000000000001 -0.00000000000000001  0.00000000000000000  0.00000000000000002 -0.00000000000000002  0.00000000000000000  1.00000000000000000 -0.00000000000000001 -0.00000000000000002  0.00000000000000002 
  7  0.00000000000000002 -0.00000000000000000 -0.00000000000000000  0.00000000000000001 -0.00000000000000000  0.00000000000000000 -0.00000000000000001  1.00000000000000000 -0.00000000000000000  0.00000000000000000 
  8 -0.00000000000000002  0.00000000000000001  0.00000000000000000 -0.00000000000000003 -0.00000000000000003  0.00000000000000000 -0.00000000000000002 -0.00000000000000000  1.00000000000000000 -0.00000000000000000 
  9  0.00000000000000001 -0.00000000000000000  0.00000000000000000  0.00000000000000001  0.00000000000000002  0.00000000000000000  0.00000000000000002  0.00000000000000000 -0.00000000000000000  0.99999999999999989 

