
  0  0.49984043734566913  0.31000990828729741 -0.49698684601448073 -0.49921359123135262  0.49999271411681545 -0.39680122074023311 -0.48014382677211331 -0.28758467951783689 -0.49774779054639606  0.43520504472129290  4.99992714116815451e-01
  1 -0.49983314712813359  0.30824061096595873 -0.49902810469295245 -0.49947533302310304  0.49999271411647678 -0.41420312262652775 -0.47920558997998591 -0.27049244744211487 -0.49101666538539368  0.43725441675382448  4.99992714116476777e-01
  2  0.49989648871397935  0.31246448209982575  0.49956189168488918 -0.49871942443883355  0.49999271411710039 -0.45389119543399453 -0.48020134613108456 -0.23159648014901346 -0.47569399982712751  0.43319894353911020  4.99992714117100390e-01
  3 -0.49977709575982338  0.31069518477848707  0.49752063300641747 -0.49898116623058392  0.49999271411676172 -0.47129309732028918 -0.47926310933895722 -0.21450424807329144 -0.46896287466612513  0.43524831557164179  4.99992714116761716e-01
  4  0.49980159740197044  0.29933746386043630 -0.49694278720288343 -0.49910355122316025  0.49999271411683704  0.30435125093598064 -0.47963322887832338  0.42483526745904715 -0.49456686244437986  0.40839581180756346  4.99992714116837045e-01
  5 -0.49987198707183228  0.29756816653909773 -0.49898404588135514 -0.49936529301491067  0.49999271411649837  0.28694934904968600 -0.47869499208619604  0.44192749953476917 -0.48783573728337748  0.41044518384009504  4.99992714116498371e-01
  6  0.49985764877028066  0.30179203767296464  0.49960595049648648 -0.49860938443064118  0.49999271411712198  0.24726127624221922 -0.47969074823729468  0.48082346682787058 -0.47251307172511131  0.40638971062538076  4.99992714117121984e-01
  7 -0.49981593570352206  0.30002274035162596  0.49756469181801477 -0.49887112622239160  0.49999271411678331  0.22985937435592457 -0.47875251144516728  0.49791569890359261 -0.46578194656410893  0.40843908265791234  4.99992714116783310e-01
  8  0.49989193288388817 -0.44036331915592514 -0.49677165835905557 -0.49925458175399595  0.49999271411681384 -0.41754903203580401 -0.49512736344054875 -0.30324321908232926 -0.49801697205669998 -0.22512799892719210  4.99992714116813841e-01
  9 -0.49978165158991456 -0.44213261647726382 -0.49881291703752728 -0.49951632354574638  0.49999271411647517 -0.43495093392209866 -0.49418912664842135 -0.28615098700660724 -0.49128584689569760 -0.22307862689466051  4.99992714116475168e-01
 10  0.49994798425219839 -0.43790874534339680  0.49977707934031435 -0.49876041496147688  0.49999271411709878 -0.47463900672956544 -0.49518488279952000 -0.24725501971350583 -0.47596318133743143 -0.22713410010937479  4.99992714117098780e-01
 11 -0.49972560022160434 -0.43967804266473548  0.49773582066184263 -0.49902215675322731  0.49999271411676011 -0.49204090861586008 -0.49424664600739265 -0.23016278763778381 -0.46923205617642905 -0.22508472807684321  4.99992714116760106e-01
 12  0.49985309294018948 -0.45103576358278624 -0.49672759954745827 -0.49914454174580364  0.49999271411683543  0.28360343964040974 -0.49461676554675882  0.40917672789455478 -0.49483604395468378 -0.25193723184092154  4.99992714116835435e-01
 13 -0.49982049153361324 -0.45280506090412481 -0.49876885822592998 -0.49940628353755401  0.49999271411649682  0.26620153775411509 -0.49367852875463147  0.42626895997027681 -0.48810491879368140 -0.24988785980838996  4.99992714116496817e-01
 14  0.49990914430849970 -0.44858118977025790  0.49982113815191165 -0.49865037495328451  0.49999271411712037  0.22651346494664831 -0.49467428490573012  0.46516492726337821 -0.47278225323541523 -0.25394333302310423  4.99992714117120374e-01
 15 -0.49976444016530303 -0.45035048709159659  0.49777987947343993 -0.49891211674503494  0.49999271411678170  0.20911156306035367 -0.49373604811360272  0.48225715933910024 -0.46605112807441285 -0.25189396099057265  4.99992714116781700e-01
 16  0.49986288804510776  0.48773277958679023 -0.49747445126833612 -0.49871861306347454  0.49999271411558521 -0.39711922499252245  0.47818947314093407 -0.29370461043220336 -0.49862757437231053  0.21165850520916479  4.99992714115585213e-01
 17 -0.49981069642869497  0.48596348226545155 -0.49951570994680783 -0.49898035485522491  0.49999271411524654 -0.41452112687881709  0.47912770993306147 -0.27661237835648134 -0.49189644921130815  0.21370787724169638  4.99992714115246539e-01
 18  0.49991893941341797  0.49018735339931857  0.49907428643103380 -0.49822444627095547  0.49999271411587010 -0.45420919968628387  0.47813195378196283 -0.23771641106337993 -0.47657378365304198  0.20965240402698210  4.99992714115870096e-01
 19 -0.49975464506038475  0.48841805607797989  0.49703302775256208 -0.49848618806270584  0.49999271411553148 -0.47161110157257852  0.47907019057409017 -0.22062417898765790 -0.46984265849203960  0.21170177605951368  4.99992714115531478e-01
 20  0.49982404810140907  0.47706033515992913 -0.49743039245673881 -0.49860857305528217  0.49999271411560681  0.30403324668369131  0.47870007103472401  0.41871533654468068 -0.49544664627029433  0.18484927229543535  4.99992714115606807e-01
 21 -0.49984953637239365  0.47529103783859056 -0.49947165113521053 -0.49887031484703254  0.49999271411526813  0.28663134479739666  0.47963830782685135  0.43580756862040271 -0.48871552110929195  0.18689864432796693  4.99992714115268133e-01
 22  0.49988009946971929  0.47951490897245747  0.49911834524263110 -0.49811440626276310  0.49999271411589175  0.24694327198992988  0.47864255167575270  0.47470353591350412 -0.47339285555102578  0.18284317111325266  4.99992714115891745e-01
 23 -0.49979348500408344  0.47774561165111878  0.49707708656415939 -0.49837614805451347  0.49999271411555307  0.22954137010363523  0.47958078846788010  0.49179576798922614 -0.46666173039002340  0.18489254314578424  4.99992714115553072e-01
 24  0.49991438358332679 -0.26264044785643231 -0.49725926361291095 -0.49875960358611787  0.49999271411558360 -0.41786703628809335  0.46320593647249864 -0.30936314999669573 -0.49889675588261445 -0.44867453843932020  4.99992714115583603e-01
 25 -0.49975920089047593 -0.26440974517777099 -0.49930052229138266 -0.49902134537786824  0.49999271411524493 -0.43526893817438800  0.46414417326462604 -0.29227091792097371 -0.49216563072161207 -0.44662516640678862  4.99992714115244929e-01
 26  0.49997043495163701 -0.26018587404390398  0.49928947408645896 -0.49826543679359880  0.49999271411586854 -0.47495701098185478  0.46314841711352739 -0.25337495062787230 -0.47684296516334590 -0.45068063962150290  4.99992714115868542e-01
 27 -0.49970314952216571 -0.26195517136524266  0.49724821540798725 -0.49852717858534917  0.49999271411552987 -0.49235891286814942  0.46408665390565473 -0.23628271855215027 -0.47011184000234352 -0.44863126758897132  4.99992714115529868e-01
 28  0.49987554363962811 -0.27331289228329342 -0.49721520480131365 -0.49864956357792550  0.49999271411560520  0.28328543538812040  0.46371653436628857  0.40305679698018831 -0.49571582778059831 -0.47548377135304964  4.99992714115605197e-01
 29 -0.49979804083417462 -0.27508218960463199 -0.49925646347978536 -0.49891130536967593  0.49999271411526652  0.26588353350182575  0.46465477115841591  0.42014902905591034 -0.48898470261959587 -0.47343439932051806  4.99992714115266523e-01
 30  0.49993159500793832 -0.27085831847076508  0.49933353289805626 -0.49815539678540643  0.49999271411589014  0.22619546069435897  0.46365901500731727  0.45904499634901175 -0.47366203706132970 -0.47748987253523234  4.99992714115890136e-01
 31 -0.49974198946586440 -0.27262761579210376  0.49729227421958455 -0.49841713857715680  0.49999271411555146  0.20879355880806433  0.46459725179944467  0.47613722842473377 -0.46693091190032732 -0.47544050050270076  4.99992714115551462e-01
 32  0.49981975986128874  0.30669420915620532 -0.49685456086730329 -0.49955235021157901 -0.49999271411634216 -0.39578203004390872 -0.47866575539761447 -0.28849693961987360 -0.49805178153421459  0.43892911539426266  4.99992714116342163e-01
 33 -0.49985382461251399  0.30492491183486664 -0.49889581954577500 -0.49981409200332938 -0.49999271411668084 -0.41318393193020336 -0.47772751860548707 -0.27140470754415158 -0.49132065637321215  0.44097848742679424  4.99992714116680836e-01
 34  0.49987581122959895  0.30914878296873366  0.49969417683206663 -0.49905818341905989 -0.49999271411605722 -0.45287200473767014 -0.47872327475658571 -0.23250874025105017 -0.47599799081494598  0.43692301421207996  4.99992714116057224e-01
 35 -0.49979777324420377  0.30737948564739498  0.49765291815359491 -0.49931992521081031 -0.49999271411639590 -0.47027390662396479 -0.47778503796445837 -0.21541650817532815 -0.46926686565394360  0.43897238624461155  4.99992714116395898e-01
 36  0.49978091991759005  0.29602176472934422 -0.49681050205570598 -0.49944231020338664 -0.49999271411632057  0.30537044163230503 -0.47815515750382453  0.42392300735701044 -0.49487085343219839  0.41211988248053322  4.99992714116320569e-01
 37 -0.49989266455621267  0.29425246740800565 -0.49885176073417770 -0.49970405199513701 -0.49999271411665924  0.28796853974601039 -0.47721692071169719  0.44101523943273246 -0.48813972827119601  0.41416925451306480  4.99992714116659243e-01
 38  0.49983697128590027  0.29847633854187255  0.49973823564366393 -0.49894814341086757 -0.49999271411603563  0.24828046693854361 -0.47821267686279584  0.47991120672583387 -0.47281706271292984  0.41011378129835052  4.99992714116035630e-01
 39 -0.49983661318790246  0.29670704122053387  0.49769697696519222 -0.49920988520261794 -0.49999271411637430  0.23087856505224896 -0.47727444007066844  0.49700343880155590 -0.46608593755192740  0.41216315333088210  4.99992714116374304e-01
 40  0.49987125539950777 -0.44367901828701722 -0.49663937321187812 -0.49959334073422235 -0.49999271411634377 -0.41652984133947962 -0.49364929206604991 -0.30415547918436597 -0.49832096304451851 -0.22140392825422234  4.99992714116343773e-01
 41 -0.49980232907429495 -0.44544831560835590 -0.49868063189034983 -0.49985508252597272 -0.49999271411668245 -0.43393174322577427 -0.49271105527392250 -0.28706324710864395 -0.49158983788351612 -0.21935455622169076  4.99992714116682446e-01
 42  0.49992730676781799 -0.44122444447448889  0.49990936448749179 -0.49909917394170328 -0.49999271411605883 -0.47361981603324105 -0.49370681142502115 -0.24816727981554254 -0.47626717232524995 -0.22341002943640503  4.99992714116058834e-01
 43 -0.49974627770598473 -0.44299374179582757  0.49786810580902008 -0.49936091573345365 -0.49999271411639751 -0.49102171791953569 -0.49276857463289381 -0.23107504773982052 -0.46953604716424752 -0.22136065740387345  4.99992714116397508e-01
 44  0.49983241545580909 -0.45435146271387833 -0.49659531440028082 -0.49948330072602998 -0.49999271411632218  0.28462263033673413 -0.49313869417225997  0.40826446779251807 -0.49514003494250231 -0.24821316116795178  4.99992714116322179e-01
 45 -0.49984116901799364 -0.45612076003521690 -0.49863657307875253 -0.49974504251778035 -0.49999271411666080  0.26722072845043948 -0.49220045738013263  0.42535669986824010 -0.48840890978149992 -0.24616378913542020  4.99992714116660797e-01
 46  0.49988846682411930 -0.45189688890134999  0.49995342329908909 -0.49898913393351091 -0.49999271411603724  0.22753265564297270 -0.49319621353123128  0.46425266716134150 -0.47308624422323375 -0.25021926235013447  4.99992714116037240e-01
 47 -0.49978511764968342 -0.45366618622268867  0.49791216462061738 -0.49925087572526128 -0.49999271411637591  0.21013075375667806 -0.49225797673910388  0.48134489923706353 -0.46635511906223137 -0.24816989031760289  4.99992714116375914e-01
 48  0.49984221056072736  0.48441708045569815 -0.49734216612115867 -0.49905737204370088 -0.49999271411757240 -0.39610003429619806  0.47966754451543292 -0.29461687053424007 -0.49893156536012906  0.21538257588213455  4.99992714117572401e-01
 49 -0.49983137391307536  0.48264778313435946 -0.49938342479963038 -0.49931911383545130 -0.49999271411791107 -0.41350193618249270  0.48060578130756032 -0.27752463845851805 -0.49220044019912662  0.21743194791466613  4.99992714117911075e-01
 50  0.49989826192903758  0.48687165426822648  0.49920657157821124 -0.49856320525118181 -0.49999271411728752 -0.45319000898995948  0.47961002515646167 -0.23862867116541664 -0.47687777464086045  0.21337647469995186  4.99992714117287518e-01
 51 -0.49977532254476514  0.48510235694688780  0.49716531289973953 -0.49882494704293218 -0.49999271411762614 -0.47059191087625413  0.48054826194858902 -0.22153643908969461 -0.47014664947985807  0.21542584673248344  4.99992714117626136e-01
 52  0.49980337061702867  0.47374463602883704 -0.49729810730956137 -0.49894733203550851 -0.49999271411755081  0.30505243738001570  0.48017814240922285  0.41780307644264397 -0.49575063725811286  0.18857334296840511  4.99992714117550807e-01
 53 -0.49987021385677405  0.47197533870749847 -0.49933936598803308 -0.49920907382725893 -0.49999271411788948  0.28765053549372105  0.48111637920135020  0.43489530851836600 -0.48901951209711048  0.19062271500093669  4.99992714117889481e-01
 54  0.49985942198533889  0.47619920984136538  0.49925063038980855 -0.49845316524298944 -0.49999271411726587  0.24796246268625427  0.48012062305025155  0.47379127581146740 -0.47369684653884431  0.18656724178622242  4.99992714117265868e-01
 55 -0.49981416248846383  0.47442991252002670  0.49720937171133683 -0.49871490703473986 -0.49999271411760454  0.23056056079995962  0.48105885984237895  0.49088350788718943 -0.46696572137784192  0.18861661381875400  4.99992714117604542e-01
 56  0.49989370609894640 -0.26595614698752440 -0.49712697846573350 -0.49909836256634421 -0.49999271411757401 -0.41684784559176896  0.46468400784699748 -0.31027541009873244 -0.49920074687043298 -0.44495046776635044  4.99992714117574011e-01
 57 -0.49977987837485632 -0.26772544430886308 -0.49916823714420522 -0.49936010435809464 -0.49999271411791268 -0.43424974747806361  0.46562224463912488 -0.29318317802301042 -0.49246962170943059 -0.44290109573381886  4.99992714117912684e-01
 58  0.49994975746725662 -0.26350157317499606  0.49942175923363641 -0.49860419577382514 -0.49999271411728907 -0.47393782028553039  0.46462648848802623 -0.25428721072990901 -0.47714695615116443 -0.44695656894853314  4.99992714117289072e-01
 59 -0.49972382700654611 -0.26527087049633474  0.49738050055516470 -0.49886593756557557 -0.49999271411762775 -0.49133972217182503  0.46556472528015358 -0.23719497865418698 -0.47041583099016204 -0.44490719691600156  4.99992714117627746e-01
 60  0.49985486615524771 -0.27662859141438551 -0.49708291965413620 -0.49898832255815190 -0.49999271411755242  0.28430462608444479  0.46519460574078741  0.40214453687815160 -0.49601981876841678 -0.47175970068007989  4.99992714117552417e-01
 61 -0.49981871831855501 -0.27839788873572408 -0.49912417833260792 -0.49925006434990227 -0.49999271411789109  0.26690272419815014  0.46613284253291476  0.41923676895387363 -0.48928869360741439 -0.46971032864754830  4.99992714117891091e-01
 62  0.49991091752355793 -0.27417401760185717  0.49946581804523371 -0.49849415576563277 -0.49999271411726748  0.22721465139068336  0.46513708638181611  0.45813273624697504 -0.47396602804914822 -0.47376580186226258  4.99992714117267478e-01
 63 -0.49976266695024479 -0.27594331492319585  0.49742455936676200 -0.49875589755738320 -0.49999271411760615  0.20981274950438872  0.46607532317394351  0.47522496832269706 -0.46723490288814584 -0.47171642982973100  4.99992714117606152e-01
 64  0.49974473315171802  0.26865511430930406 -0.49721840907209192  0.49868554567061069  0.49999271411683543 -0.39562467439720589 -0.46214576657363837 -0.28778201602239389 -0.49721876202621373  0.48169587779121753  4.99992714116835435e-01
 65 -0.49992885132208470  0.26688581698796537 -0.49925966775056363  0.49842380387886026  0.49999271411649676 -0.41302657628350053 -0.46120752978151097 -0.27068978394667187 -0.49048763686521135  0.48374524982374911  4.99992714116496761e-01
 66  0.49980078452002824  0.27110968812183228  0.49933032862727800  0.49917971246312975  0.49999271411712037 -0.45271464909096731 -0.46220328593260962 -0.23179381665357046 -0.47516497130694518  0.47968977660903483  4.99992714117120374e-01
 67 -0.49987279995377448  0.26934039080049371  0.49728906994880628  0.49891797067137938  0.49999271411678170 -0.47011655097726196 -0.46126504914048228 -0.21470158457784844 -0.46843384614594280  0.48173914864156642  4.99992714116781700e-01
 68  0.49970589320801934  0.25798266988244295 -0.49717435026049461  0.49879558567880306  0.49999271411685703  0.30552779727900786 -0.46163516867984844  0.42463793095449015 -0.49403783392419753  0.45488664487748809  4.99992714116857029e-01
 69 -0.49996769126578339  0.25621337256110427 -0.49921560893896633  0.49853384388705263  0.49999271411651836  0.28812589539271322 -0.46069693188772110  0.44173016303021218 -0.48730670876319515  0.45693601691001967  4.99992714116518355e-01
 70  0.49976194457632955  0.26043724369497129  0.49937438743887530  0.49928975247132212  0.49999271411714197  0.24843782258524644 -0.46169268803881974  0.48062613032331358 -0.47198404320492898  0.45288054369530539  4.99992714117141968e-01
 71 -0.49991163989747317  0.25866794637363261  0.49733312876040359  0.49902801067957170  0.49999271411680329  0.23103592069895179 -0.46075445124669234  0.49771836239903561 -0.46525291804392660  0.45492991572783698  4.99992714116803294e-01
 72  0.49979622868993706 -0.48171811313391849 -0.49700322141666675  0.49864455514796735  0.49999271411683383 -0.41637248569277679 -0.47712930324207381 -0.30344055558688626 -0.49748794353651765 -0.17863716585726747  4.99992714116833825e-01
 73 -0.49987735578386566 -0.48348741045525717 -0.49904448009513847  0.49838281335621692  0.49999271411649515 -0.43377438757907144 -0.47619106644994641 -0.28634832351116424 -0.49075681837551527 -0.17658779382473588  4.99992714116495152e-01
 74  0.49985228005824728 -0.47926353932139026  0.49954551628270316  0.49913872194048642  0.49999271411711876 -0.47346246038653822 -0.47718682260104506 -0.24745235621806283 -0.47543415281724910 -0.18064326703945016  4.99992714117118764e-01
 75 -0.49982130441555545 -0.48103283664272883  0.49750425760423145  0.49887698014873599  0.49999271411678009 -0.49086436227283287 -0.47624858580891771 -0.23036012414234081 -0.46870302765624672 -0.17859389500691858  4.99992714116780090e-01
 76  0.49975738874623837 -0.49239055756077960 -0.49695916260506945  0.49875459515615966  0.49999271411685542  0.28477998598343696 -0.47661870534828388  0.40897939138999778 -0.49430701543450151 -0.20544639877099691  4.99992714116855419e-01
 77 -0.49991619572756435 -0.49415985488211828 -0.49900042128354116  0.49849285336440929  0.49999271411651680  0.26737808409714231 -0.47568046855615653  0.42607162346571981 -0.48757589027349912 -0.20339702673846533  4.99992714116516801e-01
 78  0.49981344011454859 -0.48993598374825126  0.49958957509430046  0.49924876194867879  0.49999271411714036  0.22769001128967553 -0.47667622470725518  0.46496759075882121 -0.47225322471523296 -0.20745249995317960  4.99992714117140358e-01
 79 -0.49986014435925413 -0.49170528106958994  0.49754831641582875  0.49898702015692836  0.49999271411680168  0.21028810940338089 -0.47573798791512778  0.48205982283454324 -0.46552209955423052 -0.20540312792064802  4.99992714116801684e-01
 80  0.49976718385115665  0.44637798560879688 -0.49770601432594730  0.49918052383848877  0.49999271411560520 -0.39594267864949523  0.49618753333940901 -0.29390194693676036 -0.49809854585212820  0.25814933827908942  4.99992714115605197e-01
 81 -0.49990640062264607  0.44460868828745820 -0.49974727300441901  0.49891878204673840  0.49999271411526652 -0.41334458053578987  0.49712577013153642 -0.27680971486103834 -0.49136742069112582  0.26019871031162101  4.99992714115266523e-01
 82  0.49982323521946687  0.44883255942132511  0.49884272337342261  0.49967469063100783  0.49999271411589008 -0.45303265334325665  0.49613001398043777 -0.23791374756793693 -0.47604475513285965  0.25614323709690673  4.99992714115890080e-01
 83 -0.49985034925433586  0.44706326209998654  0.49680146469495090  0.49941294883925746  0.49999271411555146 -0.47043455522955130  0.49706825077256511 -0.22082151549221490 -0.46931362997185727  0.25819260912943831  4.99992714115551462e-01
 84  0.49972834390745796  0.43570554118193577 -0.49766195551435000  0.49929056384668113  0.49999271411562679  0.30520979302671852  0.49669813123319895  0.41851800004012368 -0.49491761775011206  0.23134010536535998  4.99992714115626791e-01
 85 -0.49994524056634476  0.43393624386059709 -0.49970321419282171  0.49902882205493077  0.49999271411528812  0.28780789114042388  0.49763636802532629  0.43561023211584571 -0.48818649258910962  0.23338947739789156  4.99992714115288117e-01
 86  0.49978439527576818  0.43816011499446411  0.49888678218501992  0.49978473063920020  0.49999271411591173  0.24811981833295710  0.49664061187422764  0.47450619940894712 -0.47286382703084345  0.22933400418317729  4.99992714115911729e-01
 87 -0.49988918919803454  0.43639081767312543  0.49684552350654820  0.49952298884744983  0.49999271411557306  0.23071791644666245  0.49757884866635504  0.49159843148466914 -0.46613270186984107  0.23138337621570887  4.99992714115573056e-01
 88  0.49981867938937569 -0.30399524183442567 -0.49749082667052213  0.49913953331584543  0.49999271411560359 -0.41669048994506613  0.48120399667097358 -0.30956048650125273 -0.49836772736243218 -0.40218370536939557  4.99992714115603587e-01
 89 -0.49985490508442704 -0.30576453915576435 -0.49953208534899385  0.49887779152409506  0.49999271411526491 -0.43409239183136078  0.48214223346310098 -0.29246825442553070 -0.49163660220142974 -0.40013433333686399  4.99992714115264913e-01
 90  0.49987473075768590 -0.30154066802189744  0.49905791102884778  0.49963370010836450  0.49999271411588853 -0.47378046463882756  0.48114647731200233 -0.25357228713242930 -0.47631393664316357 -0.40418980655157827  4.99992714115888526e-01
 91 -0.49979885371611682 -0.30330996534323601  0.49701665235037606  0.49937195831661413  0.49999271411554985 -0.49118236652512220  0.48208471410412967 -0.23648005505670727 -0.46958281148216119 -0.40214043451904669  4.99992714115549852e-01
 92  0.49977983944567700 -0.31466768626128677 -0.49744676785892483  0.49924957332403780  0.49999271411562518  0.28446198173114762  0.48171459456476351  0.40285946047563131 -0.49518679926041598 -0.42899293828312501  4.99992714115625181e-01
 93 -0.49989374502812572 -0.31643698358262545 -0.49948802653739655  0.49898783153228737  0.49999271411528651  0.26706007984485297  0.48265283135689085  0.41995169255135334 -0.48845567409941359 -0.42694356625059343  4.99992714115286507e-01
 94  0.49983589081398722 -0.31221311244875843  0.49910196984044508  0.49974374011655687  0.49999271411591012  0.22737200703738619  0.48165707520579221  0.45884765984445475 -0.47313300854114743 -0.43099903946530771  4.99992714115910120e-01
 95 -0.49983769365981551 -0.31398240977009712  0.49706071116197337  0.49948199832480650  0.49999271411557145  0.20997010515109155  0.48259531199791961  0.47593989192017677 -0.46640188338014499 -0.42894966743277613  4.99992714115571446e-01
 96  0.49972405566733763  0.26533941517821197 -0.49708612392491447  0.49834678669038429 -0.49999271411632218 -0.39460548370088150 -0.46066769519913953 -0.28869427612443060 -0.49752275301403226  0.48541994846418729  4.99992714116322179e-01
 97 -0.49994952880646509  0.26357011785687329 -0.49912738260338618  0.49808504489863392 -0.49999271411666085 -0.41200738558717614 -0.45972945840701213 -0.27160204404870858 -0.49079162785302988  0.48746932049671887  4.99992714116660852e-01
 98  0.49978010703564785  0.26779398899074019  0.49946261377445544  0.49884095348290342 -0.49999271411603724 -0.45169545839464292 -0.46072521455811077 -0.23270607675560717 -0.47546896229476371  0.48341384728200459  4.99992714116037240e-01
 99 -0.49989347743815488  0.26602469166940163  0.49742135509598373  0.49857921169115299 -0.49999271411637591 -0.46909736028093757 -0.45978697776598343 -0.21561384467988515 -0.46873783713376127  0.48546321931453618  4.99992714116375914e-01
100  0.49968521572363894  0.25466697075135086 -0.49704206511331717  0.49845682669857666 -0.49999271411630059  0.30654698797533225 -0.46015709730534959  0.42372567085245344 -0.49434182491201606  0.45861071555045785  4.99992714116300585e-01
101 -0.49998836875016378  0.25289767343001218 -0.49908332379178888  0.49819508490682629 -0.49999271411663926  0.28914508608903761 -0.45921886051322225  0.44081790292817546 -0.48761069975101368  0.46066008758298943  4.99992714116639259e-01
102  0.49974126709194916  0.25712154456387920  0.49950667258605275  0.49895099349109573 -0.49999271411601565  0.24945701328157083 -0.46021461666432090  0.47971387022127687 -0.47228803419274751  0.45660461436827515  4.99992714116015646e-01
103 -0.49993231738185356  0.25535224724254052  0.49746541390758103  0.49868925169934536 -0.49999271411635432  0.23205511139527618 -0.45927637987219350  0.49680610229699890 -0.46555690903174513  0.45865398640080673  4.99992714116354320e-01
104  0.49977555120555667 -0.48503381226501058 -0.49687093626948931  0.49830579616774096 -0.49999271411632379 -0.41535329499645240 -0.47565123186757496 -0.30435281568892297 -0.49779193452433618 -0.17491309518429771  4.99992714116323789e-01
105 -0.49989803326824606 -0.48680310958634926 -0.49891219494796102  0.49804405437599059 -0.49999271411666246 -0.43275519688274705 -0.47471299507544756 -0.28726058361320095 -0.49106080936333379 -0.17286372315176612  4.99992714116662462e-01
106  0.49983160257386688 -0.48257923845248235  0.49967780142988061  0.49879996296026002 -0.49999271411603885 -0.47244326969021383 -0.47570875122654621 -0.24836461632009954 -0.47573814380506763 -0.17691919636648040  4.99992714116038850e-01
107 -0.49984198189993584 -0.48434853577382092  0.49763654275140889  0.49853822116850965 -0.49999271411637752 -0.48984517157650848 -0.47477051443441887 -0.23127238424437752 -0.46900701864406524 -0.17486982433394882  4.99992714116377523e-01
108  0.49973671126185798 -0.49570625669187168 -0.49682687745789200  0.49841583617593332 -0.49999271411630219  0.28579917667976135 -0.47514063397378503  0.40806713128796107 -0.49461100642231998 -0.20172232809802715  4.99992714116302195e-01
109 -0.49993687321194474 -0.49747555401321036 -0.49886813613636372  0.49815409438418295 -0.49999271411664081  0.26839727479346670 -0.47420239718165769  0.42515936336368310 -0.48787988126131759 -0.19967295606549557  4.99992714116640813e-01
110  0.49979276263016820 -0.49325168287934334  0.49972186024147791  0.49891000296845239 -0.49999271411601726  0.22870920198599992 -0.47519815333275633  0.46405533065678450 -0.47255721570305143 -0.20372842928020984  4.99992714116017256e-01
111 -0.49988082184363453 -0.49502098020068203  0.49768060156300620  0.49864826117670202 -0.49999271411635593  0.21130730009970528 -0.47425991654062893  0.48114756273250653 -0.46582609054204904 -0.20167905724767826  4.99992714116355930e-01
112  0.49974650636677626  0.44306228647770479 -0.49757372917876985  0.49884176485826243 -0.49999271411755242 -0.39492348795317084  0.49766560471390786 -0.29481420703879707 -0.49840253683994673  0.26187340895205918  4.99992714117552417e-01
113 -0.49992707810702647  0.44129298915636611 -0.49961498785724157  0.49858002306651200 -0.49999271411789109 -0.41232538983946548  0.49860384150603526 -0.27772197496307505 -0.49167141167894435  0.26392278098459077  4.99992714117891091e-01
114  0.49980255773508647  0.44551686029023302  0.49897500852060006  0.49933593165078149 -0.49999271411726753 -0.45201346264693226  0.49760808535493661 -0.23882600766997364 -0.47634874612067818  0.25986730776987649  4.99992714117267534e-01
115 -0.49987102673871625  0.44374756296889445  0.49693374984212835  0.49907418985903113 -0.49999271411760615 -0.46941536453322691  0.49854632214706396 -0.22173377559425161 -0.46961762095967580  0.26191667980240807  4.99992714117606152e-01
116  0.49970766642307757  0.43238984205084369 -0.49752967036717255  0.49895180486645480 -0.49999271411753082  0.30622898372304291  0.49817620260769779  0.41760573993808697 -0.49522160873793053  0.23506417603832974  4.99992714117530823e-01
117 -0.49996591805072516  0.43062054472950501 -0.49957092904564426  0.49869006307470437 -0.49999271411786950  0.28882708183674827  0.49911443939982514  0.43469797201380900 -0.48849048357692815  0.23711354807086132  4.99992714117869497e-01
118  0.49976371779138778  0.43484441586337202  0.49901906733219736  0.49944597165897386 -0.49999271411724588  0.24913900902928149  0.49811868324872649  0.47359393930691041 -0.47316781801866198  0.23305807485614705  4.99992714117245884e-01
119 -0.49990986668241494  0.43307511854203334  0.49697780865372565  0.49918422986722344 -0.49999271411758456  0.23173710714298684  0.49905692004085389  0.49068617138263243 -0.46643669285765960  0.23510744688867863  4.99992714117584558e-01
120  0.49979800190499529 -0.30731094096551775 -0.49735854152334469  0.49880077433561909 -0.49999271411755403 -0.41567129924874174  0.48268206804547242 -0.31047274660328944 -0.49867171835025065 -0.39845963469642581  4.99992714117554027e-01
121 -0.49987558256880743 -0.30908023828685643 -0.49939980020181640  0.49853903254386867 -0.49999271411789270 -0.43307320113503639  0.48362030483759982 -0.29338051452756742 -0.49194059318924827 -0.39641026266389423  4.99992714117892700e-01
122  0.49985405327330551 -0.30485636715298953  0.49919019617602522  0.49929494112813816 -0.49999271411726909 -0.47276127394250317  0.48262454868650118 -0.25448454723446601 -0.47661792763098210 -0.40046573587860851  4.99992714117269088e-01
123 -0.49981953120049721 -0.30662566447432810  0.49714893749755351  0.49903319933638773 -0.49999271411760776 -0.49016317582879781  0.48356278547862852 -0.23739231515874398 -0.46988680246997971 -0.39841636384607693  4.99992714117607762e-01
124  0.49975916196129661 -0.31798338539237886 -0.49731448271174739  0.49891081434381140 -0.49999271411753243  0.28548117242747201  0.48319266593926236  0.40194720037359460 -0.49549079024823445 -0.42526886761015525  4.99992714117532433e-01
125 -0.49991442251250612 -0.31975268271371754 -0.49935574139021910  0.49864907255206103 -0.49999271411787111  0.26807927054117736  0.48413090273138970  0.41903943244931663 -0.48875966508723206 -0.42321949557762367  4.99992714117871107e-01
126  0.49981521332960682 -0.31552881157985052  0.49923425498762253  0.49940498113633053 -0.49999271411724749  0.22839119773371058  0.48313514658029105  0.45793539974241804 -0.47343699952896590 -0.42727496879233795  4.99992714117247494e-01
127 -0.49985837114419590 -0.31729810890118920  0.49719299630915081  0.49914323934458010 -0.49999271411758617  0.21098929584741594  0.48407338337241845  0.47502763181814006 -0.46670587436796351 -0.42522559675980637  4.99992714117586168e-01

  0  0.99967358447380272 -0.00005605136831025  0.00003883994369872 -0.00005149553821908 -0.00002245069943866  0.00002067748438034  0.00009570419395110 -0.00001793379852677  0.01809287151594802 -0.01803759382546461 
  1  0.00176929732133866 -0.00245457381252833  0.01067244442686108  0.75037322744322255 -0.17772287129949282  0.00331569913109214  0.04135479397799341 -0.00728820061389177  0.39767414649907118  0.49529030540704660 
  2  0.00204125867847175 -0.99654873769936991 -0.00004405881159733 -0.00021518765542519  0.00048760525385542 -0.00013228514717748  0.00023156305761115  0.00020615029467010 -0.06682647948129267  0.04919622616007276 
  3  0.00026174179175039 -0.00049416679251908 -0.00011004000819236  0.00004099052264335 -0.00049497816787810  0.00033875898022636 -0.99789913690196330 -0.00007035188677250  0.04089915029809024  0.05023824107369651 
  4  0.00000000000033867 -0.00000000000028493 -0.00000000000002161  0.00000000000000159  0.00000000000123025  0.99998542823315761 -0.00000000000001994 -0.00000000000077072 -0.00434152915675323 -0.00320849589831404 
  5  0.01740190188629460  0.05708997469376142 -0.70115247167621375  0.02074781129557092  0.00031800425228933 -0.00101919069632439 -0.00117654634302718 -0.18581192489281720 -0.54346920786199138  0.41773828280969555 
  6 -0.00093823679212736  0.00005751935897128 -0.00051059789378991  0.01498353666843544 -0.95833329991304739 -0.00147807137449880 -0.01799806019847495  0.00392955660030515 -0.17388869004163304 -0.22537258660792070 
  7 -0.01709223207572204 -0.05598819936882341 -0.71241994697688404  0.01565853956449240  0.00611993091436649  0.00091226010203668  0.00019733650455699  0.18744295230030314  0.52338469234557949 -0.42388805734409457 
  8 -0.00673112516100239 -0.02205379071926856 -0.00318092810201619  0.00026918151030393  0.00087978382591448  0.00030399098781850 -0.00052902852018232 -0.96445366491435958  0.19810636270320373 -0.17332046184796690 
  9 -0.00204937203253159  0.00200610118218271  0.02680923291372946  0.66033304364848500  0.22354653951212808 -0.00372407067296975 -0.04649083306992461  0.00997944796148653 -0.44339241077452862 -0.56070363938982937 

  0  0.99999999999999989 -0.00000000000000000 -0.00000000000000000  0.00000000000000000 -0.00000000000000000  0.00000000000000000 -0.00000000000000000 -0.00000000000000000  0.00000000000000000  0.00000000000000000 
  1 -0.00000000000000000  0.99999999999999989  0.00000000000000001 -0.00000000000000000 -0.00000000000000000  0.00000000000000008 -0.00000000000000003 -0.00000000000000006 -0.00000000000000001 -0.00000000000000006 
  2 -0.00000000000000000  0.00000000000000001  1.00000000000000000 -0.00000000000000000  0.00000000000000000 -0.00000000000000001  0.00000000000000000 -0.00000000000000000  0.00000000000000000 -0.00000000000000000 
  3  0.00000000000000000 -0.00000000000000000 -0.00000000000000000  1.00000000000000000  0.00000000000000000 -0.00000000000000000  0.00000000000000000  0.00000000000000000  0.00000000000000000  0.00000000000000000 
  4 -0.00000000000000000 -0.00000000000000000  0.00000000000000000  0.00000000000000000  1.00000000000000000  0.00000000000000000  0.00000000000000000 -0.00000000000000000 -0.00000000000000000  0.00000000000000000 
  5  0.00000000000000000  0.00000000000000008 -0.00000000000000001 -0.00000000000000000  0.00000000000000000  0.99999999999999967 -0.00000000000000003  0.00000000000000009  0.00000000000000004 -0.00000000000000001 
  6 -0.00000000000000000 -0.00000000000000003  0.00000000000000000  0.00000000000000000  0.00000000000000000 -0.00000000000000003  1.00000000000000000  0.00000000000000001 -0.00000000000000000 -0.00000000000000000 
  7 -0.00000000000000000 -0.00000000000000006 -0.00000000000000000  0.00000000000000000 -0.00000000000000000  0.00000000000000009  0.00000000000000001  1.00000000000000000 -0.00000000000000000  0.00000000000000003 
  8  0.00000000000000000 -0.00000000000000001  0.00000000000000000  0.00000000000000000 -0.00000000000000000  0.00000000000000004 -0.00000000000000000 -0.00000000000000000  0.99999999999999989  0.00000000000000000 
  9  0.00000000000000000 -0.00000000000000006 -0.00000000000000000  0.00000000000000000  0.00000000000000000 -0.00000000000000001 -0.00000000000000000  0.00000000000000003  0.00000000000000000  0.99999999999999989 

