
  0 -0.18898223650502180 -0.18898223650455065 -0.18898223650318799 -0.18898223650487264 -0.18898223650474535  0.18898223650488125  0.18898223650503562  1.88982236505035622e-01

  0 -0.37796447301004360  0.03010536827830427  0.17575465977216426  0.37575775194271654  0.43488690827334514  0.14064869888862355 -0.68937961666978720 
  1 -0.37796447300910130  0.52617354433567787 -0.05501563847226707 -0.15856850898976843  0.56081027984299903 -0.20706362606052681  0.44128228000851871 
  2 -0.37796447300637598  0.41308668411561217 -0.45694753436469554  0.34497822790993304 -0.57135574029985792 -0.15253358562821584 -0.09474885191562878 
  3 -0.37796447300974528 -0.07265406225087957 -0.25504381121948383 -0.78178538620704974 -0.09839920841943159  0.28506010571614310 -0.29101003516060386 
  4 -0.37796447300949071 -0.50619639215655599  0.12613800892188734 -0.07535890697635728 -0.05729622992296744 -0.75882647037370010 -0.01475931745377111 
  5  0.37796447300976249 -0.13172103751843034 -0.76554811624139241  0.01725251313867713  0.38015549209191207 -0.25396621407766828 -0.21074587034290426 
  6  0.37796447301007124  0.52223617983593051  0.30043380088299432 -0.31222933546139220 -0.11150948261322627 -0.43874866337728330 -0.43786967084842210 

  0  1.00000000000000000 -0.00000000000000002  0.00000000000000002  0.00000000000000001  0.00000000000000000  0.00000000000000000  0.00000000000000001 
  1 -0.00000000000000002  1.00000000000000000 -0.00000000000000001  0.00000000000000001 -0.00000000000000003  0.00000000000000000  0.00000000000000002 
  2  0.00000000000000002 -0.00000000000000001  1.00000000000000000  0.00000000000000001 -0.00000000000000000 -0.00000000000000002  0.00000000000000000 
  3  0.00000000000000001  0.00000000000000001  0.00000000000000001  1.00000000000000000  0.00000000000000003  0.00000000000000001  0.00000000000000002 
  4  0.00000000000000000 -0.00000000000000003 -0.00000000000000000  0.00000000000000003  0.99999999999999989 -0.00000000000000000 -0.00000000000000000 
  5  0.00000000000000000  0.00000000000000000 -0.00000000000000002  0.00000000000000001 -0.00000000000000000  1.00000000000000000  0.00000000000000000 
  6  0.00000000000000001  0.00000000000000002  0.00000000000000000  0.00000000000000002 -0.00000000000000000  0.00000000000000000  1.00000000000000000 

