
  0  0.46903510000999826 -0.29581249253522512  0.23807167479256913  0.41129428707995158  0.46903511527358521 -0.46903511872976067  0.23807167051268233  0.46903510426546835  4.69035118729760669e-01
  1  0.29581250568637507 -0.46903508055644999  0.41129426960853205  0.23807172953024133 -0.46903510918521540 -0.46903511872998943  0.23807166945703187  0.46903510958574968  4.69035118729989431e-01
  2 -0.23807167857125155 -0.29581248470630567 -0.46903510899927608  0.41129428236373589  0.46903511336549741 -0.46903511873035353  0.23807167794151121  0.46903510056819486  4.69035118730353529e-01
  3 -0.41129427289487475 -0.46903507272753053 -0.29581251418331317  0.23807172481402564 -0.46903511109330320 -0.46903511873058229  0.23807167688586081  0.46903510588847619  4.69035118730582290e-01
  4  0.46903510971035756  0.41129423637585583  0.23807167763734488 -0.29581254638205862  0.46903511034476908 -0.46903511873003628  0.23807167826842665  0.46903510461491360  4.69035118730036282e-01
  5  0.29581251538673436  0.23807164835463093  0.41129427245330780 -0.46903510393176884 -0.46903511411403154 -0.46903511873026499  0.23807167721277625  0.46903510993519493  4.69035118730264988e-01
  6 -0.23807166887089226  0.41129424420477528 -0.46903510615450034 -0.29581255109827431  0.46903510843668128 -0.46903511873062914  0.23807168569725559  0.46903510091764011  4.69035118730629141e-01
  7 -0.41129426319451545  0.23807165618355039 -0.29581251133853742 -0.46903510864798453 -0.46903511602211934 -0.46903511873085790  0.23807168464160514  0.46903510623792144  4.69035118730857903e-01
  8  0.46903508929379012 -0.29581249439863577  0.23807168177722166  0.41129427711135197  0.46903511751244820 -0.46903511873033332 -0.46903511643426943 -0.23807167116067474  4.69035118730333322e-01
  9  0.29581249497016693 -0.46903508241986064  0.41129427659318457  0.23807171956164172 -0.46903510694635242 -0.46903511873056208 -0.46903511748991988 -0.23807166584039341  4.69035118730562084e-01
 10 -0.23807168928745970 -0.29581248656971632 -0.46903510201462356  0.41129427239513627  0.46903511560436040 -0.46903511873092624 -0.46903510900544054 -0.23807167485794822  4.69035118730926237e-01
 11 -0.41129428361108289 -0.46903507459094118 -0.29581250719866065  0.23807171484542602 -0.46903510885444022 -0.46903511873115494 -0.46903511006109089 -0.23807166953766690  4.69035118731154943e-01
 12  0.46903509899414941  0.41129423451244518  0.23807168462199740 -0.29581255635065823  0.46903511258363206 -0.46903511873060894 -0.46903510867852505 -0.23807167081122949  4.69035118730608935e-01
 13  0.29581250467052622  0.23807164649122028  0.41129427943796032 -0.46903511390036845 -0.46903511187516855 -0.46903511873083770 -0.46903510973417550 -0.23807166549094816  4.69035118730837697e-01
 14 -0.23807167958710040  0.41129424234136464 -0.46903509916984781 -0.29581256106687392  0.46903511067554426 -0.46903511873120179 -0.46903510124969616 -0.23807167450850297  4.69035118731201794e-01
 15 -0.41129427391072360  0.23807165432013974 -0.29581250435388490 -0.46903511861658415 -0.46903511378325635 -0.46903511873143056 -0.46903510230534662 -0.23807166918822165  4.69035118731430556e-01

  0  0.17322259432362316  0.70710677858124982 -0.00000000970035925  0.00000001071620811  0.05774082609927468  0.58680210080886797 -0.15069909003745519 -0.31561529153353179 
  1  0.17322258802122487 -0.00000000782891944 -0.70710672891108095  0.00000000186341061 -0.05774083821508540  0.13902536948202551 -0.40167525178851454  0.53477934072955646 
  2 -0.17322259481596292  0.70710678379184522 -0.00000000284477580 -0.00000000698465256 -0.05774082956131574 -0.58680209028219243  0.15069909478216942  0.31561529626213108 
  3  0.17322255754971025  0.00000000471621573  0.70710683346201020  0.00000000996859956 -0.05774083153663261  0.13902535972375255 -0.40167518983986666  0.53477926214608651 
  4  0.93807022445880062  0.00000000190808785  0.00000000492881611 -0.00000000223886301  0.00000000149032892 -0.26806034460157863  0.20400114790835530 -0.08094094938887073 
  5  0.00000000000022874  0.00000000000059286  0.00000000000027561  0.00000000000057269 -0.93807023746119123 -0.09719604239297913 -0.22490171215616275 -0.24494158242706154 
  6  0.00000000105565043 -0.00000000742882892 -0.00000000775574435  0.70710678694695173 -0.23096343179266426  0.30932754819632369  0.51946913063388744  0.28482305958864645 
  7 -0.00000000532028133  0.00000000369727350 -0.00000000034944528  0.70710677542614309  0.23096343507724670 -0.30932757110043158 -0.51946912795779432 -0.28482306553303710 

  0  1.00000000000000022  0.00000000000000004  0.00000000000000007  0.00000000000000004 -0.00000000000000005 -0.00000000000000001  0.00000000000000004 -0.00000000000000000 
  1  0.00000000000000004  1.00000000000000000 -0.00000000000000001 -0.00000000000000013  0.00000000000000002 -0.00000000000000000 -0.00000000000000000  0.00000000000000002 
  2  0.00000000000000007 -0.00000000000000001  1.00000000000000000 -0.00000000000000000 -0.00000000000000000 -0.00000000000000002  0.00000000000000002 -0.00000000000000002 
  3  0.00000000000000004 -0.00000000000000013 -0.00000000000000000  1.00000000000000000  0.00000000000000002 -0.00000000000000001  0.00000000000000002 -0.00000000000000001 
  4 -0.00000000000000005  0.00000000000000002 -0.00000000000000000  0.00000000000000002  1.00000000000000000 -0.00000000000000000 -0.00000000000000001  0.00000000000000000 
  5 -0.00000000000000001 -0.00000000000000000 -0.00000000000000002 -0.00000000000000001 -0.00000000000000000  1.00000000000000000  0.00000000000000002  0.00000000000000002 
  6  0.00000000000000004 -0.00000000000000000  0.00000000000000002  0.00000000000000002 -0.00000000000000001  0.00000000000000002  1.00000000000000000 -0.00000000000000006 
  7 -0.00000000000000000  0.00000000000000002 -0.00000000000000002 -0.00000000000000001  0.00000000000000000  0.00000000000000002 -0.00000000000000006  1.00000000000000022 

